,Date,Unix,Ticker,Price,stock_p_change,SP500,sp500_p_change,Difference,DE Ratio,Trailing P/E,Price/Sales,Price/Book,Profit Margin,Operating Margin,Return on Assets,Return on Equity,Revenue Per Share,Market Cap,Enterprise Value,Forward P/E,PEG Ratio,Enterprise Value/Revenue,Enterprise Value/EBITDA,Revenue,Gross Profit,EBITDA,Net Income Avl to Common ,Diluted EPS,Earnings Growth,Revenue Growth,Total Cash,Total Cash Per Share,Total Debt,Current Ratio,Book Value Per Share,Cash Flow,Beta,Held by Insiders,Held by Institutions,Shares Short (as of,Short Ratio,Short % of Float,Shares Short (prior ,Status
0,2007-07-11 05:59:28,1184147968.0,ctas,35.59,-32.99,1518.76001,-17.47,-15.520000000000003,0.43,19.13,1.74,3.09,9.30,15.92,10.58,16.01,22.561,6350000000.0,7080000000.0,N/A,1.49,1.94,9.904,1.94,1450000000.0,9.904,339540000.0,2.09,0.20,8.20,157490000.0,0.993,883520000.0,1.662,12.961,473040000.0,1.65,17.81,64.70,4970000.0,4.2,3.70,4490000.0,underperform
1,2005-04-20 15:38:44,1114025924.0,ctas,33.83,9.67,1137.5,15.29,-5.619999999999999,0.227,23.35,2.31,3.33,9.69,15.38,10.04,14.81,17.35,6750000000.0,7020000000.0,19.72,1.46,2.34,11.63,2.34,1190000000.0,11.63,290290000.0,1.68,9.20,4.70,367790000.0,2.14,472360000.0,3.094,12.093,437500000.0,0.813,28.82,65.87,6170000.0,6.479,5.04,6360000.0,underperform
2,2005-02-22 13:02:43,1109095363.0,ctas,37.47,-4.08,1184.160034,9.16,-13.24,0.231,26.61,2.57,3.68,9.72,15.42,10.12,15.01,17.015,7550000000.0,7670000000.0,21.78,1.57,2.61,12.89,2.61,1190000000.0,12.89,285450000.0,1.65,9.20,4.70,356160000.0,2.07,475330000.0,3.445,11.97,456800000.0,1.123,28.84,63.20,5420000.0,4.74,4.44,4640000.0,underperform
3,2013-04-26 17:42:40,1367012560.0,ctas,44.01,31.42,1582.23999,18.53,12.89,61.46,18.46,1.30,2.59,7.26,13.06,8.17,14.24,33.78,6550000000.0,6550000000.0,16.09,1.75,1.55,8.91,1.55,1740000000.0,8.91,305370000.0,2.42,1.70,6.30,245690000.0,2.01,1310000000.0,3.01,17.36,530490000.0,0.81,16.36,74.60,5060000.0,8.00,5.60,5860000.0,outperform
4,2006-10-23 13:27:49,1161624469.0,ctas,36.28,-12.1,1377.02002,10.35,-22.45,0.418,20.60,1.90,3.23,9.55,16.04,10.86,16.11,21.062,6630000000.0,7360000000.0,N/A,1.24,2.11,10.701,2.11,1450000000.0,10.701,333720000.0,2.01,8.30,11.00,174890000.0,1.089,856920000.0,1.933,12.775,470860000.0,1.89,14.54,64.00,3970000.0,5.6,2.90,4220000.0,underperform
5,2004-10-26 07:45:57,1098791157.0,ctas,36.8,-5.19,1111.089966,7.23,-12.420000000000002,0.247,25.47,2.49,3.65,9.77,15.50,10.27,15.36,16.704,7140000000.0,7360000000.0,20.28,1.47,2.55,12.49,2.55,1190000000.0,12.49,281540000.0,1.632,9.20,4.70,263980000.00000003,1.54,484740000.0,3.784,11.465,490490000.0,1.149,28.87,63.20,5000000.0,6.722,4.10,5200000.0,underperform
6,2005-09-06 22:33:10,1126060390.0,ctas,35.5,-7.44,1233.390015,5.42,-12.86,0.225,23.41,2.21,3.26,9.80,16.12,10.53,15.06,17.866,6860000000.0,6940000000.0,N/A,1.25,2.26,11.294,2.26,1300000000.0,11.294,300520000.0,1.74,14.10,9.60,309430000.0,1.838,472590000.0,3.272,12.329,414210000.0,N/A,26.78,66.20,5570000.0,5.6,4.00,5080000.0,underperform
7,2006-09-05 15:34:29,1157484869.0,ctas,33.31,-3.78,1313.25,12.11,-15.889999999999999,0.383,19.58,1.80,2.97,9.61,16.07,10.54,15.61,20.265,6110000000.0,6670000000.0,N/A,1.09,1.96,9.893,1.96,1450000000.0,9.893,327180000.0,1.94,10.80,12.20,241450000.0,1.503,798740000.0,2.86,12.795,461890000.0,1.87,17.35,64.20,4220000.0,3.9,3.10,3690000.0,underperform
8,2008-11-02 21:33:44,1225679624.0,vz,22.95,2.09,954.090027,9.31,-7.220000000000001,0.879,13.56,0.90,1.70,6.49,18.35,5.67,12.45,33.752,84280000000.0,127380000000.0,N/A,1.70,1.32,3.955,1.32,55920000000.0,3.955,6270000000.0,2.19,31.30,4.10,1670000000.0,0.589,44780000000.0,0.677,17.938,27370000000.0,0.86,0.02,63.50,28290000.0,1.1,1.00,31810000.0,underperform
9,2012-10-24 21:51:21,1351129881.0,vz,41.43,19.07,1408.75,24.37,-5.300000000000001,57.00,40.88,1.10,3.34,2.70,13.32,4.14,13.62,40.13,168270000000.0,168270000000.0,15.47,1.59,1.47,5.30,1.47,65000000000.0,5.30,3080000000.0,1.08,15.50,3.90,10310000000.0,3.61,52800000000.0,0.96,13.19,33030000000.0,0.45,0.01,54.50,48250000.0,3.50,1.70,43410000.0,underperform
10,2007-05-29 16:49:14,1180471754.0,vz,30.46,-9.16,1518.109985,-8.38,-0.7799999999999994,0.711,20.65,1.38,2.53,6.77,16.48,5.29,12.15,30.75,124530000000.0,154620000000.0,N/A,3.00,1.73,5.165,1.73,53150000000.0,5.165,5680000000.0,2.08,8.40,6.40,3450000000.0,1.188,34680000000.0,0.641,16.804001,22560000000.0,0.65,0.14,61.70,33520000.000000004,3.2,1.20,29540000.0,underperform
11,2011-09-02 15:03:39,1314990219.0,vz,31.3,27.54,1173.969971,20.15,7.390000000000001,59.51,16.03,0.95,2.58,5.91,17.57,5.24,16.23,37.95,148720000000.0,148720000000.0,13.74,1.86,1.39,4.23,1.39,62420000000.0,4.23,6350000000.0,2.23,N/A,2.80,6830000000.0,2.41,53980000000.0,0.82,13.90,148720000000.0,0.53,0.01,54.00,47810000.0,2.10,1.70,42250000.0,outperform
12,2012-04-22 04:43:53,1335084233.0,vz,34.95,43.0,1376.920044,13.48,29.52,64.20,45.56,0.98,3.01,2.17,16.99,5.23,11.80,39.14,151020000000.0,151020000000.0,13.93,1.44,1.36,4.27,1.36,65000000000.0,4.27,2400000000.0,0.85,N/A,7.70,13950000000.0,4.92,55150000000.0,1.01,12.69,29780000000.0,0.39,0.01,54.10,42800000.0,2.50,1.50,43200000.0,outperform
13,2012-01-01 14:15:14,1325445314.0,vz,35.74,13.4,1263.02002,12.92,0.4800000000000004,62.75,16.13,1.04,2.90,6.49,22.35,6.77,17.50,38.44,157640000000.0,157640000000.0,15.73,1.52,1.45,3.87,1.45,62420000000.0,3.87,7070000000.0,2.49,109.30,5.40,10860000000.0,3.84,54920000000.0,0.80,13.79,29760000000.0,0.52,0.01,54.00,43280000.0,3.30,1.50,40130000.0,outperform
14,2012-06-20 20:46:19,1340239579.0,vz,39.67,18.2,1355.689941,17.15,1.0500000000000007,58.35,46.46,1.11,3.39,2.36,17.46,5.43,12.23,39.54,169290000000.0,169290000000.0,15.52,1.62,1.51,4.69,1.51,65000000000.0,4.69,2650000000.0,0.93,17.20,4.60,6540000000.0,2.30,51600000000.0,1.03,12.91,30700000000.0,0.40,0.01,53.90,43850000.0,3.60,1.60,43800000.0,outperform
15,2005-02-25 16:05:48,1109365548.0,vz,23.2,-1.9,1211.369995,6.71,-8.61,1.045,13.88,1.38,2.62,10.19,18.40,4.44,20.70,25.371,99570000000.0,133020000000.00002,13.47,2.76,1.87,4.92,1.87,45970000000.0,4.92,7260000000.0,2.59,N/A,N/A,4550000000.0,1.64,39270000000.0,0.842,13.56,N/A,1.043,1.00,53.46,21880000.0,2.17,0.80,20410000.0,underperform
16,2005-01-17 01:53:02,1105944782.0,vz,,,1184.52002,8.31,,1.152,17.30,1.46,2.92,8.47,17.47,3.63,17.45,25.026,102010000000.0,140930000000.0,14.01,2.94,2.01,5.41,2.01,45970000000.0,5.41,5940000000.0,2.129,24.60,0.20,1600000000.0,0.58,40520000000.0,0.767,12.703,21700000000.0,1.003,1.00,57.93,16410000.0,2.899,0.60,18950000.0,underperform
17,2007-04-29 10:38:55,1177857535.0,vz,26.77,3.85,1494.25,-6.55,10.4,0.749,17.87,1.25,2.28,7.03,16.13,5.25,12.42,30.269,110260000000.0,140960000000.0,N/A,3.26,1.60,4.773,1.60,53150000000.0,4.773,5480000000.0,2.12,37.80,31.80,5650000000.0,1.943,36360000000.0,0.698,16.67,24110000000.0,0.61,0.14,60.90,33520000.000000004,3.2,1.20,29540000.0,outperform
18,2004-06-28 23:14:22,1088478862.0,vz,22.44,-0.04,1133.349976,6.02,-6.06,1.327,35.85,1.45,2.96,4.09,9.18,1.68,8.13,24.546,99620000000.0,141050000000.0,14.10,2.58,2.06,7.07,2.06,45970000000.0,7.07,2800000000.0,1.003,24.60,0.20,2490000000.0,0.9,44450000000.0,0.689,12.091,20710000000.0,0.973,1.00,55.30,18700000.0,2.943,0.68,17060000.0,underperform
19,2011-11-19 05:42:29,1321699349.0,vz,32.71,19.41,1236.910034,9.41,10.0,62.75,14.66,0.95,2.66,6.49,22.35,6.77,17.50,38.44,147960000000.0,147960000000.0,14.30,1.65,1.36,3.63,1.36,62420000000.0,3.63,7070000000.0,2.49,109.30,5.40,10860000000.0,3.84,54920000000.0,0.80,13.79,147960000000.0,0.42,0.01,54.00,41270000.0,2.50,1.50,46920000.0,outperform
20,2003-10-03 01:05:53,1065157553.0,vz,20.45,22.54,1029.849976,8.25,14.29,1.43,9.11,1.34,2.66,14.58,22.50,5.85,30.27,24.437,91730000000.0,138110000000.0,13.97,4.70,2.04,4.81,2.04,67620000000.00001,4.81,9870000000.0,N/A,948.60,0.60,1730000000.0,0.63,48930000000.0,0.632,12.42,N/A,0.973,1.00,53.67,16450000.0,2.725,0.60,18740000.0,outperform
21,2004-04-14 16:43:18,1081975398.0,vz,23.14,-2.38,1128.170044,3.0,-5.38,1.356,29.48,1.52,3.07,5.18,11.06,2.09,10.25,24.367,103020000000.0,145360000000.0,14.76,6.83,2.15,6.89,2.15,67620000000.00001,6.89,3510000000.0,1.262,948.60,0.60,2870000000.0,1.04,45380000000.0,0.688,12.084,22300000000.0,1.014,1.00,54.21,23700000.0,3.362,0.86,15380000.0,underperform
22,2003-12-08 15:05:01,1070913901.0,vz,20.22,30.02,1069.300049,10.08,19.939999999999998,1.294,12.74,1.36,2.63,10.72,18.36,4.31,21.40,24.329,92010000000.0,136580000000.00002,14.09,6.40,2.02,5.25,2.02,67620000000.00001,5.25,7260000000.0,2.615,948.60,0.60,1110000000.0,0.4,45460000000.0,0.64,12.72,N/A,0.946,1.00,54.13,17050000.0,2.115,0.62,13850000.0,outperform
23,2007-10-24 16:35:58,1193258158.0,vz,31.88,-38.08,1515.880005,-40.09,2.010000000000005,0.653,20.79,1.43,2.61,6.75,16.82,5.18,12.90,31.248,127040000000.0,160230000000.0,N/A,2.59,1.76,5.403,1.76,53150000000.0,5.403,6100000000.0,2.11,4.50,6.30,2360000000.0,0.812,32530000000.0,0.696,17.167999,23550000000.0,1.04,0.01,63.00,20530000.0,0.70,0.70,23670000.0,outperform
24,2008-12-20 19:10:18,1229818218.0,vz,25.62,1.99,904.419983,21.19,-19.200000000000003,0.879,15.17,0.98,1.86,6.49,18.35,5.67,12.45,33.752,94280000000.0,137380000000.0,N/A,1.98,1.42,4.266,1.42,55920000000.0,4.266,6270000000.0,2.19,31.30,4.10,1670000000.0,0.589,44780000000.0,0.677,17.938,27370000000.0,0.72,0.02,62.30,30650000.0,1.2,1.10,26140000.0,underperform
25,2007-03-11 21:08:19,1173661699.0,vz,25.47,-2.2,1401.890015,-9.17,6.97,0.749,17.19,1.20,2.19,7.03,16.13,5.25,12.42,30.269,106070000000.0,136770000000.00002,N/A,3.10,1.55,4.631,1.55,53150000000.0,4.631,5480000000.0,2.12,37.80,31.80,5650000000.0,1.943,36360000000.0,0.698,16.67,24110000000.0,0.66,0.14,60.80,30830000.0,2.9,1.10,38020000.0,outperform
26,2004-12-09 07:57:30,1102597050.0,vz,26.17,-21.4,1189.23999,5.9,-27.299999999999997,1.152,19.42,1.63,3.26,8.47,17.47,3.63,17.45,25.026,114500000000.0,153530000000.0,15.55,3.15,2.19,5.9,2.19,45970000000.0,5.9,5940000000.0,2.129,24.60,0.20,1600000000.0,0.58,40520000000.0,0.767,12.703,21700000000.0,0.969,1.00,57.85,18950000.0,2.502,0.69,19030000.0,underperform
27,2007-06-29 14:18:11,1183141091.0,vz,29.03,-10.2,1503.349976,-12.07,1.870000000000001,0.711,19.79,1.33,2.44,6.77,16.48,5.29,12.15,30.75,119360000000.0,150470000000.0,N/A,2.57,1.68,5.026,1.68,53150000000.0,5.026,5680000000.0,2.077,8.40,6.40,3450000000.0,1.188,34680000000.0,0.641,16.804001,22560000000.0,0.86,0.14,61.70,47120000.0,3.6,1.60,43390000.0,outperform
28,2007-05-02 00:44:15,1178081055.0,vz,27.92,3.15,1495.920044,-5.79,8.94,0.749,18.17,1.26,2.29,7.03,16.13,5.25,12.42,30.269,112060000000.0,141810000000.0,N/A,3.26,1.61,4.802,1.61,53150000000.0,4.802,5480000000.0,2.12,37.80,31.80,5650000000.0,1.943,36360000000.0,0.698,16.67,24110000000.0,0.61,0.14,60.90,33520000.000000004,3.2,1.20,29540000.0,outperform
29,2006-06-17 09:12:49,1150549969.0,vz,21.4,42.38,1230.040039,23.81,18.570000000000004,0.962,12.66,1.18,2.10,9.13,18.98,5.70,17.68,28.43,94930000000.0,134050000000.00002,N/A,4.50,1.68,4.438,1.68,49640000000.0,4.438,7310000000.0,2.571,7.10,25.10,3930000000.0,1.346,43050000000.0,0.603,15.348,24130000000.0,0.82,0.70,59.70,20380000.0,2.3,0.70,22610000.0,outperform
30,2007-07-03 16:01:29,1183492889.0,vz,29.7,-12.12,1524.869995,-17.27,5.15,0.711,20.14,1.35,2.47,6.77,16.48,5.29,12.15,30.75,121480000000.0,151950000000.0,N/A,2.42,1.70,5.076,1.70,53150000000.0,5.076,5680000000.0,2.08,8.40,6.40,3450000000.0,1.188,34680000000.0,0.641,16.804001,22560000000.0,0.9,0.14,61.70,47120000.0,3.6,1.60,43390000.0,outperform
31,2013-09-06 01:19:11,1378444751.0,vz,44.82,11.29,1655.170044,20.88,-9.59,57.08,85.42,1.13,3.93,1.32,13.42,4.42,13.99,41.31,184190000000.0,184190000000.0,14.48,1.64,1.56,5.68,1.56,69570000000.0,5.68,1560000000.0,0.55,23.10,4.30,2410000000.0,0.84,49750000000.0,0.75,11.90,33360000000.0,0.23,0.02,57.10,46710000.0,5.60,1.60,46900000.0,underperform
32,2013-02-06 09:42:13,1360161733.0,vz,42.41,8.87,1512.119995,17.28,-8.410000000000002,60.78,145.15,1.10,3.84,0.76,11.36,3.61,12.32,40.60,175820000000.0,175820000000.0,14.19,2.01,1.52,5.94,1.52,65000000000.0,5.94,875000000.0,0.31,N/A,5.70,3560000000.0,1.25,51990000000.0,0.79,11.60,31490000000.0,0.35,0.01,54.50,48110000.0,3.50,1.70,47680000.0,underperform
33,2013-04-25 05:46:09,1366883169.0,vz,50.97,-9.87,1585.160034,17.55,-27.42,60.38,129.82,1.28,4.50,0.98,12.79,4.17,13.07,40.93,195200000000.0,195200000000.0,16.39,2.24,1.67,6.19,1.67,69570000000.0,6.19,1140000000.0,0.40,15.80,4.20,6140000000.0,2.14,52880000000.0,0.80,11.62,33060000000.000004,0.34,0.02,56.20,57640000.0,4.50,2.00,60960000.0,underperform
34,2005-05-27 22:34:02,1117247642.0,vz,22.96,-9.36,1198.780029,4.99,-14.35,1.032,11.86,1.35,2.58,11.59,25.74,7.10,21.92,26.142,98120000000.0,134300000000.00002,13.13,3.07,1.86,4.121,1.86,48120000000.0,4.121,7840000000.0,2.99,46.50,6.60,2710000000.0,0.98,39190000000.0,0.735,13.725,21710000000.0,0.859,0.09,56.80,24840000.0,2.7,0.90,20990000.0,underperform
35,2011-04-25 20:49:06,1303778946.0,vz,32.14,12.6,1335.25,2.75,9.85,60.74,41.10,0.98,2.71,2.39,17.42,5.19,11.95,37.66,149970000000.0,149970000000.0,14.06,1.73,1.41,4.29,1.41,62420000000.0,4.29,2550000000.0,0.90,146.90,2.60,7210000000.0,2.55,52790000000.0,0.73,13.64,149970000000.0,0.59,0.01,54.00,43890000.0,2.40,1.60,36810000.0,outperform
36,2012-03-24 04:02:39,1332576159.0,vz,35.97,28.58,1402.890015,10.19,18.39,64.20,46.38,1.01,3.12,2.17,16.99,5.23,11.80,39.14,153650000000.0,153650000000.0,14.18,1.28,1.39,4.35,1.39,65000000000.0,4.35,2400000000.0,0.85,N/A,7.70,13950000000.0,4.92,55150000000.0,1.01,12.69,29780000000.0,0.41,0.01,54.10,44730000.0,3.70,1.60,38850000.0,outperform
37,2008-01-23 16:07:51,1201122471.0,vz,27.59,-16.64,1338.599976,-38.18,21.54,0.633,19.43,1.19,2.20,5.95,17.25,5.35,12.15,31.735,105790000000.0,138880000000.0,N/A,2.91,1.51,4.587,1.51,53150000000.0,4.587,5830000000.0,1.88,33.90,5.80,1910000000.0,0.66,31450000000.0,0.705,17.191,23290000000.0,1.11,0.03,62.10,31000000.0,3.1,1.10,28400000.0,outperform
38,2005-04-03 21:33:08,1112578388.0,vz,22.75,1.32,1180.589966,9.93,-8.61,1.045,13.53,1.38,2.62,10.19,18.40,4.44,20.70,25.371,97470000000.0,132190000000.0,13.23,3.09,1.85,4.89,1.85,48120000000.0,4.89,7260000000.0,2.60,154.50,5.20,4550000000.0,1.64,39270000000.0,0.842,13.56,21820000000.0,1.014,1.00,57.43,23280000.0,2.832,0.85,21880000.0,underperform
39,2005-04-27 12:08:14,1114618094.0,gme,11.05,93.39,1156.380005,13.26,80.13,0.067,22.61,0.68,2.30,3.31,5.38,6.94,10.70,31.885,1250000000.0,1120000000.0,14.81,0.84,0.61,8.2,0.61,514200000.00000006,8.2,60930000.0,1.09,4.00,16.70,170990000.0,3.36,36520000.0,1.351,10.683,145990000.0,0.996,81.73,45.88,3820000.0,7.282,41.03,3900000.0,outperform
40,2007-03-12 20:00:18,1173744018.0,gme,24.75,70.99,1406.599976,-6.11,77.1,0.721,37.86,0.88,3.33,2.42,5.78,5.95,10.07,63.212,4150000000.0000005,4820000000.0,N/A,1.00,1.03,12.284,1.03,872030000.0,12.284,113460000.0,1.45,N/A,89.40,180950000.0,2.386,889240000.0,1.305,16.271999,220450000.0,1.34,15.50,124.60,3030000.0,2.9,4.20,9490000.0,outperform
41,2013-05-21 06:58:47,1369133927.0,gme,34.85,3.33,1669.160034,13.11,-9.78,N/A,N/A,0.53,2.06,3.04,7.19,8.90,10.13,70.31,4050000000.0,4050000000.0,10.48,1.24,0.46,4.95,0.46,2650000000.0,4.95,269700000.0,2.13,49.50,0.50,635800000.0,5.40,0.00,1.17,19.34,632400000.0,1.01,0.81,136.10,38890000.0,11.00,46.00,43800000.0,underperform
42,2004-09-28 01:55:00,1096350900.0,gme,8.03,84.68,1110.060059,9.62,75.06,1.746,16.47,0.62,1.71,3.87,6.36,7.70,11.15,28.012,1010000000.0,868150000.0,12.99,0.78,0.52,6.25,0.52,436570000.0,6.25,64599999.99999999,1.088,21.10,16.70,159750000.0,2.84,1.746,1.746,10.661,119420000.0,0.95,64.31,39.43,2530000.0,11.439,12.58,2320000.0,outperform
43,2013-04-22 01:30:37,1366608637.0,gme,30.82,33.71,1562.5,20.29,13.420000000000002,N/A,N/A,0.43,1.69,3.04,7.19,8.90,10.13,70.31,3220000000.0,3220000000.0,8.89,1.04,0.36,3.94,0.36,2650000000.0,3.94,269700000.0,2.13,49.50,0.50,635800000.0,5.40,0.00,1.17,19.34,632400000.0,0.99,0.81,136.10,43090000.0,16.90,51.00,42150000.0,outperform
44,2007-04-04 22:40:49,1175740849.0,gme,29.78,70.99,1439.369995,-4.87,75.86,0.622,32.98,0.95,3.67,2.98,6.40,7.10,12.71,35.477,5020000000.0,5260000000.0,N/A,0.93,0.99,11.242,0.99,872030000.0,11.242,158250000.0,1.00,52.70,38.20,652400000.0,4.284,855900000.0,1.325,9.034,N/A,1.32,15.50,124.80,5590000.0,3.2,6.80,6050000.0,outperform
45,2012-11-04 02:12:01,1352013121.0,gme,21.91,142.45,1427.589966,23.84,118.60999999999999,N/A,10.02,0.32,1.05,3.55,6.78,8.88,11.14,67.44,2800000000.0,2800000000.0,6.94,1.09,0.31,3.50,0.31,2680000000.0,3.50,322100000.0,2.38,32.00,11.10,138700000.0,1.12,0.00,1.17,22.40,676600000.0,1.14,0.81,4.10,44270000.0,14.40,52.40,45050000.0,outperform
46,2007-12-21 22:09:27,1198292967.0,gme,55.48,-58.22,1484.459961,-39.07,-19.15,0.344,43.89,1.53,5.98,3.50,6.63,8.08,15.72,41.881,9890000000.0,10290000000.0,N/A,1.86,1.58,18.342,1.58,1470000000.0,18.342,228290000.0,1.40,282.90,59.30,277810000.0,1.726,574230000.0,1.286,10.377,428180000.0,1.35,6.60,84.70,2890000.0,1.3,1.90,2009999.9999999998,underperform
47,2009-05-30 20:15:01,1243728901.0,gme,19.87,,893.0599980000001,23.51,,N/A,10.30,0.43,1.60,4.53,7.78,10.88,18.43,54.763,4370000000.0,4370000000.0,N/A,0.53,0.49,5.168,0.49,2270000000.0,5.168,406590000.0,2.42,13.40,9.20,230260000.0,1.399,495570000.0,1.242,14.711,N/A,1.19,6.67,91.60,11740000.0,7.60,7.60,11010000.0,underperform
48,2012-12-24 00:30:38,1356327038.0,gme,23.97,105.47,1426.660034,28.5,76.97,N/A,N/A,0.36,1.51,4.00,6.84,7.78,14.10,68.14,2730000000.0,2730000000.0,7.41,0.86,0.31,3.46,0.31,2680000000.0,3.46,356100000.0,2.73,N/A,8.90,366400000.0,3.02,0.00,1.07,17.35,617400000.0,1.17,0.81,4.10,43000000.0,11.90,50.90,43860000.0,outperform
49,2012-03-16 04:45:49,1331887549.0,gme,21.41,13.55,1404.170044,10.71,2.84,4.21,8.54,0.33,1.10,4.17,6.65,7.55,14.03,67.42,2890000000.0,2890000000.0,7.53,1.01,0.30,3.48,0.30,2540000000.0,3.48,403000000.0,2.79,1.50,2.50,442600000.0,3.24,124700000.0,1.06,21.41,886500000.0,1.01,1.68,6.80,54850000.0,15.00,44.90,50620000.0,outperform
50,2007-10-31 12:13:05,1193847185.0,gme,53.47,-50.31,1549.380005,-38.42,-11.89,0.457,48.77,1.54,5.91,3.20,6.47,7.95,13.86,38.609,9140000000.0,9500000000.0,N/A,1.75,1.60,18.797,1.60,1470000000.0,18.797,189900000.0,1.18,586.50,38.90,349280000.0,2.196,706170000.0,1.445,9.722,416850000.0,1.28,9.46,85.60,3910000.0,1.6,2.70,4270000.0,underperform
51,2004-04-23 18:18:58,1082758738.0,gme,8.19,29.06,1140.599976,-0.27,29.33,1.665,17.01,0.67,1.77,4.02,6.61,7.81,11.36,26.418,1040000000.0,852280000.0,13.17,0.84,0.54,6.39,0.54,343300000.0,6.39,63470000.0,1.068,652.90,20.70,204900000.0,3.59,1.665,1.665,10.477,66700000.0,1.003,63.52,33.26,2290000.0,10.905,11.01,1960000.0,outperform
52,2005-01-19 18:07:59,1106176079.0,gme,8.74,99.89,1184.630005,8.48,91.41,0.147,17.49,0.56,1.94,3.75,6.14,7.60,11.59,29.793,991910000.0,952700000.0,14.17,0.81,0.54,6.69,0.54,436570000.0,6.69,65970000.0,1.118,21.10,16.70,101560000.0,74020000.0,74020000.0,1.223,9.976,135850000.0,0.992,81.67,43.89,3320000.0,3.57,35.70,2770000.0,outperform
53,2007-01-29 05:34:00,1170066840.0,gme,23.96,87.15,1420.619995,-4.11,91.26,0.721,36.16,0.87,3.30,2.42,5.78,5.95,10.07,63.212,3960000000.0,N/A,N/A,1.05,N/A,N/A,N/A,872030000.0,N/A,113460000.0,1.45,N/A,89.40,180950000.0,2.386,889240000.0,1.305,16.271999,220450000.0,1.4,18.65,68.40,9490000.0,8.2,22.90,10180000.0,outperform
54,2009-09-16 21:33:56,1253151236.0,gme,23.31,-24.88,1068.76001,5.23,-30.11,N/A,11.16,0.47,1.64,4.36,7.51,10.43,16.85,54.257,4470000000.0,4470000000.0,N/A,0.68,0.50,5.451,0.50,2270000000.0,5.451,388110000.0,2.313,32.30,3.70,197860000.0,1.202,495810000.0,1.318,15.45,N/A,0.95,5.22,89.80,18900000.0,2.6,12.20,16570000.0,underperform
55,2012-01-11 04:22:41,1326273761.0,gme,22.01,-3.0,1292.47998,13.9,-16.9,4.21,8.69,0.34,1.12,4.17,6.65,7.55,14.03,67.42,2950000000.0,2950000000.0,7.69,1.03,0.31,3.56,0.31,2540000000.0,3.56,403000000.0,2.79,1.50,2.50,442600000.0,3.24,124700000.0,1.06,21.41,886500000.0,0.57,1.68,6.80,40110000.0,9.50,32.80,40660000.0,underperform
56,2007-05-29 01:19:38,1180415978.0,gme,32.52,39.61,1518.109985,-8.38,47.99,0.506,33.29,1.00,3.74,3.08,6.51,7.88,12.86,36.664,5630000000.0,6080000000.0,N/A,0.96,1.09,12.247,1.09,1470000000.0,12.247,171270000.0,1.08,111.30,23.00,307330000.0,1.952,749550000.0,1.42,9.411,N/A,1.1,4.66,70.00,4960000.0,2.4,3.60,5590000.0,outperform
57,2004-09-07 03:17:44,1094541464.0,pom,11.66,18.52,1121.300049,10.26,8.26,2.012,14.73,0.50,1.16,3.34,9.93,1.78,7.85,41.38,3510000000.0,9730000000.0,13.21,4.03,1.37,8.52,1.37,1300000000.0,8.52,237000000.0,1.382,46.10,68.10,83900000.0,0.49,6300000000.0,0.841,17.775999,552000000.0,0.232,0.99,41.82,3840000.0,8.491,2.25,3810000.0,outperform
58,2013-05-10 16:25:35,1368217535.0,pom,20.23,33.12,1633.699951,14.97,18.15,136.58,N/A,1.14,1.25,4.54,5.91,1.12,4.81,20.29,11080000000.0,11080000000.0,17.13,5.44,2.36,15.11,2.36,1520000000.0,15.11,208000000.0,0.93,N/A,31.40,125000000.0,0.50,5840000000.0,0.53,17.21,423000000.0,0.22,0.28,60.30,10000000.0,4.70,4.00,8940000.0,outperform
59,2005-05-11 00:22:35,1115785355.0,pom,13.28,8.81,1171.109985,11.51,-2.6999999999999993,1.729,14.77,0.58,1.24,3.58,10.59,1.92,8.15,40.847,4150000000.0000005,10060000000.0,14.12,3.75,1.39,8.35,1.39,1490000000.0,8.35,259200000.0,1.49,127.90,0.70,29600000.0,0.16,5910000000.0,0.851,17.875,734600000.0,0.182,0.67,47.98,1540000.0,1.961,0.82,2049999.9999999998,underperform
60,2011-05-09 06:48:37,1304938117.0,pom,16.42,1.22,1346.290039,1.29,-0.07000000000000006,110.46,137.68,0.62,1.03,0.45,9.47,2.76,3.27,31.43,9070000000.0,9070000000.0,15.04,2.30,1.29,8.55,1.29,1380000000.0,8.55,139000000.0,0.14,19.50,8.10,20000000.0,0.09,4680000000.0,0.98,18.79,9070000000.0,0.52,0.29,52.30,13180000.0,9.00,5.90,13150000.0,underperform
61,2013-04-22 02:02:57,1366610577.0,pom,20.19,4.41,1562.5,20.29,-15.879999999999999,124.34,17.68,0.97,1.11,5.61,12.68,2.62,6.49,22.19,10550000000.0,10550000000.0,17.40,5.18,2.08,9.60,2.08,1520000000.0,9.60,285000000.0,1.24,126.30,9.50,25000000.0,0.11,5530000000.0,0.49,19.33,592000000.0,0.21,0.28,60.30,8940000.0,5.20,3.60,7810000.0,underperform
62,2005-02-12 03:37:44,1108197464.0,pom,13.43,7.0,1191.98999,6.02,0.9800000000000004,1.726,20.79,0.61,1.24,2.72,9.07,1.42,6.12,40.641,4280000000.0000005,10210000000.0,14.99,3.85,1.45,9.51,1.45,1300000000.0,9.51,190700000.0,1.10,46.10,68.10,69000000.0,0.37,6020000000.0,0.829,18.243999,616200000.0,0.266,0.54,43.09,2320000.0,3.885,1.24,3050000.0,outperform
63,2004-10-26 09:34:13,1098797653.0,pom,12.15,7.08,1111.089966,7.23,-0.15000000000000036,2.012,14.79,0.49,1.14,3.34,9.93,1.78,7.85,41.38,3530000000.0,9750000000.0,13.45,4.67,1.37,8.54,1.37,1300000000.0,8.54,237000000.0,1.382,46.10,68.10,83900000.0,0.49,6300000000.0,0.841,17.775999,552000000.0,0.225,0.99,41.84,5350000.0,5.851,3.13,3840000.0,underperform
64,2003-12-15 02:04:13,1071471853.0,pom,10.51,19.31,1068.040039,12.67,6.639999999999999,2.102,16.06,0.43,1.03,2.94,8.82,1.68,6.61,43.499,3170000000.0,9340000000.0,12.49,4.17,1.27,8.81,1.27,993300000.0,8.81,195900000.0,1.15,17.40,20.60,376000000.0,2.19,6550000000.0,0.787,17.82,N/A,0.182,0.98,39.38,3530000.0,8.089,2.08,3610000.0,outperform
65,2006-07-21 00:48:13,1153457293.0,amzn,33.19,120.91,1240.290039,24.66,96.25,3.873,43.93,1.62,44.38,3.74,5.21,10.39,409.88,21.431,14280000000.0,14330000000.0,N/A,2.95,1.62,24.411,1.62,2040000000.0,24.411,332000000.0,0.78,34.60,19.80,1330000000.0,3.192,1250000000.0,1.554,0.777,724000000.0,2.87,25.28,73.50,36870000.0,5.7,11.80,34440000.0,outperform
66,2004-08-10 03:01:36,1092121296.0,amzn,37.1,20.65,1079.040039,13.91,6.739999999999998,N/A,54.25,2.41,N/A,4.61,6.44,15.15,N/A,14.136,14370000000.0,15050000000.0,25.97,1.19,2.51,38.88,2.51,1260000000.0,38.88,276330000.0,0.651,N/A,33.80,1150000000.0,2.83,1770000000.0,1.704,1.945,410130000.0,2.185,30.52,57.62,29250000.0,4.325,10.35,30940000.0,outperform
67,2006-08-23 07:39:00,1156333140.0,amzn,28.14,174.7,1292.98999,13.11,161.58999999999997,3.457,40.07,1.28,30.80,3.26,4.40,8.74,189.34,22.27,11890000000.0,11690000000.0,N/A,3.37,1.26,21.177,1.26,2040000000.0,21.177,302000000.0,0.71,57.70,22.00,1420000000.0,3.387,1320000000.0,1.53,0.921,610000000.0,2.85,25.22,74.00,36520000.0,7.6,11.60,36870000.0,outperform
68,2006-11-29 13:23:14,1164824594.0,amzn,40.63,119.42,1399.47998,5.02,114.4,6.633,59.56,1.74,85.79,3.01,3.97,7.89,289.11,23.294,16860000000.0,16940000000.000002,N/A,4.31,1.75,29.871,1.75,2040000000.0,29.871,292000000.0,0.69,36.70,24.20,1220000000.0,2.959,1300000000.0,1.309,0.477,588000000.0,3.23,25.65,77.00,44280000.0,6.3,14.40,43600000.0,outperform
69,2012-07-15 18:35:49,1342391749.0,amzn,215.36,42.35,1334.76001,26.05,16.3,N/A,180.34,1.89,13.33,1.09,1.42,2.46,7.66,113.35,92680000000.0,92680000000.0,84.98,5.44,1.80,51.06,1.80,10790000000.0,51.06,560000000.0,1.21,35.30,33.80,5720000000.0,12.69,0.00,1.16,16.16,3050000000.0,0.77,19.64,66.50,8150000.0,2.50,2.20,9070000.0,outperform
70,2008-12-18 07:28:53,1229603333.0,amzn,52.08,146.7,885.2800289999999,24.53,122.16999999999999,0.172,36.47,1.24,8.94,3.46,4.34,8.80,38.14,43.204,22810000000.0,20920000000.0,N/A,1.57,1.15,19.732,1.15,3350000000.0,19.732,627000000.0,1.46,47.50,30.70,2320000000.0,5.419,435000000.0,1.409,5.89,1270000000.0,1.9,34.19,63.60,36330000.0,2.5,11.10,35640000.0,outperform
71,2006-12-25 17:22:55,1167085375.0,amzn,40.24,219.28,1410.76001,-21.85,241.13,6.633,58.57,1.69,83.63,3.01,3.97,7.89,289.11,23.294,16579999999.999998,16660000000.0,N/A,4.09,1.72,29.377,1.72,2040000000.0,29.377,292000000.0,0.69,36.70,24.20,1220000000.0,2.959,1300000000.0,1.309,0.477,588000000.0,3.24,25.65,76.90,42790000.0,13.90,13.90,44280000.0,outperform
72,2013-02-06 13:03:37,1360173817.0,amzn,262.22,35.23,1512.119995,17.28,17.949999999999996,53.53,N/A,1.99,14.79,0.06,1.11,1.46,0.49,134.86,114250000000.0,114250000000.0,73.32,4.32,1.87,45.56,1.87,15120000000.0,45.56,39000000.0,0.09,44.60,22.00,11450000000.0,25.19,4380000000.0,1.12,18.04,4179999999.9999995,0.88,19.56,67.40,7160000.0,2.40,2.00,7330000.0,outperform
73,2005-04-23 21:39:55,1114306795.0,amzn,33.25,9.29,1137.5,15.29,-6.0,N/A,23.84,2.00,N/A,8.50,6.36,24.37,N/A,16.294,13570000000.0,13650000000.0,25.61,1.51,1.97,26.44,1.97,1600000000.0,26.44,588450000.0,1.39,1567.90,31.50,1780000000.0,4.33,1860000000.0,1.567,0.555,566560000.0,2.693,25.88,62.27,31830000.0,5.15,10.46,29410000.0,underperform
74,2012-03-30 00:18:24,1333081104.0,amzn,202.51,31.01,1408.469971,10.96,20.05,23.33,149.35,1.90,11.80,1.31,1.79,2.44,8.63,106.13,83780000000.0,83780000000.0,77.21,5.19,1.74,49.02,1.74,10790000000.0,49.02,631000000.0,1.37,57.50,34.60,9580000000.0,21.04,1810000000.0,1.17,17.05,3900000000.0,0.72,19.47,68.80,11090000.0,2.10,N/A,10870000.0,outperform
75,2005-02-23 04:40:38,1109151638.0,amzn,34.14,11.01,1190.800049,8.14,2.869999999999999,N/A,25.05,2.09,N/A,8.50,6.36,24.37,N/A,16.294,14230000000.0,14550000000.0,26.30,1.57,2.10,28.18,2.10,1260000000.0,28.18,588450000.0,1.39,N/A,33.80,1780000000.0,4.34,1860000000.0,1.567,0.555,489960000.0,2.488,26.85,62.60,26980000.0,2.646,9.00,29110000.0,outperform
76,2005-04-03 16:48:09,1112561289.0,amzn,34.27,5.46,1180.589966,9.93,-4.47,N/A,24.54,2.03,N/A,8.50,6.36,24.37,N/A,16.294,13960000000.0,14040000000.0,26.57,1.60,2.03,27.21,2.03,1600000000.0,27.21,588450000.0,1.39,1567.90,31.50,1780000000.0,4.33,1860000000.0,1.567,0.555,566560000.0,2.464,26.86,62.59,31830000.0,5.15,10.60,29410000.0,underperform
77,2007-01-06 06:48:17,1168084097.0,amzn,38.7,146.02,1416.599976,2.16,143.86,6.633,55.85,1.65,81.55,3.01,3.97,9.67,289.11,23.294,15810000000.0,15890000000.0,N/A,4.11,1.64,24.291,1.64,2040000000.0,24.291,292000000.0,0.69,36.70,24.20,1220000000.0,2.959,1300000000.0,1.309,0.477,588000000.0,3.75,25.65,76.80,42780000.0,13.90,13.90,42790000.0,outperform
78,2012-09-23 17:28:25,1348435705.0,amzn,260.81,19.43,1460.26001,16.54,2.8900000000000006,N/A,313.61,2.17,15.71,0.69,1.17,2.04,4.94,119.93,111420000000.0,111420000000.0,109.56,9.81,2.05,57.46,2.05,10790000000.0,57.46,377000000.0,0.82,96.30,29.50,4970000000.0,10.99,0.00,1.08,16.60,3220000000.0,0.86,19.64,66.50,8710000.0,3.30,2.40,8080000.0,outperform
79,2012-10-12 08:17:27,1350044247.0,amzn,242.36,23.05,1428.589966,15.95,7.100000000000001,N/A,297.47,2.03,14.71,0.69,1.17,2.04,4.94,119.93,105430000000.0,105430000000.0,102.61,9.37,1.94,54.38,1.94,10790000000.0,54.38,377000000.0,0.82,96.30,29.50,4970000000.0,10.99,0.00,1.08,16.60,3220000000.0,0.82,19.56,67.40,8540000.0,2.60,2.40,8690000.0,outperform
80,2006-07-05 01:58:44,1152079124.0,amzn,37.11,85.21,1270.910034,20.02,65.19,3.873,49.63,1.82,49.78,3.74,5.21,10.39,409.88,21.431,16129999999.999998,16050000000.0,N/A,3.34,1.81,27.351,1.81,2040000000.0,27.351,332000000.0,0.78,34.60,19.80,1330000000.0,3.192,1250000000.0,1.554,0.777,724000000.0,2.87,25.28,73.50,36870000.0,5.7,11.80,34440000.0,outperform
81,2008-01-23 23:19:22,1201148362.0,amzn,73.97,-32.49,1338.599976,-38.18,5.689999999999998,1.673,85.42,2.48,42.79,2.78,4.42,9.21,76.49,31.896,30710000000.0,31950000000.0,N/A,3.00,2.43,38.818,2.43,2460000000.0,38.818,366000000.0,0.87,321.10,41.40,1910000000.0,4.598,1270000000.0,1.476,1.834,1000000000.0,3.02,30.69,71.70,31370000.0,4.7,10.10,33299999.999999996,outperform
82,2013-09-05 21:27:13,1378430833.0,amzn,294.1,17.78,1655.079956,21.31,-3.5299999999999976,34.83,N/A,2.01,15.37,0.15,0.95,1.58,1.24,147.08,125320000000.0,125320000000.0,105.04,9.40,1.88,42.86,1.88,15120000000.0,42.86,101000000.0,0.23,N/A,22.40,7460000000.0,16.34,3040000000.0,1.11,19.11,4530000000.0,0.78,19.20,68.10,6360000.0,2.30,1.70,7520000.0,underperform
83,2003-10-03 18:48:40,1065221320.0,amzn,52.89,-22.78,1029.849976,8.25,-31.03,N/A,N/A,4.46,N/A,1.89,3.18,5.12,N/A,11.378,21050000000.0,20980000000.0,58.93,3.58,4.7,143.81,4.7,992620000.0,143.81,85860000.0,N/A,73.70,26.00,988770000.0,2.49,2080000000.0,1.626,3.14,N/A,2.63,30.50,62.13,43160000.0,5.126,15.64,43480000.0,underperform
84,2013-05-08 15:04:22,1368039862.0,amzn,258.68,11.46,1632.689941,14.88,-3.42,36.05,N/A,1.83,13.91,0.14,1.04,1.71,1.11,141.08,112620000000.0,112620000000.0,79.35,5.06,1.76,41.56,1.76,15120000000.0,41.56,87000000.0,0.19,36.90,21.90,7900000000.0,17.34,3040000000.0,1.14,18.53,4250000000.0,0.82,19.23,67.90,6530000.0,2.30,1.80,7130000.0,underperform
85,2006-07-06 00:02:41,1152158561.0,amzn,36.8,87.42,1274.079956,20.12,67.3,3.873,47.70,1.82,49.69,3.74,5.21,10.39,409.88,21.431,15510000000.0,16050000000.0,N/A,3.34,1.81,27.351,1.81,2040000000.0,27.351,332000000.0,0.78,34.60,19.80,1330000000.0,3.192,1250000000.0,1.554,0.777,724000000.0,2.87,25.28,73.50,36870000.0,5.7,11.80,34440000.0,outperform
86,2011-09-02 09:34:35,1314970475.0,amzn,210.0,17.68,1173.969971,20.15,-2.469999999999999,N/A,93.75,2.40,12.43,2.58,3.14,5.21,15.24,89.50,90120000000.0,90120000000.0,65.40,3.92,2.24,49.33,2.24,7640000000.0,49.33,1040000000.0,2.27,7.70,51.00,6360000000.0,14.00,0.00,1.40,17.10,90120000000.0,0.90,20.28,67.50,8380000.000000001,1.30,N/A,6880000.0,underperform
87,2004-12-04 17:35:28,1102199728.0,amzn,39.98,22.56,1191.369995,6.15,16.409999999999997,N/A,54.03,2.59,N/A,4.98,6.57,16.34,N/A,14.892,16360000000.0,16960000000.0,33.13,2.06,2.68,40.35,2.68,1260000000.0,40.35,314920000.0,0.742,N/A,33.80,1180000000.0,2.9,1780000000.0,1.611,1.77,489960000.0,2.389,30.50,61.29,29640000.0,2.876,10.45,28970000.0,outperform
88,2012-01-01 09:16:25,1325427385.0,amzn,173.86,44.29,1263.02002,12.92,31.369999999999997,N/A,91.25,1.81,10.19,2.00,2.47,4.05,12.29,96.55,72390000000.0,72390000000.0,86.55,5.72,1.66,41.39,1.66,7640000000.0,41.39,870000000.0,1.90,72.70,43.90,6330000000.0,13.91,0.00,1.33,17.07,3120000000.0,0.38,20.28,67.50,8830000.0,1.20,2.40,9540000.0,outperform
89,2004-10-13 06:58:54,1097665134.0,amzn,39.98,6.6,1113.650024,5.67,0.9299999999999997,N/A,61.78,2.72,N/A,4.61,6.44,15.15,N/A,14.136,16360000000.0,16980000000.0,29.57,1.35,2.83,43.85,2.83,1260000000.0,43.85,276330000.0,0.651,N/A,33.80,1150000000.0,2.83,1770000000.0,1.704,1.945,410130000.0,2.282,30.52,62.44,26500000.0,3.413,9.37,24440000.0,outperform
90,2011-10-05 01:25:54,1317792354.0,amzn,219.5,18.67,1144.030029,27.74,-9.069999999999997,N/A,93.74,2.39,12.39,2.58,3.14,5.21,15.24,89.50,89870000000.0,89870000000.0,66.41,4.08,2.23,49.19,2.23,7640000000.0,49.19,1040000000.0,2.27,7.70,51.00,6360000000.0,14.00,0.00,1.40,17.10,89870000000.0,0.85,20.28,67.50,12160000.0,2.20,N/A,10180000.0,underperform
91,2006-08-22 12:09:59,1156262999.0,amzn,28.37,176.7,1298.819946,12.72,163.98,3.457,39.73,1.27,30.54,3.26,4.40,8.74,189.34,22.27,11780000000.0,11690000000.0,N/A,3.37,1.26,21.177,1.26,2040000000.0,21.177,302000000.0,0.71,57.70,22.00,1420000000.0,3.387,1320000000.0,1.53,0.921,610000000.0,2.85,25.22,74.00,36520000.0,7.6,11.60,36870000.0,outperform
92,2012-02-02 11:19:55,1328199595.0,amzn,181.72,45.83,1325.540039,14.15,31.68,N/A,94.60,1.87,10.51,2.00,2.47,4.05,12.29,96.55,75280000000.0,75280000000.0,62.97,4.18,1.73,43.04,1.73,7640000000.0,43.04,870000000.0,1.90,72.70,43.90,6330000000.0,13.91,0.00,1.33,17.07,3120000000.0,0.55,19.47,68.80,8470000.0,1.50,2.30,7340000.0,outperform
93,2008-10-27 10:05:36,1225116336.0,amzn,49.58,146.21,848.919983,25.27,120.94000000000001,0.172,33.58,1.16,8.31,3.46,4.34,8.80,38.14,43.204,21000000000.0,19110000000.0,N/A,1.33,1.05,18.033,1.05,3350000000.0,18.033,627000000.0,1.46,47.50,30.70,2320000000.0,5.417,435000000.0,1.409,5.89,1270000000.0,2.18,29.32,67.80,24550000.0,2.6,7.50,28000000.0,outperform
94,2009-09-18 11:21:06,1253287266.0,amzn,90.28,61.11,1068.300049,5.31,55.8,N/A,59.62,1.90,12.00,3.23,3.78,6.93,24.17,47.862,35950000000.0,35950000000.0,N/A,2.44,1.75,38.123,1.75,4269999999.9999995,38.123,663000000.0,1.52,10.10,14.50,3210000000.0,7.439,109000000.0,1.459,7.537,1880000000.0,1.17,23.04,70.80,20800000.0,6.20,6.20,20800000.0,outperform
95,2006-06-15 23:16:47,1150427807.0,amzn,34.96,107.09,1256.160034,22.03,85.06,3.873,44.94,1.59,43.35,3.74,5.21,10.39,409.88,21.431,14610000000.0,13990000000.0,N/A,2.90,1.58,23.841,1.58,2040000000.0,23.841,332000000.0,0.78,34.60,19.80,1330000000.0,3.192,1250000000.0,1.554,0.777,724000000.0,2.93,25.28,72.90,34440000.0,6.5,11.00,30530000.0,outperform
96,2006-07-20 00:11:22,1153368682.0,amzn,34.18,109.57,1249.130005,22.81,86.75999999999999,3.873,44.32,1.58,43.10,3.74,5.21,10.39,409.88,21.431,14410000000.0,13990000000.0,N/A,2.97,1.58,23.834,1.58,2040000000.0,23.834,332000000.0,0.78,34.60,19.80,1330000000.0,3.192,1250000000.0,1.554,0.777,724000000.0,2.87,25.28,73.50,36870000.0,5.7,11.80,34440000.0,outperform
97,2006-12-15 07:54:15,1166187255.0,amzn,40.01,128.14,1427.089966,4.17,123.96999999999998,6.633,56.80,1.63,80.71,3.01,3.97,7.89,289.11,23.294,16070000000.0,16149999999.999998,N/A,3.90,1.67,28.491,1.67,2040000000.0,28.491,292000000.0,0.69,36.70,24.20,1220000000.0,2.959,1300000000.0,1.309,0.477,588000000.0,3.24,25.65,76.90,42790000.0,13.90,13.90,44280000.0,outperform
98,2006-12-10 09:38:13,1165761493.0,amzn,38.12,144.02,1407.290039,7.72,136.3,6.633,55.98,1.62,79.92,3.01,3.97,7.89,289.11,23.294,15840000000.0,15920000000.0,N/A,3.90,1.64,28.084,1.64,2040000000.0,28.084,292000000.0,0.69,36.70,24.20,1220000000.0,2.959,1300000000.0,1.309,0.477,588000000.0,3.24,25.65,76.90,42790000.0,13.90,13.90,44280000.0,outperform
99,2011-11-18 21:59:56,1321671596.0,amzn,197.14,13.09,1215.650024,11.5,1.5899999999999999,N/A,103.92,2.13,11.98,2.00,2.47,4.05,12.29,96.55,86680000000.0,86680000000.0,96.17,8.29,1.99,49.56,1.99,7640000000.0,49.56,870000000.0,1.90,72.70,43.90,6330000000.0,13.91,0.00,1.33,17.07,86680000000.0,0.55,20.28,67.50,11040000.0,1.50,3.00,11250000.0,outperform
100,2006-07-18 12:33:57,1153240437.0,amzn,33.49,118.93,1236.859985,25.01,93.92,3.873,43.28,1.59,43.33,3.74,5.21,10.39,409.88,21.431,14070000000.0,13990000000.0,N/A,2.90,1.58,23.834,1.58,2040000000.0,23.834,332000000.0,0.78,34.60,19.80,1330000000.0,3.192,1250000000.0,1.554,0.777,724000000.0,2.87,25.28,73.50,36870000.0,5.7,11.80,34440000.0,outperform
101,2006-07-18 06:44:14,1153219454.0,amzn,33.49,118.93,1236.859985,25.01,93.92,3.873,43.28,1.55,42.37,3.74,5.21,10.39,409.88,21.431,14070000000.0,13990000000.0,N/A,2.90,1.58,23.834,1.58,2040000000.0,23.834,332000000.0,0.78,34.60,19.80,1330000000.0,3.192,1250000000.0,1.554,0.777,724000000.0,2.87,25.28,73.50,36870000.0,5.7,11.80,34440000.0,outperform
102,2005-02-04 09:33:54,1107527634.0,amzn,35.72,23.12,1203.030029,6.6,16.520000000000003,N/A,25.79,2.70,N/A,8.50,6.36,24.37,N/A,16.294,14590000000.0,14730000000.0,29.55,2.16,2.13,28.53,2.13,1260000000.0,28.53,588450000.0,1.39,N/A,33.80,1780000000.0,4.34,1860000000.0,1.567,1.77,489960000.0,2.507,26.85,60.48,26980000.0,2.646,9.00,29110000.0,outperform
103,2009-01-05 12:03:14,1231174994.0,amzn,54.06,149.15,927.4500119999999,22.54,126.61000000000001,0.172,37.28,1.29,9.23,3.46,4.34,8.80,38.14,43.204,23310000000.0,21420000000.0,N/A,1.59,1.18,20.21,1.18,3350000000.0,20.21,627000000.0,1.46,47.50,30.70,2320000000.0,5.419,435000000.0,1.409,5.89,1270000000.0,1.95,34.19,63.60,36170000.0,3.1,11.00,36330000.0,outperform
104,2011-11-02 04:10:49,1320221449.0,amzn,215.62,7.66,1237.900024,15.32,-7.66,N/A,111.81,2.23,12.51,2.00,2.47,4.05,12.29,96.55,90770000000.0,90770000000.0,97.30,6.47,2.08,51.90,2.08,7640000000.0,51.90,870000000.0,1.90,72.70,43.90,6330000000.0,13.91,0.00,1.33,17.07,90770000000.0,0.85,20.28,67.50,11250000.0,1.60,N/A,10420000.0,underperform
105,2006-07-18 01:57:56,1153202276.0,amzn,33.49,118.93,1236.859985,25.01,93.92,3.873,43.28,1.55,42.37,3.74,5.21,10.39,409.88,21.431,14070000000.0,13680000000.0,N/A,2.90,1.54,23.3,1.54,2040000000.0,23.3,332000000.0,0.78,34.60,19.80,1330000000.0,3.192,1250000000.0,1.554,0.777,724000000.0,2.87,25.28,73.50,36870000.0,5.7,11.80,34440000.0,outperform
106,2005-03-06 14:36:48,1110137808.0,cnp,8.16,6.0,1210.469971,5.6,0.40000000000000036,17.622,32.99,0.43,5.94,1.45,10.93,0.62,7.64,28.644,3840000000.0,14740000000.0,19.18,10.17,1.67,9.92,1.67,4320000000.0,9.92,116390000.0,0.38,N/A,23.20,369460000.0,1.2,11270000000.0,0.907,2.078,878570000.0,0.706,0.59,61.52,19280000.0,11.733,6.30,18590000.0,outperform
107,2005-02-05 01:03:46,1107583426.0,cnp,7.63,12.06,1193.189941,6.51,5.550000000000001,17.622,31.51,0.41,5.63,1.45,10.93,0.62,7.64,28.644,3670000000.0,14500000000.0,20.19,10.77,1.64,9.76,1.64,4320000000.0,9.76,116390000.0,0.38,N/A,23.20,369460000.0,1.2,11270000000.0,0.907,2.078,878560000.0,0.697,0.59,61.73,18590000.0,10.79,6.08,18840000.0,outperform
108,2013-05-23 18:24:38,1369347878.0,cnp,22.77,3.82,1650.51001,15.15,-11.33,210.71,24.61,1.31,2.32,5.38,16.56,3.59,9.63,18.14,18760000000.0,18760000000.0,18.22,3.89,2.42,7.98,2.42,2700000000.0,7.98,417000000.0,0.97,N/A,14.60,859000000.0,2.01,9210000000.0,0.76,10.22,1970000000.0,0.43,0.44,73.30,6290000.0,2.40,1.60,5870000.0,underperform
109,2011-09-25 19:57:36,1316995056.0,cnp,16.65,18.56,1129.560059,28.98,-10.420000000000002,274.28,15.85,0.95,2.40,6.10,15.33,4.12,16.13,19.87,16559999999.999998,16559999999.999998,15.55,2.62,1.96,7.66,1.96,2490000000.0,7.66,514000000.0,1.20,46.90,4.60,607000000.0,1.43,9090000000.0,0.87,7.78,16559999999.999998,0.65,0.40,70.30,5360000.0,0.90,1.30,5030000.0,underperform
110,2007-03-24 17:55:26,1174773326.0,cnp,12.82,-18.56,1435.040039,-7.35,-11.209999999999999,5.904,13.68,0.62,3.63,4.64,11.21,3.78,30.30,29.885,5830000000.0,14410000000.0,N/A,1.69,1.55,8.736,1.55,1860000000.0,8.736,432000000.0,1.33,17.30,23.30,598000000.0,1.868,9190000000.0,0.71,4.955,991000000.0,0.63,15.51,77.50,22600000.0,7.6,7.10,25590000.0,underperform
111,2008-02-01 08:49:37,1201873777.0,cnp,11.77,-10.71,1395.420044,-37.36,26.65,5.585,15.26,0.54,2.96,3.77,11.62,4.02,21.68,29.797,5140000000.0,14380000000.0,N/A,1.19,1.52,8.342,1.52,3410000000.0,8.342,358000000.0,1.05,9.60,2.70,451000000.0,1.404,9700000000.0,0.694,5.404,755000000.0,0.59,5.47,71.50,22260000.0,7.00,7.00,21660000.0,outperform
112,2003-12-14 20:04:17,1071450257.0,cnp,5.78,24.74,1071.209961,11.9,12.839999999999998,7.052,8.42,0.30,1.73,3.84,16.19,1.82,21.74,30.822,2860000000.0,13880000000.0,22.32,2.30,1.48,6.49,1.48,2330000000.0,6.49,339500000.0,1.11,N/A,N/A,361770000.0,1.18,11380000000.0,0.848,5.28,N/A,0.548,0.45,55.92,13270000.0,6.279,4.35,12700000.0,outperform
113,2013-04-22 03:06:55,1366614415.0,cat,79.46,28.69,1562.5,20.29,8.400000000000002,228.37,9.48,0.80,3.01,8.62,13.21,6.37,36.94,100.94,89510000000.0,89510000000.0,9.01,0.75,1.36,7.77,1.36,18020000000.0,7.77,5680000000.0,8.48,54.90,6.80,3320000000.0,5.08,40150000000.0,1.43,26.76,5240000000.0,1.80,0.22,62.50,18830000.0,3.10,3.30,19140000.0,outperform
114,2005-02-04 04:32:23,1107509543.0,cat,36.45,53.06,1203.030029,6.6,46.46,3.118,16.02,1.10,4.42,6.53,9.03,4.94,29.67,85.254,31330000000.0,53900000000.0,10.89,1.15,1.78,19.72,1.78,5820000000.0,19.72,2040000000.0,5.73,37.70,13.00,445000000.0,1.3,23280000000.0,1.349,20.575001,2190000000.0,1.065,0.01,73.31,5120000.0,2.336,1.50,7380000.0,outperform
115,2008-01-23 15:52:20,1201121540.0,cat,54.35,-40.99,1338.599976,-38.18,-2.8100000000000023,3.189,12.30,0.93,4.72,7.87,10.96,5.70,39.10,68.182,40570000000.0,67459999999.99999,N/A,0.68,1.54,10.402,1.54,11970000000.0,10.402,3450000000.0,5.19,20.50,8.80,582000000.0,0.915,27460000000.0,1.183,13.535,7660000000.0,1.43,0.23,66.00,15380000.0,2.40,2.40,14450000.0,underperform
116,2011-11-08 07:18:14,1320754694.0,cat,89.11,-9.46,1275.920044,9.3,-18.76,233.25,14.52,1.11,4.37,7.81,11.60,5.80,35.21,86.69,94080000000.0,94080000000.0,10.52,0.61,1.69,10.56,1.69,11310000000.0,10.56,4350000000.0,6.54,44.10,41.20,1650000000.0,2.55,34299999999.999996,1.46,21.90,94080000000.0,1.94,0.27,66.90,17260000.0,1.50,3.00,17920000.0,underperform
117,2013-02-06 09:08:04,1360159684.0,cat,93.25,-1.34,1512.119995,17.28,-18.62,228.32,11.61,0.98,3.67,8.62,13.89,6.70,36.94,100.94,101260000000.0,101260000000.0,10.47,0.87,1.54,8.46,1.54,15730000000.0,8.46,5680000000.0,8.48,54.90,6.80,3310000000.0,5.05,40140000000.0,1.43,26.79,5240000000.0,1.86,0.22,65.00,19460000.0,3.40,3.40,18690000.0,underperform
118,2011-09-03 08:40:17,1315053617.0,cat,84.11,-5.27,1218.890015,14.82,-20.09,247.48,14.12,1.12,4.27,7.83,11.70,5.65,34.36,79.99,80100000000.0,80100000000.0,9.26,0.75,1.57,9.61,1.57,11310000000.0,9.61,4000000000.0,6.05,43.60,36.70,9460000000.0,14.64,34390000000.0,1.73,20.73,80100000000.0,1.93,0.27,66.90,13490000.0,1.00,2.40,11900000.0,underperform
119,2008-10-28 20:07:37,1225238857.0,cat,29.78,62.56,940.51001,10.86,51.7,3.542,5.75,0.39,2.06,7.66,10.38,5.51,42.42,81.874,21180000000.0,53100000000.0,N/A,0.48,1.05,7.38,1.05,12330000000.0,7.38,3870000000.0,6.073,6.40,13.50,965000000.0,1.59,34159999999.999996,1.116,15.89,5780000000.0,1.13,0.24,72.40,19320000.0,2.2,3.20,20200000.0,outperform
120,2013-05-12 19:32:38,1368401558.0,cat,86.41,21.21,1626.670044,16.6,4.609999999999999,221.07,11.95,0.94,3.24,7.88,11.96,5.47,29.55,96.47,95150000000.0,95150000000.0,11.01,0.93,1.51,9.13,1.51,18020000000.0,9.13,4980000000.0,7.42,44.50,17.30,3610000000.0,5.49,40500000000.0,1.46,27.79,6350000000.0,1.79,0.22,62.50,29560000.0,3.70,5.10,16559999.999999998,outperform
121,2003-11-08 10:42:46,1068306166.0,cat,29.37,15.73,1051.810059,10.44,5.290000000000001,2.976,24.02,1.19,4.83,4.79,7.50,3.09,18.00,62.032,25040000000.0,44050000000.0,18.45,2.04,2.03,14.97,2.03,5440000000.0,14.97,1060000000.0,3.021,0.90,1.50,397000000.0,1.15,18730000000.0,1.45,15.44,N/A,0.975,0.01,72.79,9180000.0,3.401,2.66,8410000.0,outperform
122,2008-10-26 22:51:22,1225075882.0,cat,30.13,68.47,908.1099849999999,17.49,50.980000000000004,3.542,5.48,0.42,2.23,7.66,10.38,5.51,42.42,81.874,20210000000.0,53410000000.0,N/A,0.48,1.06,7.424,1.06,12330000000.0,7.424,3870000000.0,6.07,6.40,13.50,965000000.0,1.59,34159999999.999996,1.116,15.89,5780000000.0,1.13,0.24,72.40,19320000.0,2.2,3.20,20200000.0,outperform
123,2007-04-07 14:35:58,1175970958.0,cat,55.3,16.38,1439.369995,-4.87,21.25,3.98,13.07,1.05,6.35,8.52,12.04,6.48,46.26,63.029,43680000000.0,70650000000.0,N/A,0.86,1.70,10.574,1.70,11970000000.0,10.574,3540000000.0,5.17,4.30,13.90,319000000.0,0.494,27300000000.0,1.2,10.621,5800000000.0,1.99,0.16,63.50,10460000.0,1.7,1.60,9040000.0,outperform
124,2006-10-23 12:38:01,1161621481.0,cat,49.27,25.41,1377.02002,10.35,15.06,3.161,12.13,1.00,4.48,8.80,12.25,6.35,41.61,57.555,38690000000.0,72140000000.0,N/A,0.89,1.87,11.365,1.87,9780000000.0,11.365,3400000000.0,4.864,37.60,13.30,455000000.0,0.694,27290000000.0,1.152,13.165,4070000000.0000005,1.94,0.30,69.50,8980000.0,1.5,1.40,10370000.0,outperform
125,2007-04-27 09:10:35,1177679435.0,cat,60.71,12.88,1494.069946,-7.64,20.52,3.651,14.03,1.12,6.29,8.34,11.68,6.24,42.70,64.666,47140000000.0,74160000000.0,N/A,0.92,1.76,11.206,1.76,11970000000.0,11.206,3510000000.0,5.20,2.90,6.60,337000000.0,0.522,27360000000.0,1.201,11.601,6640000000.0,1.99,0.16,63.40,10460000.0,1.7,1.60,9040000.0,outperform
126,2007-02-17 21:38:28,1171766308.0,cat,54.22,8.5,1455.300049,-7.31,15.809999999999999,3.98,13.08,1.05,6.37,8.52,12.02,6.47,46.26,63.029,43700000000.0,70680000000.0,N/A,0.83,1.70,10.59,1.70,9780000000.0,10.59,3540000000.0,5.17,4.30,13.90,319000000.0,0.494,27300000000.0,1.196,10.621,5820000000.0,1.94,0.16,67.30,7800000.0,1.9,1.20,7800000.0,outperform
127,2007-03-01 01:57:50,1172732270.0,cat,52.36,15.36,1403.170044,-5.17,20.53,3.98,12.46,1.01,6.10,8.52,12.04,6.48,46.26,63.029,41610000000.0,68840000000.0,N/A,0.82,1.66,10.303,1.66,11970000000.0,10.303,3540000000.0,5.17,4.30,13.90,319000000.0,0.494,27300000000.0,1.2,10.621,5800000000.0,1.94,0.16,62.70,7800000.0,1.9,1.20,7800000.0,outperform
128,2007-03-04 15:30:52,1173040252.0,cat,52.36,16.75,1403.170044,-5.12,21.87,3.98,12.19,0.99,6.02,8.52,12.04,6.48,46.26,63.029,40710000000.0,67690000000.0,N/A,0.79,1.63,10.13,1.63,11970000000.0,10.13,3540000000.0,5.17,4.30,13.90,319000000.0,0.494,27300000000.0,1.2,10.621,5800000000.0,1.88,0.16,63.00,9040000.0,1.3,1.40,7800000.0,outperform
129,2007-03-29 10:29:11,1175178551.0,cat,54.24,18.69,1422.530029,-7.54,26.23,3.98,12.80,1.03,6.24,8.52,12.04,6.48,46.26,63.029,42780000000.0,69760000000.0,N/A,0.84,1.68,10.439,1.68,11970000000.0,10.439,3540000000.0,5.17,4.30,13.90,319000000.0,0.494,27300000000.0,1.2,10.621,5800000000.0,1.88,0.16,63.40,10460000.0,1.7,1.60,9040000.0,outperform
130,2005-01-25 09:39:53,1106663993.0,cat,35.9,39.33,1168.410034,8.24,31.089999999999996,3.172,16.49,1.08,4.34,6.58,9.28,4.83,29.12,79.351,30070000000.0,51930000000.0,12.17,1.41,1.84,12.97,1.84,5820000000.0,12.97,1900000000.0,5.343,37.70,13.00,417000000.0,1.22,22270000000.0,1.42,20.575001,2190000000.0,1.065,0.01,74.80,5120000.0,2.336,1.50,7380000.0,outperform
131,2007-07-03 16:00:35,1183492835.0,cat,64.19,-7.96,1524.869995,-17.27,9.309999999999999,3.651,14.96,1.22,6.88,8.34,11.64,6.22,42.70,64.666,49850000000.0,78540000000.0,N/A,1.12,1.86,11.9,1.86,11970000000.0,11.9,3510000000.0,5.202,2.90,6.60,337000000.0,0.526,27360000000.0,1.201,11.699,6640000000.0,1.98,0.16,64.40,9360000.0,1.8,1.50,11730000.0,outperform
132,2006-06-16 13:07:53,1150477673.0,cat,57.03,15.36,1251.540039,21.1,-5.740000000000002,2.886,15.98,1.27,5.29,8.32,11.43,5.89,37.26,55.365,47440000000.0,72660000000.0,N/A,1.14,1.94,12.408,1.94,9780000000.0,12.408,3110000000.0,4.43,44.60,12.60,648000000.0,0.968,25870000000.0,1.2,13.384,3460000000.0,2.22,0.30,71.20,9190000.0,1.8,1.40,7140000.0,underperform
133,2007-10-14 02:51:55,1192344715.0,cat,65.66,-36.41,1554.410034,-35.45,-0.9599999999999937,3.519,16.33,1.18,6.48,7.67,10.81,5.61,39.97,66.34,51320000000.0,78500000000.0,N/A,1.15,1.83,12.488,1.83,11970000000.0,12.488,3290000000.0,4.92,21.30,7.10,379000000.0,0.593,27560000000.0,1.218,12.252,7110000000.0,1.69,0.14,65.00,7660000.0,1.5,1.20,9870000.0,underperform
134,2004-04-13 08:09:47,1081858187.0,cat,32.22,9.06,1129.439941,3.93,5.130000000000001,3.26,26.59,1.24,4.64,4.74,7.42,3.06,18.02,64.744,28790000000.0,48260000000.0,14.69,1.66,2.12,15.9,2.12,5820000000.0,15.9,1100000000.0,3.15,37.70,13.00,342000000.0,0.99,19820000000.0,1.33,17.681,2069999999.9999998,1.069,0.22,75.04,7210000.0,3.119,2.10,6400000.0,outperform
135,2008-12-19 22:55:42,1229745342.0,cat,36.38,42.36,887.8800050000001,24.92,17.439999999999998,3.542,7.03,0.50,2.64,7.66,10.38,5.51,42.42,81.874,25750000000.0,58630000000.0,N/A,0.62,1.16,8.149,1.16,12330000000.0,8.149,3870000000.0,6.073,6.40,13.50,965000000.0,1.6,34159999999.999996,1.116,15.989,5780000000.0,1.34,0.24,69.40,25730000.0,1.9,4.30,23390000.0,outperform
136,2012-11-23 04:27:41,1353662861.0,cat,79.87,0.84,1409.150024,26.41,-25.57,222.26,8.51,0.81,3.05,9.74,13.93,6.94,40.34,103.02,90780000000.0,90780000000.0,9.56,0.65,1.35,7.50,1.35,15730000000.0,7.50,6530000000.0,9.76,48.90,4.60,3390000000.0,5.19,39860000000.0,1.41,27.35,4760000000.0,1.83,0.22,65.00,18100000.0,2.50,3.10,18850000.0,underperform
137,2012-05-20 21:07:15,1337562435.0,cat,82.3,3.11,1304.859985,27.7,-24.59,232.43,11.18,0.91,3.83,8.37,12.12,6.37,37.40,97.61,92150000000.0,92150000000.0,7.73,0.52,1.46,8.97,1.46,15730000000.0,8.97,5290000000.0,7.93,29.50,23.40,1650000000.0,2.54,35960000000.0,1.39,22.95,6580000000.0,1.93,0.28,64.50,11700000.0,1.80,2.00,12310000.0,underperform
138,2008-12-18 02:31:11,1229585471.0,cat,35.93,41.55,885.2800289999999,24.53,17.019999999999996,3.542,7.35,0.52,2.74,7.66,10.38,5.51,42.42,81.874,26930000000.0,59620000000.0,N/A,0.64,1.18,8.286,1.18,12330000000.0,8.286,3870000000.0,6.07,6.40,13.50,965000000.0,1.6,34159999999.999996,1.116,15.989,5780000000.0,1.34,0.24,69.40,25730000.0,1.9,4.30,23390000.0,outperform
139,2007-03-12 18:34:27,1173738867.0,cat,52.91,14.61,1406.599976,-6.11,20.72,3.98,12.45,1.00,6.06,8.52,12.02,6.47,46.26,63.029,41580000000.0,69370000000.0,N/A,0.83,1.67,10.394,1.67,9780000000.0,10.394,3540000000.0,5.17,4.30,13.90,319000000.0,0.494,27300000000.0,1.196,10.621,5820000000.0,1.94,0.30,69.30,7800000.0,1.9,1.20,7800000.0,outperform
140,2007-06-29 15:22:17,1183144937.0,cat,64.45,-0.31,1503.349976,-12.07,11.76,3.651,15.17,1.20,6.76,8.34,11.64,6.22,42.70,64.666,50550000000.0,77670000000.0,N/A,1.11,1.84,11.768,1.84,11970000000.0,11.768,3510000000.0,5.20,2.90,6.60,337000000.0,0.526,27360000000.0,1.201,11.699,6640000000.0,2.03,0.16,64.40,9360000.0,1.8,1.50,11730000.0,outperform
141,2012-11-16 12:42:01,1353087721.0,cat,77.75,5.49,1359.880005,31.04,-25.549999999999997,222.26,8.33,0.79,2.97,9.74,13.93,6.94,40.34,103.02,89640000000.0,89640000000.0,9.27,0.65,1.34,7.41,1.34,15730000000.0,7.41,6530000000.0,9.76,48.90,4.60,3390000000.0,5.19,39860000000.0,1.41,27.35,4760000000.0,1.83,0.22,65.00,18100000.0,2.50,3.10,18850000.0,underperform
142,2007-01-13 03:58:55,1168678735.0,cat,49.18,13.81,1414.849976,0.39,13.42,3.036,11.80,0.97,4.32,8.71,12.12,6.43,40.20,60.432,38860000000.0,66080000000.0,N/A,0.74,1.65,10.103,1.65,9780000000.0,10.103,3500000000.0,5.06,15.30,17.20,361000000.0,0.555,27410000000.0,1.29,13.878,4550000000.0,1.86,0.30,68.60,7800000.0,1.4,1.20,7040000.0,outperform
143,2012-03-10 09:16:00,1331388960.0,cat,101.07,-15.34,1352.630005,14.17,-29.509999999999998,258.16,14.89,1.19,5.54,8.19,11.91,6.16,40.29,93.24,104140000000.0,104140000000.0,9.74,0.44,1.73,10.75,1.73,15730000000.0,10.75,4930000000.0,7.40,59.80,34.60,1830000000.0,2.83,34600000000.0,1.34,19.90,7010000000.0,1.99,0.28,64.50,13430000.0,1.80,2.40,14840000.0,underperform
144,2007-05-27 15:37:35,1180294655.0,cat,,,1507.51001,-8.73,,3.651,14.55,1.15,6.45,8.34,11.64,6.22,42.70,64.666,48480000000.0,75500000000.0,N/A,0.95,1.79,11.44,1.79,11970000000.0,11.44,3510000000.0,5.20,2.90,6.60,337000000.0,0.526,27360000000.0,1.201,11.699,6640000000.0,1.73,0.16,64.30,10500000.0,2.2,1.60,10460000.0,underperform
145,2012-01-02 19:36:40,1325551000.0,cat,,,1257.599976,9.41,,233.25,13.85,1.05,4.14,7.81,11.67,5.83,35.21,86.69,91230000000.0,91230000000.0,10.03,0.58,1.64,10.20,1.64,11310000000.0,10.20,4350000000.0,6.54,44.10,41.20,1650000000.0,2.55,34299999999.999996,1.46,21.90,7580000000.0,2.11,0.27,66.90,16600000.000000002,2.10,2.90,15490000.0,underperform
146,2007-02-08 05:05:06,1170929106.0,cat,53.78,5.62,1448.310059,-8.08,13.7,3.98,12.69,1.00,6.07,8.52,12.02,6.47,46.26,63.029,42390000000.0,68580000000.0,N/A,0.81,1.65,10.276,1.65,9780000000.0,10.276,3540000000.0,5.17,4.30,13.90,319000000.0,0.494,27300000000.0,1.196,10.621,5820000000.0,1.94,0.30,69.30,7800000.0,1.9,1.20,7800000.0,outperform
147,2005-05-18 10:55:54,1116428154.0,cat,37.18,62.24,1185.560059,6.43,55.81,3.154,14.88,0.98,4.06,6.63,9.10,5.21,31.21,90.4,31420000000.0,55340000000.0,10.24,1.05,1.72,12.75,1.72,7830000000.0,12.75,2200000000.0,6.18,85.20,32.90,517000000.0,1.51,24430000000.0,1.368,22.673,3990000000.0,1.046,0.29,74.53,4920000.0,1.837,1.45,6750000.0,outperform
148,2005-03-21 07:27:48,1111408068.0,cat,38.15,56.96,1183.780029,9.58,47.38,3.151,16.82,1.09,4.45,6.53,9.03,4.94,29.67,85.254,32930000000.0,56010000000.0,11.41,1.20,1.85,13.56,1.85,7830000000.0,13.56,2040000000.0,5.73,85.20,32.90,445000000.0,1.3,23530000000.0,1.287,21.773001,3990000000.0,1.035,0.30,75.85,6700000.0,2.107,1.97,5120000.0,outperform
149,2004-10-23 05:48:06,1098524886.0,cat,31.89,35.97,1103.660034,6.72,29.25,3.172,14.48,0.94,3.75,6.58,9.28,4.83,29.12,79.351,26510000000.0,48260000000.0,11.24,1.41,1.71,12.05,1.71,5820000000.0,12.05,1900000000.0,5.343,37.70,13.00,417000000.0,1.22,22270000000.0,1.42,20.541,1540000000.0,0.95,0.01,74.61,7730000.0,4.003,2.26,6360000.0,outperform
150,2012-07-19 10:15:20,1342707320.0,cat,77.95,6.3,1376.51001,22.93,-16.63,232.43,10.40,0.85,3.60,8.37,12.12,6.37,37.40,97.61,88140000000.0,88140000000.0,7.55,0.49,1.40,8.58,1.40,15730000000.0,8.58,5290000000.0,7.93,29.50,23.40,1650000000.0,2.54,35960000000.0,1.39,22.95,6580000000.0,1.98,0.29,65.30,18150000.0,2.40,3.10,16320000.0,underperform
151,2008-12-17 02:12:01,1229497921.0,aapl,12.06,115.17,904.419983,21.19,93.98,N/A,17.81,2.59,4.00,14.88,19.32,12.08,27.19,36.841,84830000000.0,59740000000.0,N/A,0.92,1.84,8.852,1.84,11150000000.0,8.852,4830000000.0,5.36,25.70,27.00,24490000000.0,27.55,N/A,2.462,23.674,9600000000.0,1.9,0.70,68.10,21920000.0,0.4,2.50,26760000.0,outperform
152,2013-04-23 03:01:29,1366700489.0,aapl,55.75,32.48,1578.780029,18.79,13.689999999999998,N/A,9.04,2.23,2.88,25.35,33.46,20.58,38.41,175.80,326910000000.0,326910000000.0,8.13,0.43,1.99,5.52,1.99,68660000000.0,5.52,41750000000.0,44.11,0.10,17.70,39820000000.0,42.40,0.00,1.54,135.62,56730000000.0,0.66,0.03,64.10,20010000.0,1.20,2.10,20500000.0,outperform
153,2008-10-27 05:55:02,1225101302.0,aapl,12.46,114.29,848.919983,25.27,89.02000000000001,N/A,17.99,2.69,4.15,14.88,19.32,12.08,27.19,36.841,85620000000.0,61130000000.0,N/A,0.86,1.88,9.059,1.88,8150000000.0,9.059,4830000000.0,5.36,25.70,27.00,24490000000.0,27.569,N/A,2.462,23.674,9600000000.0,2.91,0.70,66.80,22360000.0,0.6,2.50,25690000.0,outperform
154,2011-10-14 06:15:31,1318587331.0,aapl,57.09,52.51,1224.579956,16.98,35.53,N/A,16.16,3.72,5.38,23.53,30.43,22.25,41.99,108.95,350260000000.0,350260000000.0,12.41,0.63,3.49,10.92,3.49,25680000000.0,10.92,23610000000.0,25.28,124.70,82.00,28400000000.0,30.63,0.00,1.75,74.81,350260000000.0,0.87,0.65,70.80,11690000.0,0.60,N/A,14330000.0,outperform
155,2011-09-02 04:10:00,1314951000.0,aapl,50.6,80.81,1173.969971,20.15,60.660000000000004,N/A,15.07,3.56,5.14,23.53,30.43,22.25,41.99,108.95,328380000000.0,328380000000.0,11.86,0.63,3.27,10.24,3.27,25680000000.0,10.24,23610000000.0,25.28,124.70,82.00,28400000000.0,30.63,0.00,1.75,74.81,328380000000.0,1.08,0.65,70.80,12540000.0,0.50,1.40,11770000.0,outperform
156,2011-09-24 00:15:37,1316837737.0,aapl,55.75,70.26,1166.76001,25.16,45.10000000000001,N/A,15.99,3.71,5.37,23.53,30.43,22.25,41.99,108.95,344130000000.0,344130000000.0,12.44,0.65,3.43,10.73,3.43,25680000000.0,10.73,23610000000.0,25.28,124.70,82.00,28400000000.0,30.63,0.00,1.75,74.81,344130000000.0,1.07,0.65,70.80,15160000.0,0.60,N/A,12540000.0,outperform
157,2012-10-21 05:19:34,1350811174.0,aapl,85.95,-15.63,1457.339966,19.72,-35.35,N/A,14.33,3.99,5.31,26.97,35.62,24.57,44.32,159.61,544010000000.0,544010000000.0,11.45,0.62,3.66,9.75,3.66,43820000000.0,9.75,40130000000.0,42.55,20.70,22.60,27650000000.0,29.50,0.00,1.57,119.22,52150000000.0,0.86,0.05,68.00,15120000.0,0.90,1.60,14520000.0,underperform
158,2004-08-10 02:02:44,1092117764.0,aapl,2.13,175.59,1079.040039,13.91,161.68,2.917,54.40,1.51,2.38,2.76,3.00,3.09,4.78,20.197,11750000000.0,6590000000.0,34.43,2.65,0.86,17.9,0.86,1710000000.0,17.9,211000000.0,0.557,6.20,8.10,4970000000.0,12.8,2.917,2.917,12.493,361000000.0,1.744,1.19,64.33,13030000.0,1.386,3.40,12480000.0,outperform
159,2004-10-12 05:40:57,1097574057.0,aapl,2.59,157.14,1121.839966,4.98,152.16,2.917,69.28,1.98,3.13,2.76,3.00,3.09,4.78,20.197,14970000000.0,10190000000.0,41.05,3.38,1.33,27.68,1.33,1710000000.0,27.68,211000000.0,0.557,6.20,8.10,4970000000.0,12.8,2.917,2.917,12.493,564000000.0,1.802,1.19,67.52,14960000.0,2.196,3.90,12800000.0,outperform
160,2004-12-04 14:16:51,1102187811.0,aapl,4.59,111.11,1191.369995,6.15,104.96,2.632,88.41,3.08,5.03,3.33,3.94,3.86,6.02,21.419,24540000000.0,20060000000.0,37.09,2.21,2.42,61.54,2.42,1710000000.0,61.54,276000000.0,0.709,6.20,8.10,5460000000.0,13.96,2.632,2.632,12.968,564000000.0,1.775,1.26,72.07,19400000.0,1.508,5.02,12350000.0,outperform
161,2012-10-11 20:20:07,1350001207.0,aapl,85.33,-19.66,1432.839966,18.87,-38.53,N/A,14.76,4.04,5.38,26.97,35.62,24.57,44.32,159.61,568400000000.0,568400000000.0,11.75,0.62,3.82,10.18,3.82,43820000000.0,10.18,40130000000.0,42.55,20.70,22.60,27650000000.0,29.50,0.00,1.57,119.22,52150000000.0,0.86,0.05,68.00,15120000.0,0.90,1.60,14520000.0,underperform
162,2013-01-20 19:31:49,1358728309.0,aapl,68.62,,1480.939941,24.16,,N/A,11.33,3.02,3.99,26.67,35.30,23.61,42.84,167.42,441220000000.0,441220000000.0,8.79,0.50,2.82,7.54,2.82,68660000000.0,7.54,41730000000.0,44.15,24.20,27.20,29130000000.0,30.97,0.00,1.50,125.86,50860000000.0,0.93,0.05,68.00,17860000.0,0.80,1.90,19130000.0,underperform
163,2005-12-17 11:55:53,1134838553.0,aapl,9.74,23.0,1272.73999,12.0,11.0,2.956,45.64,4.37,8.07,9.58,11.84,10.52,21.29,17.232,59930000000.0,51670000000.0,N/A,1.77,3.71,28.249,3.71,4040000000.0,28.249,1340000000.0,1.56,305.70,56.50,8260000000.0,9.802,2.956,2.956,8.941,2540000000.0,N/A,1.24,73.20,29370000.0,0.9,3.50,26240000.0,outperform
164,2011-10-08 05:59:01,1318067941.0,aapl,51.17,77.04,1144.030029,27.74,49.30000000000001,N/A,14.63,3.49,5.04,23.53,30.43,22.25,41.99,108.95,314440000000.0,314440000000.0,11.28,0.59,3.13,9.80,3.13,25680000000.0,9.80,23610000000.0,25.28,124.70,82.00,28400000000.0,30.63,0.00,1.75,74.81,314440000000.0,0.87,0.65,70.80,14330000.0,0.80,N/A,15160000.0,outperform
165,2008-12-03 23:41:54,1228365714.0,aapl,12.97,104.93,870.73999,26.32,78.61000000000001,N/A,17.90,2.53,3.91,14.88,19.32,12.08,27.19,36.841,85190000000.0,57650000000.0,N/A,0.86,1.78,8.544,1.78,11150000000.0,8.544,4830000000.0,5.36,25.70,27.00,24490000000.0,27.569,N/A,2.462,23.674,9600000000.0,1.9,0.70,67.70,26760000.0,0.6,3.00,28080000.0,outperform
166,2009-11-12 14:53:38,1258055618.0,aapl,27.32,52.53,1087.23999,10.3,42.230000000000004,N/A,32.45,5.01,6.57,15.61,20.96,10.25,23.35,40.914,159600000000.0,159600000000.0,N/A,1.47,4.37,19.146,4.37,13140000000.0,19.146,5700000000.0,6.289,46.60,25.00,23460000000.0,26.051,N/A,1.881,30.931,10160000000.0,1.5,0.67,71.80,15840000.0,1.80,1.80,15990000.0,outperform
167,2013-05-16 23:28:32,1368761312.0,aapl,60.05,40.83,1650.469971,13.78,27.049999999999997,N/A,10.37,2.38,2.98,23.46,30.92,18.91,33.34,180.22,386040000000.0,386040000000.0,9.85,0.55,2.28,6.73,2.28,68660000000.0,6.73,39670000000.0,41.90,17.90,11.30,39140000000.0,41.70,0.00,1.78,144.12,55260000000.0,0.65,0.03,64.10,41590000.0,2.30,4.40,20070000.0,outperform
168,2004-02-03 07:33:34,1075811614.0,aapl,1.51,256.95,1136.030029,5.03,251.92,0.07,60.16,1.23,1.92,2.03,1.63,2.08,3.26,18.379,8230000000.0,3830000000.0,38.24,4.02,0.57,34.82,0.57,1710000000.0,34.82,137000000.0,0.371,6.20,8.10,4790000000.0,12.99,302000000.0,2.531,11.74,N/A,1.749,0.83,62.30,14090000.0,1.968,3.85,11660000.0,outperform
169,2012-05-15 15:13:11,1337109191.0,aapl,74.83,-20.81,1330.660034,24.66,-45.47,N/A,13.67,3.67,5.09,27.13,35.69,25.84,47.10,153.11,504930000000.0,504930000000.0,10.41,0.62,3.55,9.48,3.55,43820000000.0,9.48,38620000000.0,41.04,94.10,58.90,28540000000.0,30.52,0.00,1.58,109.63,53070000000.0,0.94,0.64,70.20,11380000.0,0.40,1.20,8090000.0,underperform
170,2012-01-08 08:59:52,1326031192.0,aapl,56.55,26.45,1281.060059,14.12,12.33,N/A,15.26,3.59,5.07,23.95,31.22,22.05,41.67,117.12,366630000000.0,366630000000.0,10.85,0.65,3.39,10.31,3.39,43820000000.0,10.31,25920000000.0,27.68,53.70,39.00,25950000000.0,27.92,0.00,1.61,82.45,37530000000.0,0.82,0.64,70.20,10590000.0,0.80,1.20,11620000.0,outperform
171,2011-05-22 15:41:19,1306093279.0,aapl,46.07,64.81,1343.599976,-2.05,66.86,N/A,15.97,3.60,5.12,22.36,29.02,20.88,38.78,95.33,280760000000.0,280760000000.0,11.77,0.66,3.21,10.50,3.21,25680000000.0,10.50,19550000000.0,20.99,94.80,82.70,29230000000.0,31.61,0.00,1.93,66.49,280760000000.0,1.14,0.65,70.80,13350000.0,0.80,1.50,11550000.0,outperform
172,2003-12-07 10:36:10,1070811370.0,aapl,1.43,211.19,1069.719971,11.27,199.92,0.072,112.70,1.25,1.84,1.10,0.02,1.06,1.64,17.077,7650000000.0,3380000000.0,40.67,4.41,0.55,N/A,0.55,1600000000.0,N/A,68000000.0,0.185,N/A,7.10,4570000000.0,12.45,304000000.0,2.498,11.52,N/A,1.742,0.80,64.42,11990000.0,2.356,3.30,13610000.0,outperform
173,2008-10-29 21:14:51,1225329291.0,aapl,14.14,87.84,930.090027,14.62,73.22,N/A,19.51,2.73,4.22,14.88,19.32,12.08,27.19,36.841,92870000000.0,64260000000.00001,N/A,0.90,1.98,9.523,1.98,8150000000.0,9.523,4830000000.0,5.36,25.70,27.00,24490000000.0,27.569,N/A,2.462,23.674,9600000000.0,2.91,0.70,66.80,22360000.0,0.6,2.50,25690000.0,outperform
174,2004-06-03 01:20:38,1086240038.0,aapl,1.92,169.27,1116.640015,7.11,162.16,2.921,63.70,1.49,2.33,2.36,2.31,2.54,3.95,19.326,10990000000.0,6070000000.0,37.08,2.89,0.85,21.08,0.85,1710000000.0,21.08,169000000.0,0.454,6.20,8.10,4590000000.0,12.09,2.921,2.921,12.042,361000000.0,1.701,1.06,66.12,11710000.0,1.978,3.12,17190000.0,outperform
175,2008-10-31 22:34:03,1225506843.0,aapl,14.55,78.9,968.75,7.63,71.27000000000001,N/A,20.08,3.04,4.69,14.88,19.32,12.08,27.19,36.841,95570000000.0,74150000000.0,N/A,1.00,2.28,10.988,2.28,8150000000.0,10.988,4830000000.0,5.36,25.70,27.00,24490000000.0,27.569,N/A,2.462,23.674,9600000000.0,2.91,0.70,66.80,24200000.0,0.4,2.80,22360000.0,outperform
176,2008-12-07 14:27:24,1228678044.0,aapl,12.37,106.63,845.2199710000001,30.53,76.1,N/A,17.54,2.50,3.86,14.88,19.32,12.08,27.19,36.841,83500000000.0,59010000000.0,N/A,0.87,1.82,8.745,1.82,11150000000.0,8.745,4830000000.0,5.36,25.70,27.00,24490000000.0,27.569,N/A,2.462,23.674,9600000000.0,1.9,0.70,67.70,26760000.0,0.6,3.00,28080000.0,outperform
177,2013-08-11 02:30:32,1376202632.0,aapl,64.13,49.04,1697.47998,14.11,34.93,13.75,11.33,2.47,3.40,22.28,29.46,17.20,32.11,181.40,394500000000.0,394500000000.0,10.73,0.64,2.33,7.06,2.33,68660000000.0,7.06,37750000000.0,40.11,21.80,0.90,42680000000.0,46.97,16960000000.0,1.88,135.79,52890000000.0,0.87,0.04,62.00,26040000.0,2.10,2.80,27730000.0,outperform
178,2005-02-04 03:07:08,1107504428.0,aapl,5.33,91.37,1203.030029,6.6,84.77000000000001,2.581,62.55,3.30,5.56,5.20,6.71,6.62,10.37,24.517,31480000000.0,26090000000.0,32.83,1.92,2.67,32.09,2.67,2260000000.0,32.09,508000000.0,1.24,300.00,33.40,6450000000.0,15.78,2.581,2.581,14.312,934000000.0,1.81,1.54,68.75,15590000.0,0.761,3.88,14380000.0,outperform
179,2011-09-24 05:43:35,1316857415.0,aapl,55.75,70.26,1166.76001,25.16,45.10000000000001,N/A,15.99,3.71,5.37,23.53,30.43,22.25,41.99,108.95,346430000000.0,346430000000.0,12.44,0.65,3.45,10.80,3.45,25680000000.0,10.80,23610000000.0,25.28,124.70,82.00,28400000000.0,30.63,0.00,1.75,74.81,346430000000.0,1.07,0.65,70.80,15160000.0,0.60,N/A,12540000.0,outperform
180,2012-09-23 15:53:29,1348430009.0,aapl,94.92,-28.1,1460.26001,16.54,-44.64,N/A,16.45,4.40,5.86,26.97,35.62,24.57,44.32,159.61,628610000000.0,628610000000.0,13.22,0.69,4.22,11.26,4.22,43820000000.0,11.26,40130000000.0,42.55,20.70,22.60,27650000000.0,29.50,0.00,1.57,119.22,52150000000.0,0.88,0.05,68.70,13590000.0,1.00,1.50,13280000.0,underperform
181,2005-01-26 15:16:47,1106770607.0,aapl,4.89,100.0,1174.069946,8.5,91.5,2.581,57.83,2.99,5.03,5.20,6.71,6.62,10.37,24.517,29100000000.0,22700000000.0,30.35,1.71,2.33,34.66,2.33,2260000000.0,34.66,508000000.0,1.244,300.00,33.40,6450000000.0,15.94,2.581,2.581,14.312,934000000.0,1.81,1.47,71.08,14380000.0,0.892,3.61,19400000.0,outperform
182,2011-11-03 17:19:46,1320355186.0,aapl,54.53,43.7,1261.150024,12.14,31.560000000000002,N/A,14.42,3.41,4.82,23.95,31.22,22.05,41.67,117.12,343350000000.0,343350000000.0,10.35,0.57,3.17,9.64,3.17,43820000000.0,9.64,25920000000.0,27.68,53.70,39.00,25950000000.0,27.93,0.00,1.61,82.45,343350000000.0,0.89,0.65,70.80,12010000.0,0.50,N/A,11690000.0,outperform
183,2008-01-23 06:28:45,1201087725.0,aapl,18.81,-36.47,1338.599976,-38.18,1.7100000000000009,N/A,39.59,5.89,9.69,14.56,18.37,12.95,28.52,27.766,136270000000.00002,N/A,N/A,1.43,N/A,N/A,N/A,8150000000.0,N/A,3500000000.0,3.93,66.80,28.50,15390000000.0,17.573,N/A,2.361,16.659,5470000000.0,2.04,0.69,67.10,21290000.0,0.6,2.40,20140000.0,outperform
184,2008-12-16 01:57:34,1229410654.0,aapl,12.91,104.34,913.179993,21.46,82.88,N/A,17.68,2.69,4.15,14.88,19.32,12.08,27.19,36.841,84170000000.0,62810000000.0,N/A,0.95,1.93,9.307,1.93,11150000000.0,9.307,4830000000.0,5.36,25.70,27.00,24490000000.0,27.569,N/A,2.462,23.674,9600000000.0,1.9,0.70,68.10,21920000.0,0.4,2.50,26760000.0,outperform
185,2007-02-19 17:27:55,1171924075.0,aapl,,,1455.540039,-7.33,,N/A,30.74,3.55,6.53,11.74,14.63,11.85,24.77,24.308,73110000000.0,61240000000.0,N/A,1.31,2.96,17.819,2.96,5600000000.0,17.819,2430000000.0,2.76,77.70,23.80,11870000000.0,13.771,N/A,2.271,13.052,3750000000.0,2.4,0.12,68.80,25680000.0,0.7,3.00,24460000.0,underperform
186,2007-02-17 21:52:03,1171767123.0,aapl,11.54,49.39,1455.300049,-7.31,56.7,N/A,30.74,3.55,6.53,11.74,14.63,11.85,24.77,24.308,73110000000.0,61240000000.0,N/A,1.32,2.96,17.819,2.96,5600000000.0,17.819,2430000000.0,2.76,77.70,23.80,11870000000.0,13.771,N/A,2.271,13.052,3750000000.0,2.4,0.12,68.80,25680000.0,0.7,3.00,24460000.0,outperform
187,2009-01-12 07:25:12,1231763112.0,aapl,11.99,134.36,870.26001,30.56,103.80000000000001,N/A,16.91,2.54,3.92,14.88,19.32,12.08,27.19,36.841,80520000000.0,56030000000.0,N/A,0.92,1.73,8.303,1.73,11150000000.0,8.303,4830000000.0,5.36,25.70,27.00,24490000000.0,27.55,N/A,2.462,23.674,9600000000.0,1.87,0.70,68.00,21330000.0,0.6,2.40,21920000.0,outperform
188,2006-01-25 09:43:52,1138200232.0,aapl,10.04,16.24,1264.680054,12.59,3.6499999999999986,2.404,41.01,3.96,7.67,9.91,12.34,10.60,22.65,19.771,64080000000.0,56750000000.0,N/A,1.70,3.51,26.035,3.51,4040000000.0,26.035,1610000000.0,1.85,91.50,64.70,8710000000.0,10.331,2.404,2.404,9.91,N/A,N/A,1.24,73.20,24860000.0,1.1,3.00,29370000.0,outperform
189,2009-01-01 01:31:55,1230791515.0,aapl,,,869.419983,29.53,,N/A,15.93,2.36,3.64,14.88,19.32,12.08,27.19,36.841,75870000000.0,52220000000.0,N/A,0.84,1.61,7.738,1.61,11150000000.0,7.738,4830000000.0,5.36,25.70,27.00,24490000000.0,27.55,N/A,2.462,23.674,9600000000.0,1.9,0.70,68.00,21920000.0,0.4,2.50,26760000.0,underperform
190,2009-10-22 17:48:46,1256248126.0,aapl,27.76,49.82,1092.910034,8.25,41.57,N/A,35.70,5.31,7.09,14.97,19.98,10.81,22.74,38.821,159350000000.0,159350000000.0,N/A,1.51,4.61,21.19,4.61,11150000000.0,21.19,5180000000.0,5.72,14.60,11.70,24220000000.0,27.039,N/A,2.111,28.900999,11340000000.0,1.49,0.67,72.10,15990000.0,0.9,1.80,15990000.0,outperform
191,2005-03-01 10:36:03,1109691363.0,aapl,6.02,55.32,1210.410034,6.68,48.64,2.581,72.01,1.86,3.11,5.20,6.71,6.63,10.37,12.259,18330000000.0,30210000000.0,18.24,2.06,3.09,37.16,3.09,2260000000.0,37.16,508000000.0,0.62,300.00,33.40,6450000000.0,7.89,2.581,2.581,14.312,1490000000.0,1.8,1.54,74.88,30650000.0,0.87,3.81,31180000.0,outperform
192,2013-02-16 01:09:21,1360994961.0,znga,3.17,50.16,1520.329956,20.36,29.799999999999997,5.48,N/A,1.96,1.37,16.35,6.83,2.15,11.72,1.73,1320000000.0,1320000000.0,320.00,3.88,1.03,24.49,1.03,810060000.0,24.49,209450000.0,0.28,N/A,N/A,1280000000.0,1.67,100000000.0,2.92,2.37,195770000.0,3.94,8.56,38.60,13150000.0,0.60,8.30,14750000.0,outperform
193,2011-12-21 06:08:03,1324465683.0,znga,9.47,-74.87,1243.719971,16.08,-90.95,N/A,142.15,2.48,N/A,7.19,11.04,N/A,N/A,3.92,1610000000.0,1610000000.0,54.35,N/A,1.58,8.48,1.58,N/A,8.48,15520000.0,0.07,53.90,79.80,925630000.0,3.30,0.00,1.83,0.45,283040000.0,N/A,N/A,N/A,N/A,N/A,N/A,N/A,underperform
194,2012-03-11 15:30:22,1331494222.0,znga,13.67,-71.25,1365.910034,13.93,-85.18,N/A,N/A,8.71,5.64,35.46,35.77,14.04,36.23,3.95,8289999999.999999,8289999999.999999,38.58,2.16,7.27,26.53,7.27,810060000.0,26.53,404320000.0,1.40,N/A,59.00,1810000000.0,2.49,0.00,3.03,2.42,389170000.0,N/A,N/A,N/A,25920000.0,1.50,N/A,27610000.0,underperform
195,2012-11-10 00:28:49,1352525329.0,znga,2.23,55.16,1394.530029,25.29,29.869999999999997,5.39,N/A,1.32,0.91,46.51,47.90,18.64,46.72,2.01,470350000.0,470350000.0,106.00,3.05,0.37,0.99,0.37,810060000.0,0.99,565200000.0,0.89,N/A,3.20,1320000000.0,1.69,100000000.0,2.68,2.38,339950000.0,N/A,8.56,38.60,19330000.0,1.00,12.20,18320000.0,outperform
196,2011-12-30 04:26:37,1325237197.0,znga,9.41,-74.6,1257.599976,12.9,-87.5,N/A,126.62,6.48,8.17,7.19,11.04,N/A,N/A,2.08,5720000000.0,5720000000.0,46.85,N/A,5.58,30.04,5.58,N/A,30.04,46210000.0,0.07,53.90,79.80,925630000.0,1.32,0.00,1.59,1.16,283040000.0,N/A,N/A,N/A,N/A,N/A,N/A,N/A,underperform
197,2012-07-13 03:20:27,1342164027.0,znga,4.9,-30.82,1356.780029,21.8,-52.620000000000005,N/A,N/A,2.99,2.04,41.57,43.47,16.42,40.29,3.04,2580000000.0,2580000000.0,13.94,0.90,2.12,6.11,2.12,810060000.0,6.11,491010000.0,1.23,N/A,32.10,1060000000.0,1.44,0.00,2.19,2.42,364330000.0,N/A,8.41,59.00,38710000.0,1.40,24.50,55370000.0,underperform
198,2012-11-01 16:37:56,1351802276.0,znga,2.23,60.54,1427.589966,23.4,37.14,5.39,N/A,1.37,0.94,46.51,47.90,18.64,46.72,2.01,533059999.99999994,533059999.99999994,110.50,3.00,0.42,1.12,0.42,810060000.0,1.12,565200000.0,0.89,N/A,3.20,1320000000.0,1.69,100000000.0,2.68,2.38,339950000.0,N/A,8.56,38.60,19330000.0,1.00,12.20,18320000.0,outperform
199,2011-12-28 22:07:22,1325128042.0,znga,9.5,-74.53,1249.640015,13.48,-88.01,N/A,128.38,6.65,8.38,7.19,11.04,N/A,N/A,2.08,5890000000.0,5890000000.0,47.50,N/A,5.75,30.96,5.75,N/A,30.96,46210000.0,0.07,53.90,79.80,925630000.0,1.32,0.00,1.59,1.16,283040000.0,N/A,N/A,N/A,N/A,N/A,N/A,N/A,underperform
200,2013-04-22 02:07:08,1366610828.0,znga,3.23,41.18,1562.5,20.29,20.89,5.48,N/A,1.95,1.36,16.35,6.59,2.07,11.72,1.73,1320000000.0,1320000000.0,319.00,3.03,1.03,23.16,1.03,929100000.0,23.16,209450000.0,0.28,N/A,N/A,1280000000.0,1.64,100000000.0,2.92,2.34,195770000.0,3.79,5.81,30.20,27660000.0,0.90,17.50,28210000.0,outperform
201,2012-01-11 04:01:38,1326272498.0,znga,8.33,-70.23,1292.47998,13.9,-84.13000000000001,N/A,115.27,5.46,6.88,7.19,11.04,N/A,N/A,2.08,4670000000.0,4670000000.0,42.65,3.92,4.56,24.53,4.56,N/A,24.53,46210000.0,0.07,53.90,79.80,925630000.0,1.32,0.00,1.59,1.16,283040000.0,N/A,N/A,N/A,0.00,N/A,N/A,N/A,underperform
202,2012-03-19 05:12:28,1332148348.0,znga,13.24,-73.79,1409.75,9.83,-83.62,N/A,N/A,8.32,5.39,35.46,35.77,14.04,36.23,3.95,7660000000.0,7660000000.0,37.23,2.18,6.72,24.53,6.72,810060000.0,24.53,404320000.0,1.40,N/A,59.00,1810000000.0,2.49,0.00,3.03,2.42,389170000.0,N/A,N/A,N/A,25920000.0,1.50,N/A,27610000.0,underperform
203,2013-05-10 05:43:27,1368179007.0,znga,3.23,10.22,1633.699951,14.97,-4.75,5.37,N/A,2.11,1.39,9.80,0.03,0.01,6.59,1.61,1380000000.0,1380000000.0,N/A,3.81,1.13,9.60,1.13,929100000.0,9.60,119960000.0,0.16,N/A,17.90,1270000000.0,1.60,100000000.0,3.31,2.35,143400000.0,3.79,5.81,30.20,26650000.0,1.10,N/A,27660000.0,underperform
204,2012-05-19 10:36:18,1337438178.0,pm,76.62,15.28,1324.800049,24.58,-9.299999999999999,290.46,16.73,4.52,295.38,27.82,43.55,24.02,256.04,18.22,161040000000.0,161040000000.0,14.36,1.49,5.07,10.87,5.07,20420000000.0,10.87,8780000000.0,5.04,12.60,9.70,3580000000.0,2.10,20840000000.0,1.00,0.07,10030000000.0,0.92,0.14,0.50,9090000.0,1.60,0.50,8630000.0,underperform
205,2013-05-16 21:47:31,1368755251.0,pm,88.33,-6.17,1650.469971,13.78,-19.95,N/A,18.35,5.00,N/A,27.81,44.13,23.55,N/A,18.83,174240000000.0,174240000000.0,15.20,1.50,5.53,11.77,5.53,21000000000.0,11.77,8720000000.0,5.20,1.70,1.80,3980000000.0,2.43,25600000000.0,1.15,2.63,8890000000.0,0.86,0.17,3.50,12050000.0,2.70,0.70,12440000.0,underperform
206,2009-03-20 16:21:28,1237580488.0,pm,29.76,42.17,768.539978,51.74,-9.57,N/A,11.59,2.90,9.96,26.80,40.68,20.19,59.67,12.43,85000000000.0,85000000000.0,N/A,1.33,3.31,7.523,3.31,16379999999.999998,7.523,6890000000.0,3.316,9.70,3.70,1530000000.0,0.764,11960000000.0,1.473,3.736,7940000000.0,24.29,N/A,N/A,28210000.0,2.4,1.40,28270000.0,underperform
207,2011-09-03 05:04:33,1315040673.0,pm,60.42,35.95,1218.890015,14.82,21.130000000000003,326.66,15.63,4.24,33.27,27.52,43.05,22.04,152.36,15.95,134610000000.00002,134610000000.00002,13.05,1.14,4.69,10.09,4.69,17500000000.0,10.09,7860000000.0,4.37,21.50,17.20,2180000000.0,1.24,16920000000.000002,0.97,2.08,134610000000.00002,0.84,0.09,71.00,29580000.0,3.20,N/A,27920000.0,outperform
208,2008-12-18 18:44:35,1229643875.0,pm,32.14,22.12,885.2800289999999,24.53,-2.41,0.958,12.80,3.34,7.32,27.51,41.40,20.15,48.51,12.242,86300000000.0,93370000000.0,N/A,1.10,3.66,8.193,3.66,N/A,8.193,7010000000.0,3.33,20.60,17.50,2800000000.0,1.386,11150000000.0,1.343,5.739,7460000000.0,N/A,N/A,N/A,32700000.000000004,2.1,1.60,30680000.0,underperform
209,2012-03-04 01:58:36,1330844316.0,pm,75.05,12.84,1374.089966,11.0,1.8399999999999999,051.90,17.43,4.66,633.31,27.63,43.22,23.82,257.96,17.66,161580000000.0,161580000000.0,14.33,1.28,5.20,11.19,5.20,20420000000.0,11.19,8539999999.999999,4.85,7.60,9.00,2550000000.0,1.48,18540000000.0,1.00,0.13,10530000000.0,0.82,0.14,0.50,10530000.0,1.70,0.60,14400000.0,outperform
210,2011-11-28 11:20:08,1322497208.0,pm,64.48,26.57,1192.550049,17.31,9.260000000000002,486.02,15.13,4.07,58.26,27.76,43.42,22.62,178.87,17.11,138230000000.0,138230000000.0,13.63,1.17,4.54,9.72,4.54,17500000000.0,9.72,8410000000.0,4.71,30.50,26.40,3390000000.0,1.95,17760000000.0,0.94,1.22,138230000000.0,0.92,0.09,71.00,20620000.0,2.50,1.20,16370000.000000002,outperform
211,2008-10-28 19:14:01,1225235641.0,pm,32.62,21.09,940.51001,10.86,10.23,0.958,12.23,3.14,6.89,27.51,40.92,19.91,48.51,12.242,83600000000.0,88460000000.0,N/A,1.02,3.47,7.858,3.47,N/A,7.858,7010000000.0,3.333,20.60,17.50,2800000000.0,1.367,11150000000.0,1.343,5.671,N/A,N/A,N/A,N/A,29530000.0,2.4,1.40,31650000.0,outperform
212,2009-07-05 21:05:58,1246842358.0,pm,34.23,,896.419983,14.07,,N/A,13.17,3.41,14.73,26.37,40.31,20.53,64.72,12.446,95930000000.0,95930000000.0,N/A,1.43,3.78,8.67,3.78,16379999999.999998,8.67,6690000000.0,3.26,11.80,5.50,2360000000.0,1.204,14060000000.0,1.677,2.994,7780000000.0,0.9,0.08,72.10,38050000.0,4.5,1.90,32380000.000000004,underperform
213,2008-12-07 05:52:38,1228647158.0,pm,31.3,28.47,845.2199710000001,30.53,-2.0600000000000023,0.958,12.71,3.25,7.12,27.51,41.40,20.15,48.51,12.242,85850000000.0,94200000000.0,N/A,1.11,3.70,8.265,3.70,N/A,8.265,7010000000.0,3.33,20.60,17.50,2800000000.0,1.383,11150000000.0,1.343,5.739,7460000000.0,N/A,N/A,N/A,30680000.0,3.5,1.50,31300000.0,underperform
214,2011-12-22 03:21:08,1324542068.0,tel,29.29,22.87,1254.0,14.05,8.82,35.66,10.88,0.92,1.76,8.70,13.63,7.02,17.24,32.68,14660000000.0,14660000000.0,8.12,0.79,1.02,5.81,1.02,4420000000.0,5.81,1250000000.0,2.81,N/A,N/A,1220000000.0,2.87,2670000000.0,1.95,17.64,1780000000.0,2.18,0.16,93.50,6370000.0,2.20,1.40,7760000.0,outperform
215,2013-05-09 22:32:40,1368153160.0,tel,43.02,33.15,1626.670044,15.48,17.669999999999998,39.18,16.56,1.41,2.42,8.66,12.83,5.72,15.76,31.32,20420000000.0,20420000000.0,12.61,1.07,1.54,8.72,1.54,4050000000.0,8.72,1220000000.0,2.69,7.80,0.50,1070000000.0000001,2.58,3030000000.0,1.50,18.54,2060000000.0,1.78,0.19,94.90,5660000.0,3.70,1.40,6030000.0,outperform
216,2013-04-23 04:29:25,1366705765.0,tel,39.15,52.01,1578.780029,18.79,33.22,37.35,15.07,1.25,2.03,8.52,12.68,5.89,15.33,31.15,18620000000.0,18620000000.0,11.20,0.96,1.41,8.09,1.41,4050000000.0,8.09,1200000000.0,2.63,6.50,1.10,972000000.0,2.31,3040000000.0,1.85,19.36,2130000000.0,1.79,0.19,94.90,6030000.0,4.10,1.40,6080000.0,outperform
217,2012-01-28 15:15:06,1327781706.0,tel,32.57,16.03,1326.060059,12.73,3.3000000000000007,35.66,12.19,1.03,1.96,8.70,13.63,7.02,17.24,32.68,16010000000.000002,16010000000.000002,9.72,0.99,1.12,6.34,1.12,4420000000.0,6.34,1250000000.0,2.81,N/A,N/A,1220000000.0,2.87,2670000000.0,1.95,17.64,1780000000.0,2.18,0.23,90.40,3220000.0,1.50,0.80,3010000.0,outperform
218,2011-12-29 20:10:30,1325207430.0,tel,29.23,19.53,1263.02002,11.04,8.490000000000002,35.66,11.02,0.90,1.73,8.70,13.63,7.02,17.24,32.68,14390000000.0,14390000000.0,8.22,0.83,1.01,5.70,1.01,4420000000.0,5.70,1250000000.0,2.81,N/A,N/A,1220000000.0,2.87,2670000000.0,1.95,17.64,1780000000.0,2.18,0.16,93.50,6370000.0,2.20,1.40,7760000.0,outperform
219,2012-01-28 06:07:04,1327748824.0,tel,32.57,16.03,1326.060059,12.73,3.3000000000000007,35.66,12.19,1.03,1.96,8.70,13.63,7.02,17.24,32.68,16010000000.000002,16010000000.000002,9.61,0.97,1.12,6.34,1.12,4420000000.0,6.34,1250000000.0,2.81,N/A,N/A,1220000000.0,2.87,2670000000.0,1.95,17.64,1780000000.0,2.18,0.23,90.40,3220000.0,1.50,0.80,3010000.0,outperform
220,2005-03-09 20:00:19,1110416419.0,pll,23.44,4.69,1207.01001,5.4,-0.71,0.531,21.98,1.83,2.97,8.41,11.07,7.27,14.53,14.718,3370000000.0,3760000000.0,16.77,1.59,2.03,16.57,2.03,871630000.0,16.57,155790000.0,1.24,46.90,9.70,227140000.0,1.83,606560000.0,2.784,9.179,183090000.0,1.154,2.26,84.23,2390000.0,5.992,1.97,2390000.0,underperform
221,2012-11-04 04:49:15,1352022555.0,pll,62.75,28.84,1427.589966,23.84,5.0,46.10,23.55,2.76,4.88,11.95,16.99,8.62,18.73,23.02,7510000000.0,7510000000.0,17.33,1.42,2.81,13.48,2.81,1380000000.0,13.48,280950000.0,2.72,N/A,N/A,500270000.0,4.37,696100000.0,2.17,13.22,474850000.0,1.39,0.19,97.10,6640000.0,9.70,N/A,7170000.0,outperform
222,2005-04-04 22:27:11,1112668031.0,pll,23.21,16.46,1176.119995,11.04,5.420000000000002,0.531,21.76,1.83,2.96,8.41,11.07,7.27,14.53,14.718,3350000000.0,3760000000.0,16.71,1.59,2.03,16.48,2.03,871630000.0,16.48,155790000.0,1.24,46.90,9.70,227140000.0,1.83,606560000.0,2.784,9.182,199570000.0,1.154,2.29,83.87,2470000.0,4.015,2.03,2390000.0,outperform
223,2005-08-16 23:35:02,1124249702.0,pll,25.21,-5.59,1219.339966,6.24,-11.83,0.509,23.82,1.95,3.17,8.13,12.86,6.97,13.98,15.095,3610000000.0,4080000000.0,N/A,1.97,2.17,12.283,2.17,871630000.0,12.283,152960000.0,1.22,6.10,6.40,182300000.0,1.466,589550000.0,2.688,9.319,148540000.0,1.179,2.48,85.70,3640000.0,6.7,2.90,2970000.0,underperform
224,2008-06-24 16:11:21,1214338281.0,pll,37.01,-36.04,1314.290039,-31.45,-4.59,0.669,31.67,2.01,4.39,6.58,15.10,8.51,13.38,20.264,5020000000.0,5400000000.0,N/A,1.63,2.16,10.104,2.16,1060000000.0,10.104,164140000.0,1.322,25.60,18.30,396840000.0,3.31,767010000.0,2.821,9.559,135830000.0,1.22,0.17,94.30,3730000.0,3.10,3.10,3030000.0,underperform
225,2005-01-19 10:07:37,1106147257.0,pll,23.21,7.8,1184.630005,8.48,-0.6800000000000006,0.532,23.21,1.86,3.11,8.20,10.72,7.08,14.28,14.333,3390000000.0,3750000000.0,16.85,1.52,2.07,17.39,2.07,871630000.0,17.39,148600000.0,1.176,46.90,9.70,208390000.0,1.68,574260000.0,2.586,8.711,191950000.0,1.174,2.26,87.06,2390000.0,4.029,1.97,2850000.0,underperform
226,2004-09-16 23:12:51,1095390771.0,pll,20.77,18.2,1123.5,10.18,8.02,0.52,20.28,1.71,2.88,8.56,11.17,7.32,14.99,13.963,3030000000.0,3410000000.0,14.97,1.49,1.92,15.61,1.92,803600000.0,15.61,151590000.0,1.196,40.90,25.00,207280000.0,1.66,548170000.0,2.731,8.421,219450000.0,1.003,2.16,86.62,3200000.0,8.881,2.61,3110000.0,outperform
227,2013-04-25 02:16:56,1366870616.0,pll,65.13,26.12,1585.160034,17.55,8.57,41.67,13.14,2.73,4.29,21.77,17.18,8.61,19.29,23.27,6910000000.0,6910000000.0,18.49,1.46,2.59,11.36,2.59,1380000000.0,11.36,316130000.0,5.01,9.40,3.50,870230000.0,7.82,709910000.0,2.54,15.31,360250000.0,1.47,0.25,97.40,3580000.0,7.80,3.20,3530000.0,outperform
228,2003-10-26 16:19:18,1067203158.0,pll,19.61,8.57,1033.77002,5.9,2.67,0.592,27.78,1.80,3.10,6.40,8.88,5.20,12.07,13.054,2890000000.0,3290000000.0,15.49,1.65,2.04,19.63,2.04,635930000.0,19.63,103200000.0,0.832,37.90,4.50,149750000.0,1.2,553660000.0,2.226,7.49,N/A,0.895,2.14,84.40,2740000.0,3.644,2.24,2890000.0,outperform
229,2004-11-26 13:51:32,1101495092.0,pll,23.84,3.69,1182.650024,7.01,-3.32,0.52,23.34,1.94,3.29,8.56,11.17,7.32,14.99,13.972,3440000000.0,3780000000.0,17.25,1.75,2.14,17.33,2.14,871630000.0,17.33,151570000.0,1.197,46.90,9.70,207280000.0,1.68,548170000.0,2.555,8.502,191950000.0,1.105,2.28,87.72,2850000.0,7.281,2.36,3000000.0,underperform
230,2012-11-06 15:56:47,1352235407.0,cmcsa,35.74,31.0,1428.390015,23.95,7.050000000000001,58.26,17.01,1.61,2.03,9.68,19.45,4.70,11.84,22.90,127750000000.0,127750000000.0,16.64,1.29,2.07,6.45,2.07,18360000000.0,6.45,5970000000.0,2.19,132.70,15.40,10300000000.0,3.88,38590000000.0,1.04,18.40,15380000000.0,1.33,0.11,84.40,26330000.0,2.10,1.30,31680000.0,outperform
231,2004-11-15 20:17:57,1100567877.0,cmcsa,17.6,-11.7,1183.810059,3.82,-15.52,0.612,72.57,3.34,1.61,4.82,14.77,0.88,2.24,8.76,66370000000.00001,88480000000.0,47.46,4.88,4.47,12.2,4.47,11310000000.0,12.2,930000000.0,0.412,N/A,47.30,2970000000.0,1.34,25230000000.0,0.491,18.559,4770000000.0,0.784,6.46,36.97,22780000.0,3.637,1.10,24440000.0,underperform
232,2013-01-18 21:46:35,1358563595.0,cmcsa,38.9,36.63,1485.97998,24.39,12.240000000000002,58.26,18.38,1.72,2.17,9.68,19.45,4.70,11.84,22.90,134449999999.99998,134449999999.99998,18.06,1.39,2.18,6.79,2.18,18360000000.0,6.79,5970000000.0,2.19,132.70,15.40,10300000000.0,3.88,38590000000.0,1.04,18.40,15380000000.0,1.37,0.11,84.40,27240000.0,2.40,1.30,28790000.0,outperform
233,2012-04-08 18:20:20,1333923620.0,cmcsa,28.15,43.52,1398.079956,11.8,31.720000000000002,61.74,19.71,1.42,1.68,7.45,19.54,4.94,9.53,20.34,117620000000.0,117620000000.0,13.62,1.12,2.11,6.34,2.11,18360000000.0,6.34,4160000000.0,1.50,26.40,54.70,1670000000.0,0.62,39310000000.0,0.65,17.47,14340000000.0,1.26,0.11,82.90,29700000.0,1.90,N/A,31150000.0,outperform
234,2013-05-15 12:06:08,1368633968.0,cmcsa,42.44,17.06,1658.780029,12.78,4.279999999999999,95.40,18.27,1.81,2.37,10.18,19.82,4.97,14.21,23.69,156650000000.0,156650000000.0,15.64,1.03,2.49,7.71,2.49,42640000000.0,7.71,6420000000.0,2.37,17.40,2.90,4680000000.0,1.78,47230000000.0,0.65,18.30,14830000000.0,1.27,0.09,85.00,23860000.0,1.90,1.10,32630000.000000004,outperform
235,2005-02-04 08:38:35,1107524315.0,cmcsa,18.87,-12.88,1203.030029,6.6,-19.48,0.57,74.16,3.58,1.72,4.85,14.27,0.92,2.34,9.019,71280000000.0,92870000000.0,50.17,5.22,4.57,12.35,4.57,11310000000.0,12.35,970000000.0,0.43,N/A,47.30,2009999999.9999998,0.9,23590000000.0,0.387,18.559,4770000000.0,0.745,5.89,38.03,31640000.0,3.803,1.52,28140000.0,underperform
236,2009-06-21 00:31:43,1245558703.0,cmcsa,12.45,34.94,918.3699949999999,21.21,13.729999999999997,N/A,15.65,1.15,0.97,7.46,20.14,3.87,6.32,11.933,70120000000.0,70120000000.0,N/A,1.23,2.02,5.232,2.02,20780000000.0,5.232,2590000000.0,0.89,5.50,5.30,1940000000.0,0.672,32060000000.000004,0.478,14.252,10480000000.0,0.85,0.08,81.10,51450000.0,2.7,2.50,49110000.0,outperform
237,2007-01-26 11:58:03,1169830683.0,cmcsa,25.43,-40.23,1422.180054,-5.88,-34.349999999999994,0.668,40.84,3.69,2.22,9.28,18.10,2.56,4.93,11.528,90510000000.0,114300000000.0,N/A,3.72,4.66,12.403,4.66,14290000000.0,12.403,2009999999.9999998,1.07,448.20,21.70,3430000000.0,1.648,27220000000.0,0.887,19.566999,6110000000.0,0.74,0.97,51.20,56710000.0,6.6,4.20,53480000.0,underperform
238,2012-07-16 21:38:22,1342489102.0,cmcsa,30.47,40.79,1353.640015,23.83,16.96,59.06,19.77,1.47,1.81,7.58,19.54,4.58,8.85,21.46,121280000000.0,121280000000.0,14.47,1.10,2.07,6.33,2.07,18360000000.0,6.33,4440000000.0,1.61,29.80,22.70,2440000000.0,0.90,37780000000.0,0.60,17.61,15270000000.0,1.34,0.11,83.90,30440000.0,2.00,1.40,31450000.0,outperform
239,2004-01-25 04:19:48,1075022388.0,cmcsa,21.08,-8.06,1143.939941,1.73,-9.790000000000001,0.737,N/A,4.23,1.96,3.83,8.16,0.66,2.31,8.497,79820000000.0,103970000000.0,123.79,N/A,5.44,16.81,5.44,6160000000.0,16.81,898000000.0,0.40,145.00,28.80,6230000000.0,2.77,30380000000.0,0.753,18.32,N/A,0.69,6.40,33.95,34850000.0,5.285,1.65,36490000.0,underperform
240,2008-02-20 01:37:24,1203489444.0,cmcsa,17.75,-34.65,1360.030029,-42.73,8.079999999999998,0.743,27.15,2.07,1.48,7.94,17.98,3.04,5.84,9.61,62910000000.0,90140000000.0,N/A,1.45,3.01,7.95,3.01,15960000000.0,7.95,2410000000.0,0.75,54.00,21.00,3010000000.0,0.981,31100000000.0,0.805,13.63,7510000000.0,0.63,23.23,62.00,44490000.0,1.5,2.10,51790000.0,outperform
241,2006-10-23 13:36:38,1161624998.0,cmcsa,22.59,-7.97,1377.02002,10.35,-18.32,0.604,64.05,3.39,1.99,5.47,17.40,2.45,3.15,10.879,79480000000.0,102280000000.0,N/A,2.35,4.37,11.477,4.37,14290000000.0,11.477,1280000000.0,0.59,7.00,11.30,1790000000.0,0.853,24120000000.0,0.614,19.069,5650000000.0,0.79,N/A,N/A,46350000.0,6.1,3.40,43160000.0,underperform
242,2003-10-27 05:20:06,1067250006.0,cmcsa,19.03,-10.77,1031.130005,7.75,-18.52,0.849,N/A,3.94,1.89,0.03,9.71,0.01,1.04,10.376,72350000000.0,101210000000.0,114.46,N/A,5.53,18.68,5.53,6160000000.0,18.68,295000000.0,0.096,145.00,28.80,3480000000.0,1.55,32340000000.000004,0.618,16.92,N/A,0.699,6.41,35.06,37760000.0,5.314,1.79,34750000.0,underperform
243,2011-09-04 02:03:53,1315116233.0,cmcsa,20.27,,1204.420044,16.78,,63.38,15.32,1.30,1.27,8.43,20.47,4.32,8.12,16.43,95290000000.0,95290000000.0,10.93,0.86,2.09,5.84,2.09,22690000000.0,5.84,3850000000.0,1.37,15.60,50.50,2000000000.0,0.73,39560000000.0,0.66,16.97,95290000000.0,1.08,0.09,83.40,25720000.0,1.00,1.20,19790000.0,underperform
244,2005-04-04 10:24:15,1112624655.0,cmcsa,19.52,-20.29,1176.119995,11.04,-31.33,0.57,77.11,3.64,1.78,4.85,14.24,0.92,2.34,9.019,73860000000.0,95450000000.0,35.15,3.91,4.70,12.7,4.70,12850000000.0,12.7,970000000.0,0.43,70.10,10.70,2009999999.9999998,0.91,23590000000.0,0.409,18.725,5930000000.0,0.715,5.89,39.57,35540000.0,4.504,1.71,32250000.0,underperform
245,2012-11-23 11:50:58,1353689458.0,cmcsa,35.49,29.28,1409.150024,26.41,2.870000000000001,58.26,16.65,1.57,1.98,9.68,19.45,4.70,11.84,22.90,125250000000.0,125250000000.0,16.36,1.26,2.03,6.32,2.03,18360000000.0,6.32,5970000000.0,2.19,132.70,15.40,10300000000.0,3.88,38590000000.0,1.04,18.40,15380000000.0,1.33,0.11,84.40,29280000.0,2.30,1.40,26330000.0,outperform
246,2012-02-05 02:17:01,1328426221.0,cmcsa,25.28,45.93,1325.540039,12.84,33.09,65.20,19.53,1.44,1.56,7.70,19.85,4.59,8.62,18.28,113140000000.0,113140000000.0,14.52,1.29,2.24,6.54,2.24,22690000000.0,6.54,3890000000.0,1.39,4.70,51.10,1810000000.0,0.66,40970000000.0,0.61,17.13,13650000000.0,1.16,0.11,82.90,27200000.0,1.90,1.30,20400000.0,outperform
247,2008-01-25 16:37:59,1201297079.0,cmcsa,15.17,-11.27,1330.609985,-36.85,25.580000000000002,0.743,22.95,1.79,1.28,7.94,17.98,3.04,5.84,9.61,53170000000.0,81690000000.0,N/A,1.11,2.73,7.205,2.73,15960000000.0,7.205,2410000000.0,0.754,54.00,21.00,3010000000.0,0.981,31100000000.0,0.805,13.63,7510000000.0,0.79,11.46,67.20,44490000.0,1.5,2.10,51790000.0,outperform
248,2012-11-17 00:08:02,1353128882.0,cmcsa,34.04,37.19,1355.48999,32.1,5.089999999999996,58.26,16.18,1.51,1.91,9.68,19.45,4.70,11.84,22.90,121670000000.0,121670000000.0,15.83,1.21,1.97,6.14,1.97,18360000000.0,6.14,5970000000.0,2.19,132.70,15.40,10300000000.0,3.88,38590000000.0,1.04,18.40,15380000000.0,1.33,0.11,84.40,29280000.0,2.30,1.40,26330000.0,outperform
249,2008-12-18 04:30:47,1229592647.0,grmn,14.88,69.69,885.2800289999999,24.53,45.16,N/A,4.89,1.14,1.95,24.09,25.63,20.73,42.78,17.164,4050000000.0,3630000000.0,N/A,0.42,0.99,3.57,0.99,1460000000.0,3.57,882380000.0,4.09,11.50,19.40,539590000.0,2.664,N/A,2.922,10.565,638890000.0,1.59,43.18,27.00,9250000.0,8.00,8.00,8119999.999999999,outperform
250,2008-04-08 05:30:21,1207647021.0,grmn,36.75,-53.93,1365.540039,-39.57,-14.36,N/A,13.55,3.69,4.99,26.88,28.53,21.86,43.75,14.688,11440000000.0,10690000000.0,N/A,0.60,3.36,11.007,3.36,1460000000.0,11.007,855010000.0,3.89,70.40,99.10,745240000.0,3.434,N/A,2.909,10.833,682090000.0,2.01,34.59,30.70,15200000.0,3.9,11.70,15920000.0,underperform
251,2012-11-13 17:00:03,1352844003.0,grmn,33.21,32.22,1374.530029,29.64,2.5799999999999983,N/A,12.23,2.49,2.10,20.26,23.65,9.42,17.93,14.67,5750000000.0,5750000000.0,12.57,2.30,2.01,7.44,2.01,1340000000.0,7.44,578660000.0,2.96,6.70,0.80,1370000000.0,7.02,0.00,2.80,17.38,734890000.0,1.00,51.97,23.10,17130000.0,21.30,15.70,17170000.0,outperform
252,2007-02-26 07:22:13,1172492533.0,grmn,43.04,8.83,1449.369995,-4.7,13.530000000000001,3.462,24.47,6.90,7.82,28.98,31.26,21.27,37.87,8.2,12410000000.0,12000000000.0,N/A,1.18,6.76,20.029,6.76,535070000.00000006,20.029,514120000.0,2.35,107.00,91.40,410350000.0,1.901,3.462,3.462,7.247,361860000.0,2.39,44.84,31.20,13130000.0,4.5,10.40,9700000.0,outperform
253,2005-04-30 07:02:42,1114858962.0,grmn,15.66,109.96,1156.380005,13.26,96.69999999999999,3.614,19.75,5.52,4.70,27.41,35.49,21.61,25.46,7.291,4280000000.0000005,4080000000.0,14.31,1.18,5.13,13.38,5.13,411240000.0,13.38,218450000.0,2.00,15.20,33.10,314280000.0,2.9,3.614,3.614,8.639,208940000.0,0.956,39.03,27.01,6410000.0,9.918,9.69,6540000.0,outperform
254,2011-10-01 12:12:35,1317485555.0,grmn,27.54,39.11,1151.060059,25.72,13.39,N/A,10.06,2.28,2.09,22.77,22.14,9.84,21.99,13.96,4680000000.0,4680000000.0,14.71,3.71,1.73,6.87,1.73,1350000000.0,6.87,617420000.0,3.16,18.80,7.50,1480000000.0,7.63,0.00,2.69,15.27,4680000000.0,1.44,41.65,38.10,22420000.0,19.80,20.90,22380000.0,outperform
255,2006-06-18 15:29:28,1150658968.0,grmn,34.89,54.37,1256.160034,21.88,32.489999999999995,N/A,28.87,8.77,8.02,30.35,32.19,17.74,31.02,10.708,10080000000.0,9720000000.0,N/A,1.74,8.40,23.108,8.40,535070000.00000006,23.108,351330000.0,3.22,84.60,67.30,360870000.0,3.329,N/A,4.285,11.673,260370000.0,2.12,29.87,35.30,5750000.0,4.9,9.20,8070000.0,outperform
256,2005-05-27 23:07:18,1117249638.0,grmn,16.45,100.91,1198.780029,4.99,95.92,4.226,22.15,5.96,4.75,27.41,35.99,17.47,24.31,7.364,4810000000.0,4450000000.0,16.48,1.23,5.58,13.675,5.58,411240000.0,13.675,218450000.0,2.00,36.80,21.70,301460000.0,2.78,4.226,4.226,9.226,199510000.0,0.994,N/A,22.00,6410000.0,9.7,10.60,6530000.0,outperform
257,2007-05-24 20:57:57,1180054677.0,grmn,45.81,-21.0,1507.51001,-8.73,-12.27,5.22,23.53,6.69,7.67,29.14,30.50,21.24,38.27,8.987,13170000000.0,12430000000.0,N/A,1.18,6.40,19.446,6.40,882390000.0,19.446,566470000.0,2.59,59.80,52.70,573050000.0,2.649,5.22,5.22,7.84,474310000.0,1.64,44.81,30.40,12160000.0,8.6,9.60,9850000.0,underperform
258,2007-10-11 02:43:36,1192085016.0,grmn,82.72,-76.61,1554.410034,-42.15,-34.46,N/A,37.13,10.74,12.57,29.18,31.05,21.30,41.07,10.425,24160000000.0,23380000000.0,N/A,1.69,10.38,31.333,10.38,882390000.0,31.333,657560000.0,3.00,73.90,71.70,815110000.0,3.762,N/A,3.943,8.888,651620000.0,1.3,42.71,33.00,8720000.0,2.4,6.80,8060000.000000001,underperform
259,2008-12-21 16:35:43,1229895343.0,grmn,14.88,67.27,885.2800289999999,25.84,41.42999999999999,N/A,4.76,1.04,1.78,24.09,25.63,20.73,42.78,17.164,3940000000.0,3400000000.0,N/A,0.38,0.93,3.346,0.93,1460000000.0,3.346,882380000.0,4.09,11.50,19.40,539590000.0,2.664,N/A,2.922,10.565,638890000.0,1.59,43.21,27.00,9250000.0,8.00,8.00,8119999.999999999,outperform
260,2005-03-06 00:45:11,1110087911.0,grmn,18.9,48.25,1210.469971,5.6,42.65,3.605,27.52,7.23,5.90,26.98,35.49,21.00,24.61,6.993,5620000000.0,5300000000.0,18.82,1.42,6.95,19.59,6.95,330540000.0,19.59,205700000.0,1.89,25.10,23.20,314280000.0,2.91,3.605,3.605,8.636,228550000.0,0.959,38.97,26.97,6360000.0,7.469,9.63,5880000.0,outperform
261,2013-04-29 12:34:10,1367253250.0,grmn,32.93,62.98,1593.609985,17.87,45.11,N/A,12.58,2.50,1.92,19.97,21.47,7.85,15.98,13.93,5410000000.0,5410000000.0,14.11,2.22,1.99,8.03,1.99,1440000000.0,8.03,542400000.0,2.76,21.90,15.50,1380000000.0,7.08,0.00,2.79,18.06,684740000.0,0.90,40.85,46.00,11790000.0,9.30,9.60,12670000.0,outperform
262,2012-11-17 10:18:14,1353165494.0,grmn,32.96,34.5,1355.48999,32.1,2.3999999999999986,N/A,12.57,2.54,2.14,20.26,23.65,9.42,17.93,14.67,5880000000.0,5880000000.0,12.91,2.34,2.06,7.61,2.06,1340000000.0,7.61,578660000.0,2.96,6.70,0.80,1370000000.0,7.02,0.00,2.80,17.38,734890000.0,1.00,51.97,23.10,17130000.0,21.30,15.70,17170000.0,outperform
263,2005-02-05 15:06:29,1107633989.0,grmn,21.43,11.99,1193.189941,6.51,5.48,3.172,29.20,8.76,7.29,29.88,35.63,23.08,27.02,6.529,6160000000.0,5870000000.0,24.77,1.92,8.25,20.61,8.25,330540000.0,20.61,212680000.0,1.95,25.10,23.20,366550000.0,3.39,3.172,3.172,7.91,228550000.0,0.936,38.97,26.50,5880000.0,5.699,8.90,5750000.0,outperform
264,2007-04-24 19:00:25,1177455625.0,grmn,41.26,-18.2,1480.410034,-6.79,-11.41,3.462,23.37,6.72,7.65,28.98,31.26,21.27,37.87,8.2,11870000000.0,11510000000.0,N/A,1.15,6.49,19.211,6.49,882390000.0,19.211,514120000.0,2.35,107.00,91.40,410350000.0,1.898,3.462,3.462,7.209,361860000.0,2.11,44.81,30.80,9850000.0,3.2,7.70,12520000.0,underperform
265,2007-04-10 20:12:41,1176250361.0,grmn,40.25,-13.54,1448.390015,-6.48,-7.059999999999999,3.462,22.78,6.55,7.46,28.98,31.26,21.27,37.87,8.2,11570000000.0,11210000000.0,N/A,1.10,6.32,18.721,6.32,882390000.0,18.721,514120000.0,2.35,107.00,91.40,410350000.0,1.898,3.462,3.462,7.209,361860000.0,2.11,44.81,30.90,9850000.0,3.2,7.70,12520000.0,underperform
266,2007-06-25 04:54:50,1182761690.0,grmn,54.45,-39.85,1497.73999,-12.25,-27.6,5.22,27.38,7.87,9.02,29.14,30.50,21.24,38.27,8.987,15320000000.0,14750000000.0,N/A,1.48,7.59,23.066,7.59,882390000.0,23.066,566470000.0,2.59,59.80,52.70,573050000.0,2.649,5.22,5.22,7.84,474310000.0,1.67,44.81,31.10,13690000.0,7.1,10.70,12160000.0,underperform
267,2007-05-28 18:16:11,1180390571.0,grmn,,,1515.72998,-8.6,,5.22,23.23,6.77,7.76,29.14,30.50,21.24,38.27,8.987,13000000000.0,12420000000.0,N/A,1.18,6.39,19.433,6.39,882390000.0,19.433,566470000.0,2.59,59.80,52.70,573050000.0,2.649,5.22,5.22,7.84,474310000.0,1.64,44.81,30.40,12160000.0,8.6,9.50,9850000.0,underperform
268,2010-01-24 09:35:28,1264343728.0,grmn,27.69,-3.9,1116.47998,15.62,-19.52,N/A,11.50,2.34,2.68,19.87,24.88,13.98,24.85,14.672,5680000000.0,5680000000.0,N/A,0.97,1.93,6.922,1.93,1550000000.0,6.922,583280000.0,2.91,25.60,10.20,1030000000.0,5.13,N/A,2.92,12.739,1200000000.0,1.5,43.71,45.30,19950000.0,10.4,19.60,19940000.0,underperform
269,2013-02-06 17:50:30,1360191030.0,grmn,35.0,24.57,1512.119995,17.28,7.289999999999999,N/A,12.83,2.57,2.17,20.26,22.18,8.83,17.93,14.67,5980000000.0,5980000000.0,13.56,3.08,2.09,8.19,2.09,1340000000.0,8.19,578660000.0,2.96,6.70,0.80,1370000000.0,7.02,0.00,2.80,17.38,734890000.0,1.04,51.97,23.10,18390000.0,12.70,16.90,19330000.0,outperform
270,2012-11-04 03:49:51,1352018991.0,grmn,34.76,31.88,1427.589966,23.84,8.04,N/A,12.67,2.60,2.19,20.26,22.91,9.13,17.93,14.67,5940000000.0,5940000000.0,12.93,2.36,2.08,7.90,2.08,1340000000.0,7.90,578660000.0,2.96,6.70,0.80,1370000000.0,7.02,0.00,2.80,17.38,734890000.0,1.00,51.97,23.10,17170000.0,21.90,15.70,18260000.0,outperform
271,2004-10-27 04:52:33,1098867153.0,grmn,18.66,12.22,1125.400024,4.75,7.470000000000001,4.36,28.78,7.57,5.86,27.67,34.94,20.92,23.95,5.996,5160000000.0,4640000000.0,22.29,1.80,7.10,18.22,7.10,330540000.0,18.22,180860000.0,1.658,25.10,23.20,305330000.0,2.82,4.36,4.36,7.802,187070000.0,0.882,39.97,23.25,7780000.0,14.255,11.99,6880000.0,outperform
272,2012-08-21 19:00:52,1345590052.0,grmn,37.6,1.44,1413.170044,16.25,-14.81,N/A,13.81,2.86,2.54,20.65,22.51,9.26,19.07,14.66,6790000000.0,6790000000.0,14.43,1.66,2.38,9.06,2.38,1340000000.0,9.06,588700000.0,3.01,69.80,6.50,1360000000.0,7.00,0.00,2.64,16.48,756510000.0,1.13,41.35,32.40,17810000.0,19.50,16.30,17050000.0,underperform
273,2012-01-01 07:13:18,1325419998.0,grmn,35.73,5.21,1263.02002,12.92,-7.71,N/A,15.93,2.92,2.56,18.17,21.63,9.09,16.50,13.84,6270000000.0,6270000000.0,16.94,4.59,2.33,9.44,2.33,1350000000.0,9.44,488250000.0,2.50,46.20,3.70,1460000000.0,7.53,0.00,2.79,15.80,781900000.0,1.13,41.65,38.10,18210000.0,17.00,16.90,18600000.0,underperform
274,2007-02-25 08:31:59,1172410319.0,grmn,42.66,11.58,1456.380005,-5.81,17.39,3.462,24.47,6.90,7.82,28.98,31.26,21.27,37.87,8.2,12410000000.0,12000000000.0,N/A,1.18,6.76,20.029,6.76,535070000.00000006,20.029,514120000.0,2.35,107.00,91.40,410350000.0,1.901,3.462,3.462,7.247,361860000.0,2.39,44.84,31.20,13130000.0,4.5,10.40,9700000.0,outperform
275,2012-10-14 21:43:01,1350265381.0,se,27.05,22.37,1432.839966,19.35,3.0199999999999996,124.91,17.52,3.69,2.31,20.95,32.32,3.74,12.50,8.00,30560000000.0,30560000000.0,16.22,3.02,5.87,12.61,5.87,2790000000.0,12.61,1080000000.0,1.66,24.30,6.40,142000000.0,0.22,11750000000.0,0.41,12.74,2009999999.9999998,0.90,0.14,65.70,9620000.0,3.00,1.50,9160000.0,outperform
276,2005-04-01 00:00:37,1112331637.0,se,,,1172.920044,11.08,,2.856,28.56,0.22,5.82,0.91,1.45,3.44,25.46,94.255,2750000000.0,3970000000.0,18.91,1.16,0.32,6.89,0.32,3060000000.0,6.89,111430000.0,0.84,401.60,6.50,76210000.0,0.67,1330000000.0,0.682,4.084,525730000.0,1.517,76.99,15.58,N/A,1.89,1.11,N/A,underperform
277,2005-01-29 23:08:07,1107058087.0,se,,,1174.069946,8.5,,2.914,N/A,0.23,5.89,N/A,N/A,0.00,0.00,N/A,2710000000.0,3960000000.0,22.02,1.65,N/A,N/A,N/A,3060000000.0,N/A,0.00,0.00,401.60,6.50,76380000.0,0.68,1330000000.0,0.778,4.033,525730000.0,1.311,72.99,14.06,N/A,3.392,1.33,N/A,underperform
278,2013-04-22 03:39:09,1366616349.0,se,28.74,32.25,1562.5,20.29,11.96,127.17,21.33,4.01,2.27,18.52,31.00,3.35,10.85,7.77,33150000000.0,33150000000.0,18.64,4.03,6.53,14.29,6.53,2660000000.0,14.29,938000000.0,1.43,N/A,N/A,123000000.0,0.18,12840000000.0,0.44,13.43,1940000000.0,0.99,0.14,69.90,9340000.0,2.50,1.40,9640000.0,outperform
279,2012-07-23 11:16:34,1343056594.0,se,27.39,24.61,1350.52002,25.31,-0.6999999999999993,124.63,17.17,3.76,2.37,21.96,32.54,3.87,13.32,8.12,31540000000.0,31540000000.0,16.09,2.71,5.97,12.86,5.97,2790000000.0,12.86,1140000000.0,1.77,6.70,4.20,127000000.0,0.20,11820000000.0,0.44,12.85,2009999999.9999998,0.91,0.14,65.60,9080000.0,2.10,1.40,8930000.0,underperform
280,2007-12-31 03:00:29,1199088029.0,se,19.12,-36.82,1468.359985,-39.34,2.520000000000003,1.416,17.83,N/A,N/A,20.28,29.06,N/A,N/A,7.187,N/A,25590000000.0,N/A,2.85,5.64,13.752,5.64,N/A,13.752,898000000.0,1.46,47.70,10.40,338000000.0,0.535,9500000000.0,0.799,N/A,1190000000.0,N/A,0.14,63.90,10120000.0,3.6,1.60,9660000.0,outperform
281,2011-04-18 18:17:23,1303165043.0,se,23.44,17.19,1305.140015,6.56,10.630000000000003,129.67,16.74,3.60,2.28,21.21,33.85,4.12,13.57,7.63,29030000000.0,29030000000.0,14.64,2.32,5.87,12.42,5.87,2610000000.0,12.42,1040000000.0,1.61,45.50,6.50,130000000.0,0.20,11340000000.0,0.65,12.03,29030000000.0,0.92,0.36,64.50,8180000.0,2.60,1.30,8140000.000000001,outperform
282,2013-06-04 14:30:44,1370370644.0,se,28.77,39.59,1631.380005,18.17,21.42,143.53,21.56,4.04,2.31,18.50,30.47,3.20,10.80,7.79,34700000000.0,34700000000.0,18.72,3.13,6.78,15.03,6.78,2660000000.0,15.03,947000000.0,1.43,2.10,2.90,213000000.0,0.32,14450000000.0,0.46,13.36,1970000000.0,0.88,0.14,69.90,9490000.0,2.20,1.40,11420000.0,outperform
283,2011-04-17 12:48:24,1303058904.0,se,23.53,15.13,1314.52002,4.19,10.940000000000001,129.67,17.08,3.56,2.25,21.21,33.85,4.12,13.57,7.63,29030000000.0,29030000000.0,14.93,2.32,5.87,12.42,5.87,2610000000.0,12.42,1040000000.0,1.61,45.50,6.50,130000000.0,0.20,11340000000.0,0.65,12.03,29030000000.0,0.92,0.36,64.50,8180000.0,2.60,1.30,8140000.000000001,outperform
284,2004-10-20 14:13:35,1098296015.0,se,,,1103.660034,6.72,,3.657,25.01,0.21,5.99,0.88,1.41,3.05,30.46,91.895,2350000000.0,3690000000.0,19.20,1.52,0.32,6.6,0.32,3060000000.0,6.6,99990000.0,0.837,401.60,6.50,104070000.0,0.93,1440000000.0,0.752,3.501,555660000.0,1.179,73.01,11.84,N/A,2.387,1.77,N/A,underperform
285,2012-11-08 01:42:52,1352356972.0,se,25.7,28.13,1377.51001,28.54,-0.41000000000000014,129.08,17.98,N/A,N/A,19.70,32.06,3.64,11.91,7.91,N/A,31020000000.0,16.16,3.07,6.02,12.98,6.02,2790000000.0,12.98,1010000000.0,1.55,29.50,4.50,146000000.0,0.22,12490000000.0,0.40,0.00,1950000000.0,0.91,0.14,65.70,9570000.0,3.20,1.50,9620000.0,underperform
286,2004-06-19 14:49:29,1087670969.0,agn,44.79,-8.68,1133.560059,6.83,-15.51,0.695,N/A,6.53,14.09,2.23,0.01,2.22,5.11,13.998,12010000000.0,12050000000.0,27.54,1.48,6.54,189.48,6.54,1440000000.0,189.48,41900000.0,0.344,169.80,24.30,568300000.0,4.33,593200000.0,2.808,6.498,365000000.0,0.215,2.02,89.90,2650000.0,3.08,2.06,3260000.0,underperform
287,2008-02-16 18:44:49,1203205489.0,agn,63.69,-34.02,1367.209961,-38.91,4.8899999999999935,0.436,39.51,4.96,5.22,12.68,21.39,8.53,14.56,12.91,19540000000.0,20020000000.0,N/A,1.44,5.08,19.062,5.08,2490000000.0,19.062,501000000.0,1.62,17.20,31.50,1160000000.0,3.785,1630000000.0,2.968,12.222,N/A,1.01,0.20,89.40,6220000.0,3.6,2.00,5970000.0,outperform
288,2007-02-20 16:30:00,1172007000.0,agn,55.27,11.56,1459.680054,-6.83,18.39,0.544,N/A,5.57,5.43,4.16,21.98,9.77,5.41,20.853,17170000000.000002,N/A,N/A,1.52,N/A,N/A,N/A,1920000000.0,N/A,127400000.0,0.87,2.40,39.40,1370000000.0,9.038,1710000000.0,3.237,20.752001,N/A,1.77,3.36,97.50,4160000.0,6.7,2.80,4370000.0,outperform
289,2013-04-22 02:49:52,1366613392.0,agn,113.73,43.74,1562.5,20.29,23.450000000000003,26.63,31.77,5.76,5.78,18.93,28.45,11.67,19.70,19.26,32500000000.0,32500000000.0,20.91,1.78,5.60,17.86,5.60,5030000000.0,17.86,1100000000.0,3.58,15.90,7.60,2960000000.0,9.94,1560000000.0,4.07,19.44,1600000000.0,0.63,0.16,88.20,4780000.0,3.80,1.60,4740000.0,outperform
290,2013-05-12 05:08:18,1368349698.0,agn,102.83,55.15,1626.670044,16.6,38.55,40.37,36.17,5.19,5.75,14.90,28.58,11.79,21.16,19.73,30800000000.0,30800000000.0,19.12,1.57,5.20,16.49,5.20,5030000000.0,16.49,1140000000.0,2.88,94.60,8.30,2250000000.0,7.59,2160000000.0,3.83,17.93,1510000000.0,0.64,0.16,88.20,4940000.0,4.20,1.70,5030000.0,outperform
291,2006-06-21 09:29:01,1150896541.0,agn,51.51,11.45,1252.199951,21.56,-10.11,0.47,N/A,6.47,5.16,5.02,26.55,10.81,5.82,18.223,15560000000.0,16100000000.000002,N/A,1.65,6.69,22.031,6.69,1920000000.0,22.031,120800000.0,0.91,N/A,16.70,876200000.0,5.862,1440000000.0,0.887,20.177,450400000.0,1.41,0.26,89.10,3160000.0,2.3,2.10,3590000.0,underperform
292,2007-04-06 22:28:10,1175912890.0,agn,54.64,5.07,1437.77002,-4.89,9.96,0.544,N/A,5.59,5.46,4.16,21.98,10.47,5.41,20.853,17260000000.0,17600000000.0,N/A,1.54,5.75,20.136,5.75,2490000000.0,20.136,127400000.0,0.87,2.40,36.70,1370000000.0,9.004,1710000000.0,3.237,20.642,746900000.0,1.74,0.74,96.70,2940000.0,2.5,1.90,3210000.0,outperform
293,2003-11-17 22:46:03,1069127163.0,agn,37.25,3.22,1043.630005,12.63,-9.41,0.739,100.20,5.99,11.87,6.18,7.66,5.68,12.61,12.711,10000000000.0,9990000000.0,28.01,1.50,5.94,54.63,5.94,1170000000.0,54.63,102700000.0,0.765,66.60,18.30,723200000.0,5.54,628700000.0,2.777,6.52,N/A,0.241,2.02,92.17,4800000.0,9.143,3.76,5490000.0,underperform
294,2004-11-02 14:09:49,1099422589.0,agn,35.05,40.86,1130.560059,7.45,33.41,0.637,55.86,5.12,10.09,8.83,15.94,9.21,20.64,14.903,9730000000.0,9690000000.0,22.38,1.43,4.92,26.32,4.92,1440000000.0,26.32,173800000.0,1.298,169.80,24.30,650600000.0,4.85,602800000.0,3.024,7.186,424800000.0,0.165,1.98,89.42,3140000.0,2.86,2.38,2710000.0,outperform
295,2005-04-04 23:20:33,1112671233.0,agn,33.67,57.56,1176.119995,11.04,46.52,0.522,24.35,4.56,8.18,18.48,25.78,18.90,40.70,15.383,9270000000.0,9020000000.0,18.92,1.23,4.41,15.13,4.41,1660000000.0,15.13,377100000.0,2.84,N/A,15.50,894800000.0,6.66,583200000.0,2.994,8.494,548500000.0,0.275,1.98,88.62,3660000.0,5.089,2.78,3200000.0,outperform
296,2005-03-10 01:40:57,1110436857.0,agn,36.75,54.29,1209.25,5.97,48.32,0.522,26.60,4.85,8.89,18.48,25.78,18.90,40.70,15.383,9910000000.0,9610000000.0,20.73,1.34,4.70,18.22,4.70,1440000000.0,18.22,377100000.0,2.84,169.80,24.30,894800000.0,6.82,583200000.0,2.994,8.501,518600000.0,0.275,1.97,90.41,3200000.0,3.038,2.49,3400000.0,outperform
297,2012-08-11 08:06:33,1344686793.0,agn,85.17,8.09,1402.219971,21.06,-12.969999999999999,28.52,25.11,4.60,4.75,18.79,28.31,12.00,20.24,18.49,24660000000.0,24660000000.0,17.95,1.51,4.39,14.05,4.39,4670000000.0,14.05,1050000000.0,3.41,19.80,5.20,2670000000.0,8.84,1560000000.0,4.42,17.99,N/A,0.65,0.19,91.90,4270000.0,2.80,1.40,4570000.0,underperform
298,2005-08-29 12:42:47,1125333767.0,agn,45.35,23.97,1212.280029,7.59,16.38,0.51,38.76,5.56,10.70,14.54,26.50,16.59,30.55,16.668,12140000000.0,11850000000.0,N/A,1.65,5.42,18.146,5.42,1660000000.0,18.146,317800000.0,2.40,63.60,16.80,873100000.0,6.676,577900000.0,2.612,8.676,612900000.0,N/A,0.39,93.60,4330000.0,2.8,3.30,3140000.0,outperform
299,2008-05-17 08:24:31,1211027071.0,agn,51.34,-10.69,1408.660034,-36.6,25.910000000000004,0.429,29.49,3.93,4.25,13.70,21.31,8.83,16.23,13.553,16500000000.0,17040000000.0,N/A,1.16,4.12,15.476,4.12,3270000000.0,15.476,567600000.0,1.84,154.30,21.40,1100000000.0,3.622,1640000000.0,3.182,12.552,N/A,1.06,0.19,92.20,7860000.0,2.9,2.60,8470000.0,outperform
300,2004-08-10 02:33:38,1092119618.0,agn,34.57,29.97,1079.040039,13.91,16.06,0.637,59.20,5.03,9.91,8.33,15.94,8.48,18.98,14.349,9310000000.0,9510000000.0,21.33,1.22,5.00,25.85,5.00,1440000000.0,25.85,157800000.0,1.171,169.80,24.30,650600000.0,4.85,602800000.0,3.024,7.186,365000000.0,0.144,1.98,89.14,2630000.0,4.17,2.00,2730000.0,outperform
301,2008-01-23 23:06:53,1201147613.0,agn,63.76,-39.79,1338.599976,-38.18,-1.6099999999999994,0.449,41.94,5.48,5.58,12.94,21.90,8.50,14.38,12.079,19960000000.0,20340000000.0,N/A,1.66,5.53,20.249,5.53,2490000000.0,20.249,476600000.0,1.55,47.90,23.20,1410000000.0,4.604,1620000000.0,3.756,11.75,808600000.0,1.45,0.20,90.00,5970000.0,3.8,1.90,5890000.0,underperform
302,2012-08-22 22:58:41,1345690721.0,agn,85.08,6.51,1413.48999,17.22,-10.709999999999999,28.52,25.05,4.64,4.80,18.79,28.29,11.99,20.24,18.49,24940000000.0,24940000000.0,17.91,1.53,4.44,14.22,4.44,4670000000.0,14.22,1050000000.0,3.41,19.80,5.20,2670000000.0,8.88,1560000000.0,4.42,18.02,1340000000.0,0.65,0.19,91.90,3300000.0,1.40,1.10,4270000.0,underperform
303,2007-12-18 09:39:43,1197988783.0,cah,36.76,-43.61,1454.97998,-37.84,-5.769999999999996,0.528,11.68,0.24,2.98,2.23,2.50,5.92,11.00,228.562,21030000000.0,23470000000.0,N/A,1.02,0.27,9.246,0.27,5250000000.0,9.246,851500000.0,4.98,11.50,4.90,1290000000.0,3.567,3730000000.0,1.29,19.497999,945200000.0,0.92,1.48,80.60,3770000.0,1.3,1.10,3570000.0,underperform
304,2007-06-08 15:38:03,1181331483.0,cah,44.95,-21.49,1507.670044,-8.65,-12.839999999999998,0.406,22.04,0.32,3.55,1.54,2.62,6.47,12.00,216.751,27710000000.0,29810000000.0,N/A,1.29,0.34,10.313,0.34,5280000000.0,10.313,987200000.0,3.27,87.10,8.20,1170000000.0,3.033,3200000000.0,1.333,20.344999,1930000000.0,1.86,1.44,83.80,3560000.0,1.5,0.90,4040000.0,underperform
305,2004-08-09 03:26:28,1092036388.0,cah,26.94,35.49,1065.219971,15.6,19.89,0.331,12.94,0.30,2.45,2.39,3.71,7.94,20.22,142.38,18940000000.0,20690000000.0,11.31,0.81,0.33,7.84,0.33,N/A,7.84,1510000000.0,3.402,N/A,N/A,783300000.0,1.82,2530000000.0,1.566,17.841,2220000000.0,0.124,1.21,82.32,6490000.0,1.515,1.53,8109999.999999999,outperform
306,2011-08-17 19:47:33,1313624853.0,cah,38.85,-2.75,1193.890015,18.56,-21.31,42.78,15.40,0.14,2.48,0.93,1.53,4.57,17.37,294.45,15070000000.0,15070000000.0,12.00,1.34,0.15,8.01,0.15,3780000000.0,8.01,966200000.0,2.72,9.30,9.40,1930000000.0,5.52,2500000000.0,1.22,16.74,15070000000.0,0.88,0.08,85.70,4010000.0,1.30,1.20,5360000.0,underperform
307,2009-07-05 09:34:43,1246800883.0,cah,19.11,,896.419983,14.07,,N/A,9.01,0.11,1.31,1.23,2.23,5.52,15.21,272.694,13080000000.0,13080000000.0,N/A,1.28,0.13,5.108,0.13,5630000000.0,5.108,1200000000.0,3.32,12.10,8.90,1370000000.0,3.79,3670000000.0,1.367,23.403,981900000.0,0.8,1.56,86.10,5410000.0,1.1,1.50,2870000.0,underperform
308,2007-01-14 06:31:22,1168774282.0,cah,40.46,-5.61,1423.819946,-0.53,-5.08,0.349,27.21,0.32,3.14,1.25,2.60,6.39,15.12,200.801,27100000000.0,27980000000.0,N/A,1.29,0.34,10.104,0.34,5280000000.0,10.104,1310000000.0,2.46,18.60,11.00,2069999999.9999998,5.101,2940000000.0,1.271,20.752001,2130000000.0,1.83,11.50,86.20,3020000.0,1.5,0.80,3040000.0,underperform
309,2006-10-23 12:36:46,1161621406.0,cah,40.81,-0.61,1377.02002,10.35,-10.959999999999999,0.333,28.14,0.33,3.18,1.23,2.56,6.41,14.57,193.171,26640000000.0,27370000000.0,N/A,1.19,0.34,10.093,0.34,5280000000.0,10.093,1240000000.0,2.33,24.60,12.50,1820000000.0,4.486,2830000000.0,1.299,20.669001,2140000000.0000002,1.51,1.37,89.00,3500000.0,3.3,0.90,3080000.0,underperform
310,2005-01-25 11:55:39,1106672139.0,cah,33.24,31.23,1168.410034,8.24,22.990000000000002,0.396,16.53,0.35,2.86,2.10,3.24,6.69,17.85,155.441,23380000000.0,25270000000.0,13.26,0.93,0.37,10.07,0.37,4740000000.0,10.07,1420000000.0,3.273,4.90,14.70,1360000000.0,3.15,3260000000.0,1.38,19.025,3220000000.0,0.382,1.18,80.31,7640000.0,3.73,1.79,8400000.0,outperform
311,2009-02-02 08:41:27,1233582087.0,cah,23.18,32.92,825.4400019999999,33.66,-0.7399999999999949,0.475,10.91,0.14,1.71,1.34,2.34,5.75,16.85,262.083,13540000000.0,16629999999.999998,N/A,0.90,0.18,6.454,0.18,5630000000.0,6.454,1260000000.0,3.45,17.50,10.80,672200000.0,1.869,3760000000.0,1.333,22.025,750400000.0,0.82,1.55,85.30,7970000.0,3.2,2.30,4510000.0,underperform
312,2007-05-30 02:17:23,1180505843.0,cah,45.22,-22.07,1530.22998,-8.62,-13.450000000000001,0.406,22.23,0.32,3.55,1.54,2.62,6.47,12.00,216.751,27950000000.0,29840000000.0,N/A,1.29,0.34,10.325,0.34,5280000000.0,10.325,987200000.0,3.27,87.10,8.20,1170000000.0,3.033,3200000000.0,1.333,20.344999,1930000000.0,1.86,1.44,85.90,4040000.0,2.2,1.10,4330000.0,underperform
313,2007-04-05 16:09:41,1175803781.0,cah,46.33,-25.79,1443.76001,-5.08,-20.71,0.335,21.05,0.34,3.34,1.72,2.61,6.41,15.09,209.505,29750000000.0,31140000000.0,N/A,1.41,0.36,11.003,0.36,5280000000.0,11.003,1330000000.0,3.53,143.20,12.60,1470000000.0,3.673,2980000000.0,1.468,22.174999,1390000000.0,1.96,1.39,83.30,4330000.0,2.5,1.10,3130000.0,underperform
314,2005-03-08 20:25:26,1110331526.0,cah,35.43,25.06,1219.430054,4.84,20.22,0.329,20.08,0.36,2.92,1.79,2.76,5.85,15.42,159.978,25000000000.0,26380000000.0,14.67,1.11,0.38,11.58,0.38,4740000000.0,11.58,1250000000.0,2.87,4.90,14.70,1490000000.0,3.43,2820000000.0,1.374,19.768,3600000000.0,0.372,1.18,83.26,7730000.0,3.036,1.80,7640000.0,outperform
315,2004-10-13 12:20:39,1097684439.0,cah,25.66,51.36,1113.650024,5.67,45.69,0.331,12.42,0.29,2.37,2.39,3.71,7.94,20.22,142.38,18180000000.0,19930000000.0,9.71,0.69,0.31,7.55,0.31,N/A,7.55,1510000000.0,3.402,N/A,N/A,783300000.0,1.82,2530000000.0,1.566,17.841,2220000000.0,0.19,1.21,81.04,8180000.0,3.775,1.92,7360000.0,outperform
316,2004-07-15 07:35:28,1089891328.0,cah,31.04,14.82,1106.689941,10.95,3.870000000000001,0.331,14.76,0.33,2.71,2.39,3.71,7.94,20.22,142.38,21610000000.0,22560000000.0,12.84,0.88,0.36,8.54,0.36,N/A,8.54,1510000000.0,3.402,N/A,N/A,783300000.0,1.82,2530000000.0,1.566,17.841,2220000000.0,0.124,1.21,82.30,8109999.999999999,3.432,1.91,11640000.0,outperform
317,2004-05-22 00:33:10,1085200390.0,cah,41.31,-11.79,1088.680054,9.41,-21.2,0.331,19.61,0.46,3.76,2.39,3.71,7.94,20.22,142.38,28950000000.0,30370000000.0,15.84,1.14,0.48,11.5,0.48,N/A,11.5,1510000000.0,3.402,N/A,N/A,783300000.0,1.82,2530000000.0,1.566,17.667999,1590000000.0,0.147,1.21,83.32,15560000.0,8.537,3.66,19270000.0,underperform
318,2013-04-25 03:34:17,1366875257.0,cah,42.72,55.17,1585.160034,17.55,37.620000000000005,44.28,13.48,0.14,2.28,1.09,1.86,4.97,18.35,305.99,15570000000.0,15570000000.0,12.30,1.17,0.15,6.80,0.15,4540000000.0,6.80,1140000000.0,3.29,15.60,6.80,2260000000.0,6.62,2900000000.0,1.26,19.18,1220000000.0,0.46,0.12,87.00,4150000.0000000005,0.90,1.50,5000000.0,outperform
319,2005-05-27 11:11:07,1117206667.0,cah,35.61,15.98,1198.780029,4.99,10.99,0.333,21.37,0.34,2.88,1.64,2.54,5.52,14.44,165.887,24890000000.0,26020000000.0,15.46,1.28,0.36,11.72,0.36,4740000000.0,11.72,1190000000.0,2.72,4.90,14.70,1760000000.0,4.12,2890000000.0,1.366,20.177,3600000000.0,0.391,1.16,83.56,6290000.0,3.593,1.49,7040000.0,outperform
320,2006-09-22 22:03:56,1158977036.0,cah,41.39,-1.21,1314.780029,16.3,-17.51,0.333,28.64,0.33,3.24,1.23,2.56,6.41,14.57,193.171,27110000000.0,28180000000.0,N/A,1.28,0.35,10.392,0.35,5280000000.0,10.392,1240000000.0,2.33,24.60,12.50,1820000000.0,4.486,2830000000.0,1.299,20.669001,2140000000.0000002,1.51,1.41,88.90,3080000.0,2.2,0.80,2950000.0,underperform
321,2004-01-30 08:27:25,1075469245.0,cah,39.39,-15.84,1131.130005,3.8,-19.64,0.359,19.57,0.45,3.61,2.39,3.74,7.94,20.24,136.531,27710000000.0,29700000000.0,14.92,1.05,0.48,11.53,0.48,N/A,11.53,1470000000.0,3.271,N/A,N/A,736500000.0,1.7,2730000000.0,1.599,17.53,1710000000.0,0.089,1.21,77.63,11100000.0,4.471,2.60,12300000.0,underperform
322,2007-02-28 09:57:17,1172674637.0,cah,43.53,-12.82,1406.819946,-2.78,-10.040000000000001,0.335,19.93,0.33,3.17,1.72,2.61,6.41,15.09,209.505,28170000000.0,29680000000.0,N/A,1.39,0.35,10.489,0.35,5280000000.0,10.489,1330000000.0,3.53,143.20,12.60,1470000000.0,3.673,2980000000.0,1.468,22.174999,1390000000.0,1.86,1.37,82.30,3080000.0,2.1,0.80,3020000.0,underperform
323,2006-06-24 13:49:34,1151171374.0,cbg,22.72,70.6,1252.199951,21.56,49.03999999999999,0.791,21.96,1.65,5.97,7.85,13.08,12.32,33.66,13.666,5080000000.0,5500000000.0,N/A,1.18,1.80,11.165,1.80,1440000000.0,11.165,239680000.0,1.04,153.30,26.30,253090000.0,1.135,668060000.0,1.221,3.792,232540000.0,2.17,3.82,96.40,3990000.0,2.1,1.80,4000000.0,outperform
324,2012-06-10 10:07:46,1339337266.0,cbg,16.14,43.74,1314.98999,24.93,18.810000000000002,235.33,22.81,0.85,4.27,3.82,9.02,6.04,18.54,19.00,7680000000.0,7680000000.0,10.75,0.77,1.27,11.18,1.27,2450000000.0,11.18,192520000.0,0.71,21.50,13.90,830850000.0,2.59,3300000000.0,1.40,3.78,176150000.0,2.26,8.87,85.90,3800000.0,1.30,1.30,3810000.0,outperform
325,2005-02-10 04:35:56,1108028156.0,cbg,12.22,77.66,1197.01001,5.85,71.81,1.38,45.09,1.19,5.43,2.74,8.05,3.04,15.15,34.09,2590000000.0,3160000000.0,15.71,1.14,1.33,12.86,1.33,833670000.0,12.86,64720000.0,0.82,285.30,39.30,256899999.99999997,3.6,772810000.0,5.776,6.813,N/A,N/A,1.04,79.66,N/A,1.904,1.13,N/A,outperform
326,2007-06-11 10:07:44,1181570864.0,cbg,36.6,-42.46,1509.119995,-9.98,-32.480000000000004,2.112,29.44,1.86,7.00,6.53,13.70,9.97,28.79,19.739,8369999999.999999,10550000000.0,N/A,1.16,2.35,14.555,2.35,1920000000.0,14.555,293640000.0,1.24,67.60,61.60,347970000.0,1.522,2520000000.0,1.267,5.23,670470000.0,2.09,2.53,84.80,7100000.0,3.4,3.20,7300000.0,underperform
327,2004-09-11 05:09:14,1094893754.0,cbg,6.77,143.57,1116.27002,10.34,133.23,2.237,N/A,0.73,3.26,2.56,1.24,3.28,18.99,29.896,1550000000.0,2320000000.0,14.43,1.23,1.14,17.41,1.14,N/A,17.41,52130000.0,0.714,N/A,N/A,179590000.0,2.59,1010000000.0,1.143,6.571,N/A,N/A,55.99,74.05,N/A,2.73,1.26,N/A,outperform
328,2013-05-09 12:41:59,1368117719.0,cbg,24.31,16.41,1626.670044,15.48,0.9299999999999997,187.72,24.67,1.21,5.10,4.91,9.85,6.09,20.26,20.50,10570000000.0,10570000000.0,14.62,1.29,1.59,12.90,1.59,2770000000.0,12.90,304310000.0,1.00,39.20,9.30,518700000.00000006,1.59,3200000000.0,1.14,4.82,N/A,2.15,1.52,94.10,6150000.0,2.60,2.20,5630000.0,outperform
329,2012-11-04 01:53:18,1352011998.0,cbg,17.63,30.69,1427.589966,23.84,6.850000000000001,219.81,27.59,0.91,4.24,3.55,9.14,5.43,15.72,19.53,8220000000.000001,8220000000.000001,12.19,0.84,1.31,11.35,1.31,2450000000.0,11.35,189340000.0,0.64,37.80,1.50,776260000.0,2.41,3340000000.0,1.26,4.16,N/A,2.26,6.03,85.80,6140000.0,1.60,2.00,5480000.0,outperform
330,2006-10-23 12:38:38,1161621518.0,cbg,25.33,0.63,1377.02002,10.35,-9.719999999999999,0.461,23.35,1.77,6.19,7.88,13.87,12.99,32.59,14.326,5700000000.0,6220000000.0,N/A,1.44,1.93,11.659,1.93,1440000000.0,11.659,253510000.0,1.09,27.40,24.40,127290000.0,0.569,424060000.0,0.797,4.121,270980000.0,2.01,6.68,97.70,5980000.0,3.4,2.80,4990000.0,underperform
331,2007-03-20 14:42:32,1174416152.0,cbg,34.87,-46.63,1410.939941,-7.97,-38.660000000000004,2.12,25.41,1.95,6.65,7.90,13.64,8.32,32.26,17.787,7840000000.0,9770000000.0,N/A,1.13,2.42,15.011,2.42,1920000000.0,15.011,318570000.0,1.36,31.10,30.00,600350000.0,2.635,2510000000.0,1.161,5.195,370480000.0,2.49,2.54,94.40,5220000.0,2.6,2.30,6020000.0,underperform
332,2013-04-22 01:19:16,1366607956.0,cbg,23.71,12.61,1562.5,20.29,-7.68,223.06,24.69,1.16,4.92,4.84,9.69,5.25,19.63,20.21,10240000000.0,10240000000.0,14.18,1.27,1.57,12.78,1.57,2770000000.0,12.78,314920000.0,0.97,116.90,13.70,1190000000.0,3.70,3750000000.0,1.37,4.78,291080000.0,2.17,1.52,94.10,5630000.0,2.20,2.00,7020000.0,underperform
333,2011-08-19 11:09:39,1313766579.0,cbg,13.72,27.99,1123.530029,25.1,2.889999999999997,221.32,18.99,0.84,4.28,4.49,9.45,6.39,21.63,17.48,6630000000.0,6630000000.0,9.73,0.93,1.20,10.60,1.20,2160000000.0,10.60,223680000.0,0.77,11.70,21.40,752110000.0,2.37,2740000000.0,1.46,3.41,6630000000.0,2.67,1.45,95.70,6680000.0,1.50,2.30,7200000.0,outperform
334,2013-06-21 23:32:03,1371871923.0,wpx,19.12,19.4,1592.430054,22.89,-3.490000000000002,30.23,N/A,1.28,0.73,10.07,8.78,1.64,5.62,14.76,5280000000.0,5280000000.0,318.67,N/A,1.80,6.79,1.80,1400000000.0,6.79,320000000.0,1.49,N/A,19.10,112000000.0,0.56,1590000000.0,0.91,25.72,685000000.0,1.75,0.47,94.90,14680000.0,4.90,7.40,14230000.0,underperform
335,2013-06-21 19:06:36,1371855996.0,wpx,19.12,19.4,1592.430054,22.89,-3.490000000000002,30.23,N/A,1.28,0.73,10.07,8.78,1.64,5.62,14.76,5280000000.0,5280000000.0,319.58,N/A,1.80,6.79,1.80,1400000000.0,6.79,320000000.0,1.49,N/A,19.10,112000000.0,0.56,1590000000.0,0.91,25.72,685000000.0,1.75,0.47,94.90,14680000.0,4.90,7.40,14230000.0,underperform
336,2013-06-27 14:49:04,1372358944.0,wpx,19.32,19.46,1613.199951,21.56,-2.099999999999998,30.23,N/A,1.33,0.76,10.07,8.78,1.64,5.62,14.76,5310000000.0,5310000000.0,328.83,N/A,1.81,6.82,1.81,1400000000.0,6.82,320000000.0,1.49,N/A,19.10,112000000.0,0.56,1590000000.0,0.91,25.72,685000000.0,1.75,17.11,85.10,14680000.0,4.90,7.40,14230000.0,underperform
337,2005-02-05 06:22:55,1107602575.0,trow,25.18,28.75,1193.189941,6.51,22.240000000000002,N/A,23.88,6.24,4.83,26.34,41.69,19.43,22.45,9.545,7690000000.0,7090000000.0,17.50,1.63,5.53,12.33,5.53,615900000.0,12.33,337260000.0,2.51,17.10,7.90,499750000.0,3.9,N/A,N/A,12.254,404530000.0,1.52,9.79,59.41,2270000.0,3.533,1.97,3200000.0,outperform
338,2013-04-23 03:43:51,1366703031.0,trow,73.93,8.63,1578.780029,18.79,-10.159999999999998,N/A,22.32,6.35,4.98,29.21,45.18,21.43,24.32,11.94,18240000000.0,18240000000.0,17.12,1.32,6.03,12.60,6.03,3020000000.0,12.60,878100000.0,3.36,23.10,17.00,974400000.0,3.78,0.00,6.80,14.96,902800000.0,1.41,3.51,70.80,2830000.0,2.20,1.10,3100000.0,underperform
339,2007-04-08 13:26:56,1176053216.0,trow,41.44,15.01,1443.76001,-4.93,19.939999999999998,N/A,25.51,7.08,5.30,29.11,43.49,20.99,23.73,6.897,12860000000.0,12080000000.0,N/A,1.73,6.64,13.44,6.64,1820000000.0,13.44,529600000.0,1.90,26.70,21.40,773000000.0,2.914,N/A,4.455,9.159,593200000.0,1.91,3.81,62.00,3970000.0,3.4,1.60,3870000.0,outperform
340,2013-05-09 12:23:50,1368116630.0,trow,72.14,11.3,1626.670044,15.48,-4.18,N/A,21.27,6.24,4.73,29.82,45.73,20.48,23.99,12.23,17610000000.0,17610000000.0,17.21,1.27,5.66,11.69,5.66,3020000000.0,11.69,921700000.0,3.52,22.50,11.90,1380000000.0,5.33,0.00,4.94,15.84,1100000000.0,1.40,3.51,70.80,2970000.0,2.50,1.20,2830000.0,underperform
341,2006-11-01 13:23:51,1162405431.0,trow,39.21,37.06,1367.810059,10.28,26.78,N/A,26.36,7.20,5.50,28.75,43.19,20.27,23.85,6.582,12470000000.0,11600000000.0,N/A,2.10,6.69,13.836,6.69,1510000000.0,13.836,498140000.0,1.80,10.20,16.00,876210000.0,3.324,N/A,3.859,8.603,587840000.0,1.77,7.32,62.80,5910000.0,4.6,2.40,6150000.0,outperform
342,2007-02-24 21:19:34,1172369974.0,trow,42.31,-0.31,1457.630005,-7.9,7.590000000000001,N/A,25.49,7.21,5.40,29.11,43.49,20.99,23.73,6.897,12850000000.0,12080000000.0,N/A,1.77,6.64,13.434,6.64,1820000000.0,13.434,529600000.0,1.90,26.70,21.40,773000000.0,2.914,N/A,4.455,9.159,593200000.0,1.84,3.83,62.80,3530000.0,3.2,1.40,3660000.0,outperform
343,2008-02-05 15:56:37,1202244997.0,trow,42.64,-44.49,1336.640015,-37.74,-6.75,N/A,21.09,6.14,4.94,30.03,44.84,21.06,25.77,8.433,13400000000.0,12920000000.0,N/A,1.39,5.79,12.255,5.79,1820000000.0,12.255,670600000.0,2.40,28.00,22.20,785100000.0,2.967,N/A,N/A,10.495,758000000.0,1.8,3.95,62.80,7490000.0,4.8,3.00,7990000.0,underperform
344,2010-02-02 03:23:27,1265099007.0,trow,46.28,32.67,1103.319946,18.19,14.48,N/A,43.77,7.32,4.66,17.50,34.24,11.89,11.32,6.821,12040000000.0,12040000000.0,N/A,1.82,6.90,18.14,6.90,1300000000.0,18.14,305400000.0,1.17,13.00,10.20,739300000.0,2.871,N/A,3.742,10.648,472000000.0,1.75,2.50,72.70,11010000.0,7.4,4.50,12150000.0,outperform
345,2006-08-18 23:32:08,1155958328.0,trow,37.19,11.54,1302.300049,8.02,3.5199999999999996,N/A,24.98,6.88,5.37,29.11,43.55,19.92,24.64,6.36,11500000000.0,10690000000.0,N/A,1.95,6.40,13.849,6.40,1510000000.0,13.849,486290000.0,1.76,32.10,22.70,814450000.0,3.112,N/A,4.072,8.185,604800000.0,1.75,7.32,58.90,5340000.0,3.6,2.20,4950000.0,outperform
346,2007-01-26 04:50:24,1169805024.0,trow,40.72,10.9,1422.180054,-5.88,16.78,N/A,26.36,7.40,5.65,28.75,43.19,20.27,23.85,6.582,12470000000.0,11940000000.0,N/A,2.16,6.89,14.245,6.89,1510000000.0,14.245,498140000.0,1.80,10.20,16.00,876210000.0,3.324,N/A,3.859,8.603,587840000.0,1.85,7.27,64.50,3660000.0,3.4,1.50,5030000.0,outperform
347,2004-09-25 06:47:42,1096109262.0,trow,21.47,23.2,1113.560059,9.08,14.12,N/A,22.99,5.52,4.26,25.26,40.52,18.67,21.82,8.773,6480000000.0,5990000000.0,18.37,1.72,5.17,11.69,5.17,615900000.0,11.69,292540000.0,2.214,17.10,7.90,395240000.0,3.11,N/A,N/A,11.774,377590000.0,1.586,10.26,59.87,3270000.0,4.919,2.86,3350000.0,outperform
348,2009-02-03 21:20:51,1233714051.0,trow,23.42,95.77,838.51001,30.86,64.91,N/A,11.07,3.09,2.70,28.54,43.20,19.83,24.66,8.825,6870000000.0,6270000000.0,N/A,1.93,2.72,5.941,2.72,2230000000.0,5.941,657200000.0,2.40,12.60,2.80,852700000.0,3.3,N/A,3.213,10.213,807200000.0,1.62,3.89,73.10,24610000.0,9.3,10.00,24630000.0,outperform
349,2005-01-13 13:27:41,1105640861.0,hrs,23.52,65.05,1177.449951,9.36,55.69,0.308,27.92,1.46,2.90,5.31,8.75,6.40,11.04,38.749,3860000000.0,3700000000.0,18.73,1.31,1.40,12.99,1.40,630300000.0,12.99,140300000.0,2.066,123.20,20.40,562800000.0,8.41,408900000.0,3.011,19.882,193300000.0,0.227,0.58,90.58,2130000.0,4.292,3.20,2750000.0,outperform
350,2004-08-10 05:14:48,1092129288.0,hrs,19.0,56.05,1079.040039,13.91,42.14,0.322,24.35,1.21,2.36,4.99,8.31,5.76,10.04,37.647,3050000000.0,2810000000.0,16.89,1.26,1.11,10.62,1.11,517100000.0,10.62,125700000.0,1.88,28.00,11.60,643600000.0,9.67,411300000.0,2.848,19.316999,239300000.0,0.233,0.52,91.62,1180000.0,2.874,1.79,N/A,outperform
351,2011-10-20 07:46:18,1319111178.0,hrs,32.8,31.98,1215.390015,17.92,14.059999999999999,82.49,7.78,0.73,1.76,9.93,17.16,11.64,24.97,47.28,6000000000.0,6000000000.0,6.57,0.74,1.01,4.88,1.01,2109999999.9999998,4.88,580800000.0,4.60,11.80,14.50,372300000.0,3.10,2069999999.9999998,1.55,20.32,6000000000.0,0.80,0.33,85.60,15070000.0,9.90,12.80,14910000.0,outperform
352,2008-06-24 16:35:12,1214339712.0,hrs,43.64,-44.8,1314.290039,-31.45,-13.349999999999998,0.41,17.40,1.41,3.26,8.06,14.06,10.56,19.63,38.164,6990000000.0,7740000000.0,N/A,0.85,1.52,8.728,1.52,1370000000.0,8.728,410100000.0,2.98,49.70,24.00,326400000.0,2.423,893800000.0,1.95,16.325001,468500000.0,1.31,6.34,84.80,1880000.0,1.40,1.40,1350000.0,underperform
353,2010-04-14 06:46:20,1271241980.0,hrs,43.68,2.45,1210.650024,8.58,-6.13,N/A,32.12,1.31,3.17,4.10,16.60,11.60,14.28,37.514,7340000000.0,7340000000.0,N/A,0.75,1.49,7.68,1.49,1580000000.0,7.68,296400000.0,1.53,N/A,8.70,314400000.0,2.404,1220000000.0,1.855,15.571,798900000.0,0.89,0.40,84.10,3580000.0,4.3,N/A,2780000.0,underperform
354,2012-07-28 11:41:32,1343490092.0,hrs,37.4,35.91,1337.890015,26.34,9.569999999999997,117.67,147.09,0.78,2.45,0.58,15.89,10.27,5.99,51.62,6770000000.0,6770000000.0,8.24,3.08,1.12,5.56,1.12,2109999999.9999998,5.56,132900000.0,0.29,N/A,4.50,305300000.0,2.68,2240000000.0,1.47,16.82,759500000.0,1.28,0.36,92.00,8180000.0,11.80,6.90,9000000.0,outperform
355,2010-09-25 07:08:51,1285412931.0,hrs,39.58,-19.48,1134.280029,-0.42,-19.06,55.14,10.61,1.11,2.60,10.79,17.93,12.68,27.67,40.36,6500000000.0,6500000000.0,9.57,1.91,1.25,5.92,1.25,1870000000.0,5.92,555700000.0,4.28,N/A,12.50,459900000.0,3.56,1210000000.0,1.91,17.18,6500000000.0,0.98,0.45,85.40,3360000.0,2.80,N/A,3140000.0,underperform
356,2007-03-21 08:58:39,1174481919.0,hrs,41.64,-5.67,1435.040039,-7.35,1.6799999999999997,0.389,20.53,1.72,3.63,8.74,15.92,12.86,20.20,28.835,6590000000.0,6920000000.0,N/A,1.03,1.81,9.38,1.81,1100000000.0,9.38,335500000.0,2.40,213.30,20.70,367900000.0,2.744,699200000.0,1.751,13.531,404500000.0,1.73,0.56,83.70,3480000.0,2.8,2.60,3290000.0,outperform
357,2008-02-09 02:06:45,1202540805.0,hrs,44.92,-17.79,1326.449951,-36.23,18.439999999999998,0.45,14.65,1.50,3.28,10.71,14.62,11.33,25.81,36.302,7440000000.0,7810000000.0,N/A,0.94,1.62,8.975,1.62,1370000000.0,8.975,517000000.0,3.74,21.60,29.70,434900000.0,3.205,993100000.0,1.919,16.278,445100000.0,1.15,0.33,78.10,1060000.0,1.5,0.80,1030000.0,outperform
358,2008-04-15 00:01:02,1208232062.0,hrs,41.22,-39.69,1334.430054,-36.15,-3.539999999999999,0.45,13.04,1.38,2.99,10.71,14.60,11.32,25.81,36.302,6650000000.0,7200000000.0,N/A,0.79,1.49,8.285,1.49,1370000000.0,8.285,517000000.0,3.73,21.60,29.70,434900000.0,3.186,993100000.0,1.919,16.309,445100000.0,1.28,0.30,83.60,0.7,0.7,0.70,1020000.0,underperform
359,2007-03-19 19:30:27,1174347027.0,hrs,40.41,-1.31,1402.060059,-5.09,3.78,0.389,20.21,1.67,3.52,8.74,15.92,12.86,20.20,28.835,6490000000.0,6720000000.0,N/A,1.03,1.75,9.104,1.75,1100000000.0,9.104,335500000.0,2.40,213.30,20.70,367900000.0,2.744,699200000.0,1.751,13.531,404500000.0,1.73,0.56,83.70,3480000.0,2.8,2.60,3290000.0,outperform
360,2012-11-18 17:15:45,1353276945.0,hrs,43.26,42.93,1353.329956,32.38,10.549999999999997,106.73,N/A,0.98,2.83,3.29,17.25,10.10,27.53,47.80,6920000000.0,6920000000.0,8.94,3.06,1.29,6.05,1.29,1880000000.0,6.05,550400000.0,1.63,N/A,5.60,330900000.0,2.91,1980000000.0,1.88,16.35,894700000.0,1.34,0.41,89.90,4340000.0,4.10,3.90,4870000.0,outperform
361,2013-05-13 02:02:15,1368424935.0,hrs,46.51,59.08,1633.77002,16.14,42.94,114.84,31.34,1.02,3.17,3.60,16.47,9.96,29.49,46.47,6810000000.0,6810000000.0,10.49,3.25,1.31,6.49,1.31,1880000000.0,6.49,522100000.0,1.56,N/A,12.10,459100000.0,4.19,1920000000.0,1.47,15.33,882900000.0,1.21,0.41,86.30,4220000.0,3.80,3.80,5310000.0,outperform
362,2007-06-08 15:39:14,1181331554.0,hrs,43.36,8.23,1507.670044,-8.65,16.880000000000003,0.366,15.10,1.69,3.39,11.87,14.30,10.64,26.64,30.273,6890000000.0,7030000000.0,N/A,0.63,1.75,9.815,1.75,1100000000.0,9.815,477900000.0,3.40,196.40,21.70,522600000.0,3.892,730300000.0,1.508,14.985,442500000.0,1.38,0.56,86.70,3650000.0,3.9,2.70,3340000.0,outperform
363,2012-11-14 06:40:34,1352893234.0,hrs,43.79,41.54,1355.48999,32.1,9.439999999999998,106.73,N/A,1.02,2.94,3.29,17.25,10.10,27.53,47.80,7110000000.0,7110000000.0,9.24,3.18,1.32,6.22,1.32,1880000000.0,6.22,550400000.0,1.63,N/A,5.60,330900000.0,2.91,1980000000.0,1.88,16.35,894700000.0,1.34,0.41,89.90,4340000.0,4.10,3.90,4870000.0,outperform
364,2005-01-19 17:22:30,1106173350.0,px,34.61,30.6,1184.630005,8.48,22.12,0.857,20.83,2.20,4.09,10.94,16.88,8.18,21.44,18.906,13690000000.0,16640000000.0,17.64,2.03,2.65,10.29,2.65,2280000000.0,10.29,671000000.0,2.024,43.00,9.50,22000000.0,0.07,2890000000.0,0.97,10.375,1200000000.0,0.983,0.22,81.64,3430000.0,3.112,1.06,3570000.0,outperform
365,2007-06-04 17:06:04,1180991164.0,px,59.59,39.86,1539.180054,-10.49,50.35,0.836,22.11,2.59,4.92,12.13,18.05,9.00,23.93,26.254,22050000000.0,24880000000.0,N/A,1.57,2.94,10.736,2.94,3360000000.0,10.736,1030000000.0,3.13,17.80,7.40,26000000.0,0.082,3740000000.0,1.186,14.016,1810000000.0,0.73,0.03,N/A,3010000.0,2.8,0.90,3610000.0,outperform
366,2007-05-27 21:41:55,1180316515.0,px,,,1507.51001,-8.73,,0.836,21.99,2.57,4.87,12.13,18.05,9.00,23.93,26.254,21940000000.0,25650000000.0,N/A,1.57,3.03,11.07,3.03,3360000000.0,11.07,1030000000.0,3.13,17.80,7.40,26000000.0,0.082,3740000000.0,1.186,14.016,1810000000.0,0.73,0.03,N/A,3010000.0,2.8,0.90,3610000.0,underperform
367,2005-03-19 09:18:40,1111241920.0,px,39.03,22.47,1188.069946,9.87,12.6,0.977,22.77,2.34,4.30,10.86,16.73,8.19,21.27,19.903,15440000000.0,18960000000.0,17.42,1.99,2.88,11.28,2.88,2610000000.0,11.28,697000000.0,2.10,19.10,17.50,25000000.0,0.08,3530000000.0,0.93,11.149,1240000000.0,0.902,0.99,81.74,2720000.0,1.902,0.85,2610000.0,outperform
368,2003-12-14 17:25:13,1071440713.0,px,30.17,21.25,1071.209961,11.9,9.35,1.029,21.53,2.21,4.18,10.64,16.61,7.57,22.31,33.03,12100000000.0,15010000000.0,18.32,2.11,2.75,10.65,2.75,2180000000.0,10.65,570000000.0,3.455,4.90,0.60,46000000.0,0.28,2960000000.0,1.347,17.71,N/A,0.957,0.06,81.74,1760000.0,2.016,1.08,2310000.0,outperform
369,2013-05-10 12:17:11,1368202631.0,px,110.64,16.35,1633.699951,14.97,1.3800000000000008,127.95,20.65,3.00,5.48,14.76,21.51,8.29,25.87,37.86,42480000000.0,42480000000.0,16.95,1.54,3.77,12.35,3.77,4830000000.0,12.35,1660000000.0,5.53,6.70,1.70,113000000.0,0.38,8680000000.0,1.09,20.86,2820000000.0,0.75,0.10,0.50,3210000.0,2.70,1.10,3180000.0,outperform
370,2007-07-12 08:33:08,1184243588.0,px,65.38,22.65,1547.699951,-19.91,42.56,0.836,23.64,2.78,5.28,12.13,18.05,9.00,23.93,26.254,23580000000.0,27290000000.0,N/A,1.74,3.22,11.78,3.22,3360000000.0,11.78,1030000000.0,3.13,17.80,7.40,26000000.0,0.082,3740000000.0,1.186,14.016,1810000000.0,0.63,0.03,N/A,5670000.0,3.3,1.80,4230000.0,outperform
371,2005-09-12 06:32:19,1126521139.0,px,41.08,17.99,1240.560059,5.84,12.149999999999999,0.871,21.25,2.16,4.07,10.58,16.50,8.13,21.77,22.188,15830000000.0,19130000000.0,N/A,1.97,2.65,10.474,2.65,2610000000.0,10.474,762000000.0,2.30,19.40,19.70,28000000.0,0.087,3330000000.0,1.061,11.818,1490000000.0,N/A,0.19,83.20,4170000.0,3.2,1.30,3750000.0,outperform
372,2006-06-27 20:12:23,1151453543.0,px,43.88,41.98,1239.199951,21.56,20.419999999999998,0.826,22.60,2.16,4.11,9.62,17.09,8.49,19.60,24.262,16730000000.0,20320000000.0,N/A,1.78,2.59,9.848,2.59,3020000000.0,9.848,762000000.0,2.29,15.40,10.90,32000000.0,0.099,3410000000.0,0.99,12.766,1430000000.0,0.95,0.19,83.60,2350000.0,1.8,0.70,3400000.0,outperform
373,2008-01-25 10:58:34,1201276714.0,px,69.74,-22.6,1330.609985,-36.85,14.25,0.823,22.44,2.73,5.05,12.55,18.70,8.89,24.16,28.075,24540000000.0,28510000000.0,N/A,1.38,3.17,11.744,3.17,3360000000.0,11.744,1130000000.0,3.46,23.50,13.00,26000000.0,0.082,4000000000.0,0.954,15.39,1930000000.0,0.55,0.06,0.10,3020000.0,1.8,1.00,2680000.0,outperform
374,2005-09-04 22:45:44,1125888344.0,px,39.96,,1221.589966,7.32,,0.871,20.79,2.14,4.04,10.58,16.50,8.13,21.77,22.188,15490000000.0,18790000000.0,N/A,1.93,2.61,10.288,2.61,2610000000.0,10.288,762000000.0,2.30,19.40,19.70,28000000.0,0.087,3330000000.0,1.061,11.818,1490000000.0,N/A,0.19,83.20,4170000.0,3.2,1.30,3750000.0,underperform
375,2008-12-09 23:10:27,1228882227.0,px,50.49,48.19,888.669983,23.32,24.869999999999997,1.011,13.78,1.68,3.74,12.16,18.72,9.59,27.21,34.668,17560000000.0,23210000000.0,N/A,1.16,2.13,8.02,2.13,3850000000.0,8.02,1330000000.0,4.134,16.40,20.20,24000000.0,0.078,4940000000.0,0.837,15.859,1990000000.0,0.92,0.08,3.70,3340000.0,1.1,1.10,2440000.0,outperform
376,2008-05-24 21:10:03,1211677803.0,px,81.14,-22.52,1390.709961,-36.12,13.599999999999998,0.878,24.35,2.95,5.60,12.33,18.91,9.08,25.20,31.17,28750000000.0,33299999999.999996,N/A,1.77,3.37,12.463,3.37,3850000000.0,12.463,1220000000.0,3.77,15.80,22.40,21000000.0,0.067,4570000000.0,0.915,16.636,2040000000.0,0.82,0.05,1.70,3710000.0,1.9,1.20,3540000.0,outperform
377,2013-04-22 02:13:48,1366611228.0,px,106.51,22.69,1562.5,20.29,2.400000000000002,110.33,19.56,2.90,5.36,15.08,21.63,8.81,27.49,37.63,39710000000.0,39710000000.0,16.05,1.53,3.54,11.58,3.54,4830000000.0,11.58,1690000000.0,5.61,1.40,0.10,157000000.0,0.53,7360000000.0,1.13,20.47,2750000000.0,0.74,0.10,0.50,3180000.0,2.90,1.10,2980000.0,outperform
378,2005-04-10 04:31:32,1113121892.0,px,40.4,14.38,1191.140015,8.86,5.520000000000001,0.977,23.02,2.38,4.36,10.86,16.73,8.19,21.27,19.903,15610000000.0,19110000000.0,17.61,2.00,2.90,11.37,2.90,2610000000.0,11.37,697000000.0,2.10,19.10,17.50,25000000.0,0.08,3530000000.0,0.93,11.149,1240000000.0,0.788,0.99,81.11,3370000.0,2.481,1.06,2720000.0,outperform
379,2012-11-04 11:00:48,1352044848.0,px,104.2,16.43,1427.589966,23.84,-7.41,108.30,19.55,2.87,5.36,15.13,22.06,9.22,27.49,37.53,39620000000.0,39620000000.0,17.64,1.89,3.53,11.42,3.53,4790000000.0,11.42,1700000000.0,5.61,0.20,4.20,108000000.0,0.36,7140000000.0,1.12,20.24,2660000000.0,0.82,0.10,0.60,2870000.0,2.70,1.00,2600000.0,underperform
380,2011-10-11 09:44:36,1318340676.0,px,94.89,5.11,1195.540039,19.83,-14.719999999999999,90.38,23.68,2.87,4.81,12.43,21.15,9.23,21.98,35.12,36850000000.0,36850000000.0,16.50,1.41,3.44,11.40,3.44,N/A,11.40,1330000000.0,4.31,14.60,13.10,80000000.0,0.27,6120000000.0,1.38,21.18,36850000000.0,0.82,0.08,0.90,6210000.0,3.00,2.00,5070000.0,underperform
381,2013-04-23 04:44:32,1366706672.0,adt,42.59,-31.23,1578.780029,18.79,-50.019999999999996,48.01,25.49,2.96,1.93,12.52,23.47,5.20,7.70,13.96,11770000000.0,11770000000.0,21.49,2.20,3.63,8.65,3.63,1850000000.0,8.65,406000000.0,1.72,12.90,1.80,382000000.0,1.74,2530000000.0,1.05,22.61,1560000000.0,1.72,0.12,86.70,4950000.0,3.20,2.20,5530000.0,underperform
382,2013-05-09 13:05:42,1368119142.0,adt,43.51,-29.12,1626.670044,15.48,-44.6,69.94,25.57,3.09,2.18,12.53,23.22,5.09,8.18,14.10,12640000000.0,12640000000.0,21.91,2.23,3.88,9.21,3.88,1850000000.0,9.21,408000000.0,1.74,1.90,1.70,419000000.0,1.85,3230000000.0,1.14,20.42,1600000000.0,1.72,0.12,86.70,8220000.000000001,2.40,3.70,4950000.0,underperform
383,2011-12-27 06:24:14,1324985054.0,anf,46.38,-5.99,1265.430054,12.2,-18.189999999999998,1.36,21.80,1.07,2.23,5.04,9.03,7.48,10.58,45.58,3710000000.0,3710000000.0,11.42,0.90,0.93,6.24,0.93,2210000000.0,6.24,199880000.0,2.23,1.70,21.50,488340000.0,5.68,26320000.0,2.06,22.16,403720000.0,1.50,1.31,98.40,5500000.0,1.20,7.40,5940000.0,underperform
384,2013-05-12 21:50:41,1368409841.0,anf,51.43,-26.72,1626.670044,16.6,-43.32,3.52,18.89,0.92,2.30,5.25,8.25,7.62,12.64,55.05,3630000000.0,3630000000.0,13.20,0.89,0.81,6.08,0.81,2820000000.0,6.08,237010000.0,2.85,310.00,10.50,643510000.0,8.23,63940000.0,1.89,23.18,684170000.0,1.91,2.01,97.20,4590000.0,2.70,N/A,5120000.0,underperform
385,2008-08-19 22:29:30,1219199370.0,anf,44.29,-35.9,1266.689941,-21.33,-14.57,0.02,9.57,1.17,2.71,12.55,19.11,19.70,31.48,43.818,4370000000.0,4320000000.0,N/A,0.68,1.13,4.687,1.13,2510000000.0,4.687,477730000.0,5.251,3.40,7.80,187220000.0,2.154,33040000.0,1.707,19.021,798450000.0,1.4,0.56,102.00,8820000.0,2.2,10.30,8590000.0,underperform
386,2003-12-15 21:44:33,1071542673.0,anf,19.72,93.76,1068.040039,12.67,81.09,N/A,11.49,1.41,3.05,12.11,19.44,20.40,27.43,16.874,2270000000.0,1990000000.0,10.38,0.65,1.18,5.19,1.18,656050000.0,5.19,203640000.0,2.044,15.60,16.90,385190000.0,3.98,N/A,2.588,8.06,N/A,1.76,0.41,87.97,4500000.0,2.188,4.67,2870000.0,outperform
387,2005-01-28 05:22:27,1106907747.0,anf,42.51,31.29,1171.359985,7.97,23.32,1.958,23.41,2.29,5.69,10.92,17.56,16.98,24.01,19.529,4340000000.0,3890000000.0,17.34,1.15,2.05,9.55,2.05,717400000.0,9.55,206900000.0,2.126,5.20,7.00,443410000.0,5.09,1.958,1.958,8.74,364590000.0,1.865,7.06,95.00,3760000.0,2.112,4.65,2860000.0,outperform
388,2012-06-10 08:21:25,1339330885.0,anf,30.56,61.88,1314.98999,24.93,36.95,3.88,27.03,0.63,1.57,2.49,6.43,6.06,5.86,49.23,2360000000.0,2360000000.0,7.53,0.49,0.56,4.69,0.56,2520000000.0,4.69,105500000.0,1.19,88.10,10.10,359520000.0,4.36,65709999.99999999,2.04,20.51,330880000.0,2.21,1.43,92.80,5420000.0,2.10,7.60,6310000.0,outperform
389,2008-08-28 17:47:37,1219960057.0,anf,46.34,-33.73,1300.680054,-20.89,-12.839999999999996,0.057,9.98,1.16,2.57,12.32,18.90,17.90,29.36,44.471,4560000000.0,4280000000.0000005,N/A,0.68,1.11,4.607,1.11,2510000000.0,4.607,474290000.0,5.25,4.20,5.10,301040000.0,3.46,100000000.0,1.694,20.065001,N/A,1.4,0.57,101.90,8820000.0,2.2,10.30,8590000.0,underperform
390,2004-10-12 05:47:19,1097574439.0,anf,30.7,34.79,1121.839966,4.98,29.81,2.617,16.84,1.90,3.74,11.95,19.34,18.30,25.30,18.569,3530000000.0,2880000000.0,14.02,0.91,1.58,6.78,1.58,717400000.0,6.78,217260000.0,2.214,5.20,7.00,582150000.0,6.16,2.617,2.617,9.774,341300000.0,1.56,0.38,95.00,3960000.0,1.937,4.21,3080000.0,outperform
391,2008-04-17 07:31:59,1208431919.0,anf,63.88,-66.39,1365.560059,-36.32,-30.07,0.027,13.71,1.62,3.76,12.69,19.46,18.94,31.47,42.979,6140000000.0,5540000000.0,N/A,0.78,1.48,6.062,1.48,2510000000.0,6.062,475700000.0,5.20,9.40,7.90,648530000.0,7.525,43360000.0,2.099,18.783001,817830000.0,1.43,0.67,97.70,7140000.0,3.3,8.40,7370000.0,underperform
392,2006-06-18 23:44:20,1150688660.0,anf,49.51,36.86,1256.160034,21.88,14.98,N/A,14.96,1.74,4.80,12.08,19.29,22.19,40.28,33.061,5030000000.0,4620000000.0,N/A,0.75,1.59,6.68,1.59,1850000000.0,6.68,349870000.0,3.82,39.30,20.20,412650000.0,4.689,N/A,2.036,11.918,457930000.0,1.12,0.59,87.40,3380000.0,1.6,3.90,3600000.0,outperform
393,2008-08-26 08:52:14,1219755134.0,anf,44.76,-32.02,1271.51001,-19.14,-12.880000000000003,0.057,9.66,1.15,2.53,12.32,18.90,17.90,29.36,44.471,4410000000.0,4210000000.0,N/A,0.68,1.09,4.531,1.09,2510000000.0,4.531,474290000.0,5.25,4.20,5.10,301040000.0,3.46,100000000.0,1.694,20.065001,N/A,1.4,0.57,101.90,8820000.0,2.2,10.30,8590000.0,underperform
394,2008-02-16 21:41:31,1203216091.0,anf,69.18,-73.27,1367.209961,-38.91,-34.36,0.019,15.20,1.79,4.65,12.49,20.58,21.52,34.93,41.69,6490000000.0,6160000000.0,N/A,0.84,1.68,6.634,1.68,2210000000.0,6.634,457130000.0,4.96,15.20,12.80,361220000.0,4.193,26210000.0,1.826,16.336,727550000.0,1.36,7.81,87.70,5690000.0,3.2,6.70,5120000.0,underperform
395,2004-04-11 04:03:14,1081670594.0,anf,28.14,80.56,1139.319946,3.68,76.88,2.688,16.11,2.04,3.99,12.01,19.42,18.74,25.60,17.195,3220000000.0,2700000000.0,12.85,0.85,1.58,8.14,1.58,656050000.0,8.14,205100000.0,2.073,15.60,16.90,521070000.00000006,5.4,2.688,2.688,9.057,304230000.0,1.583,0.48,87.25,5210000.0,2.417,5.42,5330000.0,outperform
396,2008-11-05 12:09:43,1225904983.0,anf,23.68,35.01,952.7700199999999,11.95,23.06,0.076,5.07,0.60,1.33,12.32,18.90,17.90,29.36,44.471,2320000000.0,2150000000.0,N/A,0.49,0.56,2.305,0.56,2510000000.0,2.305,474290000.0,5.25,4.20,5.10,301040000.0,3.459,132400000.0,1.694,20.065001,735540000.0,1.62,15.33,91.80,5460000.0,1.1,6.40,5360000.0,outperform
397,2007-03-08 11:40:48,1173372048.0,anf,65.14,-1.75,1401.890015,-7.74,5.99,N/A,16.28,1.99,4.69,12.72,19.83,20.37,35.18,37.684,6590000000.0,6060000000.0,N/A,0.81,1.83,7.595,1.83,1850000000.0,7.595,422190000.0,4.588,20.40,18.40,529750000.0,6.003,N/A,2.139,15.935,N/A,2.14,0.59,90.30,3370000.0,3.80,3.80,4300000.0,outperform
398,2008-01-23 22:53:05,1201146785.0,anf,68.07,-73.38,1338.599976,-38.18,-35.199999999999996,0.019,15.65,1.74,4.52,12.49,20.58,21.52,34.93,41.69,6680000000.0,6020000000.0,N/A,0.92,1.65,6.487,1.65,2210000000.0,6.487,457130000.0,4.96,15.20,12.80,361220000.0,4.193,26210000.0,1.826,16.336,727550000.0,1.46,0.61,95.30,5120000.0,4.4,6.10,5220000.0,underperform
399,2011-11-15 05:16:26,1321352186.0,anf,52.32,-23.41,1257.810059,7.77,-31.18,1.39,25.99,1.30,2.62,5.27,9.45,7.74,10.74,43.24,4420000000.0,4420000000.0,12.75,1.02,1.17,7.48,1.17,2210000000.0,7.48,199010000.0,2.20,64.40,22.90,539610000.0,6.21,26290000.0,2.23,21.70,4420000000.0,1.64,1.31,98.40,6670000.0,3.20,8.90,6340000.0,underperform
400,2003-10-03 19:00:10,1065222010.0,anf,24.57,10.7,1029.849976,8.25,2.4499999999999993,N/A,14.58,1.71,3.63,12.13,19.44,20.68,27.93,16.59,2850000000.0,2450000000.0,11.91,0.70,1.48,6.37,1.48,656050000.0,6.37,200870000.0,N/A,15.60,16.90,385190000.0,3.98,N/A,2.588,8.06,N/A,1.717,0.41,91.90,3780000.0,2.144,3.93,2490000.0,outperform
401,2008-08-29 23:37:03,1220067423.0,anf,46.39,-34.4,1282.829956,-19.86,-14.54,0.057,9.99,1.18,2.61,12.32,18.90,17.90,29.36,44.471,4560000000.0,4360000000.0,N/A,0.69,1.13,4.692,1.13,2510000000.0,4.692,474290000.0,5.25,4.20,5.10,301040000.0,3.46,100000000.0,1.694,20.065001,N/A,1.4,0.57,101.90,8820000.0,2.2,10.30,8590000.0,underperform
402,2011-10-23 13:43:24,1319391804.0,anf,65.46,-54.12,1215.390015,17.97,-72.09,1.39,31.62,1.60,3.21,5.27,9.45,7.74,10.74,43.24,5540000000.0,5540000000.0,14.82,1.20,1.46,9.38,1.46,2210000000.0,9.38,199010000.0,2.20,64.40,22.90,539610000.0,6.21,26290000.0,2.23,21.70,5540000000.0,1.66,1.31,98.40,5990000.0,2.40,8.00,6810000.0,underperform
403,2008-12-29 16:51:53,1230587513.0,anf,19.3,68.19,869.419983,29.53,38.66,0.078,4.59,0.51,1.08,11.15,16.99,15.63,26.24,43.557,1870000000.0,1780000000.0,N/A,0.56,0.47,2.079,0.47,2510000000.0,2.079,420600000.0,4.68,45.70,8.00,298040000.0,3.424,139730000.0,1.763,20.686001,583360000.0,1.74,0.57,97.80,9410000.0,1.5,11.00,8109999.999999999,outperform
404,2011-08-18 11:52:30,1313682750.0,anf,54.88,-37.74,1140.650024,24.33,-62.07,3.66,31.41,1.57,2.97,5.18,9.33,7.49,10.05,41.18,5020000000.0,5020000000.0,13.86,1.29,1.39,8.84,1.39,2210000000.0,8.84,186460000.0,2.07,N/A,21.60,741820000.0,8.46,69870000.0,2.72,21.84,5020000000.0,1.74,1.31,98.40,7420000.0,3.60,9.90,6880000.0,underperform
405,2013-03-30 07:22:01,1364642521.0,anf,44.19,-15.8,1562.849976,18.31,-34.11,3.60,14.62,0.80,2.04,5.84,9.30,8.75,14.47,55.05,3050000000.0,3050000000.0,11.35,0.71,0.68,4.76,0.68,2520000000.0,4.76,263190000.0,3.16,784.50,10.50,645650000.0,8.18,63940000.0,1.84,22.49,N/A,2.04,2.01,97.20,5390000.0,2.00,7.60,5860000.0,underperform
406,2012-11-07 15:11:00,1352319060.0,anf,31.39,2.29,1394.530029,25.29,-23.0,8.13,32.99,0.66,1.66,2.08,5.81,5.36,4.97,50.32,2620000000.0,2620000000.0,11.30,0.80,0.61,5.52,0.61,2520000000.0,5.52,88990000.0,1.03,51.60,3.80,332260000.0,4.02,137830000.0,1.78,20.54,346040000.0,2.21,1.40,93.80,10100000.0,4.70,14.20,9790000.0,underperform
407,2012-10-14 07:23:23,1350213803.0,anf,32.05,3.71,1432.839966,19.35,-15.64,8.13,31.85,0.65,1.63,2.08,5.81,5.36,4.97,50.32,2530000000.0,2530000000.0,10.84,0.77,0.59,5.33,0.59,2520000000.0,5.33,88990000.0,1.03,51.60,3.80,332260000.0,4.02,137830000.0,1.78,20.54,346040000.0,2.17,1.40,93.80,9790000.0,3.80,13.80,10180000.0,underperform
408,2005-02-27 08:07:02,1109509622.0,anf,46.25,25.56,1200.199951,7.83,17.729999999999997,1.597,23.70,2.34,7.37,10.76,17.29,16.79,27.08,21.252,4730000000.0,4380000000.0,15.86,1.06,2.16,12.52,2.16,717400000.0,12.52,217490000.0,2.29,5.20,7.00,350370000.0,4.02,1.597,1.597,7.349,364590000.0,1.798,7.06,95.00,3340000.0,1.829,4.12,3770000.0,outperform
409,2009-09-25 04:48:44,1253868524.0,anf,28.94,16.69,1044.380005,8.61,8.080000000000002,N/A,62.02,0.92,1.67,1.47,6.66,4.86,2.66,36.091,2520000000.0,2520000000.0,N/A,3.31,0.80,5.658,0.80,2360000000.0,5.658,46320000.0,0.53,N/A,23.30,426180000.0,4.845,82990000.0,2.224,19.808001,466020000.0,1.37,1.28,111.20,14870000.0,3.9,17.10,15700000.0,outperform
410,2008-09-01 18:33:05,1220308385.0,anf,,,1282.829956,-22.2,,0.057,9.99,1.18,2.61,12.32,18.90,17.90,29.36,44.471,4560000000.0,4360000000.0,N/A,0.69,1.13,4.696,1.13,2510000000.0,4.696,474290000.0,5.25,4.20,5.10,301040000.0,3.46,100000000.0,1.694,20.065001,N/A,1.29,0.56,101.00,8820000.0,2.2,10.30,8590000.0,underperform
411,2004-08-10 03:04:16,1092121456.0,anf,28.29,95.12,1079.040039,13.91,81.21000000000001,2.946,15.77,1.75,3.49,11.80,19.10,18.55,25.24,17.986,3180000000.0,2560000000.0,12.26,0.80,1.45,6.27,1.45,717400000.0,6.27,209230000.0,2.123,5.20,7.00,537360000.0,5.66,2.946,2.946,9.371,336510000.0,1.587,0.41,88.92,3480000.0,2.506,3.68,3800000.0,outperform
412,2004-06-07 20:30:50,1086654650.0,anf,31.39,85.15,1140.420044,4.98,80.17,2.688,17.91,2.02,3.54,12.01,19.42,18.74,25.60,17.195,3510000000.0,2930000000.0,13.80,0.91,1.71,7.35,1.71,717400000.0,7.35,205100000.0,2.073,5.20,7.00,521070000.00000006,5.52,2.688,2.688,10.298,281900000.0,1.602,0.37,92.22,3390000.0,2.106,3.60,3840000.0,outperform
413,2007-01-14 06:30:28,1168774228.0,anf,67.12,-6.69,1423.819946,-0.53,-6.16,N/A,18.53,2.17,5.62,12.37,19.20,20.78,37.95,35.733,6900000000.0,6520000000.0,N/A,0.99,2.08,8.646,2.08,1850000000.0,8.646,388620000.0,4.22,42.50,22.50,374370000.0,4.242,N/A,1.822,13.741,532280000.0,2.17,5.78,92.30,3570000.0,1.4,4.10,3830000.0,underperform
414,2011-11-03 07:46:55,1320320815.0,fslr,48.18,-53.22,1261.150024,12.14,-65.36,15.11,7.76,1.50,1.01,19.50,22.70,7.76,14.46,31.67,3930000000.0,3930000000.0,5.14,0.30,1.45,4.74,1.45,1180000000.0,4.74,529559999.99999994,6.09,11.10,26.10,762910000.0,8.83,608340000.0,3.25,46.61,3930000000.0,1.55,34.69,75.20,21080000.0,5.50,43.80,20340000.0,underperform
415,2011-09-03 08:40:17,1315053617.0,fslr,99.98,-80.33,1218.890015,14.82,-95.15,9.82,15.36,3.34,2.27,20.33,24.14,8.83,15.24,29.36,7670000000.0,7670000000.0,8.22,0.52,3.06,9.74,3.06,1180000000.0,9.74,509920000.0,5.87,61.60,9.40,464440000.0,5.38,361460000.0,3.10,42.66,7670000000.0,1.75,34.69,75.20,16910000.0,9.50,35.10,19380000.0,underperform
416,2012-11-04 01:03:24,1352005404.0,fslr,24.75,149.82,1427.589966,23.84,125.97999999999999,15.32,N/A,0.73,0.62,22.47,6.88,2.17,17.74,34.07,1770000000.0,1770000000.0,5.65,0.20,0.60,3.80,0.60,971750000.0,3.80,663630000.0,7.66,55.30,16.60,716990000.0,8.24,529690000.00000006,2.38,39.74,N/A,1.52,30.95,71.20,29800000.0,4.50,59.40,28590000.0,outperform
417,2012-03-07 17:08:49,1331158129.0,fslr,25.8,1.16,1352.630005,14.17,-13.01,18.23,N/A,0.86,0.66,1.43,13.92,4.74,1.11,32.14,2380000000.0,2380000000.0,6.14,1.00,0.86,3.84,0.86,971750000.0,3.84,39490000.0,0.46,N/A,8.30,671770000.0,7.77,664090000.0,2.68,42.14,33460000.0,1.76,31.87,87.10,13690000.0,2.90,28.40,16500000.0,underperform
418,2007-06-28 21:36:17,1183080977.0,fslr,90.13,195.41,1505.709961,-15.1,210.51,0.251,390.17,34.07,16.79,7.91,7.61,4.50,7.07,3.052,6520000000.0,6190000000.0,N/A,2.57,32.85,141.561,32.85,54240000.0,141.561,14900000.0,0.23,N/A,391.40,325340000.0,4.496,95830000.0,5.682,5.282,49720000.0,N/A,N/A,34.60,3550000.0,1.7,5.30,2300000.0,outperform
419,2012-09-11 10:40:30,1347374430.0,fslr,21.8,81.65,1433.560059,17.83,63.82000000000001,15.45,N/A,0.58,0.54,17.79,9.44,3.53,15.76,36.06,1580000000.0,1580000000.0,5.07,0.18,0.51,2.81,0.51,971750000.0,2.81,555030000.0,6.41,81.50,79.70,743690000.0,8.55,519270000.0,2.56,38.65,625710000.0,1.71,31.01,72.00,31860000.0,4.80,63.50,29270000.0,outperform
420,2008-03-20 01:14:47,1205990087.0,fslr,193.66,-37.84,1329.51001,-42.19,4.349999999999994,0.099,96.98,31.84,14.61,31.42,27.22,8.79,20.99,6.747,15490000000.0,15490000000.0,N/A,1.78,30.73,95.809,30.73,251400000.0,95.809,158350000.0,2.03,682.20,281.10,665550000.0,8.462,108170000.0,4.304,13.965,205950000.0,0.16,34.59,44.90,2990000.0,0.4,4.00,3300000.0,outperform
421,2011-11-06 18:50:47,1320623447.0,fslr,48.18,-51.58,1261.150024,12.38,-63.96,15.11,8.14,1.53,1.03,19.50,22.70,7.76,14.46,31.67,4130000000.0,4130000000.0,6.15,0.34,1.52,4.99,1.52,1180000000.0,4.99,529559999.99999994,6.09,11.10,26.10,762910000.0,8.83,608340000.0,3.25,46.61,4130000000.0,1.55,34.69,75.20,21080000.0,5.50,43.80,20340000.0,underperform
422,2013-02-09 00:59:30,1360389570.0,fslr,31.13,54.83,1512.119995,17.28,37.55,15.33,N/A,0.92,0.78,22.47,6.88,2.17,17.74,34.07,2520000000.0,2520000000.0,7.58,0.27,0.85,5.32,0.85,971750000.0,5.32,663630000.0,7.66,55.30,16.60,716990000.0,8.24,530210000.00000006,2.38,39.74,445380000.0,1.41,30.95,71.20,18990000.0,5.10,37.80,22250000.0,outperform
423,2007-03-14 19:47:41,1173916061.0,fslr,54.46,280.63,1387.170044,-5.17,285.8,0.196,804.56,28.79,9.44,2.94,2.08,0.52,1.87,2.397,3960000000.0,3660000000.0,N/A,N/A,27.10,318.286,27.10,16579999.999999998,318.286,3970000.0,0.07,N/A,288.00,308420000.0,4.264,80700000.0,7.461,5.688,N/A,N/A,N/A,31.10,1140000.0,3.1,1.80,N/A,outperform
424,2012-01-04 01:49:33,1325659773.0,fslr,34.7,-0.84,1277.300049,14.25,-15.09,15.15,5.88,1.07,0.72,19.50,23.02,7.87,14.46,31.67,2760000000.0,2760000000.0,8.54,0.34,1.02,3.31,1.02,1180000000.0,3.31,529559999.99999994,6.09,11.10,26.10,762910000.0,8.83,609780000.0,3.25,46.61,305620000.0,1.57,34.69,75.20,20880000.0,5.10,43.40,20610000.0,underperform
425,2008-12-20 13:35:25,1229798125.0,fslr,141.94,-4.38,904.419983,21.19,-25.57,0.121,41.35,11.03,8.07,27.47,35.06,14.62,23.54,12.765,11410000000.0,10860000000.0,N/A,0.77,10.72,27.1,10.72,251400000.0,27.1,278430000.0,3.40,115.60,119.30,715150000.0,8.819,167500000.0,3.233,17.083,359520000.0,1.92,45.32,52.70,9310000.0,1.5,11.90,7070000.0,underperform
426,2012-12-05 05:50:21,1354704621.0,fslr,29.94,99.67,1409.280029,26.66,73.01,15.33,N/A,0.81,0.69,22.47,6.88,2.17,17.74,34.07,2210000000.0,2210000000.0,7.24,0.24,0.75,4.66,0.75,971750000.0,4.66,663630000.0,7.66,55.30,16.60,716990000.0,8.24,530210000.00000006,2.38,39.74,445380000.0,1.55,30.95,71.20,25860000.0,5.50,51.50,28220000.0,outperform
427,2013-04-22 01:56:15,1366610175.0,fslr,38.75,83.54,1562.5,20.29,63.25000000000001,15.62,N/A,0.97,0.91,2.86,12.81,4.45,2.66,38.78,2880000000.0,2880000000.0,11.83,0.48,0.86,4.15,0.86,852750000.0,4.15,96340000.0,1.11,N/A,62.80,1000000000.0,11.52,563040000.0,2.57,41.37,762210000.0,1.35,30.94,74.20,16430000.0,3.40,32.70,18420000.0,outperform
428,2012-07-13 18:44:17,1342219457.0,fslr,14.17,215.1,1356.780029,21.8,193.29999999999998,26.95,N/A,0.45,0.38,22.44,7.44,2.46,17.86,31.22,1420000000.0,1420000000.0,3.58,0.14,0.53,3.08,0.53,971750000.0,3.08,604880000.0,7.01,N/A,12.40,663590000.0,7.65,864850000.0,2.48,37.01,5790000.0,1.51,31.01,72.00,27140000.0,3.80,54.10,24620000.0,outperform
429,2013-05-17 23:38:43,1368848323.0,fslr,49.98,23.83,1667.469971,13.26,10.569999999999999,15.32,10.61,1.17,1.15,11.37,15.17,5.70,11.98,41.67,3880000000.0,3880000000.0,15.01,0.72,1.07,4.86,1.07,852750000.0,4.86,412220000.0,4.71,N/A,51.90,1010000000.0,11.52,562660000.0,2.03,41.93,844800000.0,1.44,30.94,74.20,17070000.0,1.90,33.40,18430000.0,outperform
430,2007-10-25 04:02:01,1193299321.0,fslr,149.97,-19.63,1514.400024,-42.1,22.470000000000002,0.254,167.66,46.12,22.78,25.99,10.42,3.39,20.78,3.587,10830000000.0,10770000000.0,N/A,5.86,45.31,252.008,45.31,54240000.0,252.008,61780000.0,0.89,N/A,177.20,315010000.0,4.315,122210000.0,5.497,6.593,33900000.0,N/A,57.61,34.50,5620000.0,8.20,8.20,3560000.0,outperform
431,2011-10-22 04:01:28,1319270488.0,fslr,51.07,-50.77,1209.880005,20.45,-71.22,9.82,9.17,1.80,1.23,20.33,24.14,8.83,15.24,29.36,4410000000.0,4410000000.0,5.32,0.29,1.76,5.60,1.76,1180000000.0,5.60,509920000.0,5.87,61.60,9.40,464440000.0,5.38,361460000.0,3.10,42.66,4410000000.0,1.76,34.69,75.20,20340000.0,6.70,42.20,18850000.0,underperform
432,2007-03-23 14:46:41,1174675601.0,fslr,58.25,238.15,1436.109985,-9.59,247.74,0.196,874.12,31.17,10.22,2.94,2.08,2.70,1.87,2.397,4300000000.0,3980000000.0,N/A,4.30,29.48,159.709,29.48,54240000.0,159.709,3970000.0,0.07,N/A,288.00,308420000.0,4.262,80700000.0,7.461,5.688,186320000.0,N/A,N/A,31.00,1140000.0,3.1,1.70,N/A,outperform
433,2012-03-13 08:47:34,1331642854.0,fslr,27.32,-1.54,1395.949951,11.36,-12.899999999999999,18.23,N/A,0.81,0.61,1.43,13.92,4.74,1.11,32.14,2230000000.0,2230000000.0,6.06,0.93,0.81,3.59,0.81,971750000.0,3.59,39490000.0,0.46,N/A,8.30,671770000.0,7.77,664090000.0,2.68,42.14,33460000.0,1.76,31.87,87.10,18600000.0,3.40,38.60,13690000.0,underperform
434,2012-03-16 00:12:56,1331871176.0,fslr,29.08,-7.5,1404.170044,10.71,-18.21,18.23,N/A,0.85,0.64,1.43,13.92,4.74,1.11,32.14,2340000000.0,2340000000.0,6.54,0.98,0.85,3.77,0.85,971750000.0,3.77,39490000.0,0.46,N/A,8.30,671770000.0,7.77,664090000.0,2.68,42.14,33460000.0,1.76,31.87,87.10,18600000.0,3.40,38.60,13690000.0,underperform
435,2008-12-11 11:18:12,1229012292.0,fslr,117.57,13.21,873.590027,26.65,-13.439999999999998,0.121,35.18,9.58,7.01,27.47,35.06,14.62,23.54,12.765,9700000000.0,9160000000.0,N/A,0.63,9.04,22.85,9.04,251400000.0,22.85,278430000.0,3.40,115.60,119.30,715150000.0,8.82,167500000.0,3.233,17.083,359520000.0,1.92,45.32,52.60,7070000.0,1.2,9.10,5660000.0,underperform
436,2007-06-29 19:46:45,1183160805.0,fslr,89.29,224.93,1503.349976,-12.07,237.0,0.251,383.77,34.64,17.06,7.91,7.61,4.50,7.07,3.052,6420000000.0,6290000000.0,N/A,2.62,33.42,143.996,33.42,54240000.0,143.996,14900000.0,0.23,N/A,391.40,325340000.0,4.496,95830000.0,5.682,5.282,49720000.0,N/A,N/A,34.60,3550000.0,1.7,5.30,2300000.0,outperform
437,2007-01-12 09:33:41,1168612421.0,fslr,29.53,693.26,1430.72998,-1.51,694.77,0.586,N/A,21.24,13.58,11.76,13.22,N/A,N/A,1.815,2040000000.0,2080000000.0,N/A,N/A,21.65,283.645,21.65,16579999.999999998,283.645,11270000.0,0.21,149.80,146.00,31690000.0,0.457,71020000.0,1.275,2.16,6760000.0,N/A,N/A,N/A,0.1,0.1,0.20,N/A,outperform
438,2007-03-21 11:43:40,1174491820.0,fslr,54.5,255.34,1435.040039,-7.35,262.69,0.196,769.12,28.03,9.19,2.94,2.08,2.70,1.87,2.397,3780000000.0,3560000000.0,N/A,4.24,26.35,142.749,26.35,16579999.999999998,142.749,3970000.0,0.07,N/A,288.00,308420000.0,4.262,80700000.0,7.461,5.688,186320000.0,N/A,N/A,31.00,1140000.0,3.1,1.70,N/A,outperform
439,2007-08-25 10:28:28,1188052108.0,fslr,99.07,181.89,1464.069946,-12.73,194.61999999999998,0.254,110.23,28.93,14.29,25.99,10.42,6.02,20.78,3.587,7120000000.0,6930000000.0,N/A,1.77,29.15,111.793,29.15,54240000.0,111.793,61780000.0,0.89,N/A,177.20,315010000.0,4.315,122210000.0,5.497,6.593,33900000.0,N/A,0.58,34.90,3360000.0,1.4,4.90,4560000.0,outperform
440,2008-11-01 16:50:16,1225572616.0,fslr,115.75,9.26,930.090027,14.62,-5.359999999999999,0.121,42.24,11.53,8.43,27.47,35.06,14.62,23.54,12.765,11650000000.0,11100000000.0,N/A,0.71,10.96,27.727,10.96,251400000.0,27.727,278430000.0,3.40,115.60,119.30,715150000.0,8.82,167500000.0,3.233,17.083,N/A,1.51,45.91,53.00,3760000.0,0.8,4.90,3560000.0,underperform
441,2008-12-18 00:21:22,1229577682.0,fslr,137.88,-1.6,885.2800289999999,24.53,-26.130000000000003,0.121,41.72,10.13,7.41,27.47,35.06,14.62,23.54,12.765,11510000000.0,9720000000.0,N/A,0.68,9.59,24.253,9.59,251400000.0,24.253,278430000.0,3.40,115.60,119.30,715150000.0,8.819,167500000.0,3.233,17.083,359520000.0,1.92,45.32,52.70,9310000.0,1.5,11.90,7070000.0,underperform
442,2008-12-17 18:28:53,1229556533.0,fslr,141.94,-4.38,904.419983,21.19,-25.57,0.121,40.98,10.13,7.41,27.47,35.06,14.62,23.54,12.765,11300000000.0,9720000000.0,N/A,0.68,9.59,24.253,9.59,251400000.0,24.253,278430000.0,3.40,115.60,119.30,715150000.0,8.819,167500000.0,3.233,17.083,359520000.0,1.92,45.32,52.70,9310000.0,1.5,11.90,7070000.0,underperform
443,2012-07-26 11:13:45,1343315625.0,gmcr,17.77,319.98,1360.02002,24.38,295.6,20.84,8.60,0.80,1.29,9.48,15.02,10.90,20.51,22.72,3080000000.0,3080000000.0,5.87,0.23,0.89,4.64,0.89,904620000.0,4.64,329160000.0,2.08,42.30,36.70,146000000.0,0.94,450000000.0,2.36,13.84,245560000.0,0.43,15.66,80.80,29600000.0,5.20,25.10,27980000.0,outperform
444,2013-05-18 02:47:29,1368859649.0,gmcr,78.84,44.55,1658.780029,12.78,31.769999999999996,14.62,30.63,2.85,4.96,9.74,16.06,12.28,17.82,27.36,11630000000.0,11630000000.0,22.11,1.28,2.80,13.19,2.80,1270000000.0,13.19,405190000.0,2.60,42.30,13.50,221170000.0,1.49,350750000.0,2.67,16.04,712310000.0,0.33,18.20,86.10,31580000.0,12.10,37.90,32250000.0,outperform
445,2012-01-03 13:31:09,1325615469.0,gmcr,46.15,-6.65,1277.060059,14.51,-21.16,30.67,34.24,2.62,3.62,7.53,14.32,10.39,15.27,18.13,7510000000.0,7510000000.0,12.39,0.54,2.84,15.24,2.84,904620000.0,15.24,199500000.0,1.31,179.20,90.80,13020000.0,0.08,592910000.0,2.40,12.38,341370000.0,0.62,24.99,82.00,29200000.0,3.70,27.30,29270000.0,underperform
446,2012-10-22 08:18:24,1350908304.0,gmcr,23.81,164.26,1433.819946,22.38,141.88,18.76,11.03,1.03,1.68,9.55,14.68,10.70,17.08,23.41,4000000000.0,4000000000.0,9.53,0.54,1.10,5.80,1.10,904620000.0,5.80,346110000.0,2.17,30.10,21.20,138990000.0,0.89,418260000.0,2.46,14.24,314260000.0,0.32,18.40,79.90,44760000.0,6.00,37.90,40850000.0,outperform
447,2007-01-17 17:41:08,1169073668.0,gmcr,3.99,120.8,1430.619995,-6.81,127.61,1.374,50.61,N/A,N/A,3.75,8.20,6.68,12.48,30.021,N/A,494070000.0,N/A,1.92,2.19,18.514,2.19,82030000.0,18.514,8440000.0,1.07,37.00,83.70,1070000.0,0.139,102970000.0,1.751,N/A,12830000.0,29.61,32.64,49.10,6.6,6.6,9.70,N/A,outperform
448,2013-02-06 14:13:57,1360178037.0,gmcr,48.48,109.3,1512.119995,17.28,92.02,23.80,20.83,1.83,3.21,9.40,14.74,10.44,17.29,24.91,7530000000.0,7530000000.0,15.22,0.93,1.95,10.04,1.95,1270000000.0,10.04,362630000.0,2.28,21.90,33.00,58290000.0,0.39,540540000.0,2.54,14.81,477790000.0,0.31,18.40,79.90,31010000.0,7.50,37.30,32020000.000000004,outperform
449,2012-11-30 19:53:00,1354323180.0,gmcr,36.33,84.09,1416.180054,27.61,56.480000000000004,23.40,15.89,1.44,2.46,9.40,14.74,10.44,17.29,24.91,6030000000.0,6030000000.0,11.88,0.75,1.56,8.03,1.56,904620000.0,8.03,362630000.0,2.28,21.90,33.00,58290000.0,0.38,531530000.0,2.54,14.81,477790000.0,0.27,18.40,79.90,51450000.0,14.20,43.60,49710000.0,outperform
450,2003-11-03 16:25:14,1067894714.0,gmcr,1.6,5.0,1059.02002,6.76,-1.7599999999999998,0.419,26.99,1.34,4.50,6.10,10.73,12.18,19.92,15.338,151960000.0,162390000.0,20.92,1.56,1.46,9.92,1.46,43220000.0,9.92,5830000.0,0.807,1.20,4.60,0.05,0.05,13850000.0,1.635,4.74,N/A,0.55,41.24,43.43,N/A,18.5,5.42,N/A,underperform
451,2011-10-11 22:06:58,1318385218.0,gmcr,92.75,-76.42,1195.540039,19.83,-96.25,23.40,90.54,6.16,7.84,6.54,13.82,9.81,12.18,16.43,14600000000.0,14600000000.0,35.87,1.49,6.31,35.27,6.31,425760000.0,35.27,151120000.0,1.03,206.20,126.50,76190000.0,0.50,429930000.0,2.13,11.87,14600000000.0,1.10,24.99,82.00,15520000.0,5.10,14.50,15380000.0,underperform
452,2009-06-17 17:47:18,1245275238.0,gmcr,18.55,45.66,910.7100220000001,22.55,23.109999999999996,N/A,53.79,3.30,11.90,6.34,8.30,9.57,27.85,17.589,2240000000.0,2240000000.0,N/A,2.07,3.48,30.362,3.48,176910000.0,30.362,40780000.0,1.06,117.90,60.00,2640000.0,0.07,118740000.0,1.773,4.748,48190000.0,1.49,27.96,151.20,9650000.0,31.60,31.60,9610000.0,outperform
453,2005-05-18 13:59:17,1116439157.0,gmcr,2.27,38.33,1185.560059,6.43,31.9,0.325,28.17,1.50,4.76,6.16,10.10,12.22,19.10,20.134,222980000.0,234410000.0,21.53,1.57,1.56,11.91,1.56,54080000.0,11.91,8279999.999999999,1.108,24.90,17.70,6530000.0,0.91,15410000.0,1.651,6.636,16030000.000000002,1.165,30.01,52.00,N/A,7.913,3.64,N/A,outperform
454,2004-05-21 16:38:36,1085171916.0,gmcr,1.41,60.99,1093.560059,8.41,52.58,0.258,20.96,1.04,3.51,6.05,11.36,12.95,19.37,17.466,133580000.00000001,143070000.0,15.71,1.13,1.12,7.59,1.12,49010000.0,7.59,6670000.0,0.907,5.00,16.70,0.06,0.06,9800000.0,1.442,5.413,11320000.0,0.474,41.65,46.92,N/A,37.667,11.02,N/A,outperform
455,2013-04-23 17:47:41,1366753661.0,gmcr,55.67,68.33,1578.780029,18.79,49.54,18.46,24.10,2.03,3.61,9.05,14.99,11.23,16.95,26.31,8510000000.0,8510000000.0,17.33,1.00,2.11,10.57,2.11,1270000000.0,10.57,365800000.0,2.32,3.00,15.60,98530000.0,0.66,422320000.0,2.29,15.29,682830000.0,0.31,18.20,86.10,34400000.0,11.30,41.30,33990000.0,outperform
456,2007-06-08 15:37:19,1181331439.0,gmcr,5.2,75.19,1507.670044,-8.65,83.84,1.063,62.67,1.96,6.38,3.23,7.92,8.76,11.79,36.917,550480000.0,642960000.0,N/A,2.63,2.29,17.912,2.29,82030000.0,17.912,9080000.0,1.13,59.30,77.20,0.03,0.03,91810000.0,1.84,11.122,19480000.0,0.34,31.35,64.20,14.5,14.5,15.40,N/A,outperform
457,2011-09-04 02:03:53,1315116233.0,gmcr,103.72,,1204.420044,16.78,,23.40,100.15,6.93,8.82,6.54,13.82,9.81,12.18,16.43,16210000000.0,16210000000.0,39.68,1.69,7.01,39.16,7.01,425760000.0,39.16,151120000.0,1.03,206.20,126.50,76190000.0,0.50,429930000.0,2.13,11.87,16210000000.0,0.97,24.99,82.00,14690000.0,4.50,13.70,15080000.0,underperform
458,2007-04-06 18:35:18,1175898918.0,gmcr,4.62,51.73,1437.77002,-4.89,56.62,1.24,63.17,1.99,6.05,3.23,7.87,7.10,10.92,32.426,484280000.0,580110000.0,N/A,2.42,2.37,19.569,2.37,82030000.0,19.569,7910000.0,0.99,18.10,30.50,3730000.0,0.484,99540000.0,1.947,10.419,12810000.0,0.35,31.35,48.20,13.5,13.5,15.60,N/A,outperform
459,2011-11-03 19:52:23,1320364343.0,gmcr,66.28,-61.63,1261.150024,12.14,-73.77000000000001,23.40,63.96,4.08,5.20,6.54,13.82,9.81,12.18,16.43,9790000000.0,9790000000.0,25.24,1.10,4.24,23.66,4.24,425760000.0,23.66,151120000.0,1.03,206.20,126.50,76190000.0,0.50,429930000.0,2.13,11.87,9790000000.0,0.41,24.99,82.00,17070000.0,4.60,16.00,15180000.0,underperform
460,2008-12-22 20:39:58,1229996398.0,pfe,13.62,14.17,871.6300050000001,28.27,-14.1,0.243,10.86,2.39,1.73,21.64,31.52,8.58,15.69,7.242,114360000000.0,107070000000.0,N/A,7.13,2.19,5.244,2.19,37180000000.0,5.244,10510000000.0,1.56,199.30,0.10,26020000000.0,3.858,16350000000.000002,2.243,9.975,16030000000.000002,0.51,0.11,69.30,57800000.0,0.9,0.90,56390000.0,underperform
461,2008-12-17 18:29:42,1229556582.0,pfe,13.67,11.34,904.419983,21.19,-9.850000000000001,0.243,11.16,2.40,1.74,21.64,31.52,8.58,15.69,7.242,117530000000.0,107470000000.0,N/A,6.85,2.20,5.264,2.20,37180000000.0,5.264,10510000000.0,1.56,199.30,0.10,26020000000.0,3.858,16350000000.000002,2.243,9.975,16030000000.000002,0.51,0.11,69.30,57800000.0,0.9,0.90,56390000.0,underperform
462,2012-11-11 18:31:25,1352676685.0,pfe,22.77,33.64,1377.51001,28.63,5.010000000000002,48.26,18.97,2.90,2.27,15.58,31.42,N/A,N/A,8.27,194870000000.0,194870000000.0,10.51,6.26,3.13,7.26,3.13,52340000000.0,7.26,9750000000.0,1.27,14.20,18.70,24340000000.0,3.26,38590000000.0,N/A,10.64,N/A,0.67,0.02,69.80,71040000.0,2.70,0.90,60390000.0,outperform
463,2006-07-21 14:16:23,1153505783.0,pfe,16.61,9.69,1240.290039,24.66,-14.97,0.166,14.76,3.42,2.50,23.39,30.62,8.25,17.40,6.934,174390000000.0,166950000000.0,N/A,1.96,3.28,7.899,3.28,42770000000.0,7.899,11930000000.0,1.61,1265.80,3.30,15500000000.0,2.116,11570000000.0,1.902,9.495,15500000000.0,0.75,0.10,64.60,59860000.0,2.3,0.80,57660000.0,underperform
464,2003-10-13 05:19:09,1066036749.0,pfe,19.85,-0.76,1045.349976,7.32,-8.08,0.212,49.94,6.72,3.44,10.50,17.24,6.06,12.32,5.511,239430000000.0,238630000000.0,14.74,1.18,6.66,36.97,6.66,28330000000.0,36.97,3760000000.0,0.62,17.20,0.40,15960000000.0,2.05,14920000000.0,1.568,N/A,N/A,0.392,0.99,65.34,59510000.0,2.437,0.77,57420000.0,underperform
465,2011-11-02 06:21:21,1320229281.0,pfe,17.54,30.73,1237.900024,15.32,15.41,46.89,18.05,2.22,1.70,12.71,25.17,5.50,9.83,8.48,166520000000.0,166520000000.0,8.48,2.76,2.46,6.70,2.46,51530000000.0,6.70,8610000000.0,1.07,5.50,0.90,25560000000.0,3.28,41720000000.0,1.99,11.34,166520000000.0,0.76,0.05,70.90,79300000.0,1.60,1.00,88110000.0,outperform
466,2006-08-13 11:59:43,1155484783.0,pfe,18.27,-4.05,1271.810059,14.24,-18.29,N/A,17.51,3.69,2.74,21.19,31.55,N/A,N/A,6.999,188020000000.0,184250000000.0,N/A,4.30,3.60,8.51,3.60,42770000000.0,8.51,10850000000.0,1.475,30.30,5.50,15500000000.0,2.129,11570000000.0,N/A,9.495,N/A,0.75,0.10,63.30,54500000.0,2.1,0.70,59860000.0,underperform
467,2006-11-13 19:01:33,1163462493.0,pfe,18.38,-4.84,1384.420044,6.98,-11.82,0.116,14.96,3.55,2.67,24.17,31.82,9.49,18.49,7.163,185810000000.0,180760000000.0,N/A,2.59,3.46,8.19,3.46,42770000000.0,8.19,12610000000.0,1.723,111.60,9.00,12830000000.0,1.78,8070000000.0,2.189,9.625,17860000000.0,0.79,0.10,63.90,44110000.0,1.9,0.60,56170000.0,underperform
468,2008-10-27 04:34:43,1225096483.0,pfe,12.75,12.08,848.919983,25.27,-13.19,0.251,10.61,2.36,1.73,21.64,31.52,N/A,N/A,7.242,111700000000.0,102300000000.0,N/A,1.82,2.10,5.066,2.10,37180000000.0,5.066,10510000000.0,1.56,199.30,0.10,26180000000.0,3.884,16690000000.000002,N/A,9.863,N/A,0.67,0.11,69.30,62900000.0,0.90,0.90,67430000.0,underperform
469,2006-11-30 11:59:22,1164905962.0,pfe,19.51,-9.53,1400.630005,5.75,-15.28,0.116,15.71,3.74,2.81,24.17,31.82,9.49,18.49,7.163,195190000000.0,190570000000.0,N/A,2.68,3.65,8.634,3.65,42770000000.0,8.634,12610000000.0,1.72,111.60,9.00,12830000000.0,1.78,8070000000.0,2.189,9.625,17860000000.0,0.79,0.10,67.90,44730000.0,1.2,0.60,44110000.0,underperform
470,2006-12-06 13:36:57,1165430217.0,pfe,17.6,1.99,1412.900024,6.68,-4.6899999999999995,0.116,14.41,3.43,2.58,24.17,31.82,9.49,18.49,7.163,178960000000.0,174350000000.0,N/A,2.42,3.34,7.899,3.34,42770000000.0,7.899,12610000000.0,1.72,111.60,9.00,12830000000.0,1.78,8070000000.0,2.189,9.625,17860000000.0,0.81,0.10,67.10,44730000.0,1.2,0.60,44110000.0,underperform
471,2013-04-22 01:16:36,1366607796.0,pfe,29.41,3.54,1562.5,20.29,-16.75,45.90,16.00,3.73,2.74,24.70,32.54,6.42,11.59,7.93,228160000000.0,228160000000.0,13.05,3.17,3.87,8.70,3.87,47650000000.0,8.70,9490000000.0,1.94,N/A,N/A,32710000000.0,4.55,37490000000.0,2.15,11.16,17050000000.0,0.81,0.02,72.60,54590000.0,1.90,0.80,69860000.0,underperform
472,2011-04-25 20:02:15,1303776135.0,pfe,17.72,17.04,1335.25,2.75,14.29,49.89,19.67,2.33,1.81,12.18,26.53,5.51,9.29,8.44,174340000000.0,174340000000.0,8.82,2.82,2.57,6.79,2.57,51530000000.0,6.79,8260000000.0,1.02,276.80,6.20,28010000000.0,3.50,44040000000.0,2.11,10.95,174340000000.0,0.71,0.05,70.90,70580000.0,1.30,0.90,63020000.0,outperform
473,2011-11-16 22:32:32,1321500752.0,pfe,17.75,25.63,1236.910034,9.41,16.22,45.35,13.59,2.22,1.70,16.66,27.79,6.17,11.45,8.70,164890000000.0,164890000000.0,8.47,2.65,2.40,6.11,2.40,51530000000.0,6.11,10180000000.0,1.44,331.60,7.50,28980000000.0,3.77,41050000000.0,2.25,11.71,164890000000.0,0.90,0.05,70.90,69280000.0,1.60,0.90,79300000.0,outperform
474,2004-06-21 09:47:12,1087825632.0,pfe,23.1,-16.58,1130.300049,7.37,-23.95,0.258,202.46,5.48,3.91,3.06,6.45,1.40,2.51,6.412,270350000000.00003,274450000000.0,14.95,1.24,5.58,33.31,5.58,35360000000.0,33.31,1490000000.0,0.175,57.20,39.60,13950000000.0,1.83,17840000000.0,1.436,9.021,10980000000.0,0.417,0.99,65.11,33560000.0,1.893,0.44,49330000.0,underperform
475,2006-06-16 09:28:03,1150464483.0,pfe,16.33,17.02,1251.540039,21.1,-4.080000000000002,0.166,14.59,3.39,2.48,23.39,30.62,8.25,17.40,6.934,172410000000.0,168640000000.0,N/A,2.40,3.32,7.979,3.32,42770000000.0,7.979,11930000000.0,1.61,1265.80,3.30,15500000000.0,2.116,11570000000.0,1.902,9.495,15500000000.0,0.77,0.10,64.30,57660000.0,2.5,0.80,48650000.0,underperform
476,2012-06-29 09:46:31,1340977591.0,pfe,21.29,26.54,1362.160034,17.7,8.84,46.72,18.27,2.54,2.03,14.45,29.36,6.40,9.55,8.61,183900000000.0,183900000000.0,9.63,4.21,2.77,6.71,2.77,52340000000.0,6.71,8279999999.999999,1.23,19.30,6.60,23990000000.0,3.20,39100000000.0,2.03,11.11,18370000000.0,0.66,0.02,71.70,66370000.00000001,2.00,0.90,72480000.0,outperform
477,2013-04-29 12:28:07,1367252887.0,pfe,28.93,7.85,1593.609985,17.87,-10.020000000000001,45.90,15.50,3.67,2.70,24.70,32.54,6.42,11.59,7.93,221190000000.0,221190000000.0,12.64,3.14,3.75,8.44,3.75,47650000000.0,8.44,9490000000.0,1.94,N/A,N/A,32710000000.0,4.55,37490000000.0,2.15,11.16,17050000000.0,0.81,0.02,72.60,63420000.0,1.90,0.90,54590000.0,underperform
478,2011-09-02 08:09:38,1314965378.0,pfe,16.58,34.98,1173.969971,20.15,14.829999999999998,46.89,17.66,2.18,1.67,12.71,25.17,5.50,9.83,8.48,164330000000.0,164330000000.0,8.26,2.23,2.43,6.61,2.43,51530000000.0,6.61,8610000000.0,1.07,5.50,0.90,25560000000.0,3.28,41720000000.0,1.99,11.34,164330000000.0,0.74,0.05,70.90,77040000.0,1.20,1.00,63600000.0,outperform
479,2007-10-21 07:09:43,1192964983.0,pfe,18.01,-25.1,1540.079956,-36.02,10.920000000000002,0.121,9.82,3.51,2.50,36.06,29.67,8.09,13.81,6.825,166740000000.0,152800000000.0,N/A,2.67,3.15,7.764,3.15,40730000000.0,7.764,9430000000.0,2.45,47.50,5.60,22250000000.0,3.212,8210000000.000001,2.75,9.814,13400000000.0,0.98,0.07,67.70,41840000.0,1.2,0.60,46990000.0,outperform
480,2012-01-02 04:15:13,1325495713.0,pfe,,,1257.599976,-21.64,,45.35,15.03,2.43,1.85,16.66,27.79,6.17,11.45,8.70,178500000000.0,178500000000.0,9.37,2.90,2.60,6.68,2.60,51530000000.0,6.68,10180000000.0,1.44,331.60,7.50,28980000000.0,3.77,41050000000.0,2.25,11.71,21240000000.0,0.89,0.05,70.90,64959999.99999999,1.40,0.80,66459999.99999999,underperform
481,2004-04-23 16:36:06,1082752566.0,pfe,23.79,-24.76,1140.599976,-0.27,-24.490000000000002,0.223,210.17,5.67,4.28,3.05,7.22,1.45,2.62,6.402,277250000000.0,281460000000.0,15.28,1.24,5.73,84.83,5.73,35360000000.0,84.83,1490000000.0,0.173,57.20,39.60,11950000000.0,1.57,14570000000.0,1.257,8.541,11740000000.0,0.38,0.99,64.36,49330000.0,2.594,0.65,37810000.0,underperform
482,2011-04-24 04:48:46,1303634926.0,pfe,17.41,17.81,1337.380005,2.21,15.599999999999998,49.89,19.35,2.40,1.86,12.18,26.53,5.51,9.29,8.44,179130000000.0,179130000000.0,8.68,2.82,2.64,6.97,2.64,51530000000.0,6.97,8260000000.0,1.02,276.80,6.20,28010000000.0,3.50,44040000000.0,2.11,10.95,179130000000.0,0.71,0.05,70.90,70580000.0,1.30,0.90,63020000.0,outperform
483,2012-01-30 04:34:27,1327916067.0,pfe,19.58,33.35,1313.01001,14.84,18.51,45.35,14.92,2.42,1.85,16.66,27.79,6.17,11.45,8.70,177270000000.0,177270000000.0,9.34,2.85,2.58,6.63,2.58,51530000000.0,6.63,10180000000.0,1.44,331.60,7.50,28980000000.0,3.77,41050000000.0,2.25,11.71,21240000000.0,0.89,0.03,72.40,63380000.0,1.60,0.80,61290000.0,outperform
484,2006-08-19 01:09:44,1155964184.0,pfe,18.82,-8.82,1295.430054,8.94,-17.759999999999998,0.135,18.34,3.85,2.88,21.19,31.66,9.19,16.23,6.999,197230000000.0,191510000000.0,N/A,4.50,3.74,8.725,3.74,42770000000.0,8.725,10850000000.0,1.475,30.30,2.50,14750000000.0,2.023,9230000000.0,2.044,9.384,16850000000.000002,0.75,0.10,63.30,54500000.0,2.1,0.70,59860000.0,underperform
485,2006-09-01 12:28:36,1157128116.0,pfe,19.67,-7.98,1311.01001,11.65,-19.630000000000003,0.135,18.68,3.93,2.94,21.19,31.66,9.19,16.23,6.999,200950000000.0,195580000000.0,N/A,3.58,3.82,8.91,3.82,42770000000.0,8.91,10850000000.0,1.48,30.30,2.50,14750000000.0,2.023,9230000000.0,2.044,9.384,16850000000.000002,0.75,0.10,66.00,44490000.0,1.4,0.60,54500000.0,underperform
486,2006-07-19 23:41:13,1153366873.0,pfe,16.24,11.58,1259.810059,23.28,-11.700000000000001,0.166,14.45,3.25,2.38,23.39,30.62,8.25,17.40,6.934,170730000000.0,160430000000.0,N/A,1.95,3.15,7.591,3.15,42770000000.0,7.591,11930000000.0,1.613,1265.80,3.30,15500000000.0,2.116,11570000000.0,1.902,9.495,15500000000.0,0.75,0.10,64.60,59860000.0,2.3,0.80,57660000.0,underperform
487,2006-09-01 17:40:00,1157146800.0,pfe,19.67,-7.98,1311.01001,11.65,-19.630000000000003,0.135,18.88,3.93,2.94,21.19,31.66,9.19,16.23,6.999,203080000000.0,195580000000.0,N/A,3.58,3.82,8.91,3.82,42770000000.0,8.91,10850000000.0,1.475,30.30,2.50,14750000000.0,2.023,9230000000.0,2.044,9.384,16850000000.000002,0.75,0.10,66.00,44490000.0,1.4,0.60,54500000.0,underperform
488,2005-02-07 03:00:52,1107763252.0,pfe,16.54,4.17,1201.719971,4.42,-0.25,0.275,20.38,3.48,2.64,17.61,22.21,7.55,13.46,6.746,182480000000.0,182220000000.0,10.96,1.27,3.53,12.19,3.53,35360000000.0,12.19,9070000000.0,1.19,57.20,39.60,19280000000.0,2.56,18810000000.0,1.547,9.054,14750000000.0,0.406,0.98,63.03,23100000.0,0.414,0.31,29040000.0,underperform
489,2006-11-13 14:45:39,1163447139.0,pfe,18.38,-4.84,1384.420044,6.98,-11.82,0.116,14.92,3.55,2.67,24.17,31.82,9.49,18.49,7.163,185380000000.0,180760000000.0,N/A,2.59,3.46,8.19,3.46,42770000000.0,8.19,12610000000.0,1.723,111.60,9.00,12830000000.0,1.78,8070000000.0,2.189,9.625,17860000000.0,0.79,0.10,63.90,44110000.0,1.9,0.60,56170000.0,underperform
490,2013-01-30 10:11:50,1359558710.0,pfe,26.16,14.76,1501.959961,19.46,-4.700000000000001,47.36,21.69,3.25,2.48,15.58,31.27,6.42,11.34,8.27,219940000000.0,219940000000.0,11.79,4.29,3.54,8.22,3.54,52340000000.0,8.22,9750000000.0,1.28,14.20,15.90,22980000000.0,3.12,38890000000.0,1.96,11.09,17059999999.999998,0.66,0.02,69.80,62150000.0,2.10,0.80,58350000.0,underperform
491,2004-12-09 00:35:39,1102570539.0,pfe,18.17,-22.45,1189.23999,5.9,-28.35,0.275,23.15,3.96,3.00,17.55,22.14,7.55,13.46,6.755,207100000000.0,205180000000.0,11.90,1.16,3.96,14.7,3.96,35360000000.0,14.7,9070000000.0,1.188,57.20,39.60,18680000000.0,2.48,18810000000.0,1.547,9.054,14750000000.0,0.372,0.98,64.67,26500000.0,0.803,0.36,27470000.0,underperform
492,2011-11-06 22:32:04,1320636724.0,pfe,17.86,28.56,1261.150024,12.38,16.18,46.89,13.69,2.29,1.75,16.66,27.79,N/A,N/A,8.70,169640000000.0,169640000000.0,8.51,2.55,2.47,6.23,2.47,51530000000.0,6.23,10180000000.0,1.44,331.60,6.30,25560000000.0,3.28,41720000000.0,N/A,11.34,169640000000.0,0.90,0.05,70.90,79300000.0,1.60,1.00,88110000.0,outperform
493,2009-03-27 12:33:58,1238171638.0,pfe,11.37,30.69,815.9400019999999,43.11,-12.419999999999998,N/A,11.97,2.01,1.69,16.78,34.77,9.27,13.10,7.179,90630000000.0,90630000000.0,N/A,7.08,1.88,4.142,1.88,40180000000.0,4.142,8020000000.0,1.20,N/A,N/A,23730000000.0,3.518,17280000000.0,1.595,8.521,18240000000.0,0.7,0.07,68.30,120410000.0,1.4,1.80,92920000.0,underperform
494,2004-08-03 23:20:18,1091589618.0,pfe,21.3,-14.84,1099.689941,13.22,-28.060000000000002,N/A,31.23,4.78,N/A,15.60,19.44,6.64,11.77,6.664,247610000000.0,245910000000.0,13.69,1.22,4.78,24.59,4.78,35360000000.0,24.59,8010000000.0,1.039,57.20,39.60,N/A,N/A,N/A,N/A,N/A,10980000000.0,0.414,0.99,65.03,42770000.0,2.739,0.57,40830000.0,underperform
495,2012-03-11 13:28:28,1331486908.0,pfe,19.67,36.55,1365.910034,13.93,22.619999999999997,47.16,16.89,2.40,1.98,14.85,29.32,6.45,10.23,8.63,174220000000.0,174220000000.0,9.14,3.35,2.58,6.32,2.58,52340000000.0,6.32,8700000000.0,1.27,50.20,3.50,26760000000.0,3.55,38960000000.0,2.06,10.84,20240000000.0,0.65,0.03,72.40,50770000.0,1.40,0.60,49390000.0,outperform
496,2008-01-23 13:57:27,1201114647.0,pfe,16.98,-19.67,1338.599976,-38.18,18.509999999999998,0.13,10.52,3.15,2.28,30.88,29.74,8.23,10.26,6.87,151830000000.0,138320000000.0,N/A,1.90,2.87,7.032,2.87,40730000000.0,7.032,6990000000.0,2.113,77.40,2.40,22300000000.0,3.265,8690000000.0,2.92,9.738,14060000000.0,1.16,0.10,67.30,38310000.0,1.1,0.60,46840000.0,outperform
497,2008-01-17 04:24:27,1200561867.0,mar,30.0,-44.17,1333.25,-36.24,-7.93,1.786,18.07,0.90,7.10,5.69,7.60,7.10,34.00,33.887,12080000000.0,14460000000.0,N/A,1.11,1.11,12.203,1.11,1690000000.0,12.203,740000000.0,1.82,7.10,12.50,208000000.0,0.566,2950000000.0,1.268,4.489,735000000.0,1.04,22.90,51.60,8810000.0,3.1,2.90,7370000.0,underperform
498,2005-04-10 22:09:04,1113185344.0,mar,30.88,6.15,1191.140015,8.86,-2.709999999999999,0.325,27.27,1.51,3.74,5.49,4.72,6.65,15.47,42.027,15230000000.0,15790000000.0,20.14,1.59,1.56,24.55,1.56,1080000000.0,24.55,594000000.0,2.47,18.70,12.00,770000000.0,3.41,1330000000.0,0.826,18.073999,891000000.0,1.151,13.94,59.82,5320000.0,4.564,2.74,4960000.0,underperform
499,2011-10-05 04:28:37,1317803317.0,mar,26.97,40.01,1144.030029,27.74,12.27,257.22,20.86,0.77,8.14,4.09,6.74,5.82,41.70,33.13,12040000000.0,12040000000.0,15.85,1.35,1.00,12.23,1.00,1480000000.0,12.23,492000000.0,1.30,13.40,7.30,117000000.0,0.33,2920000000.0,1.01,3.22,12040000000.0,1.60,21.70,66.90,17610000.0,3.50,6.50,17320000.0,outperform
500,2012-11-27 02:24:44,1354001084.0,mar,33.72,37.54,1398.939941,29.19,8.349999999999998,N/A,21.93,4.19,N/A,20.02,45.32,10.49,N/A,8.09,13520000000.0,13520000000.0,17.18,1.08,5.10,9.99,5.10,1600000000.0,9.99,531000000.0,1.58,N/A,37.40,105000000.0,0.33,2510000000.0,0.43,4.13,1010000000.0,1.32,23.45,61.30,15760000.0,4.50,7.20,14810000.0,outperform
501,2004-09-24 18:24:37,1096064677.0,mar,22.83,20.37,1110.109985,9.02,11.350000000000001,0.373,22.62,1.19,2.97,6.00,5.40,7.08,14.37,39.556,11430000000.0,12700000000.0,18.15,1.39,1.32,18.45,1.32,900000000.0,18.45,537000000.0,2.207,81.20,6.80,164000000.0,0.72,1430000000.0,0.796,16.798,704000000.0,1.081,13.93,59.23,4630000.0,3.687,2.35,4480000.0,outperform
502,2007-04-10 20:12:43,1176250363.0,mar,45.99,-31.14,1448.390015,-6.48,-24.66,0.7,35.23,1.59,7.42,5.00,8.34,7.54,24.43,30.092,19310000000.0,20980000000.0,N/A,1.75,1.73,17.196,1.73,1690000000.0,17.196,717000000.0,1.41,8.90,6.00,193000000.0,0.497,1830000000.0,1.314,6.721,970000000.0,1.14,23.06,56.90,9570000.0,3.9,2.90,7290000.0,underperform
503,2008-12-25 21:01:21,1230256881.0,mar,,,871.6300050000001,28.27,,2.133,12.42,0.48,4.45,4.16,8.36,7.56,39.30,37.175,6390000000.0,9320000000.0,N/A,0.92,0.71,7.198,0.71,1960000000.0,7.198,605000000.0,1.47,28.20,0.70,117000000.0,0.335,3050000000.0,1.353,4.09,1030000000.0,1.16,35.42,45.50,19140000.0,3.5,6.50,15700000.0,underperform
504,2008-10-10 22:22:03,1223691723.0,mar,17.53,45.12,899.2199710000001,17.61,27.509999999999998,2.133,12.73,0.47,4.33,4.16,8.36,7.56,39.30,37.175,6550000000.0,9100000000.0,N/A,1.00,0.69,7.031,0.69,1960000000.0,7.031,605000000.0,1.474,28.20,0.70,117000000.0,0.335,3050000000.0,1.353,4.09,1030000000.0,1.02,23.93,56.30,16730000.0,4.4,5.80,15240000.0,outperform
505,2003-11-14 03:33:01,1068798781.0,mar,21.0,24.14,1050.349976,10.72,13.42,0.461,26.72,1.23,2.96,5.11,4.18,5.47,11.59,36.255,10760000000.0,12040000000.0,22.38,1.63,1.36,22.6,1.36,573000000.0,22.6,422000000.0,1.742,17.40,16.90,113000000.0,0.49,1680000000.0,0.668,15.78,N/A,1.135,14.07,64.05,6590000.0,5.728,3.32,6070000.0,outperform
506,2004-01-29 15:46:58,1075409218.0,mar,20.66,40.9,1134.109985,3.28,37.62,0.461,25.62,1.16,2.81,5.11,4.18,5.47,11.59,36.255,10320000000.0,11810000000.0,20.89,1.63,1.34,22.15,1.34,573000000.0,22.15,422000000.0,1.742,17.40,16.90,113000000.0,0.49,1680000000.0,0.668,15.78,N/A,1.144,14.07,62.59,6890000.0,10.115,3.47,5690000.0,outperform
507,2013-04-26 11:34:11,1366990451.0,mar,40.6,39.7,1582.23999,18.53,21.17,N/A,24.21,5.40,N/A,23.70,38.90,9.56,N/A,7.47,15760000000.0,15760000000.0,17.57,1.85,6.54,14.56,6.54,1580000000.0,14.56,571000000.0,1.72,28.40,24.10,88000000.0,0.28,2940000000.0,0.53,4.13,989000000.0,1.31,24.12,57.70,7670000.0,3.10,3.80,8119999.999999999,outperform
508,2009-10-11 22:42:15,1255315335.0,mar,25.29,33.61,1065.47998,9.37,24.240000000000002,N/A,99.63,0.81,6.73,0.83,4.26,3.54,6.88,33.422,12250000000.0,12250000000.0,N/A,5.95,1.04,17.829,1.04,1620000000.0,17.829,98000000.0,0.27,76.40,19.60,125000000.0,0.352,2850000000.0,1.413,3.982,631000000.0,1.52,21.34,66.40,31230000.0,7.2,11.30,27480000.0,outperform
509,2004-05-17 11:27:36,1084807656.0,mar,21.05,35.82,1084.099976,8.27,27.55,0.471,23.09,1.16,2.91,6.04,5.08,6.86,13.56,37.721,10710000000.0,12230000000.0,18.00,1.37,1.32,19.26,1.32,900000000.0,19.26,503000000.0,2.05,81.20,6.80,203000000.0,0.9,1730000000.0,0.771,16.242001,513000000.0,1.07,14.01,63.44,5780000.0,5.03,2.97,6340000.0,outperform
510,2007-02-23 00:44:22,1172209462.0,mar,45.6,-27.37,1451.189941,-6.28,-21.09,0.605,35.00,1.61,7.38,5.00,8.34,N/A,24.09,30.092,19530000000.0,21130000000.0,N/A,1.74,1.74,17.057,1.74,1310000000.0,17.057,717000000.0,1.41,7.20,6.00,136000000.0,0.344,1640000000.0,N/A,6.743,N/A,1.22,22.57,55.90,6930000.0,3.6,2.10,7070000.0,underperform
511,2008-10-09 21:37:18,1223602638.0,mar,16.53,52.99,909.919983,17.76,35.230000000000004,2.124,12.00,0.50,4.64,4.16,8.36,N/A,N/A,37.175,6220000000.0,9580000000.0,N/A,1.07,0.73,7.351,0.73,1960000000.0,7.351,605000000.0,1.474,28.20,2.50,125000000.0,0.355,3050000000.0,N/A,4.079,N/A,1.02,23.93,56.30,16730000.0,4.4,5.80,15240000.0,outperform
512,2005-09-12 17:40:27,1126561227.0,mar,28.51,25.92,1240.560059,5.84,20.080000000000002,0.392,24.51,1.28,3.80,5.69,3.80,2.92,16.08,47.5,13460000000.0,14610000000.0,N/A,1.39,1.37,26.323,1.37,1080000000.0,26.323,603000000.0,2.54,13.80,10.80,471000000.0,2.173,1430000000.0,0.881,16.566999,921000000.0,N/A,13.55,59.40,4640000.0,5.6,2.50,4840000.0,outperform
513,2004-12-16 17:41:54,1103236914.0,mar,28.59,8.57,1203.209961,5.33,3.24,0.366,26.29,1.41,3.69,5.82,5.38,6.96,15.35,40.599,13990000000.0,15040000000.0,22.11,1.70,1.53,21.52,1.53,900000000.0,21.52,576000000.0,2.38,81.20,6.80,202000000.0,0.9,1380000000.0,0.701,16.802,848000000.0,1.119,13.91,60.20,4080000.0,3.755,2.12,5240000.0,outperform
514,2004-06-28 22:50:20,1088477420.0,vrsn,16.44,54.01,1133.349976,6.02,47.989999999999995,1.529,N/A,4.74,3.20,19.46,17.62,8.88,13.72,4.186,4790000000.0,4150000000.0000005,26.09,2.45,4.09,35.42,4.09,608570000.0,35.42,197370000.0,0.825,N/A,13.70,657870000.0,2.65,1.529,1.529,6.045,305620000.0,3.401,2.69,82.73,9920000.0,2.862,4.11,8760000.0,outperform
515,2013-04-25 19:57:08,1366934228.0,vrsn,46.1,2.28,1585.160034,17.55,-15.270000000000001,N/A,23.44,7.92,N/A,36.63,52.26,14.56,N/A,5.57,5960000000.0,5960000000.0,18.19,1.48,6.83,11.66,6.83,705990000.0,11.66,312480000.0,1.96,96.30,13.00,1560000000.0,10.20,697610000.0,2.37,0.06,537630000.0,0.89,0.36,110.10,13870000.0,6.60,N/A,14070000.0,underperform
516,2011-09-27 02:38:08,1317105488.0,vrsn,29.49,62.09,1175.380005,21.95,40.14,N/A,6.49,6.53,N/A,107.21,40.58,8.75,20.36,4.22,3910000000.0,3910000000.0,15.99,1.19,5.41,11.20,5.41,523900000.0,11.20,45160000.0,4.49,N/A,13.10,1390000000.0,8.38,584970000.0,2.34,0.03,3910000000.0,0.73,0.31,106.30,10180000.0,2.90,N/A,6540000.0,outperform
517,2006-08-15 18:32:55,1155681175.0,vrsn,15.15,65.87,1285.579956,9.42,56.45,0.074,6.64,2.69,1.77,44.03,11.39,3.75,19.20,6.206,4340000000.0,3670000000.0,N/A,1.19,2.36,8.871,2.36,1100000000.0,8.871,425250000.0,2.69,747.20,11.90,683470000.0,2.814,174000000.0,1.273,9.705,479480000.0,2.69,0.38,81.60,10470000.0,4.1,4.30,11850000.0,outperform
518,2007-06-18 03:43:33,1182152613.0,vrsn,24.81,36.44,1531.050049,-11.76,48.199999999999996,0.074,10.89,4.57,3.02,44.03,11.39,3.75,19.20,6.206,7120000000.0,6610000000.0,N/A,1.83,4.25,15.97,4.25,1100000000.0,15.97,425250000.0,2.69,747.20,11.90,683470000.0,2.814,174000000.0,1.273,9.705,479480000.0,2.5,0.32,84.50,11140000.0,4.4,4.60,10370000.0,outperform
519,2006-05-28 12:18:30,1148833110.0,vrsn,18.93,,1272.880005,19.08,,N/A,15.65,3.41,2.68,23.63,12.62,4.58,5.94,6.251,5540000000.0,4780000000.0,N/A,1.51,3.00,11.485,3.00,1100000000.0,11.485,112410000.0,1.44,59.80,3.50,759430000.0,3.098,N/A,1.181,8.292,530650000.0,2.88,0.37,80.20,7770000.0,2.1,3.20,10730000.0,underperform
520,2006-11-28 13:13:32,1164737612.0,vrsn,19.71,70.73,1386.719971,5.93,64.80000000000001,0.074,8.55,3.59,2.37,44.03,11.39,3.75,19.20,6.206,5590000000.0,5080000000.0,N/A,1.65,3.27,12.28,3.27,1100000000.0,12.28,425250000.0,2.69,747.20,11.90,683470000.0,2.814,174000000.0,1.273,9.705,479480000.0,2.35,5.57,82.80,9320000.0,2.8,3.90,9820000.0,outperform
521,2007-02-12 06:47:08,1171280828.0,vrsn,21.91,37.61,1433.369995,-5.9,43.51,0.074,9.55,4.06,2.68,44.03,11.39,3.75,19.20,6.206,6250000000.0,N/A,N/A,1.79,N/A,N/A,N/A,1100000000.0,N/A,425250000.0,2.69,747.20,11.90,683470000.0,2.814,174000000.0,1.273,9.705,479480000.0,2.77,0.32,82.00,8910000.0,3.2,3.70,10660000.0,outperform
522,2009-06-16 21:06:06,1245200766.0,vrsn,15.4,63.05,911.9699710000001,22.22,40.83,N/A,N/A,3.60,6.07,30.73,29.95,6.68,24.13,5.068,3160000000.0,3160000000.0,N/A,0.95,3.22,8.252,3.22,734380000.0,8.252,123360000.0,1.56,N/A,8.40,942390000.0,4.887,569040000.0,1.842,3.021,450970000.0,0.8,0.25,108.20,15560000.0,4.9,8.10,15990000.0,outperform
523,2009-06-18 19:51:54,1245369114.0,vrsn,15.77,58.72,918.3699949999999,21.68,37.04,N/A,N/A,3.61,6.08,30.73,29.95,6.68,24.13,5.068,3170000000.0,3170000000.0,N/A,0.95,3.23,8.278,3.23,734380000.0,8.278,123360000.0,1.56,N/A,8.40,942390000.0,4.887,569040000.0,1.842,3.021,450970000.0,0.8,0.25,108.20,15560000.0,4.9,8.10,15990000.0,outperform
524,2004-12-09 10:23:22,1102605802.0,vrsn,28.75,-31.72,1189.23999,5.9,-37.62,1.325,224.59,7.90,5.16,3.68,6.17,1.72,2.60,4.237,8350000000.0,7750000000.0,37.26,3.37,7.29,52.55,7.29,608570000.0,52.55,39120000.0,0.146,N/A,13.70,605710000.0,2.38,1.325,1.325,6.385,314140000.0,3.332,2.68,85.96,11600000.0,2.026,4.68,11530000.0,underperform
525,2004-04-12 02:36:31,1081751791.0,vrsn,14.69,67.26,1145.199951,3.72,63.540000000000006,1.586,N/A,4.00,3.02,24.64,21.64,11.50,17.86,4.399,4219999999.9999995,3490000000.0,25.43,2.37,3.31,32.57,3.31,608570000.0,32.57,259880000.0,1.086,N/A,13.70,723690000.0,2.97,1.586,1.586,5.718,358440000.0,3.268,2.66,80.58,8780000.0,3.609,3.70,8450000.0,outperform
526,2007-01-24 04:35:13,1169631313.0,vrsn,20.04,40.17,1440.130005,-6.11,46.28,0.074,8.51,3.61,2.38,44.03,11.39,3.75,19.20,6.206,5570000000.0,N/A,N/A,1.59,N/A,N/A,N/A,1100000000.0,N/A,425250000.0,2.69,747.20,11.90,683470000.0,2.814,174000000.0,1.273,9.705,479480000.0,2.81,5.57,81.40,10660000.0,2.9,4.40,9750000.0,outperform
527,2003-11-24 22:46:56,1069732016.0,fitb,43.01,-10.04,1052.079956,11.87,-21.909999999999997,N/A,19.69,8.12,3.84,43.64,N/A,2.09,20.29,6.919,33240000000.000004,53350000000.0,16.82,1.58,13.24,N/A,13.24,5400000000.0,N/A,1730000000.0,2.967,49.50,2.80,2390000000.0,4.21,23000000000.0,N/A,14.98,N/A,0.505,20.00,54.76,8119999.999999999,3.608,1.78,9660000.0,underperform
528,2008-10-28 21:10:39,1225242639.0,fitb,9.7,-17.22,940.51001,10.86,-28.08,N/A,316.47,1.32,0.46,1.21,10.78,0.04,0.45,6.84,6210000000.0,25470000000.0,N/A,5.43,6.86,N/A,6.86,6490000000.0,N/A,19260000.0,0.03,N/A,42.30,3690000000.0,6.388,24260000000.0,N/A,18.521999,N/A,1.8,6.02,66.50,55690000.0,3.3,9.70,56770000.0,underperform
529,2008-06-07 02:21:47,1212819707.0,fitb,15.34,-58.6,1377.199951,-31.57,-27.03,N/A,8.92,1.98,1.00,21.30,30.58,0.95,10.47,8.847,8910000000.0,32119999999.999996,N/A,1.29,6.82,N/A,6.82,6490000000.0,N/A,1000000000.0,1.88,20.30,9.90,3280000000.0,6.157,26040000000.0,N/A,17.559,809000000.0,0.64,0.44,72.90,32200000.000000004,5.4,6.10,28560000.0,underperform
530,2006-08-20 02:24:49,1156055089.0,fitb,32.1,-3.71,1297.47998,11.41,-15.120000000000001,N/A,15.12,4.40,2.33,29.09,64.63,1.40,15.54,9.133,22280000000.0,41510000000.0,N/A,1.47,8.20,N/A,8.20,6350000000.0,N/A,1470000000.0,2.64,8.40,2.30,3050000000.0,5.467,22270000000.0,N/A,17.113001,4300000000.0,0.66,0.47,66.70,13810000.0,6.6,2.50,13360000.0,underperform
531,2012-03-10 13:12:34,1331403154.0,fitb,12.42,25.12,1352.630005,14.17,10.950000000000001,N/A,11.64,2.13,0.97,22.24,35.55,1.14,9.50,6.44,22830000000.0,22830000000.0,9.11,2.06,3.92,N/A,3.92,N/A,N/A,1090000000.0,1.18,5.70,12.80,4450000000.0,4.84,14610000000.0,N/A,13.92,2370000000.0,2.21,0.14,79.10,12250000.0,1.00,1.30,12790000.0,outperform
532,2006-06-23 02:33:40,1151044420.0,fitb,28.9,21.52,1244.5,21.56,-0.03999999999999915,N/A,13.58,4.03,2.17,29.58,65.21,1.45,16.38,9.203,20440000000.0,40670000000.0,N/A,1.37,7.99,N/A,7.99,6350000000.0,N/A,1500000000.0,2.71,10.40,3.20,2810000000.0,5.048,22930000000.0,N/A,16.999001,5010000000.0,0.64,0.47,67.50,15010000.0,2.70,2.70,16440000.000000002,underperform
533,2007-04-06 18:34:05,1175898845.0,fitb,32.0,-37.75,1437.77002,-4.89,-32.86,N/A,18.20,4.62,2.15,25.52,60.62,1.15,12.16,8.387,21580000000.0,33990000000.000004,N/A,1.40,7.30,N/A,7.30,6560000000.0,N/A,1180000000.0,2.13,80.40,31.60,3730000000.0,6.71,16129999999.999998,N/A,18.000999,3490000000.0,0.51,0.12,70.00,15190000.0,6.4,2.80,13590000.0,underperform
534,2011-11-04 12:13:53,1320423233.0,fitb,11.15,23.95,1253.22998,12.68,11.27,N/A,10.08,2.02,0.87,24.08,31.82,1.16,9.77,6.24,23640000000.0,23640000000.0,8.58,2.13,4.33,N/A,4.33,N/A,N/A,1060000000.0,1.19,60.10,21.70,2540000000.0,2.76,15120000000.0,N/A,13.73,23640000000.0,2.60,0.18,67.30,18590000.0,1.10,2.00,19990000.0,outperform
535,2008-01-25 12:43:14,1201282994.0,fitb,21.13,-82.96,1330.609985,-36.85,-46.10999999999999,N/A,12.40,2.82,1.45,21.81,30.97,1.04,11.43,9.363,13430000000.0,32610000000.0,N/A,N/A,6.48,N/A,6.48,6560000000.0,N/A,1100000000.0,2.03,42.40,30.10,2860000000.0,5.365,22030000000.0,N/A,17.431,N/A,0.73,0.43,71.30,12890000.0,2.6,2.40,11050000.0,underperform
536,2006-12-09 07:38:27,1165667907.0,fitb,32.42,-21.56,1412.900024,6.68,-28.24,N/A,15.20,4.37,2.21,28.74,64.15,1.38,14.95,9.137,22160000000.0,42920000000.0,N/A,1.91,8.48,N/A,8.48,6350000000.0,N/A,1450000000.0,2.61,4.60,0.20,2690000000.0,4.817,23440000000.0,N/A,17.941999,4219999999.9999995,0.54,0.47,70.80,13720000.0,8.6,2.50,16710000.0,underperform
537,2011-04-29 01:48:39,1304056119.0,fitb,12.16,10.53,1363.609985,1.99,8.54,N/A,16.68,2.43,1.04,20.40,24.68,0.92,8.03,6.20,21840000000.0,21840000000.0,9.33,1.19,4.33,N/A,4.33,N/A,N/A,660000000.0,0.81,N/A,37.80,2340000000.0,2.54,12180000000.0,N/A,12.81,21840000000.0,2.44,0.18,67.30,8450000.0,0.60,0.90,9220000.0,outperform
538,2012-01-04 03:02:13,1325664133.0,fitb,12.22,22.5,1277.300049,14.25,8.25,N/A,10.99,2.07,0.93,23.24,33.56,1.16,9.77,6.47,23200000000.0,23200000000.0,9.28,1.59,4.10,N/A,4.10,N/A,N/A,1050000000.0,1.19,60.10,39.80,5140000000.0,5.59,16629999999.999998,N/A,13.73,3670000000.0,2.64,0.18,67.30,20540000.0,1.70,2.20,19340000.0,outperform
539,2013-04-25 21:36:57,1366940217.0,fitb,16.22,26.33,1585.160034,17.55,8.779999999999998,N/A,10.11,2.30,1.08,24.69,39.75,1.31,11.30,7.11,23370000000.0,23370000000.0,9.90,2.14,3.68,N/A,3.68,N/A,N/A,1520000000.0,1.66,1.90,4.30,2400000000.0,2.75,11140000000.0,N/A,15.42,N/A,1.43,0.31,82.20,20440000.0,2.30,2.30,21650000.0,outperform
540,2008-12-04 09:34:05,1228401245.0,fitb,6.86,38.34,845.2199710000001,30.85,7.490000000000002,N/A,225.71,1.25,0.47,1.27,3.82,0.04,0.46,6.693,4560000000.0,25140000000.0,N/A,15.25,6.92,N/A,6.92,6490000000.0,N/A,19260000.0,0.04,N/A,41.10,3690000000.0,6.388,24260000000.0,N/A,16.648001,2290000000.0,1.25,0.42,85.20,50100000.0,5.6,8.70,51590000.0,outperform
541,2004-10-15 22:04:34,1097892274.0,fitb,36.74,-24.88,1108.199951,6.27,-31.15,N/A,15.75,6.82,3.04,43.91,N/A,1.88,20.23,7.046,27360000000.0,54240000000.0,13.74,1.21,13.49,N/A,13.49,5890000000.0,N/A,1770000000.0,3.095,7.30,2.40,2310000000.0,4.12,29100000000.0,N/A,16.111,8730000000.0,0.51,20.00,64.59,7870000.0,4.431,1.75,7370000.0,underperform
542,2003-10-26 16:06:32,1067202392.0,abc,13.33,-12.98,1033.77002,5.9,-18.880000000000003,0.592,30.65,0.14,1.69,0.86,1.73,3.56,11.90,211.815,6380000000.0,8449999999.999999,12.78,0.84,0.17,9.29,0.17,2020000000.0,9.29,416660000.0,1.86,175.70,179.40,224820000.0,2.01,2300000000.0,1.471,34.77,N/A,0.121,1.97,88.58,6260000.0,2.874,5.70,5980000.0,underperform
543,2005-12-04 08:46:13,1133703973.0,abc,18.02,17.81,1264.670044,11.42,6.389999999999999,0.223,32.05,0.15,1.92,0.49,1.22,3.61,6.77,516.503,8250000000.0,7880000000.0,N/A,1.47,0.14,10.568,0.14,2180000000.0,10.568,291920000.0,2.48,78.80,4.00,1320000000.0,12.676,952710000.0,1.32,41.382999,1530000000.0,N/A,0.57,100.70,5200000.0,4.8,5.10,7700000.0,outperform
544,2010-08-21 11:26:32,1282404392.0,abc,27.76,29.83,1094.160034,4.25,25.58,N/A,13.41,0.11,2.79,0.81,1.37,4.93,21.89,269.36,8260000000.0,8260000000.0,12.36,1.05,0.11,7.17,0.11,2100000000.0,7.17,625670000.0,2.16,37.40,6.60,1310000000.0,4.70,1360000000.0,1.09,10.43,8260000000.0,0.64,0.69,92.70,7540000.0,1.20,2.70,8900000.0,outperform
545,2005-03-30 19:52:42,1112230362.0,abc,12.66,71.25,1181.410034,10.06,61.19,0.291,14.67,0.11,1.36,0.81,1.48,3.62,10.10,460.193,6160000000.0,6710000000.0,14.07,1.23,0.13,7.68,0.13,2180000000.0,7.68,430770000.0,3.78,6.20,7.10,529539999.99999994,4.77,1230000000.0,1.343,39.708,1400000000.0,0.024,1.18,93.01,5510000.0,4.345,5.02,4260000.0,outperform
546,2007-04-05 16:11:07,1175803867.0,abc,24.56,-22.92,1443.76001,-5.08,-17.840000000000003,0.308,22.29,0.16,2.58,0.78,1.24,3.90,11.92,314.734,10220000000.0,10150000000.0,N/A,1.67,0.16,11.328,0.16,2230000000.0,11.328,492220000.0,2.42,25.60,14.10,1240000000.0,6.566,1210000000.0,1.198,20.795,864630000.0,0.74,3.35,95.60,N/A,N/A,N/A,N/A,underperform
547,2008-01-23 20:34:05,1201138445.0,abc,21.16,-17.58,1338.599976,-38.18,20.6,0.396,18.24,0.12,2.52,0.71,1.23,4.06,13.64,356.809,7650000000.0,N/A,N/A,1.20,N/A,N/A,N/A,2330000000.0,N/A,493770000.0,2.50,28.20,4.80,1110000000.0,6.595,1230000000.0,1.109,18.290001,1210000000.0,0.47,0.69,93.50,5900000.0,5.3,3.50,6500000.0,outperform
548,2009-02-09 08:47:34,1234187254.0,abc,17.97,41.62,869.8900150000001,23.06,18.56,N/A,24.55,0.09,2.20,0.36,1.20,4.19,16.90,444.64,5980000000.0,6700000000.0,N/A,1.00,0.10,7.241,0.10,2049999999.9999998,7.241,473180000.0,1.58,1.10,0.20,470920000.0,3.052,1190000000.0,1.059,17.601,533730000.0,0.57,12.54,83.40,3190000.0,2.1,2.10,4000000.0,outperform
549,2013-04-25 01:02:00,1366866120.0,abc,52.3,19.33,1585.160034,17.55,1.7799999999999976,59.73,19.22,0.16,5.54,0.90,1.58,5.07,27.11,327.31,13850000000.0,13850000000.0,15.17,1.52,0.17,9.69,0.17,2670000000.0,9.69,710450000.0,2.90,4.00,5.70,417400000.0,1.81,1400000000.0,0.96,10.16,632040000.0,0.66,0.18,93.60,8500000.0,3.00,3.70,10490000.0,outperform
550,2005-01-08 07:45:42,1105188342.0,abc,13.06,44.03,1183.73999,7.58,36.45,0.332,14.25,0.11,1.47,0.88,1.63,3.89,11.09,451.509,6090000000.0,6670000000.0,12.87,1.08,0.13,7.08,0.13,2180000000.0,7.08,468390000.0,4.062,6.20,7.10,871340000.0,8.29,1440000000.0,1.359,39.556,825080000.0,0.033,1.73,95.00,8090000.0,5.677,7.83,8760000.0,outperform
551,2004-05-16 19:24:15,1084749855.0,abc,13.32,10.44,1096.439941,6.32,4.119999999999999,0.412,14.05,0.13,1.55,0.93,1.78,3.94,12.09,441.08,6620000000.0,7710000000.0,13.08,0.95,0.15,7.75,0.15,2250000000.0,7.75,482700000.0,4.198,27.90,9.80,663760000.0,5.91,1750000000.0,1.365,37.967999,566770000.0,0.122,1.96,86.21,5400000.0,4.396,4.91,4860000.0,outperform
552,2005-05-26 01:50:44,1117086644.0,abc,14.86,35.2,1197.619995,6.89,28.310000000000002,0.23,19.23,0.13,1.65,0.72,1.32,3.25,9.01,466.43,6870000000.0,14150000000.0,16.57,1.45,0.27,17.97,0.27,2180000000.0,17.97,385260000.0,3.43,6.20,7.10,1150000000.0,11.07,957800000.0,1.258,39.949001,688700000.0,0.031,1.06,95.00,7780000.0,4.636,7.54,6390000.0,outperform
553,2011-07-08 00:04:15,1310097855.0,abc,40.66,,1343.800049,-4.74,,42.86,17.89,0.15,3.76,0.86,1.45,5.02,22.78,284.55,11240000000.0,11240000000.0,15.49,1.36,0.14,8.95,0.14,2360000000.0,8.95,679310000.0,2.41,18.40,2.40,1910000000.0,6.98,1340000000.0,1.10,11.45,11240000000.0,0.77,0.71,93.20,4820000.0,2.20,1.80,4410000.0,underperform
554,2004-10-20 01:31:26,1098250286.0,abc,11.55,48.05,1103.660034,6.72,41.33,0.331,12.13,0.11,1.36,0.95,1.77,4.06,12.00,445.314,5860000000.0,6510000000.0,12.58,0.91,0.12,6.5,0.12,2250000000.0,6.5,495930000.0,4.294,27.90,9.80,903170000.0,8.03,1460000000.0,1.39,39.075001,992100000.0,0.071,1.99,90.22,7530000.0,5.682,6.84,6800000.0,outperform
555,2007-02-20 06:12:02,1171969922.0,abc,25.02,-19.34,1459.680054,-6.83,-12.51,0.308,22.69,0.17,2.66,0.78,1.24,3.90,11.92,314.734,10400000000.0,10370000000.0,N/A,1.52,0.16,11.573,0.16,2230000000.0,11.573,492220000.0,2.42,25.60,14.10,1240000000.0,6.566,1210000000.0,1.198,20.795,864630000.0,0.87,3.29,68.50,N/A,N/A,N/A,N/A,underperform
556,2012-02-28 18:01:38,1330470098.0,abc,36.3,26.86,1372.180054,10.48,16.38,66.41,14.57,0.12,3.35,0.88,1.54,5.16,24.15,300.87,9280000000.0,9280000000.0,11.91,1.06,0.12,6.78,0.12,2540000000.0,6.78,708240000.0,2.59,1.00,2.40,2370000000.0,9.19,1930000000.0,1.06,11.24,1700000000.0,0.77,0.73,96.50,6160000.0,2.70,2.40,5580000.0,outperform
557,2004-01-28 07:37:34,1075293454.0,abc,12.65,3.0,1128.47998,4.08,-1.08,0.429,14.10,0.12,1.52,0.90,1.78,3.76,11.95,432.868,6320000000.0,7780000000.0,12.20,0.91,0.15,8.01,0.15,2250000000.0,8.01,456960000.0,3.998,27.90,9.80,283220000.0,2.53,1770000000.0,1.452,36.89,354820000.0,0.123,2.00,84.35,5480000.0,2.458,4.98,5780000.0,underperform
558,2013-04-25 21:29:31,1366939771.0,kmi,36.48,-12.72,1585.160034,17.55,-30.270000000000003,141.53,66.06,3.67,3.00,5.24,30.60,4.33,9.61,11.30,73550000000.0,73550000000.0,27.16,1.93,6.58,14.95,6.58,5210000000.0,14.95,987000000.0,0.59,290.50,64.80,1110000000.0,1.07,34390000000.0,0.66,13.19,N/A,0.79,5.90,73.30,10210000.0,2.80,1.50,10970000.0,underperform
559,2004-09-17 06:05:43,1095415543.0,kmi,,,1128.550049,8.74,,1.175,18.72,6.76,2.75,36.53,32.20,4.08,15.36,8.958,7560000000.0,10870000000.0,14.82,1.42,9.73,22.76,9.73,743640000.0,22.76,407870000.0,3.271,26.10,8.10,6720000.0,0.05,3220000000.0,0.275,22.187,535890000.0,0.46,22.21,59.22,2660000.0,5.357,2.76,2180000.0,underperform
560,2007-04-08 10:13:47,1176041627.0,kmi,,,1443.76001,-4.93,,3.763,200.36,1.21,4.07,0.61,17.20,6.07,1.31,89.071,14330000000.0,27450000000.0,N/A,1.95,2.32,9.827,2.32,3230000000.0,9.827,48700000.0,0.53,N/A,428.30,129800000.00000001,0.967,13250000000.0,0.438,26.252001,1710000000.0,0.25,21.62,60.90,2290000.0,3.7,2.10,1810000.0,underperform
561,2012-10-20 02:53:22,1350716002.0,kmi,32.38,2.53,1460.910034,18.63,-16.099999999999998,160.23,277.54,4.43,2.62,2.41,24.67,2.63,5.01,11.35,73690000000.0,73690000000.0,25.71,1.54,8.77,22.58,8.77,3320000000.0,22.58,834800000.0,0.13,N/A,11.00,676000000.0,0.65,37160000000.0,0.87,13.71,2420000000.0,N/A,6.01,94.40,8420000.0,2.10,10.70,8600000.0,underperform
562,2011-08-17 07:28:05,1313580485.0,kmi,22.9,36.29,1193.890015,18.56,17.73,175.72,53.75,2.32,5.47,4.46,18.93,N/A,N/A,11.43,33840000000.000004,33840000000.000004,20.87,2.90,4.19,13.13,4.19,2960000000.0,13.13,348800000.0,0.49,187.20,2.10,362400000.0,0.51,15470000000.0,0.54,4.85,33840000000.000004,N/A,N/A,N/A,12040000.0,10.40,5.40,12250000.0,outperform
563,2006-06-24 06:48:51,1151146131.0,kmi,,,1252.199951,21.56,,3.329,20.94,2.83,3.33,12.92,19.41,4.78,18.03,37.134,13300000000.0,26330000000.0,N/A,1.60,5.62,15.825,5.62,922810000.0,15.825,601570000.0,4.75,35.20,919.10,183600000.0,1.374,13220000000.0,0.549,29.709,1020000000.0,0.28,21.43,58.60,3000000.0,4.2,2.80,2810000.0,underperform
564,2003-12-15 20:35:17,1071538517.0,kmi,,,1068.040039,12.67,,1.32,18.43,6.15,2.62,33.41,23.80,3.69,15.02,8.934,6780000000.0,10180000000.0,14.86,1.39,9.23,26.91,9.23,578470000.0,26.91,368400000.0,2.984,34.50,3.80,6600000.0,0.05,3410000000.0,0.625,21.02,N/A,0.001,22.18,58.54,3350000.0,3.72,3.49,4070000.0000000005,underperform
565,2005-01-28 23:29:34,1106972974.0,kmi,,,1171.359985,7.97,,1.094,17.43,8.21,3.33,45.37,34.16,5.27,19.19,9.327,9140000000.0,12150000000.0,16.00,1.52,10.43,23.52,10.43,743640000.0,23.52,528500000.0,4.231,26.10,8.10,177000000.0,1.43,3140000000.0,0.524,22.299,584060000.0,0.6,22.10,58.55,4400000.0,7.054,4.56,3610000.0,underperform
566,2013-04-22 03:37:44,1366616264.0,kmi,36.03,-10.44,1562.5,20.29,-30.729999999999997,141.53,65.66,3.52,2.87,5.24,30.60,4.33,9.61,11.30,73550000000.0,73550000000.0,26.99,1.93,6.58,14.95,6.58,5210000000.0,14.95,987000000.0,0.59,290.50,64.80,1110000000.0,1.07,34390000000.0,0.66,13.19,N/A,0.79,5.90,73.30,10210000.0,2.80,1.50,10970000.0,underperform
567,2004-03-31 13:01:38,1080756098.0,kmi,,,1126.209961,4.83,,1.254,20.31,7.06,2.90,34.77,32.43,3.82,15.15,8.867,7750000000.0,11080000000.0,15.13,1.36,10.09,23.4,10.09,743640000.0,23.4,381700000.0,3.084,26.10,8.10,11080000.0,0.09,3340000000.0,0.58,21.620001,587130000.0,0.167,22.15,60.03,2069999.9999999998,5.254,2.15,1920000.0,underperform
568,2012-06-16 13:35:23,1339868123.0,kmi,28.0,26.46,1314.880005,24.45,2.0100000000000016,214.69,64.19,2.72,7.14,5.62,19.95,3.48,9.88,11.58,39490000000.0,39490000000.0,23.98,0.71,4.82,14.36,4.82,3320000000.0,14.36,772800000.0,0.50,86.50,3.90,495000000.0,0.70,17440000000.0,1.05,4.41,2440000000.0,N/A,22.29,109.80,49230000.0,6.70,62.40,35390000.0,outperform
569,2013-08-16 20:42:06,1376700126.0,kmi,35.29,8.61,1655.829956,17.57,-8.96,124.72,39.29,3.14,2.85,7.98,29.35,3.16,8.90,11.94,73520000000.0,73520000000.0,23.85,0.65,5.93,13.86,5.93,5210000000.0,13.86,1110000000.0,0.95,N/A,56.10,1020000000.0,0.98,35600000000.0,0.51,13.18,3500000000.0,0.71,34.85,52.20,11610000.0,3.40,1.80,13040000.0,underperform
570,2005-03-22 06:47:23,1111492043.0,kmi,,,1171.709961,11.38,,1.094,18.18,8.18,3.33,45.37,34.16,5.26,19.19,9.327,9490000000.0,12490000000.0,16.76,1.59,10.72,24.18,10.72,815370000.0,24.18,528500000.0,4.23,36.80,6.10,176520000.0,1.43,3130000000.0,0.559,23.190001,644430000.0,0.727,22.13,60.26,3920000.0,5.854,4.08,4400000.0,underperform
571,2012-04-09 19:53:33,1334015613.0,sd,7.42,-30.05,1382.199951,13.49,-43.54,110.82,57.23,2.17,1.89,7.64,30.41,4.70,7.93,3.55,5690000000.0,5690000000.0,19.58,0.14,4.02,7.02,4.02,960680000.0,7.02,52480000.0,0.13,N/A,27.60,207960000.0,0.52,2820000000.0,0.63,4.08,475480000.0,3.02,5.99,66.00,40540000.0,2.90,10.40,38160000.0,underperform
572,2010-12-07 07:01:25,1291723285.0,sd,5.96,28.86,1223.75,3.04,25.82,210.04,N/A,2.54,1.43,5.14,31.41,4.25,6.67,3.36,5030000000.0,5030000000.0,198.33,7.76,6.28,11.28,6.28,312180000.0,11.28,73090000.0,0.20,N/A,81.80,2590000.0,0.01,3000000000.0,0.34,3.95,5030000000.0,1.67,12.40,37.20,39360000.0,3.90,21.60,34350000.0,outperform
573,2011-11-15 09:58:31,1321369111.0,sd,7.5,-30.8,1257.810059,7.77,-38.57,94.68,12.61,2.17,1.44,21.46,49.64,7.19,16.33,3.35,5390000000.0,5390000000.0,40.22,15.33,4.04,5.23,4.04,581360000.0,5.23,233060000.0,0.57,87.80,48.30,325440000.0,0.82,2830000000.0,1.28,5.02,5390000000.0,2.16,21.39,66.40,35660000.0,2.70,9.20,36060000.0,underperform
574,2011-03-03 06:11:18,1299150678.0,sd,10.4,-22.69,1330.969971,2.9,-25.59,187.99,19.71,4.52,2.74,20.45,0.47,0.07,28.86,3.19,7120000000.0,7120000000.0,27.70,21.06,7.64,22.12,7.64,312180000.0,22.12,153120000.0,0.52,N/A,79.70,5860000.0,0.02,2910000000.0,0.32,3.89,7120000000.0,1.99,12.40,37.20,25900000.0,3.00,14.20,25970000.0,underperform
575,2010-03-29 07:17:36,1269861456.0,sd,7.62,60.1,1173.219971,12.46,47.64,N/A,N/A,2.65,N/A,N/A,267.09,30.66,604.39,3.377,4139999999.9999995,4139999999.9999995,N/A,1.01,7.00,11.643,7.00,312180000.0,11.643,1780000000.0,10.20,N/A,18.70,15360000.0,0.073,2590000000.0,1.135,0.987,311560000.0,1.53,32.94,70.20,34320000.0,4.5,N/A,30790000.0,outperform
576,2009-01-06 22:43:45,1231299825.0,sd,8.44,24.64,934.7000119999999,21.66,2.9800000000000004,0.829,8.80,1.06,0.53,14.00,30.58,5.68,8.83,8.156,1400000000.0,3250000000.0,N/A,0.59,2.71,4.627,2.71,507490000.0,4.627,142060000.0,0.96,1001.10,117.40,0.005,0.005,1970000000.0,0.703,14.362,652260000.0,1.99,32.45,53.30,7450000.0,6.70,6.70,7650000.0,outperform
577,2011-05-04 03:34:05,1304494445.0,sd,11.0,-37.18,1347.319946,3.28,-40.46,189.07,22.58,5.21,3.16,20.45,3.34,0.49,28.86,3.19,7820000000.0,7820000000.0,21.35,5.35,8.40,21.90,8.40,581360000.0,21.90,153120000.0,0.52,N/A,79.70,7190000.0,0.02,2930000000.0,0.32,3.87,7820000000.0,1.95,21.39,66.40,29410000.0,2.20,7.60,29450000.0,underperform
578,2011-08-16 02:03:25,1313474605.0,sd,7.69,-15.86,1192.76001,17.84,-33.7,161.90,N/A,2.52,2.13,1.44,9.10,1.58,3.92,3.13,5970000000.0,5970000000.0,17.61,5.00,4.91,22.85,4.91,581360000.0,22.85,30510000.0,0.07,292.40,99.90,4610000.0,0.01,2910000000.0,0.30,3.61,5970000000.0,2.14,21.39,66.40,34490000.0,2.70,8.90,35000000.0,underperform
579,2012-03-29 09:49:20,1333028960.0,sd,7.81,,1403.280029,11.44,,110.82,60.31,2.21,1.92,7.64,30.41,4.70,7.93,3.55,5740000000.0,5740000000.0,19.60,0.15,4.06,7.08,4.06,960680000.0,7.08,52480000.0,0.13,N/A,27.60,207960000.0,0.52,2820000000.0,0.63,4.08,475480000.0,2.84,5.99,66.00,40540000.0,2.90,10.40,38160000.0,underperform
580,2007-12-29 06:59:20,1198929560.0,sd,35.0,,1497.660034,4.41,,1.025,N/A,N/A,N/A,5.57,25.34,3.34,2.61,6.057,N/A,6490000000.0,N/A,N/A,11.07,20.246,11.07,N/A,20.246,1860000.0,0.02,327.40,72.00,32009999.999999996,0.226,1450000000.0,0.844,N/A,239400000.0,N/A,N/A,N/A,0.2,0.2,N/A,N/A,underperform
581,2013-05-13 09:21:54,1368451314.0,sd,5.1,34.9,1633.77002,16.14,18.759999999999998,97.53,N/A,0.85,1.29,4.18,30.27,7.70,2.42,6.05,4320000000.0,4320000000.0,N/A,3.83,1.51,2.70,1.51,1350000000.0,2.70,175120000.0,0.37,N/A,34.10,1310000000.0,2.74,3190000000.0,2.29,3.95,673710000.0,3.09,16.71,70.90,68730000.0,8.40,17.80,65599999.99999999,outperform
582,2012-01-01 06:26:56,1325417216.0,sd,8.22,-22.75,1263.02002,12.92,-35.67,94.68,14.22,2.46,1.64,21.46,49.64,7.19,16.33,3.35,5760000000.0,5760000000.0,58.29,13.60,4.32,5.59,4.32,581360000.0,5.59,233060000.0,0.57,87.80,48.30,325440000.0,0.82,2830000000.0,1.28,5.02,378870000.0,2.16,21.39,66.40,36340000.0,3.70,9.40,37910000.0,underperform
583,2010-08-31 06:20:34,1283250034.0,sd,4.04,81.68,1049.329956,16.16,65.52000000000001,N/A,N/A,2.34,N/A,64.92,41.60,6.54,N/A,3.54,4380000000.0,4380000000.0,12.50,1.03,6.34,12.47,6.34,312180000.0,12.47,474880000.0,2.43,N/A,36.00,2080000.0,0.01,2770000000.0,0.67,0.62,4380000000.0,1.42,24.27,70.10,33610000.0,2.60,18.40,25980000.0,outperform
584,2011-10-16 05:17:07,1318756627.0,sd,6.55,9.01,1203.660034,19.65,-10.639999999999999,161.90,N/A,2.15,1.82,1.44,9.10,1.58,3.92,3.13,5610000000.0,5610000000.0,20.55,10.92,4.61,21.46,4.61,581360000.0,21.46,30510000.0,0.07,292.40,99.90,4610000.0,0.01,2910000000.0,0.30,3.61,5610000000.0,2.15,21.39,66.40,33700000.0,2.80,N/A,32280000.0,underperform
585,2012-06-26 07:07:17,1340708837.0,sd,5.96,-19.13,1319.98999,21.46,-40.59,118.09,17.80,1.60,1.62,12.95,33.18,5.21,13.68,3.72,5120000000.0,5120000000.0,19.06,0.18,3.45,5.76,3.45,960680000.0,5.76,136710000.0,0.33,N/A,22.00,127840000.0,0.32,2820000000.0,0.55,3.64,626730000.0,2.90,12.52,53.50,59030000.0,3.80,15.10,53220000.0,underperform
586,2004-11-29 12:48:14,1101750494.0,syk,39.93,-1.93,1178.569946,6.7,-8.63,0.007,41.89,4.35,7.14,10.64,16.60,13.31,19.24,9.984,17870000000.0,17790000000.0,25.84,1.55,4.33,24.24,4.33,2310000000.0,24.24,437100000.0,1.061,31.20,20.40,91600000.0,0.23,16300000.0,1.944,6.226,491400000.0,0.417,31.99,46.64,4650000.0,2.122,1.70,4900000.0,underperform
587,2003-11-17 22:43:47,1069127027.0,syk,36.43,8.95,1043.630005,12.63,-3.6800000000000015,0.088,38.57,4.70,8.30,12.32,19.47,14.73,25.65,16.971,16090000000.0,16350000000.000002,30.34,1.83,4.73,18.46,4.73,1900000000.0,18.46,425500000.0,2.091,29.40,15.70,45300000.0,0.23,172300000.0,1.701,9.8,N/A,0.564,31.98,69.44,4190000.0000000005,5.777,3.09,4440000.0,underperform
588,2008-03-14 17:14:22,1205529262.0,syk,55.65,-47.91,1288.140015,-44.0,-3.9099999999999966,0.003,24.88,4.11,4.59,16.95,22.12,12.54,20.62,14.646,24950000000.0,22290000000.0,N/A,1.16,3.72,13.16,3.72,4139999999.9999995,13.16,986700000.0,2.439,21.10,18.40,2410000000.0,5.863,16800000.0,3.68,13.086,1030000000.0,1.25,27.18,51.50,5470000.0,3.5,1.40,5490000.0,underperform
589,2005-05-28 11:06:27,1117292787.0,syk,44.38,-8.25,1190.01001,6.96,-15.21,0.003,39.96,4.49,6.86,11.35,20.19,15.31,19.40,11.021,19720000000.0,19480000000.0,23.40,1.41,4.40,16.824,4.40,2750000000.0,16.824,502900000.0,1.22,27.40,16.20,244700000.0,0.607,9500000.0,2.19,7.184,567400000.0,0.204,27.57,45.60,8340000.0,4.8,2.20,7920000.0,underperform
590,2013-06-05 00:26:36,1370406396.0,syk,63.99,32.6,1608.900024,20.61,11.990000000000002,32.78,20.40,2.93,3.01,14.41,20.62,8.43,15.20,22.84,23380000000.0,23380000000.0,14.28,1.92,2.69,11.31,2.69,5880000000.0,11.31,1250000000.0,3.27,13.10,1.30,4490000000.0,11.87,2770000000.0,4.66,22.37,1860000000.0,0.94,19.38,68.00,5920000.0,4.10,1.80,5870000.0,outperform
591,2008-12-25 18:49:56,1230248996.0,syk,,,871.6300050000001,28.27,,0.004,14.59,2.42,2.80,17.22,22.70,13.09,21.02,16.201,16170000000.000002,13980000000.0,N/A,0.81,2.10,7.353,2.10,4139999999.9999995,7.353,1150000000.0,2.75,19.70,13.70,2210000000.0,5.468,21200000.0,4.365,14.23,1120000000.0,1.07,27.69,52.90,11020000.0,2.4,2.90,9490000.0,underperform
592,2005-03-24 10:07:10,1111676830.0,syk,41.35,4.21,1171.420044,11.23,-7.0200000000000005,0.004,40.64,4.36,6.74,10.93,16.90,13.29,19.15,10.344,18470000000.0,18130000000.0,21.93,1.32,4.25,23.6,4.25,2750000000.0,23.6,465700000.0,1.13,2.70,17.60,349400000.0,0.87,10000000.0,1.924,6.837,593300000.0,0.311,28.00,45.13,9570000.0,6.59,3.30,8450000.0,underperform
593,2011-07-08 20:54:05,1310172845.0,syk,56.91,,1343.800049,-3.04,,13.75,18.97,3.12,3.16,16.71,25.23,11.14,17.83,19.10,21650000000.0,21650000000.0,14.63,1.48,2.87,9.30,2.87,5030000000.0,9.30,1260000000.0,3.17,4.40,12.00,2890000000.0,7.44,1020000000.0,4.10,19.21,21650000000.0,0.96,20.15,64.10,6420000.0,3.00,1.80,7920000.0,underperform
594,2007-03-29 13:17:26,1175188646.0,syk,59.99,-1.17,1422.530029,-7.54,6.37,0.004,34.77,4.96,6.39,14.39,20.85,12.96,20.76,13.298,26830000000.0,25430000000.0,N/A,1.38,4.70,17.43,4.70,3560000000.0,17.43,777700000.0,1.89,27.70,14.40,1410000000.0,3.464,14800000.0,2.615,10.275,867300000.0,1.57,26.24,48.30,9260000.0,4.9,2.40,7710000.0,outperform
595,2007-03-28 08:50:48,1175086248.0,syk,59.88,-0.25,1417.22998,-6.45,6.2,0.004,34.69,4.95,6.38,14.39,20.85,12.96,20.76,13.298,26760000000.0,25360000000.0,N/A,1.38,4.69,17.385,4.69,3560000000.0,17.385,777700000.0,1.89,27.70,14.40,1410000000.0,3.464,14800000.0,2.615,10.275,867300000.0,1.57,26.24,48.30,7710000.0,4.2,2.00,7760000.0,outperform
596,2006-09-06 09:28:16,1157549296.0,syk,43.44,43.07,1300.26001,13.71,29.36,0.004,28.45,3.81,5.16,13.57,21.45,14.86,20.48,12.586,19440000000.0,18590000000.0,N/A,1.18,3.65,13.193,3.65,3160000000.0,13.193,692100000.0,1.68,20.30,9.00,867700000.0,2.134,14200000.0,2.705,9.272,871700000.0,1.47,35.10,45.30,6040000.0,4.1,1.60,4870000.0,outperform
597,2004-08-10 12:52:13,1092156733.0,syk,41.44,13.56,1079.040039,13.91,-0.34999999999999964,0.006,34.86,4.56,7.33,13.38,19.34,16.74,24.84,9.657,18060000000.0,18010000000.0,26.32,1.54,4.54,22.05,4.54,2310000000.0,22.05,530500000.0,1.291,31.20,20.40,62600000.0,0.16,15900000.0,1.986,6.137,602200000.0,0.534,31.99,67.36,5720000.0,4.092,2.10,5990000.0,underperform
598,2004-06-22 05:20:48,1087896048.0,syk,49.2,-12.11,1134.410034,7.01,-19.119999999999997,0.007,45.70,5.69,9.49,12.73,18.57,15.87,24.61,9.355,21780000000.0,21680000000.0,32.40,1.94,5.69,28.63,5.69,2310000000.0,28.63,485300000.0,1.191,31.20,20.40,48900000.0,0.12,15900000.0,1.827,5.717,602200000.0,0.476,31.98,67.00,6380000.0,3.985,2.34,7500000.0,underperform
599,2005-05-25 21:57:26,1117072646.0,syk,44.38,-8.25,1190.01001,6.96,-15.21,0.003,40.26,4.46,6.82,11.35,17.46,13.64,19.49,10.735,19750000000.0,19530000000.0,23.44,1.40,4.41,23.67,4.41,2750000000.0,23.67,502900000.0,1.22,2.70,17.60,244700000.0,0.61,9500000.0,2.19,7.184,593300000.0,0.205,27.99,45.87,8340000.0,4.718,2.87,7930000.0,underperform
600,2008-01-24 11:17:51,1201191471.0,syk,62.58,-41.71,1352.069946,-38.47,-3.240000000000002,0.003,28.62,4.56,5.30,16.15,21.31,13.04,20.62,14.679,27380000000.0,25320000000.0,N/A,1.52,4.22,15.411,4.22,3560000000.0,15.411,943600000.0,2.33,21.40,18.00,2069999999.9999998,5.051,17400000.0,4.083,12.579,1030000000.0,1.05,28.40,48.80,4820000.0,4.5,1.20,5150000.0,underperform
601,2012-07-02 11:22:21,1341242541.0,mmc,30.58,27.44,1365.51001,18.2,9.240000000000002,46.66,17.54,1.51,2.84,8.68,14.48,7.04,15.70,21.59,19110000000.0,19110000000.0,13.21,1.22,1.64,9.44,1.64,11530000000.0,9.44,990000000.0,1.84,6.80,5.80,1420000000.0,2.59,2920000000.0,1.66,11.35,1580000000.0,0.74,0.17,83.90,5790000.0,2.00,1.10,4520000.0,outperform
602,2013-04-23 05:11:43,1366708303.0,mmc,36.18,32.59,1578.780029,18.79,13.800000000000004,44.17,17.56,1.71,3.10,9.86,15.34,7.20,19.19,21.92,21050000000.0,21050000000.0,13.92,1.32,1.77,9.66,1.77,11920000000.0,9.66,1180000000.0,2.13,1.20,3.20,2310000000.0,4.21,2920000000.0,1.67,12.00,1320000000.0,0.74,0.14,84.00,3230000.0,1.10,0.60,3580000.0,outperform
603,2005-02-07 11:49:15,1107794955.0,mmc,24.35,-4.64,1201.719971,4.42,-9.059999999999999,0.858,14.14,1.38,2.97,10.21,17.31,8.13,22.15,22.789,17030000000.000002,21310000000.0,15.92,1.57,1.74,8.35,1.74,11590000000.0,8.35,1230000000.0,2.28,12.80,11.00,577000000.0,1.1,4850000000.0,0.808,10.755,1670000000.0,0.917,4.66,71.50,11660000.0,3.015,2.32,10290000.0,underperform
604,2003-11-03 12:50:30,1067881830.0,mmc,33.0,-36.7,1059.02002,6.76,-43.46,0.596,15.89,2.12,4.36,13.32,21.43,10.81,28.64,20.369,22770000000.0,25400000000.0,13.95,1.13,2.27,9.35,2.27,5240000000.0,9.35,1480000000.0,2.69,40.10,5.00,618000000.0,1.16,3250000000.0,0.975,10.2,N/A,1.052,6.67,68.96,3150000.0,1.869,0.63,4450000.0,underperform
605,2007-02-25 05:21:15,1172398875.0,mmc,23.9,-9.79,1456.380005,-5.81,-3.9799999999999995,0.854,16.78,1.39,2.84,8.31,12.23,5.06,14.63,21.714,16460000000.0,19340000000.0,N/A,1.64,1.62,10.099,1.62,11650000000.0,10.099,818000000.0,1.78,545.70,8.40,2089999999.9999998,3.784,4970000000.0,1.051,10.542,N/A,1.42,0.50,76.80,11710000.0,4.9,2.10,12330000.0,underperform
606,2013-04-25 02:13:35,1366870415.0,mmc,36.34,32.33,1585.160034,17.55,14.779999999999998,44.17,17.57,1.72,3.12,9.86,15.34,7.20,19.19,21.92,21050000000.0,21050000000.0,13.93,1.36,1.77,9.66,1.77,11920000000.0,9.66,1180000000.0,2.13,1.20,3.20,2310000000.0,4.21,2920000000.0,1.67,12.00,1320000000.0,0.74,0.14,84.00,3230000.0,1.10,0.60,3580000.0,outperform
607,2012-07-31 01:39:08,1343713148.0,mmc,31.5,29.33,1379.319946,22.21,7.119999999999997,46.66,18.35,1.56,2.94,8.68,14.48,7.04,15.70,21.59,19730000000.0,19730000000.0,13.88,1.30,1.69,9.74,1.69,11530000000.0,9.74,990000000.0,1.84,6.80,5.80,1420000000.0,2.59,2920000000.0,1.66,11.35,1580000000.0,0.74,0.17,83.90,5240000.0,1.50,1.00,5640000.0,outperform
608,2007-04-10 09:14:20,1176210860.0,mmc,23.69,-12.83,1448.390015,-6.48,-6.35,0.854,16.66,1.36,2.77,8.31,11.61,5.20,14.63,21.714,16160000000.0,19040000000.0,N/A,1.63,1.60,9.577,1.60,11920000000.0,9.577,818000000.0,1.75,545.70,10.20,2089999999.9999998,3.779,4970000000.0,1.051,10.543,878000000.0,1.33,0.50,78.00,8180000.0,1.50,1.50,8350000.0,underperform
609,2004-06-03 01:32:07,1086240727.0,mmc,32.73,-32.26,1116.640015,7.11,-39.37,0.708,15.66,1.92,4.12,13.09,21.36,10.66,28.46,21.869,23170000000.0,26280000000.0,12.98,1.02,2.20,8.89,2.20,11590000000.0,8.89,1540000000.0,2.827,12.80,11.00,634000000.0,1.21,3950000000.0,0.981,10.662,1580000000.0,1.05,6.67,76.18,5160000.0,1.831,1.06,3620000.0,underperform
610,2003-12-16 00:00:48,1071550848.0,mmc,33.34,-27.2,1075.130005,12.15,-39.35,0.571,16.85,2.15,4.41,13.37,21.61,10.74,28.30,20.362,24030000000.0,26480000000.0,14.72,1.17,2.37,9.44,2.37,5240000000.0,9.44,1480000000.0,2.689,40.10,5.00,691000000.0,1.3,3120000000.0,0.983,10.28,N/A,0.988,6.68,67.79,6070000.0,1.238,1.23,3150000.0,underperform
611,2009-01-06 18:57:33,1231286253.0,mmc,20.9,-8.37,934.7000119999999,21.66,-30.03,0.521,N/A,1.05,1.82,0.57,8.59,3.84,0.75,23.292,12800000000.0,14750000000.0,N/A,2.00,1.23,10.257,1.23,11350000000.0,10.257,52000000.0,0.13,N/A,4.50,1460000000.0,2.842,3610000000.0,1.45,13.455,2000000.0,0.64,0.26,80.90,5300000.0,1.1,1.00,6180000.0,underperform
612,2006-10-23 13:11:35,1161623495.0,celg,22.72,56.65,1377.02002,10.35,46.3,0.536,530.35,24.31,21.43,4.59,12.98,5.67,4.63,1.923,16000000000.0,15960000000.0,N/A,1.70,24.26,118.937,24.26,456210000.0,118.937,30230000.0,0.09,11.40,35.40,757760000.0,2.16,399970000.0,7.388,2.128,16290000.0,0.76,0.87,80.20,21350000.0,6.3,6.20,20040000.0,outperform
613,2005-05-21 03:51:11,1116661871.0,celg,9.84,96.34,1185.560059,6.43,89.91,0.748,N/A,N/A,12.23,N/A,N/A,0.00,0.00,N/A,6580000000.0,6250000000.0,40.64,1.67,N/A,N/A,N/A,317780000.0,N/A,N/A,N/A,290.50,39.10,701280000.0,4.2,400010000.0,8.299,3.209,155940000.0,1.008,2.24,80.81,12000000.0,4.9,7.35,11030000.0,outperform
614,2007-04-04 17:05:58,1175720758.0,celg,27.75,14.13,1439.369995,-4.87,19.0,0.477,330.47,23.37,10.59,7.67,19.46,N/A,9.36,2.552,21090000000.0,18900000000.0,N/A,1.13,21.03,92.534,21.03,456210000.0,92.534,68980000.0,0.17,483.30,84.10,872470000.0,2.476,399960000.0,N/A,5.255,N/A,0.09,0.87,83.70,23520000.0,5.7,6.80,22140000.0,outperform
615,2004-11-18 21:53:13,1100832793.0,celg,6.83,126.06,1183.550049,5.47,120.59,0.902,102.63,13.00,10.32,13.30,9.46,5.60,13.23,2.014,4490000000.0,4190000000.0000005,47.89,1.58,11.87,100.87,11.87,222390000.0,100.87,46940000.0,0.266,N/A,100.00,798830000.0,4.85,400010000.0,10.633,2.7,38410000.0,0.639,9.98,92.05,9500000.0,4.65,6.41,9690000.0,outperform
616,2007-10-26 12:51:41,1193417501.0,celg,33.43,-20.31,1535.280029,-41.59,21.280000000000005,0.175,171.25,21.17,10.74,13.40,26.60,8.54,10.26,3.147,24580000000.0,22660000000.0,N/A,1.39,19.51,67.144,19.51,772980000.0,67.144,155630000.0,0.38,471.10,76.40,2320000000.0,6.066,399880000.0,4.433,5.979,307530000.0,0.4,0.62,84.70,24750000.0,6.4,6.50,26290000.0,outperform
617,2005-01-28 12:51:17,1106934677.0,celg,6.85,143.8,1171.359985,7.97,135.83,0.902,91.49,13.19,10.47,14.48,9.46,6.40,14.84,2.142,4650000000.0,4260000000.0,49.60,1.92,11.27,102.46,11.27,222390000.0,102.46,54680000.0,0.309,N/A,100.00,798830000.0,4.85,400010000.0,10.633,2.7,51030000.0,0.382,9.98,84.00,10660000.0,5.089,7.19,11200000.0,outperform
618,2013-05-16 18:26:51,1368743211.0,celg,61.74,19.31,1650.469971,13.78,5.529999999999999,56.28,37.86,9.49,9.76,25.26,35.83,11.71,24.75,13.38,52770000000.0,52770000000.0,18.03,0.96,9.26,22.41,9.26,5210000000.0,22.41,1440000000.0,3.29,4.10,15.00,3520000000.0,8.44,3130000000.0,3.37,13.29,2040000000.0,0.92,0.18,83.30,4320000.0,1.30,1.00,5800000.0,outperform
619,2004-02-03 08:19:57,1075814397.0,celg,5.11,36.2,1136.030029,5.03,31.17,1.332,287.93,12.11,10.94,4.70,46.65,2.33,4.42,3.122,3390000000.0,3130000000.0,79.35,N/A,11.53,N/A,11.53,118420000.0,N/A,12760000.0,0.145,N/A,18.80,660880000.0,8.14,400150000.0,11.06,3.7,N/A,0.699,10.02,87.22,5040000.0,2.709,6.90,6260000.0,outperform
620,2013-04-25 00:04:30,1366862670.0,celg,58.98,20.43,1585.160034,17.55,2.879999999999999,54.34,35.84,9.58,9.29,26.44,37.01,11.72,25.99,12.78,50430000000.0,50430000000.0,17.27,0.98,9.16,21.72,9.16,5210000000.0,21.72,1460000000.0,3.30,35.90,12.70,3900000000.0,9.31,3090000000.0,3.27,13.57,2020000000.0,0.92,0.18,83.30,4950000.0,1.50,1.10,6430000.0,outperform
621,2007-06-15 03:15:20,1181891720.0,celg,30.04,-1.13,1532.910034,-12.88,11.75,0.189,212.75,22.18,10.57,10.92,22.64,8.73,7.78,2.802,22630000000.0,20700000000.0,N/A,1.18,20.49,64.518,20.49,772980000.0,64.518,110370000.0,0.28,258.30,61.40,2120000000.0,5.568,399880000.0,18.227,5.584,157650000.0,0.44,0.34,84.30,25930000.0,6.5,6.90,24630000.0,outperform
622,2007-06-16 06:32:09,1181989929.0,celg,29.5,-0.44,1515.670044,-11.6,11.16,0.189,214.57,22.40,10.67,10.92,22.64,8.73,7.78,2.802,22820000000.0,21110000000.0,N/A,1.19,20.89,65.797,20.89,772980000.0,65.797,110370000.0,0.28,258.30,61.40,2120000000.0,5.568,399880000.0,18.227,5.584,157650000.0,0.44,0.34,84.30,25930000.0,6.5,6.90,24630000.0,outperform
623,2007-02-19 00:46:25,1171863985.0,celg,,,1455.540039,-7.33,,0.477,316.21,21.32,22.84,7.67,19.46,N/A,9.36,2.552,18830000000.0,18900000000.0,N/A,1.13,21.03,92.534,21.03,456210000.0,92.534,68980000.0,0.17,483.30,84.10,872470000.0,2.476,399960000.0,N/A,2.381,N/A,0.09,0.87,83.70,23520000.0,5.7,6.80,22140000.0,underperform
624,2006-06-27 10:07:38,1151417258.0,celg,22.92,28.01,1239.199951,21.56,6.450000000000003,0.557,485.64,26.15,22.00,5.19,15.16,5.17,5.02,1.79,15860000000.0,15490000000.0,N/A,1.93,25.54,131.533,25.54,456210000.0,131.533,31470000.0,0.09,66.80,61.80,772580000.0,2.224,399980000.0,8.419,2.075,62720000.0,0.62,0.88,82.80,18270000.0,4.8,5.30,19520000.0,outperform
625,2007-07-17 11:25:15,1184685915.0,celg,29.3,22.83,1549.369995,-19.62,42.45,0.189,208.29,21.93,10.44,10.92,22.64,8.73,7.78,2.802,22160000000.0,20440000000.0,N/A,1.15,20.23,63.712,20.23,772980000.0,63.712,110370000.0,0.28,258.30,61.40,2120000000.0,5.568,399880000.0,18.227,5.584,157650000.0,0.63,0.34,84.30,25660000.0,6.4,6.80,25930000.0,outperform
626,2009-01-14 22:36:54,1231990614.0,celg,24.31,19.58,842.6199949999999,36.3,-16.72,0.008,N/A,11.30,6.43,64.14,27.52,9.08,43.15,4.797,22280000000.0,20650000000.0,N/A,0.92,10.12,30.624,10.12,1280000000.0,30.624,1310000000.0,3.07,252.30,69.30,2450000000.0,5.356,28830000.0,6.735,7.833,642910000.0,0.45,0.36,83.20,8740000.0,1.6,1.90,8300000.000000001,underperform
627,2013-02-06 18:15:44,1360192544.0,celg,48.95,53.12,1512.119995,17.28,35.839999999999996,54.01,29.64,7.61,7.38,26.44,34.78,N/A,25.91,12.78,41160000000.0,41160000000.0,14.34,0.79,7.48,18.95,7.48,4420000000.0,18.95,1460000000.0,3.30,35.90,12.70,3830000000.0,9.13,3090000000.0,N/A,13.51,N/A,0.88,0.20,82.70,6890000.0,1.60,1.60,4680000.0,outperform
628,2007-06-13 21:16:17,1181783777.0,celg,29.5,-0.44,1515.670044,-11.6,11.16,0.214,210.71,21.78,10.37,10.92,22.63,N/A,N/A,2.802,22410000000.0,22170000000.0,N/A,1.31,21.94,69.235,21.94,772980000.0,69.235,110370000.0,0.28,258.30,61.40,1980000000.0,5.25,422480000.0,N/A,5.584,N/A,0.55,0.35,77.70,24630000.0,6.3,6.60,23440000.0,outperform
629,2004-10-13 06:08:48,1097662128.0,tif,24.65,34.04,1113.650024,5.67,28.369999999999997,0.39,20.64,2.09,2.91,10.28,17.20,9.20,15.18,14.038,4350000000.0,4810000000.0,16.72,1.12,2.29,10.43,2.29,1160000000.0,10.43,215430000.0,1.442,13.50,17.20,153620000.0,1.05,586340000.0,3.112,10.271,129750000.0,2.232,15.34,90.28,6680000.0,3.253,5.40,5530000.0,outperform
630,2008-01-17 06:06:24,1200567984.0,tif,32.63,-37.39,1333.25,-36.24,-1.1499999999999986,0.24,15.83,1.65,2.51,11.12,15.68,9.67,19.16,21.522,5020000000.0,4910000000.0,N/A,1.22,1.67,8.393,1.67,1480000000.0,8.393,346170000.0,2.34,239.30,18.00,391120000.0,2.883,463190000.0,4.765,14.201,348310000.0,1.08,0.95,87.90,8510000.0,2.7,6.30,7010000.0,underperform
631,2005-03-06 21:49:02,1110163742.0,tif,26.32,17.67,1210.469971,5.6,12.070000000000002,0.259,15.12,2.04,2.63,13.80,13.36,11.81,19.36,14.888,4540000000.0,4650000000.0,20.27,1.56,2.11,15.8,2.11,1160000000.0,15.8,304300000.0,2.06,13.50,17.20,326880000.0,2.25,440560000.0,4.022,11.744,116470000.0,2.197,16.36,89.91,7150000.0,6.078,5.87,6140000.0,outperform
632,2007-04-08 20:01:42,1176076902.0,tif,41.06,-8.01,1443.76001,-4.93,-3.08,0.287,26.17,2.43,3.56,9.59,15.95,9.39,13.97,19.141,6430000000.0,6760000000.0,N/A,1.52,2.55,12.513,2.55,1480000000.0,12.513,253930000.0,1.80,0.20,14.90,192000000.0,1.409,518460000.00000006,3.77,13.283,233580000.0,0.41,0.90,94.80,9040000.0,6.70,6.70,7990000.0,underperform
633,2013-05-12 23:33:22,1368416002.0,tif,73.77,20.14,1626.670044,16.6,3.539999999999999,36.74,23.54,2.54,3.70,10.97,18.38,9.91,16.78,29.94,10180000000.0,10180000000.0,19.32,1.86,2.68,11.82,2.68,2160000000.0,11.82,416160000.0,3.25,0.70,4.10,506200000.0,3.98,959270000.0,5.37,20.47,328290000.0,1.75,11.98,87.40,8010000.0,6.30,7.30,9140000.0,outperform
634,2005-12-01 16:30:32,1133472632.0,tif,35.03,-5.02,1264.670044,10.44,-15.459999999999999,0.239,18.23,2.51,3.42,14.08,14.26,8.35,20.33,15.971,5760000000.0,6280000000.0,N/A,1.77,2.72,14.178,2.72,1230000000.0,14.178,325010000.0,2.22,52.80,10.50,128610000.00000001,0.903,404260000.0,5.288,11.897,233230000.0,N/A,1.07,93.40,7540000.0,4.3,5.30,7070000.0,underperform
635,2007-01-17 16:53:47,1169070827.0,tif,34.7,-5.97,1430.619995,-6.81,0.8399999999999999,0.392,22.50,N/A,N/A,10.07,15.61,9.26,15.01,17.995,N/A,5980000000.0,N/A,1.58,2.37,11.752,2.37,1340000000.0,11.752,253680000.0,1.78,22.50,9.50,58190000.0,0.43,660570000.0,3.113,N/A,191260000.0,0.72,8.30,96.00,10600000.0,7.6,7.90,9800000.0,outperform
636,2011-12-29 08:54:54,1325166894.0,tif,63.92,-14.47,1263.02002,11.04,-25.509999999999998,30.65,19.42,2.37,3.65,12.43,21.09,12.65,20.51,27.93,8970000000.0,8970000000.0,15.87,1.11,2.52,10.06,2.52,1820000000.0,10.06,442020000.0,3.43,62.80,20.50,297360000.0,2.34,708780000.0,5.26,18.21,257560000.0,1.72,5.70,86.90,6420000.0,2.40,5.30,6820000.0,underperform
637,2008-12-30 23:30:58,1230697858.0,tif,20.6,94.42,890.6400150000001,26.47,67.95,0.499,9.97,0.86,1.61,9.66,17.85,10.93,16.61,24.322,2840000000.0,3310000000.0,N/A,0.82,1.08,4.894,1.08,1630000000.0,4.894,296620000.0,2.31,56.90,1.40,160380000.0,1.303,821270000.0,2.502,13.37,277900000.0,1.79,1.16,98.50,15410000.0,3.7,12.70,16090000.0,outperform
638,2005-02-05 05:42:01,1107600121.0,tif,26.42,20.4,1193.189941,6.51,13.889999999999999,0.438,22.10,2.10,2.96,9.79,16.46,8.56,14.22,14.278,4490000000.0,4990000000.0,18.91,1.25,2.35,10.96,2.35,1160000000.0,10.96,208210000.0,1.40,13.50,17.20,129780000.0,0.89,660580000.0,2.826,10.359,116470000.0,2.228,16.36,93.13,6140000.0,3.316,5.05,5910000.0,outperform
639,2012-12-23 04:03:54,1356253434.0,tif,56.67,57.33,1443.689941,26.62,30.709999999999997,39.64,18.05,1.98,3.02,11.08,18.49,10.37,17.36,29.56,8039999999.999999,8039999999.999999,15.29,1.54,2.15,9.40,2.15,2150000000.0,9.40,414910000.0,3.24,29.60,3.80,345870000.0,2.73,977920000.0,5.46,19.36,288890000.0,1.70,8.64,85.00,9840000.0,4.40,8.00,10350000.0,outperform
640,2011-09-27 11:50:47,1317138647.0,tif,66.92,-11.92,1175.380005,21.95,-33.87,29.50,22.13,2.60,3.81,11.92,20.72,11.99,18.87,26.88,9020000000.0,9020000000.0,16.56,1.11,2.64,10.55,2.64,1820000000.0,10.55,407410000.0,3.16,33.10,30.50,565190000.0,4.44,693670000.0,5.31,18.35,9020000000.0,1.70,5.70,86.90,5450000.0,1.50,4.50,6880000.0,underperform
641,2005-01-25 09:39:41,1106663981.0,tif,27.09,20.52,1168.410034,8.24,12.28,0.438,22.61,2.16,3.05,9.79,16.46,8.56,14.22,14.278,4590000000.0,5120000000.0,19.35,1.29,2.41,11.25,2.41,1160000000.0,11.25,208210000.0,1.395,13.50,17.20,129780000.0,0.89,660580000.0,2.826,10.359,116470000.0,2.228,16.36,92.77,6140000.0,3.316,5.05,5910000.0,outperform
642,2011-08-16 04:03:08,1313481788.0,cbs,23.89,47.22,1192.76001,17.84,29.38,60.26,14.47,1.17,1.67,8.38,16.94,5.79,12.52,21.17,21350000000.0,21350000000.0,11.16,0.59,1.49,7.17,1.49,14060000000.0,7.17,1200000000.0,1.73,163.30,7.70,1350000000.0,2.01,6000000000.0,1.45,14.89,21350000000.0,2.41,4.05,295.60,14240000.0,1.60,2.30,17830000.0,outperform
643,2012-11-14 06:45:13,1352893513.0,cbs,32.62,84.43,1355.48999,32.1,52.330000000000005,57.61,14.68,1.50,2.14,10.62,19.82,6.89,15.23,22.55,26820000000.0,26820000000.0,11.81,0.93,1.84,7.84,1.84,14240000000.0,7.84,1540000000.0,2.34,15.70,1.60,947000000.0,1.49,5930000000.0,1.58,16.15,1550000000.0,1.78,1.38,83.10,9970000.0,1.30,1.70,10090000.0,outperform
644,2013-05-11 22:17:38,1368325058.0,cbs,46.21,24.61,1632.689941,14.88,9.729999999999999,68.84,18.78,2.01,3.06,11.54,21.80,7.44,17.56,22.58,35140000000.0,35140000000.0,14.00,1.13,2.45,9.77,2.45,14090000000.0,9.77,1700000000.0,2.54,22.00,6.40,409000000.0,0.67,6470000000.0,1.18,15.33,1760000000.0,1.80,1.49,86.60,14430000.0,2.20,2.60,14280000.0,outperform
645,2012-07-17 13:58:10,1342547890.0,cbs,31.18,66.55,1363.670044,23.26,43.28999999999999,59.22,14.48,1.39,2.04,10.00,19.04,6.61,14.68,22.28,25550000000.0,25550000000.0,11.13,0.89,1.74,7.67,1.74,14240000000.0,7.67,1450000000.0,2.17,79.70,11.80,794000000.0,1.23,5920000000.0,1.39,15.41,1500000000.0,1.86,1.46,84.50,12470000.0,1.90,2.10,14860000.0,outperform
646,2008-10-18 13:59:36,1224352776.0,cbs,7.57,64.2,907.840027,20.79,43.410000000000004,0.323,5.03,0.42,0.27,9.10,18.17,3.81,5.68,20.753,6400000000.0,12670000000.0,N/A,1.39,0.90,4.181,0.90,14070000000.0,4.181,1270000000.0,1.87,1.10,0.60,813900000.0,1.197,7090000000.0,1.113,32.678001,2280000000.0,1.01,6.73,87.60,31800000.0,4.1,5.10,34590000.0,outperform
647,2009-04-09 20:25:42,1239323142.0,cbs,4.98,188.35,856.5599980000001,39.44,148.91,N/A,N/A,0.24,0.39,83.68,15.48,4.01,77.64,20.828,9990000000.0,9990000000.0,N/A,N/A,0.72,3.713,0.72,5300000000.0,3.713,11670000000.0,17.43,52.40,6.20,419500000.0,0.618,7000000000.0,1.082,12.816,2150000000.0,1.59,6.77,83.20,N/A,N/A,N/A,48600000.0,outperform
648,2011-11-14 23:52:35,1321332755.0,cbs,25.17,33.61,1251.780029,9.81,23.799999999999997,60.53,14.84,1.20,1.74,8.48,17.45,5.96,12.54,21.42,22220000000.0,22220000000.0,11.49,0.67,1.55,7.27,1.55,14060000000.0,7.27,1220000000.0,1.76,6.60,2.10,947000000.0,1.45,5990000000.0,1.38,15.09,22220000000.0,2.56,4.05,295.60,16700000.0,1.90,2.70,17150000.0,outperform
649,2012-11-18 18:35:13,1353281713.0,cbs,32.66,80.47,1353.329956,32.38,48.089999999999996,57.61,14.35,1.45,2.07,10.62,19.82,6.89,15.23,22.55,26330000000.0,26330000000.0,11.55,0.90,1.80,7.70,1.80,14240000000.0,7.70,1540000000.0,2.34,15.70,1.60,947000000.0,1.49,5930000000.0,1.58,16.15,1550000000.0,1.78,1.38,83.10,9970000.0,1.30,1.70,10090000.0,outperform
650,2013-04-22 06:29:17,1366626557.0,cbs,46.21,28.39,1562.5,20.29,8.100000000000001,57.99,19.28,2.00,2.76,11.17,21.39,7.15,16.24,21.95,34189999999.999996,34189999999.999996,13.59,1.02,2.43,9.80,2.43,14090000000.0,9.80,1630000000.0,2.39,N/A,N/A,708000000.0,1.13,5920000000.0,1.45,16.21,1820000000.0,1.81,1.49,86.60,14280000.0,2.10,N/A,13620000.0,outperform
651,2008-05-14 15:02:59,1210791779.0,cbs,21.17,-69.96,1408.660034,-36.6,-33.35999999999999,0.329,13.58,1.19,0.76,9.08,18.98,3.96,5.72,20.343,16910000000.0,21680000000.0,N/A,1.85,1.54,6.93,1.54,14070000000.0,6.93,1260000000.0,1.83,14.40,0.10,2260000000.0,3.317,7130000000.0,1.476,32.407001,2360000000.0,0.98,6.73,83.10,29000000.0,7.9,4.70,27650000.0,underperform
652,2009-11-10 14:25:36,1257881136.0,zlc,4.95,-34.14,1093.01001,11.5,-45.64,N/A,N/A,0.10,0.47,10.65,10.30,8.65,40.31,55.793,461730000.0,461730000.0,N/A,N/A,0.26,3.736,0.26,831170000.0,3.736,189500000.0,5.94,N/A,21.70,24990000.0,0.781,310500000.0,2.293,11.692,2690000.0,3.45,13.05,93.00,3780000.0,7.5,11.90,3950000.0,underperform
653,2008-12-12 09:07:32,1229090852.0,zlc,3.19,6.58,879.7299800000001,24.58,-18.0,0.699,N/A,0.06,0.22,0.29,0.39,0.30,2.10,55.873,117500000.0,446560000.0,N/A,N/A,0.21,8.472,0.21,1040000000.0,8.472,14980000.0,0.16,N/A,3.50,39440000.0,1.242,368510000.0,2.267,16.596001,N/A,1.91,37.24,121.20,11720000.0,15.2,37.00,12480000.0,underperform
654,2004-07-02 18:19:21,1088806761.0,zlc,26.46,20.18,1125.380005,6.62,13.559999999999999,0.254,13.89,0.61,2.15,4.47,7.36,7.39,15.03,40.852,1380000000.0,1520000000.0,11.64,0.95,0.66,6.78,0.66,1100000000.0,6.78,102510000.0,1.919,128.20,0.90,43870000.0,0.84,165700000.0,2.173,12.535,169560000.0,1.597,3.01,95.00,4090000.0,8.731,8.11,2089999.9999999998,outperform
655,2011-11-26 11:16:25,1322324185.0,zlc,3.28,,1161.790039,3.28,,185.81,N/A,0.06,0.50,6.45,1.20,1.10,43.02,54.24,459710000.0,459710000.0,N/A,0.87,0.26,22.42,0.26,880100000.0,22.42,112040000.0,3.50,N/A,9.40,35120000.0,1.09,395450000.0,1.98,6.62,459710000.0,4.28,24.81,36.20,3720000.0,4.00,14.20,3750000.0,underperform
656,2006-05-23 19:57:20,1148428640.0,zlc,23.48,17.5,1256.579956,21.14,-3.6400000000000006,0.15,14.58,0.47,1.44,3.43,6.62,6.72,10.49,47.824,1130000000.0,1220000000.0,N/A,1.01,0.51,5.528,0.51,1230000000.0,5.528,82660000.0,1.62,11.50,2.20,37470000.0,0.782,120000000.0,2.087,16.4,160290000.0,1.76,0.11,105.40,2640000.0,5.50,5.50,2450000.0,underperform
657,2008-02-10 01:28:50,1202624930.0,zlc,17.82,-89.51,1336.910034,-34.93,-54.580000000000005,0.331,15.34,0.33,0.88,2.36,4.28,3.62,6.82,49.724,796200000.0,1060000000.0,N/A,11.96,0.44,6.315,0.44,1240000000.0,6.315,57310000.0,1.16,N/A,1.30,30550000.0,0.685,297660000.0,2.773,20.150999,153220000.0,1.56,38.97,126.30,12920000.0,29.00,29.00,12520000.0,underperform
658,2005-04-05 07:49:00,1112701740.0,zlc,29.8,-6.14,1181.390015,11.02,-17.16,0.175,14.49,0.64,1.95,4.57,7.57,7.51,15.06,44.451,1500000000.0,1570000000.0,12.41,0.95,0.67,6.69,0.67,1180000000.0,6.69,106690000.0,2.05,N/A,4.20,55540000.0,1.1,135800000.0,2.07,15.188,159530000.0,1.632,1.96,95.00,2400000.0,5.399,4.84,1970000.0,underperform
659,2006-11-28 09:01:54,1164722514.0,zlc,30.46,-36.84,1386.719971,5.93,-42.77,0.508,28.74,0.59,1.85,2.08,4.84,4.66,6.61,50.69,1450000000.0,1800000000.0,N/A,1.77,0.74,9.821,0.74,1220000000.0,9.821,50890000.0,1.05,N/A,1.10,50400000.0,1.046,397320000.0,2.535,16.233999,N/A,1.33,10.36,115.60,3880000.0,10.1,8.10,3750000.0,underperform
660,2004-04-12 20:48:44,1081817324.0,zlc,30.62,-4.11,1145.199951,3.72,-7.83,0.204,16.55,0.71,2.37,4.44,7.33,7.12,13.92,76.8,1620000000.0,1700000000.0,13.49,1.15,0.75,7.67,0.75,1100000000.0,7.67,100350000.0,3.70,128.20,0.90,55640000.0,2.1,138700000.0,2.105,25.646,182470000.0,1.594,0.08,95.00,N/A,4.027,2.77,N/A,underperform
661,2009-12-24 17:53:42,1261695222.0,zlc,2.47,,1126.47998,11.37,,N/A,N/A,0.04,0.25,11.51,10.11,7.47,47.62,54.604,519000000.0,519000000.0,N/A,N/A,0.30,4.395,0.30,831170000.0,4.395,200830000.0,6.285,N/A,9.60,24040000.0,0.75,465500000.0,2.426,9.874,90040000.0,3.33,0.91,107.30,4070000.0000000005,36.80,36.80,3900000.0,underperform
662,2013-05-23 16:20:10,1369340410.0,zlc,6.71,224.14,1650.51001,15.15,208.98999999999998,244.44,N/A,0.11,1.11,0.60,1.39,1.30,5.63,58.24,631140000.0,631140000.0,20.78,5.81,0.34,10.12,0.34,961260000.0,10.12,11160000.0,0.35,42.90,1.10,18520000.0,0.57,473980000.0,2.04,5.97,26190000.0,3.04,11.11,48.00,1720000.0,6.70,6.30,1670000.0,outperform
663,2004-11-22 20:32:47,1101173567.0,zlc,29.1,-0.45,1177.23999,7.13,-7.58,0.382,14.83,0.66,2.14,4.54,7.51,7.40,15.73,43.743,1510000000.0,1740000000.0,11.16,1.01,0.75,7.57,0.75,1180000000.0,7.57,104780000.0,1.965,N/A,4.20,41950000.0,0.81,271000000.0,2.194,13.662,178080000.0,1.653,2.97,95.00,2120000.0,6.427,4.22,2180000.0,underperform
664,2009-01-31 02:04:13,1233385453.0,zlc,1.45,52.41,874.090027,24.08,28.33,0.699,N/A,0.02,0.08,0.29,0.39,0.30,2.10,55.873,39540000.0,368920000.0,N/A,N/A,0.17,6.994,0.17,1040000000.0,6.994,14980000.0,0.16,N/A,3.50,39440000.0,1.237,368510000.0,2.267,16.528,110940000.0,1.82,37.14,121.70,5130000.0,4.3,16.20,6460000.0,outperform
665,2007-05-28 18:16:34,1180390594.0,pep,,,1515.72998,-8.6,,0.183,19.98,3.12,7.24,16.19,18.45,14.83,38.49,21.753,112100000000.0,113170000000.0,N/A,1.87,3.16,13.141,3.16,19380000000.0,13.141,5780000000.0,3.44,15.70,9.40,1740000000.0,1.066,2810000000.0,1.155,9.46,6540000000.0,0.14,0.04,67.70,7830000.0,1.5,0.50,5530000.0,underperform
666,2007-03-11 11:45:03,1173627903.0,pep,50.88,11.81,1401.890015,-9.17,20.98,0.184,18.80,2.94,6.69,16.06,18.33,14.30,38.10,21.308,102980000000.0,102980000000.0,N/A,1.73,2.93,12.172,2.93,19380000000.0,12.172,5630000000.0,3.34,61.00,2.80,2820000000.0,1.723,2820000000.0,1.331,9.43,6080000000.0,0.01,0.04,67.70,5190000.0,0.30,0.30,8870000.0,outperform
667,2012-05-17 13:47:49,1337276869.0,pep,63.96,25.58,1304.859985,27.79,-2.210000000000001,120.72,17.01,1.60,4.73,9.59,15.40,8.74,27.67,42.61,131419999999.99998,131419999999.99998,15.47,3.44,1.96,10.04,1.96,34910000000.0,10.04,6420000000.0,4.04,1.40,4.10,3810000000.0,2.44,27710000000.0,1.03,14.52,7870000000.0,0.38,0.09,68.20,8560000.0,1.40,0.50,7660000.0,underperform
668,2006-07-18 14:14:17,1153246457.0,pep,50.29,6.7,1236.859985,25.01,-18.310000000000002,0.305,25.41,3.10,6.96,12.61,18.08,13.77,29.21,19.947,103280000000.0,104090000000.0,N/A,1.88,3.14,13.199,3.14,18390000000.0,13.199,4170000000.0,2.46,11.70,9.40,3330000000.0,2.015,4500000000.0,1.164,8.944,5350000000.0,0.02,0.07,67.80,6460000.0,1.4,0.40,5860000.0,underperform
669,2004-07-31 14:58:35,1091300315.0,pep,39.27,9.27,1095.420044,13.54,-4.27,0.233,23.82,3.01,6.85,12.97,17.12,14.37,31.22,16.187,84700000000.0,85320000000.0,19.46,1.96,3.04,17.21,3.04,14590000000.0,17.21,3640000000.0,2.099,7.70,7.40,2080000000.0,1.23,2870000000.0,1.333,7.286,4620000000.0,0.423,0.53,68.55,6050000.0,1.809,0.36,9190000.0,underperform
670,2008-10-28 20:07:37,1225238857.0,pep,46.6,12.9,940.51001,10.86,2.040000000000001,0.482,15.88,1.87,4.96,13.26,17.62,13.32,35.21,27.008,86590000000.0,85850000000.0,N/A,1.44,2.00,9.448,2.00,21440000000.0,9.448,5680000000.0,3.51,9.60,10.50,1860000000.0,1.197,7740000000.0,1.168,10.371,6420000000.0,0.22,0.07,68.50,8920000.0,0.9,0.60,10150000.0,outperform
671,2011-11-06 11:23:33,1320596613.0,pep,57.47,13.4,1261.150024,12.38,1.0199999999999996,111.87,15.54,1.52,4.16,9.91,15.66,8.89,29.03,40.80,120230000000.0,120230000000.0,13.33,1.60,1.86,9.45,1.86,31260000000.0,9.45,6380000000.0,3.99,4.10,13.30,3540000000.0,2.26,26850000000.0,1.01,15.11,120230000000.0,0.40,0.09,68.00,13350000.0,1.30,N/A,14570000.0,outperform
672,2012-11-26 14:07:08,1353956828.0,pep,66.11,24.08,1406.290039,28.19,-4.110000000000003,129.46,18.69,1.65,5.05,9.03,15.05,8.27,26.10,42.07,130810000000.0,130810000000.0,15.92,4.02,1.99,10.39,1.99,34910000000.0,10.39,5920000000.0,3.76,4.90,5.30,5710000000.0,3.69,27940000000.0,1.19,13.90,8230000000.0,0.35,0.13,69.30,10080000.0,1.80,0.60,10900000.0,underperform
673,2011-07-09 14:51:57,1310237517.0,pep,63.71,3.25,1339.219971,2.12,1.13,114.89,18.71,1.85,5.05,9.99,16.41,9.03,26.57,37.99,133699999999.99998,133699999999.99998,14.24,1.83,2.21,10.80,2.21,31260000000.0,10.80,6030000000.0,3.74,20.10,27.40,4030000000.0000005,2.55,27200000000.0,0.98,13.98,133699999999.99998,0.53,0.09,68.00,10320000.0,1.70,0.60,10990000.0,outperform
674,2012-03-24 15:53:11,1332618791.0,pep,60.79,20.07,1402.890015,10.19,9.88,128.11,16.19,1.54,4.94,9.69,15.60,9.20,30.50,42.20,124910000000.0,124910000000.0,14.71,2.60,1.88,9.53,1.88,34910000000.0,9.53,6440000000.0,4.03,3.70,11.00,4420000000.0,2.82,26770000000.0,0.96,13.24,8940000000.0,0.34,0.09,68.20,6730000.0,0.70,0.40,8780000.0,outperform
675,2011-06-04 10:43:19,1307198599.0,pep,63.81,-0.33,1314.550049,-0.32,-0.010000000000000009,114.89,18.45,1.82,4.97,9.99,16.41,9.03,26.57,37.99,132190000000.0,132190000000.0,14.08,1.99,2.19,10.67,2.19,31260000000.0,10.67,6030000000.0,3.74,20.10,27.40,4030000000.0000005,2.55,27200000000.0,0.98,13.98,132190000000.0,0.55,0.09,68.00,12120000.0,1.90,0.80,9610000.0,underperform
676,2005-05-04 09:33:27,1115213607.0,pep,44.02,5.66,1175.650024,11.62,-5.959999999999999,0.301,22.48,3.15,6.71,14.41,18.10,15.89,32.65,17.236,93640000000.0,94460000000.0,19.48,2.16,3.18,17.1,3.18,15860000000.0,17.1,4260000000.0,2.49,18.00,8.50,3370000000.0,2.01,4190000000.0000005,1.234,8.329,5090000000.0,0.316,0.53,66.70,7680000.0,2.168,0.46,6110000.0,underperform
677,2011-06-22 11:33:49,1308756829.0,pep,62.44,2.83,1287.140015,2.98,-0.1499999999999999,114.89,18.44,1.80,4.93,9.99,16.41,9.03,26.57,37.99,132120000000.0,132120000000.0,14.04,1.98,2.19,10.67,2.19,31260000000.0,10.67,6030000000.0,3.74,20.10,27.40,4030000000.0000005,2.55,27200000000.0,0.98,13.98,132120000000.0,0.55,0.09,68.00,10990000.0,1.80,0.70,12120000.0,underperform
678,2011-06-29 08:48:03,1309351683.0,pep,63.51,2.72,1307.410034,1.65,1.0700000000000003,114.89,18.62,1.82,4.98,9.99,16.41,9.03,26.57,37.99,132310000000.0,132310000000.0,14.18,1.80,2.19,10.68,2.19,31260000000.0,10.68,6030000000.0,3.74,20.10,27.40,4030000000.0000005,2.55,27200000000.0,0.98,13.98,132310000000.0,0.55,0.09,68.00,10320000.0,1.70,0.60,10990000.0,outperform
679,2009-10-03 03:26:11,1254554771.0,pep,50.6,16.6,1057.079956,7.96,8.64,N/A,18.86,2.13,6.47,11.89,17.61,12.77,33.24,27.533,97270000000.0,97270000000.0,N/A,1.50,2.27,10.696,2.27,22900000000.0,10.696,5080000000.0,3.23,2.30,3.20,2420000000.0,1.556,8620000000.0,1.349,9.041,6300000000.0,0.57,0.06,67.90,19380000.0,2.4,1.20,18370000.0,outperform
680,2011-11-04 10:13:00,1320415980.0,pep,56.73,15.27,1253.22998,12.68,2.59,111.87,15.74,1.52,4.16,9.91,15.66,8.89,29.03,40.80,121500000000.0,121500000000.0,13.48,1.59,1.88,9.55,1.88,31260000000.0,9.55,6380000000.0,3.99,4.10,13.30,3540000000.0,2.26,26850000000.0,1.01,15.11,121500000000.0,0.40,0.09,68.00,13350000.0,1.30,N/A,14570000.0,outperform
681,2005-08-19 14:24:33,1124475873.0,pep,42.92,17.33,1219.709961,6.21,11.119999999999997,0.305,21.17,3.00,6.41,14.68,18.67,12.71,33.32,18.045,91810000000.0,91550000000.0,N/A,2.11,3.02,13.176,3.02,15860000000.0,13.176,4400000000.0,2.60,12.70,8.90,3920000000.0,2.349,4330000000.0,1.244,8.518,5890000000.0,0.326,0.05,67.20,9980000.0,2.2,0.60,7680000.0,outperform
682,2013-05-18 08:35:29,1368880529.0,pep,80.75,4.66,1658.780029,12.78,-8.12,130.88,21.47,1.97,5.76,9.33,14.19,7.78,27.15,42.32,150740000000.0,150740000000.0,17.57,2.11,2.30,12.56,2.30,34200000000.000004,12.56,6120000000.0,3.90,4.60,1.20,7010000000.0,4.53,29400000000.0,1.11,14.55,9870000000.0,0.35,0.12,69.30,13790000.0,2.40,0.90,12750000.0,underperform
683,2009-02-24 18:42:50,1235518970.0,pep,43.47,24.06,773.1400150000001,42.95,-18.890000000000004,N/A,15.93,1.80,6.38,11.89,17.27,13.22,35.05,27.496,79600000000.0,84010000000.0,N/A,1.48,1.94,9.323,1.94,21440000000.0,9.323,5130000000.0,3.21,43.00,3.10,2280000000.0,1.463,8230000000.0,1.23,7.858,7000000000.0,0.68,0.07,68.20,9570000.0,1.2,0.60,10840000.0,underperform
684,2011-09-04 00:28:32,1315110512.0,pep,58.71,,1204.420044,16.78,,112.11,16.10,1.63,4.22,10.12,16.07,8.91,28.63,39.42,124160000000.0,124160000000.0,13.02,1.69,1.99,9.87,1.99,31260000000.0,9.87,6310000000.0,3.93,17.60,13.70,3340000000.0,2.11,27320000000.0,0.99,15.19,124160000000.0,0.53,0.09,68.00,12040000.0,1.00,0.80,7000000.0,underperform
685,2004-10-15 12:00:30,1097856030.0,pep,37.23,21.65,1108.199951,6.27,15.379999999999999,0.208,21.05,2.83,6.29,13.78,17.07,15.27,32.47,16.49,80600000000.0,80550000000.0,18.69,1.90,2.82,16.06,2.82,14590000000.0,16.06,3930000000.0,2.273,7.70,7.40,2750000000.0,1.63,2660000000.0,1.397,7.603,4520000000.0,0.413,0.54,68.66,6020000.0,1.604,0.36,8620000.0,outperform
686,2007-01-13 21:21:24,1168741284.0,pep,51.52,26.63,1414.849976,0.39,26.24,0.193,22.04,3.06,6.65,14.25,18.19,13.76,32.99,21.089,106240000000.0,105940000000.0,N/A,1.97,3.04,12.758,3.04,18390000000.0,12.758,4950000000.0,2.935,71.40,9.40,3400000000.0,2.071,3100000000.0,1.311,9.772,5590000000.0,0.06,0.07,68.60,7190000.0,1.4,0.40,6160000.0,outperform
687,2008-12-22 20:15:46,1229994946.0,pep,45.22,16.48,871.6300050000001,28.27,-11.79,0.482,15.21,1.96,5.22,13.26,17.62,13.32,35.21,27.008,82910000000.0,89890000000.0,N/A,1.61,2.10,9.892,2.10,21440000000.0,9.892,5680000000.0,3.51,9.60,10.50,1860000000.0,1.197,7740000000.0,1.168,10.371,6420000000.0,0.63,0.07,68.10,11020000.0,0.9,0.70,8390000.0,underperform
688,2012-01-04 01:44:52,1325659492.0,pep,61.57,7.21,1277.300049,14.25,-7.04,111.87,16.65,1.61,4.39,9.91,15.66,8.89,29.03,40.80,127050000000.0,127050000000.0,14.43,1.82,1.97,9.98,1.97,31260000000.0,9.98,6380000000.0,3.99,4.10,13.30,3540000000.0,2.26,26850000000.0,1.01,15.11,8490000000.0,0.42,0.09,68.00,11070000.0,1.50,0.70,13760000.0,underperform
689,2007-12-13 21:28:50,1197599330.0,pep,64.52,-32.16,1488.410034,-40.89,8.730000000000004,0.184,21.08,3.33,7.70,16.51,18.48,13.46,38.58,23.124,126670000000.0,126440000000.0,N/A,2.09,3.35,15.089,3.35,19380000000.0,15.089,6210000000.0,3.73,16.70,11.40,2240000000.0,1.39,2980000000.0,1.228,10.143,6980000000.0,0.05,0.06,67.90,12150000.0,2.2,0.80,10970000.0,outperform
690,2005-01-22 09:19:16,1106403556.0,pep,41.83,9.92,1184.630005,8.48,1.4399999999999995,0.208,23.57,3.16,7.04,13.78,17.07,15.27,32.47,16.49,90240000000.0,90150000000.0,20.93,2.23,3.16,17.97,3.16,14590000000.0,17.97,3930000000.0,2.273,7.70,7.40,2750000000.0,1.63,2660000000.0,1.397,7.603,4520000000.0,0.373,0.54,68.00,5800000.0,1.658,0.35,9700000.0,outperform
691,2006-05-29 10:01:23,1148911283.0,pep,,,1280.160034,18.59,,0.305,24.66,3.02,6.77,12.61,18.08,13.77,29.21,19.947,100240000000.0,101410000000.0,N/A,1.87,3.06,12.86,3.06,18390000000.0,12.86,4170000000.0,2.46,11.70,9.40,3330000000.0,2.015,4500000000.0,1.164,8.944,5350000000.0,0.07,0.07,67.60,5860000.0,1.4,0.40,5420000.0,underperform
692,2007-03-24 13:46:52,1174758412.0,tibx,9.19,-16.87,1435.040039,-7.35,-9.520000000000001,0.051,27.43,3.69,2.05,14.09,13.79,4.64,8.01,2.469,1900000000.0,1410000000.0,N/A,1.57,2.73,12.017,2.73,383600000.0,12.017,72860000.0,0.33,18.60,19.80,539570000.0,2.596,48350000.0,3.707,4.479,105950000.0,3.5,9.68,80.30,8279999.999999999,1.9,4.10,7780000.0,underperform
693,2007-06-08 15:25:30,1181330730.0,tibx,8.92,-20.18,1507.670044,-8.65,-11.53,0.051,24.61,3.42,1.94,14.70,14.07,4.87,8.57,2.528,1840000000.0,1380000000.0,N/A,1.55,2.61,11.464,2.61,383600000.0,11.464,77650000.0,0.36,85.50,9.70,547660000.0,2.627,47720000.0,3.991,4.455,117110000.0,3.45,9.68,79.10,10380000.0,2.6,5.10,10520000.0,underperform
694,2007-05-30 16:23:00,1180556580.0,tibx,8.89,-11.14,1530.22998,-8.62,-2.5200000000000014,0.051,24.83,3.51,2.00,14.70,14.07,4.87,8.57,2.528,1850000000.0,1360000000.0,N/A,1.71,2.57,11.256,2.57,383600000.0,11.256,77650000.0,0.36,85.50,9.70,547660000.0,2.627,47720000.0,3.991,4.455,117110000.0,3.45,9.68,77.50,10380000.0,2.6,5.10,10520000.0,underperform
695,2004-09-24 05:24:20,1096017860.0,tibx,8.33,-4.8,1110.109985,9.02,-13.82,0.077,53.89,5.14,2.52,10.26,13.42,3.83,4.79,1.532,1780000000.0,1390000000.0,28.20,1.52,4.16,33.51,4.16,200720000.0,33.51,34320000.0,0.157,N/A,3.40,379420000.0,1.81,52680000.0,4.397,3.249,15290000.0,3.047,17.62,70.58,5660000.0,2.934,3.27,7000000.0,underperform
696,2004-04-27 16:37:35,1083098255.0,tibx,8.07,-10.29,1138.109985,1.61,-11.899999999999999,0.08,101.60,5.95,2.46,6.66,6.43,2.04,2.49,1.249,1630000000.0,1170000000.0,32.92,1.75,4.27,59.66,4.27,200720000.0,59.66,18310000.0,0.081,N/A,3.40,515950000.00000006,2.6,53080000.0,4.537,3.35,3680000.0,3.031,17.40,37.16,3050000.0,1.035,1.86,3910000.0,underperform
697,2006-10-28 22:33:19,1162089199.0,tibx,9.32,-8.69,1382.219971,9.56,-18.25,0.054,29.84,4.07,2.20,13.84,13.37,4.19,7.71,2.338,1950000000.0,1470000000.0,N/A,1.86,3.01,13.895,3.01,321720000.0,13.895,67910000.0,0.31,18.80,13.60,521340000.00000006,2.468,48800000.0,4.009,4.291,105960000.0,3.84,2.25,85.30,8900000.0,1.7,4.40,10550000.0,underperform
698,2003-10-13 06:49:33,1066042173.0,tibx,5.86,48.46,1045.349976,7.32,41.14,0.071,141.25,4.55,1.59,2.74,3.69,0.80,0.96,1.211,1170000000.0,625010000.0,56.50,5.91,2.38,396.33,2.38,211900000.0,396.33,7180000.0,0.04,N/A,14.40,601350000.0,2.84,53870000.0,5.509,3.56,N/A,3.086,58.66,26.93,3240000.0,1.778,3.70,2440000.0,outperform
699,2012-05-01 10:50:02,1335883802.0,tibx,33.03,-42.08,1405.819946,12.58,-54.66,16.46,48.31,5.53,6.37,12.19,17.72,8.22,13.88,5.94,5090000000.0,5090000000.0,24.01,1.69,5.30,23.53,5.30,672870000.0,23.53,117090000.0,0.68,29.40,21.80,354580000.0,2.20,137520000.0,1.72,5.17,212820000.0,1.30,4.51,85.90,3090000.0,1.00,1.90,2100000.0,underperform
700,2012-01-02 03:25:49,1325492749.0,tibx,,,1257.599976,20.03,,8.02,36.78,4.25,4.61,12.22,17.95,8.14,13.58,5.70,3620000000.0,3620000000.0,18.25,1.31,3.94,18.35,3.94,556210000.0,18.35,112410000.0,0.65,38.40,20.00,308370000.0,1.91,68110000.0,1.51,5.26,208050000.0,1.23,4.03,86.10,1870000.0,0.70,N/A,2750000.0,underperform
701,2011-07-01 11:04:41,1309532681.0,tibx,29.42,-8.09,1339.670044,-0.58,-7.51,4.62,54.96,5.68,5.53,11.10,16.22,7.03,11.38,5.15,4460000000.0,4460000000.0,26.38,2.09,5.39,24.20,5.39,556210000.0,24.20,91850000.0,0.53,64.20,24.90,278730000.0,1.72,39260000.0,1.54,5.25,4460000000.0,1.23,4.03,86.10,7990000.0,3.20,5.10,8900000.0,underperform
702,2009-01-13 20:54:18,1231898058.0,tibx,5.27,79.7,871.7899779999999,31.42,48.28,0.06,18.32,1.42,1.23,8.13,10.20,3.59,6.56,3.57,911470000.0,690310000.0,N/A,0.97,1.07,6.063,1.07,418490000.0,6.063,52410000.0,0.28,16.80,0.30,267470000.00000003,1.532,44560000.0,1.752,4.247,152490000.0,1.41,3.80,88.80,5510000.0,2.4,3.20,5470000.0,outperform
703,2009-08-20 22:57:19,1250823439.0,tibx,9.21,50.05,1007.3699949999999,6.38,43.669999999999995,N/A,27.41,2.57,1.99,9.48,12.71,4.40,7.48,3.58,1320000000.0,1320000000.0,N/A,1.54,2.12,10.533,2.12,466570000.0,10.533,59110000.0,0.34,188.50,4.90,329600000.0,1.887,43560000.0,1.922,4.61,131800000.00000001,1.31,3.87,82.00,4730000.0,1.5,2.80,6120000.0,outperform
704,2013-05-16 07:39:15,1368704355.0,tibx,21.78,-11.2,1650.469971,13.78,-24.979999999999997,61.81,31.88,3.28,3.74,10.69,16.83,6.64,12.71,6.47,3130000000.0,3130000000.0,16.86,1.50,3.02,14.90,3.02,741800000.0,14.90,110870000.0,0.66,54.00,5.40,806660000.0,4.99,563380000.0,2.53,5.64,259459999.99999997,1.46,5.19,83.40,2750000.0,0.70,2.00,2940000.0,underperform
705,2007-04-06 08:50:02,1175863802.0,tibx,8.71,-16.99,1437.77002,-4.89,-12.099999999999998,0.051,25.00,3.43,1.99,14.70,14.07,4.87,8.57,2.528,1860000000.0,1310000000.0,N/A,1.49,2.49,10.915,2.49,383600000.0,10.915,77650000.0,0.36,85.50,9.70,547660000.0,2.635,47720000.0,3.991,4.394,117110000.0,3.62,9.68,80.20,10520000.0,5.20,5.20,8279999.999999999,underperform
706,2004-11-23 17:42:38,1101249758.0,tibx,11.0,-24.45,1176.939941,7.53,-31.98,0.067,70.00,6.66,2.83,10.26,16.09,3.71,4.70,1.52,2320000000.0,1840000000.0,31.20,2.04,5.50,31.98,5.50,200720000.0,31.98,34320000.0,0.156,N/A,3.40,441940000.0,2.08,52270000.0,3.05,3.72,60520000.0,3.079,17.65,73.96,5080000.0,1.166,2.91,4200000.0,underperform
707,2011-10-31 14:19:28,1320085168.0,tibx,28.89,,1253.300049,0.98,,4.73,50.85,5.46,5.83,11.24,16.48,7.45,12.20,5.41,4520000000.0,4520000000.0,26.02,2.10,5.19,23.44,5.19,556210000.0,23.44,98020000.0,0.57,35.60,24.10,272450000.0,1.69,38690000.0,1.43,5.06,4520000000.0,1.31,4.03,86.10,5030000.0,1.50,N/A,4430000.0,underperform
708,2005-01-28 16:49:02,1106948942.0,pld,25.67,42.03,1171.359985,7.97,34.06,1.132,36.11,11.69,2.60,38.40,33.21,3.50,7.43,3.152,6970000000.0,10610000000.0,14.47,2.30,17.67,28.69,17.67,597260000.0,28.69,195990000.0,1.05,0.70,8.80,207100000.0,1.13,3440000000.0,N/A,14.669,407930000.0,0.238,14.25,90.55,3080000.0,4.866,1.95,3060000.0,outperform
709,2008-12-26 00:06:40,1230268000.0,pld,17.91,22.11,872.7999880000001,28.39,-6.280000000000001,1.466,6.25,0.52,0.37,11.59,19.32,3.16,7.48,19.628,3530000000.0,14630000000.0,N/A,2.77,2.86,11.075,2.86,1670000000.0,11.075,535809999.99999994,2.12,83.70,68.10,341090000.0,1.284,11100000000.0,2.712,27.497,856230000.0,2.88,0.52,107.00,24080000.0,1.4,9.10,17430000.0,underperform
710,2008-12-18 06:58:36,1229601516.0,pld,16.0,32.0,885.2800289999999,24.53,7.469999999999999,1.466,3.86,0.41,0.29,11.59,19.32,3.16,7.48,19.628,2180000000.0,13290000000.0,N/A,1.67,2.59,10.053,2.59,1670000000.0,10.053,535809999.99999994,2.12,83.70,68.10,341090000.0,1.284,11100000000.0,2.712,27.497,856230000.0,2.88,0.52,107.00,24080000.0,1.4,9.10,17430000.0,outperform
711,2004-02-03 07:55:17,1075812917.0,pld,23.61,10.08,1136.030029,5.03,5.05,1.052,38.15,9.19,2.39,30.21,34.59,3.23,6.36,3.512,6010000000.0,9020000000.0,13.71,2.34,14.11,16.73,14.11,642410000.0,16.73,157930000.0,0.876,94.20,29.00,154640000.0,0.86,2950000000.0,N/A,13.68,365240000.0,0.208,21.52,90.01,2190000.0,4.651,1.55,2300000.0,outperform
712,2003-10-26 16:26:33,1067203593.0,pld,19.74,27.2,1033.77002,5.9,21.299999999999997,1.052,33.20,8.26,2.15,30.21,34.59,3.23,6.36,3.512,5220000000.0,8420000000.0,11.73,1.24,13.16,15.6,13.16,642410000.0,15.6,157930000.0,0.876,94.20,29.00,154640000.0,0.86,2950000000.0,N/A,13.7,N/A,0.147,21.52,94.79,1890000.0,3.325,1.34,1360000.0,outperform
713,2011-08-16 19:25:15,1313537115.0,pld,25.93,18.86,1192.76001,17.84,1.0199999999999996,80.56,N/A,12.44,0.98,124.72,20.05,0.60,14.57,2.06,25720000000.0,25720000000.0,N/A,N/A,23.71,43.48,23.71,644570000.0,43.48,1660000000.0,2.62,N/A,56.10,260890000.0,0.57,12140000000.0,1.33,30.01,25720000000.0,2.03,0.31,102.20,14740000.0,4.00,9.00,15830000.0,outperform
714,2007-05-28 11:37:19,1180366639.0,pld,,,1515.72998,-8.6,,1.36,17.60,5.31,2.43,31.16,35.32,4.22,12.65,11.977,15760000000.0,24890000000.0,N/A,2.14,8.37,18.381,8.37,1230000000.0,18.381,761880000.0,3.49,27.90,55.70,554510000.0,2.161,9330000000.0,1.653,25.388,851640000.0,1.21,3.34,93.10,7350000.0,3.2,2.90,6550000.0,underperform
715,2005-03-02 09:06:54,1109772414.0,pld,26.75,44.37,1210.079956,6.53,37.839999999999996,1.1,36.78,12.20,2.67,39.10,31.70,3.46,7.63,3.15,7410000000.0,10930000000.0,13.98,1.90,18.24,30.15,18.24,597270000.0,30.15,204430000.0,1.10,0.70,8.80,236530000.0,1.29,3410000000.0,N/A,14.916,407930000.0,0.257,14.25,90.19,2390000.0,2.857,1.51,3080000.0,outperform
716,2007-04-06 22:28:34,1175912914.0,pld,44.9,-4.52,1437.77002,-4.89,0.3700000000000001,1.311,19.79,6.41,2.73,33.30,35.40,4.00,12.08,10.677,16829999999.999998,25090000000.0,N/A,2.36,9.55,20.433,9.55,1230000000.0,20.433,692270000.0,3.32,192.30,49.80,475790000.0,1.857,8390000000.000001,0.945,24.106001,720840000.0,1.68,3.34,91.80,6550000.0,4.1,2.60,6630000.0,outperform
717,2011-04-15 05:05:43,1302858343.0,pld,32.19,-4.91,1319.680054,3.72,-8.63,86.53,N/A,9.54,1.24,136.20,17.83,0.66,20.38,1.90,15790000000.0,15790000000.0,21.77,2.43,16.92,32.49,16.92,644570000.0,32.49,1610000000.0,2.64,N/A,37.70,37630000.0,0.07,6510000000.0,2.15,12.55,15790000000.0,2.82,0.31,102.20,21350000.0,4.00,N/A,19170000.0,underperform
718,2008-12-07 15:11:43,1228680703.0,pld,13.73,49.67,845.2199710000001,30.53,19.14,1.466,2.30,0.19,0.13,11.59,19.32,3.16,7.48,19.628,1280000000.0,12390000000.0,N/A,1.02,2.42,9.375,2.42,1670000000.0,9.375,535809999.99999994,2.12,83.70,68.10,341090000.0,1.299,11100000000.0,2.712,27.497,856230000.0,2.88,0.52,106.80,17430000.0,2.3,6.60,15170000.0,outperform
719,2007-02-21 20:20:03,1172107203.0,pld,47.47,-20.96,1457.630005,-7.9,-13.06,1.311,21.37,6.89,2.97,33.53,34.95,3.93,12.08,10.602,17800000000.0,26240000000.0,N/A,2.57,10.06,21.852,10.06,774140000.0,21.852,692270000.0,3.32,192.30,54.50,475790000.0,1.896,8390000000.000001,0.326,24.106001,N/A,1.61,3.46,87.00,5320000.0,3.5,2.20,5460000.0,underperform
720,2004-09-11 05:39:20,1094895560.0,pld,25.36,25.35,1116.27002,10.34,15.010000000000002,1.046,29.65,9.21,2.47,38.89,37.57,4.35,9.15,3.691,6500000000.0,9590000000.0,13.97,2.14,13.57,22.14,13.57,597260000.0,22.14,235600000.0,1.206,0.70,8.80,394590000.0,2.17,3130000000.0,N/A,14.523,393500000.0,0.222,14.25,92.64,1870000.0,3.494,1.20,2220000.0,outperform
721,2013-05-14 23:33:45,1368588825.0,pld,41.05,-1.88,1650.339966,14.43,-16.31,72.40,N/A,10.46,1.61,1.56,23.52,1.14,0.06,4.47,30670000000.0,30670000000.0,N/A,N/A,14.89,25.10,14.89,2009999999.9999998,25.10,62980000.0,0.05,33.70,4.50,785360000.0,1.58,9560000000.0,0.72,26.82,521200000.00000006,1.61,1.07,105.60,9670000.0,2.30,2.40,10570000.0,underperform
722,2009-01-15 17:46:07,1232059567.0,goog,,,843.73999,34.64,,N/A,17.60,4.53,3.45,24.14,29.72,14.35,20.82,66.765,91720000000.0,80320000000.0,N/A,0.80,3.84,10.538,3.84,9940000000.0,10.538,5050000000.0,16.561,20.60,31.00,14410000000.0,45.79,N/A,8.076,87.335999,7420000000.0,1.64,0.90,80.00,7500000.0,1.2,3.20,6470000.0,underperform
723,2011-08-04 22:40:58,1312512058.0,goog,,,1200.069946,15.91,,11.81,20.83,5.82,3.73,27.05,33.62,12.41,19.47,103.96,161130000000.0,161130000000.0,13.77,0.91,4.84,12.60,4.84,18900000000.0,12.60,9010000000.0,27.72,36.10,32.30,39120000000.0,121.15,6140000000.0,5.96,161.13,161130000000.0,0.88,0.58,80.90,3780000.0,1.00,1.50,3670000.0,underperform
724,2007-10-03 01:31:53,1191389513.0,goog,,,1539.589966,-27.62,,N/A,47.49,13.54,9.22,27.48,32.45,15.21,22.36,43.676,182410000000.0,169330000000.0,N/A,1.13,12.61,33.065,12.61,6380000000.0,33.065,3690000000.0,12.31,28.30,57.70,12500000000.0,40.058,N/A,11.263,63.159,4360000000.0,1.04,0.18,80.30,5120000.0,1.5,2.20,5400000.0,underperform
725,2004-11-24 11:01:26,1101312086.0,goog,,,1181.76001,6.18,,0.001,201.10,16.91,17.44,8.32,15.87,14.42,18.70,10.033,45800000000.0,44030000000.0,49.56,2.20,16.49,82.63,16.49,840080000.0,82.63,222270000.0,0.833,6.00,233.50,1860000000.0,6.8,3090000.0,8.599,9.469,N/A,N/A,53.30,11.12,9220000.0,1.457,7.22,4059999.9999999995,underperform
726,2008-10-27 08:46:17,1225111577.0,goog,,,848.919983,25.27,,N/A,21.11,5.10,3.87,24.41,30.17,14.59,21.03,66.765,106620000000.0,92210000000.0,N/A,0.80,4.41,11.949,4.41,9940000000.0,11.949,5110000000.0,16.07,25.80,31.00,14410000000.0,45.865,N/A,8.12,87.611,7420000000.0,2.14,0.90,79.70,6400000.0,2.70,2.70,6620000.0,underperform
727,2007-10-11 02:49:40,1192085380.0,goog,,,1554.410034,-42.15,,N/A,50.82,14.30,9.74,27.48,32.45,15.21,22.36,43.676,195210000000.0,179520000000.0,N/A,1.17,13.37,35.054,13.37,6380000000.0,35.054,3690000000.0,12.31,28.30,57.70,12500000000.0,40.058,N/A,11.263,63.159,4360000000.0,1.04,0.18,80.30,5120000.0,1.5,2.20,5400000.0,underperform
728,2007-10-11 20:57:57,1192150677.0,goog,,,1554.410034,-42.15,,N/A,50.54,14.53,9.90,27.48,32.45,15.21,22.36,43.676,194150000000.0,182700000000.0,N/A,1.17,13.60,35.676,13.60,6380000000.0,35.676,3690000000.0,12.31,28.30,57.70,12500000000.0,40.058,N/A,11.263,63.159,4360000000.0,1.04,0.18,80.30,5120000.0,1.5,2.20,5400000.0,underperform
729,2011-06-28 20:37:58,1309307878.0,goog,,,1296.670044,2.71,,10.43,19.16,5.00,3.18,26.82,34.35,12.99,19.16,97.37,124000000000.0,124000000000.0,12.50,0.82,3.99,10.20,3.99,18900000000.0,10.20,8350000000.0,25.75,8.00,26.60,36680000000.0,113.81,5100000000.0,4.64,151.65,124000000000.0,0.93,0.58,80.90,4210000.0,1.90,1.70,3800000.0,underperform
730,2012-05-18 20:33:27,1337387607.0,goog,,,1295.219971,28.07,,12.49,18.20,5.08,3.29,27.09,32.11,11.70,19.59,123.49,163210000000.0,163210000000.0,11.86,0.81,4.08,11.03,4.08,24720000000.0,11.03,10830000000.0,33.00,60.70,24.10,47620000000.0,146.06,7710000000.0,5.84,189.35,15090000000.0,1.18,0.42,81.80,3540000.0,1.20,1.40,2990000.0,underperform
731,2013-08-18 08:54:27,1376830467.0,goog,,,1661.319946,18.69,,10.40,24.79,5.13,3.63,20.85,23.95,8.92,15.24,169.05,239140000000.0,239140000000.0,16.69,1.36,4.29,14.06,4.29,29540000000.0,14.06,10940000000.0,34.57,15.90,19.50,54430000000.0,163.45,8199999999.999999,4.36,236.70,17010000000.000002,1.10,0.19,86.70,4059999.9999999995,1.70,1.50,4380000.0,underperform
732,2007-10-06 06:07:58,1191665278.0,goog,,,1539.589966,-27.62,,N/A,48.27,13.46,9.17,27.48,32.45,15.21,22.36,43.676,185420000000.0,168230000000.0,N/A,1.10,12.53,32.851,12.53,6380000000.0,32.851,3690000000.0,12.31,28.30,57.70,12500000000.0,40.058,N/A,11.263,63.159,4360000000.0,1.04,0.18,80.30,5120000.0,1.5,2.20,5400000.0,underperform
733,2012-02-04 03:41:42,1328344902.0,goog,,,1324.089966,13.14,,10.68,20.04,5.02,3.27,25.69,32.30,11.73,18.66,117.43,151830000000.0,151830000000.0,11.99,0.75,4.01,10.77,4.01,24720000000.0,10.77,9740000000.0,29.76,6.30,25.40,44630000000.0,137.25,6210000000.0,5.92,178.97,14560000000.0,0.97,0.42,81.80,3610000.0,1.30,1.40,3990000.0,underperform
734,2012-07-16 18:22:38,1342477358.0,goog,,,1353.640015,23.83,,12.49,17.43,4.70,3.04,27.09,32.11,11.70,19.59,123.49,148040000000.0,148040000000.0,11.56,0.76,3.70,10.00,3.70,24720000000.0,10.00,10830000000.0,33.00,60.70,24.10,47620000000.0,146.06,7710000000.0,5.84,189.35,15090000000.0,1.13,0.43,83.30,3890000.0,1.70,1.50,4470000.0,underperform
735,2011-10-11 16:49:09,1318366149.0,goog,,,1195.540039,19.83,,11.81,19.70,5.20,3.33,27.05,33.62,12.41,19.47,103.96,140460000000.0,140460000000.0,13.02,0.76,4.22,10.99,4.22,18900000000.0,10.99,9010000000.0,27.72,36.10,32.30,39120000000.0,121.15,6140000000.0,5.96,161.13,140460000000.0,0.86,0.58,80.90,5820000.0,1.60,N/A,5410000.0,underperform
736,2008-12-03 23:45:23,1228365923.0,goog,,,870.73999,26.32,,N/A,16.87,4.14,3.15,24.14,29.72,14.35,20.82,66.765,87910000000.0,72130000000.0,N/A,0.68,3.45,9.464,3.45,9940000000.0,9.464,5050000000.0,16.56,20.60,31.00,14410000000.0,45.814,N/A,8.076,87.335999,7420000000.0,1.64,0.90,80.10,6530000.0,0.9,2.70,6960000.0,underperform
737,2010-01-05 16:33:44,1262727224.0,goog,,,1136.52002,12.32,,N/A,40.40,8.77,5.89,21.73,33.92,14.03,16.11,71.861,176850000000.0,176850000000.0,N/A,1.31,7.80,19.149,7.80,13170000000.0,19.149,4930000000.0,15.50,27.10,7.30,21990000000.0,69.324,N/A,11.351,106.400002,8710000000.0,1.08,0.48,81.50,3770000.0,2.2,1.60,3830000.0,underperform
738,2008-12-17 02:56:22,1229500582.0,goog,,,904.419983,21.19,,N/A,19.64,4.67,3.56,24.14,29.72,14.35,20.82,66.765,102380000000.0,83370000000.0,N/A,0.83,3.99,10.939,3.99,9940000000.0,10.939,5050000000.0,16.56,20.60,31.00,14410000000.0,45.79,N/A,8.076,87.335999,7420000000.0,1.64,0.90,80.10,6470000.0,0.7,2.70,6530000.0,underperform
739,2005-05-27 22:30:30,1117247430.0,goog,,,1198.780029,4.99,,8.03,105.14,18.98,21.01,18.56,30.05,35.17,33.79,17.096,73890000000.0,69490000000.0,40.43,1.67,18.32,44.203,18.32,1730000000.0,44.203,704340000.0,2.53,477.10,92.80,2510000000.0,9.026,1310000.0,8.03,12.337,1300000000.0,N/A,54.36,19.40,8700000.0,1.2,3.20,9840000.0,underperform
740,2005-02-06 01:18:20,1107670700.0,goog,,,1189.890015,6.31,,0.001,141.72,21.59,22.27,12.52,20.07,21.05,25.97,11.692,55880000000.0,53740000000.0,40.31,1.58,16.85,68.15,16.85,840080000.0,68.15,399120000.0,1.44,6.00,233.50,2130000000.0,7.8,1900000.0,7.913,9.469,N/A,N/A,53.30,11.97,11690000.0,1.506,9.15,12120000.0,underperform
741,2011-07-09 01:37:10,1310189830.0,goog,,,1339.219971,2.12,,10.43,20.66,5.66,3.60,26.82,34.35,12.99,19.16,97.37,144560000000.0,144560000000.0,13.53,0.89,4.64,11.89,4.64,18900000000.0,11.89,8350000000.0,25.75,8.00,26.60,36680000000.0,113.81,5100000000.0,4.64,151.65,144560000000.0,0.92,0.58,80.90,4210000.0,1.90,1.70,3800000.0,underperform
742,2011-10-13 10:00:33,1318514433.0,goog,,,1203.660034,18.69,,11.81,19.79,5.31,3.40,27.05,33.62,12.41,19.47,103.96,144120000000.0,144120000000.0,13.11,0.81,4.32,11.27,4.32,18900000000.0,11.27,9010000000.0,27.72,36.10,32.30,39120000000.0,121.15,6140000000.0,5.96,161.13,144120000000.0,0.86,0.58,80.90,5820000.0,1.60,N/A,5410000.0,underperform
743,2007-10-05 00:53:49,1191560029.0,goog,,,1557.589966,-25.46,,N/A,47.05,13.57,9.25,27.48,32.45,15.21,22.36,43.676,180740000000.0,169790000000.0,N/A,1.11,12.64,33.155,12.64,6380000000.0,33.155,3690000000.0,12.31,28.30,57.70,12500000000.0,40.058,N/A,11.263,63.159,4360000000.0,1.04,0.18,80.30,5120000.0,1.5,2.20,5400000.0,underperform
744,2011-06-21 23:50:38,1308714638.0,goog,,,1295.52002,4.64,,10.43,19.15,5.02,3.20,26.82,34.35,12.99,19.16,97.37,124580000000.0,124580000000.0,12.48,0.85,4.00,10.25,4.00,18900000000.0,10.25,8350000000.0,25.75,8.00,26.60,36680000000.0,113.81,5100000000.0,4.64,151.65,124580000000.0,0.93,0.58,80.90,3800000.0,1.80,1.50,4330000.0,underperform
745,2005-11-02 01:12:43,1130911963.0,goog,,,1214.76001,12.56,,14.973,84.05,19.79,11.82,24.71,33.93,20.10,22.80,19.572,105940000000.0,96290000000.0,N/A,1.90,18.34,43.076,18.34,1730000000.0,43.076,1300000000.0,4.51,633.30,95.90,7630000000.0,27.324,14.973,14.973,31.489,2170000000.0,N/A,35.44,37.90,7430000.0,0.8,2.70,8380000.000000001,underperform
746,2006-01-10 12:41:40,1136914900.0,goog,,,1289.689941,9.7,,14.973,103.43,26.28,14.61,24.71,33.93,20.10,22.80,19.572,137990000000.0,130360000000.00002,N/A,2.64,24.83,58.32,24.83,1730000000.0,58.32,1300000000.0,4.514,633.30,95.90,7630000000.0,25.817,14.973,14.973,31.959999,2170000000.0,N/A,35.11,37.90,8180000.0,0.8,2.80,9230000.0,underperform
747,2011-05-13 23:48:47,1305344927.0,goog,,,1337.77002,1.26,,10.33,19.40,5.53,3.49,28.43,34.35,12.99,20.19,97.37,140450000000.0,140450000000.0,13.39,0.89,4.51,11.56,4.51,18900000000.0,11.56,8850000000.0,27.29,17.50,26.60,36680000000.0,114.07,5100000000.0,4.90,153.49,140450000000.0,0.93,0.58,80.90,3970000.0,1.20,1.60,3390000.0,underperform
748,2012-10-21 01:32:38,1350797558.0,goog,,,1457.339966,19.72,,11.60,21.36,4.79,3.35,22.20,27.00,10.10,17.18,145.89,185650000000.0,185650000000.0,13.70,1.10,3.91,12.10,3.91,24720000000.0,12.10,10560000000.0,31.91,20.30,45.10,45720000000.0,139.49,7890000000.0,3.94,207.54,15870000000.0,1.17,0.33,84.00,4790000.0,1.60,1.80,3520000.0,underperform
749,2012-01-12 04:29:33,1326360573.0,goog,,,1295.5,13.63,,13.24,21.34,5.64,3.68,26.78,32.76,11.96,19.52,111.16,166530000000.0,166530000000.0,14.25,0.88,4.66,12.38,4.66,18900000000.0,12.38,9580000000.0,29.34,25.90,33.40,42560000000.0,131.41,7260000000.0,5.63,169.35,14170000000.0,0.85,0.42,81.80,4230000.0,1.50,1.70,4240000.0,underperform
750,2013-01-23 12:04:31,1358960671.0,goog,,,1494.810059,22.32,,11.61,22.03,4.86,3.39,22.20,28.06,10.50,17.18,145.89,194230000000.0,194230000000.0,13.04,1.06,4.09,12.25,4.09,24720000000.0,12.25,10560000000.0,31.91,20.30,45.10,44620000000.0,135.80,7900000000.0,3.94,207.05,15870000000.0,1.23,0.33,84.00,3770000.0,1.80,1.50,4110000.0000000005,underperform
751,2007-10-11 12:00:34,1192118434.0,goog,,,1554.410034,-42.15,,N/A,50.82,14.53,9.90,27.48,32.45,15.21,22.36,43.676,195210000000.0,182700000000.0,N/A,1.17,13.60,35.676,13.60,6380000000.0,35.676,3690000000.0,12.31,28.30,57.70,12500000000.0,40.058,N/A,11.263,63.159,4360000000.0,1.04,0.18,80.30,5120000.0,1.5,2.20,5400000.0,underperform
752,2012-03-13 09:39:10,1331645950.0,goog,,,1395.949951,11.36,,10.68,20.33,5.19,3.38,25.69,32.30,11.73,18.66,117.43,159640000000.0,159640000000.0,12.20,0.78,4.21,11.33,4.21,24720000000.0,11.33,9740000000.0,29.76,6.30,25.40,43330000000.0,133.26,6210000000.0,5.92,178.97,14560000000.0,1.13,0.42,81.80,3580000.0,1.50,1.40,3730000.0,underperform
753,2011-09-02 05:03:57,1314954237.0,goog,,,1173.969971,20.15,,11.81,19.21,5.24,3.36,27.05,33.62,12.41,19.47,103.96,141690000000.0,141690000000.0,12.67,0.81,4.25,11.08,4.25,18900000000.0,11.08,9010000000.0,27.72,36.10,32.30,39120000000.0,121.15,6140000000.0,5.96,161.13,141690000000.0,0.88,0.58,80.90,4660000.0,1.00,1.90,4240000.0,underperform
754,2005-04-03 19:30:20,1112571020.0,goog,,,1180.589966,9.93,,0.001,124.85,15.54,16.92,12.52,20.07,21.05,25.97,11.692,49420000000.0,47290000000.0,35.30,1.50,14.83,59.97,14.83,840080000.0,59.97,399120000.0,1.44,6.00,233.50,2130000000.0,7.77,1900000.0,7.913,10.67,N/A,N/A,45.11,20.50,9840000.0,0.896,6.53,13820000.0,underperform
755,2013-01-16 10:43:29,1358351009.0,goog,,,1472.630005,25.35,,11.61,22.72,5.01,3.50,22.20,28.06,10.50,17.18,145.89,201480000000.0,201480000000.0,15.64,1.35,4.24,12.71,4.24,24720000000.0,12.71,10560000000.0,31.91,20.30,45.10,44620000000.0,135.80,7900000000.0,3.94,207.05,15870000000.0,1.23,0.33,84.00,3770000.0,1.80,1.50,4110000.0000000005,underperform
756,2009-01-01 00:37:22,1230788242.0,goog,,,869.419983,29.53,,N/A,18.58,4.56,3.47,24.14,29.72,14.35,20.82,66.765,96830000000.0,80990000000.0,N/A,0.81,3.87,10.627,3.87,9940000000.0,10.627,5050000000.0,16.56,20.60,31.00,14410000000.0,45.79,N/A,8.076,87.335999,7420000000.0,1.64,0.90,80.10,6470000.0,0.7,2.70,6530000.0,underperform
757,2005-10-28 01:49:29,1130478569.0,goog,,,1198.410034,15.34,,14.973,78.21,22.16,24.34,24.71,33.93,20.10,22.80,19.572,98590000000.0,91620000000.0,N/A,1.86,17.45,40.99,17.45,1730000000.0,40.99,1300000000.0,4.51,633.30,95.90,7630000000.0,27.324,14.973,14.973,14.604,2170000000.0,N/A,37.16,37.90,8380000.000000001,1.4,3.00,8330000.0,underperform
758,2009-01-26 21:32:20,1233023540.0,goog,,,836.570007,30.55,,N/A,24.33,4.69,3.62,19.39,30.43,14.52,16.60,69.422,101910000000.0,86320000000.0,N/A,0.85,3.96,10.615,3.96,9940000000.0,10.615,4230000000.0000005,13.31,68.30,18.10,15850000000.0,50.36,N/A,8.765,89.747002,7850000000.0,1.64,0.90,79.90,6450000.0,1.4,2.70,7500000.0,underperform
759,2005-12-06 10:45:56,1133883956.0,goog,,,1263.699951,11.81,,14.973,89.91,22.84,12.70,24.71,33.93,20.10,22.80,19.572,119950000000.0,112320000000.0,N/A,2.37,21.39,50.248,21.39,1730000000.0,50.248,1300000000.0,4.51,633.30,95.90,7630000000.0,25.817,14.973,14.973,31.959999,2170000000.0,N/A,35.11,37.90,9230000.0,3.10,3.10,7430000.0,underperform
760,2011-06-03 23:44:42,1307159082.0,goog,,,1300.160034,1.01,,10.43,20.31,5.47,3.48,26.82,34.35,12.99,19.16,97.37,138590000000.0,138590000000.0,13.23,0.88,4.45,11.40,4.45,18900000000.0,11.40,8350000000.0,25.75,8.00,26.60,36680000000.0,113.81,5100000000.0,4.64,151.65,138590000000.0,0.93,0.58,80.90,4330000.0,1.40,1.70,3970000.0,underperform
761,2008-12-16 01:57:34,1229410654.0,goog,,,913.179993,21.46,,N/A,18.76,4.75,3.62,24.14,29.72,14.35,20.82,66.765,97730000000.0,84920000000.0,N/A,0.84,4.06,11.142,4.06,9940000000.0,11.142,5050000000.0,16.56,20.60,31.00,14410000000.0,45.814,N/A,8.076,87.335999,7420000000.0,1.64,0.90,80.10,6470000.0,0.7,2.70,6530000.0,underperform
762,2011-09-24 03:08:58,1316848138.0,goog,,,1166.76001,25.16,,11.81,18.96,5.04,3.23,27.05,33.62,12.41,19.47,103.96,135130000000.0,135130000000.0,12.51,0.76,4.06,10.57,4.06,18900000000.0,10.57,9010000000.0,27.72,36.10,32.30,39120000000.0,121.15,6140000000.0,5.96,161.13,135130000000.0,0.91,0.58,80.90,5410000.0,1.20,N/A,4660000.0,underperform
763,2005-11-25 09:46:19,1132929979.0,goog,,,1268.25,10.87,,14.973,93.68,23.80,13.23,24.71,33.93,20.10,22.80,19.572,124980000000.0,117350000000.0,N/A,2.40,22.35,52.497,22.35,1730000000.0,52.497,1300000000.0,4.51,633.30,95.90,7630000000.0,25.817,14.973,14.973,31.959999,2170000000.0,N/A,35.44,37.90,7430000.0,0.8,2.50,8380000.000000001,underperform
764,2005-12-18 08:57:35,1134914255.0,goog,,,1270.939941,11.92,,14.973,95.29,23.78,13.22,24.71,33.93,20.10,22.80,19.572,127130000000.0,119500000000.0,N/A,2.44,22.76,53.461,22.76,1730000000.0,53.461,1300000000.0,4.51,633.30,95.90,7630000000.0,25.817,14.973,14.973,31.959999,2170000000.0,N/A,35.11,37.90,9230000.0,3.10,3.10,7430000.0,underperform
765,2009-02-03 08:02:56,1233666176.0,goog,,,838.51001,30.86,,N/A,25.58,4.89,3.77,19.39,30.43,14.52,16.60,69.422,107160000000.0,91310000000.0,N/A,0.87,4.19,11.229,4.19,9940000000.0,11.229,4230000000.0000005,13.31,68.30,18.10,15850000000.0,50.36,N/A,8.765,89.747002,7850000000.0,1.41,0.97,79.90,6570000.0,1.6,2.80,6450000.0,underperform
766,2011-09-26 21:26:22,1317086782.0,goog,,,1162.949951,23.96,,11.81,19.19,5.09,3.26,27.05,33.62,12.41,19.47,103.96,136699999999.99998,136699999999.99998,12.66,0.76,4.10,10.69,4.10,18900000000.0,10.69,9010000000.0,27.72,36.10,32.30,39120000000.0,121.15,6140000000.0,5.96,161.13,136699999999.99998,0.91,0.58,80.90,5410000.0,1.20,N/A,4660000.0,underperform
767,2004-08-25 20:32:31,1093480351.0,goog,,,1104.959961,9.72,,0.004,146.61,14.83,19.61,9.95,25.00,17.45,26.43,7.311,28750000000.0,27900000000.0,46.49,1.36,14.55,49.28,14.55,840080000.0,49.28,190720000.0,0.723,N/A,N/A,548690000.0,2.02,4210000.0,3.496,5.347,N/A,N/A,62.98,N/A,N/A,N/A,N/A,N/A,underperform
768,2005-12-22 09:50:00,1135263000.0,goog,,,1268.119995,11.25,,14.973,94.45,24.00,13.34,24.71,33.93,20.10,22.80,19.572,126000000000.0,118370000000.0,N/A,2.41,22.54,52.956,22.54,1730000000.0,52.956,1300000000.0,4.51,633.30,95.90,7630000000.0,25.817,14.973,14.973,31.959999,2170000000.0,N/A,35.11,37.90,9230000.0,3.10,3.10,7430000.0,underperform
769,2013-05-16 17:00:56,1368738056.0,goog,,,1650.469971,13.78,,9.77,27.10,5.68,4.02,20.92,25.30,9.73,16.36,162.86,261140000000.0,261140000000.0,17.04,1.27,4.88,15.53,4.88,29540000000.0,15.53,11220000000.0,33.42,15.80,31.20,50100000000.0,151.00,7380000000.0,4.74,228.01,16559999999.999998,1.16,0.33,85.60,4120000.0,1.70,1.50,3560000.0,underperform
770,2008-10-19 17:12:30,1224450750.0,goog,,,946.429993,16.01,,N/A,23.18,5.30,4.03,24.41,30.17,14.59,21.03,66.765,117070000000.0,102650000000.0,N/A,0.88,4.91,13.303,4.91,9940000000.0,13.303,5110000000.0,16.07,25.80,31.00,14410000000.0,45.865,N/A,8.12,87.611,7420000000.0,2.14,0.90,79.60,6400000.0,2.70,2.70,6620000.0,underperform
771,2005-08-14 07:34:01,1124019241.0,goog,,,1237.810059,2.46,,8.139,84.89,17.62,19.96,21.62,32.26,35.80,38.95,17.86,80480000000.0,77530000000.0,N/A,1.72,17.31,41.121,17.31,1730000000.0,41.121,968090000.0,3.413,333.60,97.70,2950000000.0,10.613,8.139,8.139,14.234,1760000000.0,N/A,53.73,37.90,7840000.0,0.6,2.90,9550000.0,underperform
772,2012-03-16 01:19:55,1331875195.0,goog,,,1404.170044,10.71,,10.68,20.87,5.28,3.44,25.69,32.30,11.73,18.66,117.43,163170000000.0,163170000000.0,12.52,0.80,4.31,11.58,4.31,24720000000.0,11.58,9740000000.0,29.76,6.30,25.40,43330000000.0,133.26,6210000000.0,5.92,178.97,14560000000.0,1.13,0.42,81.80,3580000.0,1.50,1.40,3730000.0,underperform
773,2007-12-20 16:37:21,1198186641.0,mmm,70.2,-31.07,1460.119995,-39.19,8.119999999999997,0.477,14.06,2.52,5.52,18.39,21.98,14.04,40.28,33.187,60100000000.0,63100000000.0,N/A,1.59,2.63,9.814,2.63,11210000000.0,9.814,4420000000.0,5.99,7.40,5.40,2700000000.0,3.784,5230000000.0,1.456,15.381,4040000000.0,0.78,0.06,67.40,6770000.0,1.4,0.90,6480000.0,outperform
774,2003-12-15 23:43:22,1071549802.0,mmm,62.51,-2.56,1068.040039,12.67,-15.23,0.399,28.34,3.62,8.52,13.33,20.21,14.66,34.34,22.262,64360000000.0,65660000000.0,23.61,2.25,3.72,14.56,3.72,7840000000.0,14.56,2300000000.0,2.893,38.00,1.60,1280000000.0,1.63,2990000000.0,1.478,9.57,N/A,0.505,0.79,71.87,10290000.0,3.692,1.32,10400000.0,underperform
775,2006-12-06 03:06:51,1165392411.0,mmm,64.79,8.78,1412.900024,6.68,2.0999999999999996,0.346,17.50,2.65,5.42,15.62,23.42,15.01,33.39,29.83,59320000000.0,62240000000.0,N/A,1.62,2.77,9.926,2.77,10790000000.0,9.926,3540000000.0,4.60,6.40,8.80,1130000000.0,1.533,3800000000.0,1.211,14.915,3740000000.0,0.83,0.14,66.70,5090000.0,1.9,0.70,5400000.0,outperform
776,2006-08-22 00:52:28,1156222348.0,mmm,57.19,28.66,1298.819946,12.72,15.94,0.235,15.80,2.44,4.66,15.71,23.58,15.61,32.28,29.035,53570000000.0,55100000000.0,N/A,1.45,2.51,8.916,2.51,10790000000.0,8.916,3490000000.0,4.50,17.00,7.40,1250000000.0,1.654,2710000000.0,1.493,15.297,3550000000.0,1.04,0.14,68.10,5940000.0,1.5,0.80,6420000.0,outperform
777,2004-12-10 14:23:38,1102706618.0,mmm,61.14,0.34,1188.0,5.84,-5.5,0.306,21.84,3.13,7.07,15.05,22.55,16.64,35.54,24.576,61480000000.0,61940000000.0,18.94,1.80,3.15,11.44,3.15,8950000000.0,11.44,2890000000.0,3.616,21.70,11.60,2200000000.0,2.83,2660000000.0,1.573,11.17,4219999999.9999995,0.545,0.79,72.85,7720000.0,1.762,1.00,6280000.0,underperform
778,2007-01-21 16:11:44,1169413904.0,mmm,63.99,,1426.369995,-7.09,,0.346,17.22,2.58,5.28,15.62,23.42,15.01,33.39,29.83,58360000000.0,61030000000.0,N/A,1.59,2.72,9.733,2.72,10790000000.0,9.733,3540000000.0,4.60,6.40,8.80,1130000000.0,1.533,3800000000.0,1.211,14.915,3740000000.0,0.69,0.14,66.60,6060000.0,2.2,0.80,5090000.0,underperform
779,2007-06-05 15:19:10,1181071150.0,mmm,71.86,-10.58,1530.949951,-10.04,-0.5400000000000009,0.458,15.40,2.73,6.31,18.57,21.83,14.90,41.06,31.387,63510000000.0,65739999999.99999,N/A,1.82,2.83,10.316,2.83,11210000000.0,10.316,4320000000.0,5.73,52.20,6.10,2290000000.0,3.174,4600000000.0,1.296,13.96,3800000000.0,1.13,0.07,66.80,9520000.0,2.3,1.30,5400000.0,underperform
780,2007-01-11 23:29:49,1168576189.0,mmm,63.86,0.94,1423.819946,-1.6,2.54,0.346,17.09,2.55,5.22,15.62,23.42,15.01,33.39,29.83,57920000000.0,60000000000.0,N/A,1.55,2.67,9.569,2.67,10790000000.0,9.569,3540000000.0,4.60,6.40,8.80,1130000000.0,1.533,3800000000.0,1.211,14.915,3740000000.0,0.69,0.14,66.10,6060000.0,2.2,0.80,5090000.0,outperform
781,2007-05-29 12:14:41,1180455281.0,mmm,71.74,-9.79,1518.109985,-8.38,-1.4099999999999984,0.458,15.25,2.70,6.26,18.57,21.83,14.90,41.06,31.387,62910000000.0,65230000000.00001,N/A,1.80,2.80,10.235,2.80,11210000000.0,10.235,4320000000.0,5.73,52.20,6.10,2290000000.0,3.174,4600000000.0,1.296,13.96,3800000000.0,1.06,0.07,67.70,5400000.0,1.7,0.80,4960000.0,underperform
782,2007-01-27 00:54:57,1169877297.0,mmm,64.54,-2.51,1440.130005,-6.11,3.6000000000000005,0.346,17.10,2.59,5.30,15.62,23.42,15.01,33.39,29.83,57940000000.0,60850000000.0,N/A,1.59,2.71,9.705,2.71,10790000000.0,9.705,3540000000.0,4.60,6.40,8.80,1130000000.0,1.533,3800000000.0,1.211,14.915,3740000000.0,0.69,0.14,66.60,6060000.0,2.2,0.80,5090000.0,outperform
783,2006-12-08 16:29:04,1165613344.0,mmm,63.79,9.09,1409.839966,5.33,3.76,0.346,16.99,2.61,5.33,15.62,23.42,15.01,33.39,29.83,57600000000.0,61260000000.0,N/A,1.60,2.73,9.77,2.73,10790000000.0,9.77,3540000000.0,4.60,6.40,8.80,1130000000.0,1.533,3800000000.0,1.211,14.915,3740000000.0,0.83,0.14,66.70,5090000.0,1.9,0.70,5400000.0,outperform
784,2011-11-06 20:42:20,1320630140.0,mmm,73.53,15.59,1261.150024,12.38,3.209999999999999,35.37,13.49,1.91,3.21,14.56,20.92,12.29,26.03,41.07,56870000000.0,56870000000.0,12.61,1.13,1.95,7.73,1.95,12830000000.0,7.73,4260000000.0,5.88,1.60,9.60,4860000000.0,6.94,6160000000.0,2.22,24.84,56870000000.0,1.05,0.04,69.10,11220000.0,2.10,1.70,11000000.0,outperform
785,2006-07-18 01:42:46,1153201366.0,mmm,56.83,32.25,1236.859985,25.01,7.239999999999998,0.24,16.38,2.49,4.89,15.41,24.33,15.50,31.60,28.394,53270000000.0,55030000000.0,N/A,1.50,2.55,8.812,2.55,10790000000.0,8.812,3360000000.0,4.31,16.60,8.30,1300000000.0,1.719,2630000000.0,1.452,14.576,3910000000.0,1.06,0.14,67.30,6420000.0,2.2,0.90,6390000.0,outperform
786,2007-03-12 13:10:43,1173719443.0,mmm,61.42,6.11,1406.599976,-6.11,12.22,0.356,14.77,2.39,5.51,16.80,20.58,14.70,38.37,30.666,54840000000.0,56460000000.0,N/A,1.45,2.46,9.589,2.46,10790000000.0,9.589,3850000000.0,5.06,54.50,8.60,1920000000.0,2.612,3550000000.0,1.222,13.561,3840000000.0,0.72,0.14,67.10,5340000.0,2.1,0.70,6060000.0,outperform
787,2009-02-16 19:11:38,1234829498.0,mmm,,,826.840027,32.42,,N/A,10.10,1.37,3.51,13.69,20.74,13.01,32.00,36.14,34270000000.000004,38770000000.0,N/A,1.15,1.53,6.087,1.53,11730000000.0,6.087,3460000000.0,4.89,37.00,11.20,2220000000.0,3.204,6720000000.0,1.66,14.244,4530000000.0,0.49,0.07,66.50,9280000.0,1.8,1.30,10160000.0,underperform
788,2006-08-29 19:24:21,1156893861.0,mmm,57.82,26.81,1304.280029,12.23,14.579999999999998,0.235,15.91,2.43,4.64,15.71,23.58,15.61,32.28,29.035,53950000000.0,54900000000.0,N/A,1.42,2.50,8.883,2.50,10790000000.0,8.883,3490000000.0,4.50,17.00,7.40,1250000000.0,1.654,2710000000.0,1.493,15.297,3550000000.0,1.04,0.14,68.40,4870000.0,0.9,0.60,5940000.0,outperform
789,2005-02-07 03:06:21,1107763581.0,mmm,65.08,-13.94,1201.719971,4.42,-18.36,0.272,22.40,3.30,7.46,15.25,22.88,16.46,34.35,25.125,65459999999.99999,65519999999.99999,17.93,1.81,3.27,14.31,3.27,8950000000.0,14.31,2990000000.0,3.75,21.70,11.60,2760000000.0,3.54,2820000000.0,1.436,11.17,4219999999.9999995,0.552,0.53,71.13,5780000.0,1.762,0.75,5880000.0,underperform
790,2004-06-03 01:36:52,1086241012.0,mmm,65.19,-8.61,1116.640015,7.11,-15.719999999999999,0.349,26.04,3.52,8.19,14.22,21.48,15.81,35.67,23.638,66959999999.99999,67349999999.99999,20.38,1.89,3.57,13.39,3.57,8950000000.0,13.39,2620000000.0,3.288,21.70,11.60,1820000000.0,2.32,2820000000.0,1.562,10.358,3950000000.0,0.491,0.78,72.72,7910000.0,2.677,1.02,9060000.0,underperform
791,2005-03-07 02:24:13,1110180253.0,mmm,67.62,-14.73,1225.310059,4.13,-18.86,0.272,23.03,3.28,6.33,15.25,22.88,16.46,34.35,25.125,66780000000.0,66849999999.99999,18.40,1.86,3.34,11.99,3.34,10050000000.0,11.99,2990000000.0,3.75,24.40,9.80,2760000000.0,3.57,2820000000.0,1.436,13.417,4280000000.0000005,0.536,0.52,73.28,6510000.0,2.037,0.85,5780000.0,underperform
792,2007-05-05 07:31:13,1178364673.0,mmm,68.98,-5.65,1495.920044,-5.79,0.13999999999999968,0.363,16.64,2.60,6.02,16.80,22.34,15.90,37.84,30.666,60650000000.0,58630000000.0,N/A,1.58,2.56,9.163,2.56,11210000000.0,9.163,3850000000.0,5.06,57.60,8.60,1920000000.0,2.613,3620000000.0,1.222,13.96,3840000000.0,0.81,0.07,67.10,4960000.0,1.3,0.70,5610000.0,outperform
793,2007-01-27 03:41:13,1169887273.0,mmm,64.54,-2.51,1440.130005,-6.11,3.6000000000000005,0.346,17.10,2.59,5.30,15.62,23.42,15.01,33.39,29.83,57940000000.0,60850000000.0,N/A,1.59,2.71,9.705,2.71,10790000000.0,9.705,3540000000.0,4.60,6.40,8.80,1130000000.0,1.533,3800000000.0,1.211,14.915,3740000000.0,0.69,0.14,66.60,6060000.0,2.2,0.80,5090000.0,outperform
794,2011-09-27 04:31:08,1317112268.0,mmm,70.43,24.71,1175.380005,21.95,2.7600000000000016,31.56,12.77,1.84,3.03,14.96,21.38,12.57,27.17,40.05,53570000000.0,53570000000.0,11.07,0.90,1.88,7.36,1.88,12830000000.0,7.36,4280000000.0000005,5.89,3.50,14.10,4520000000.0,6.38,5600000000.0,2.18,24.42,53570000000.0,0.85,0.04,69.10,10200000.0,1.60,1.60,10030000.0,outperform
795,2011-12-26 06:27:06,1324898826.0,mmm,,,1265.329956,13.28,,35.37,13.98,1.94,3.34,14.56,20.92,12.29,26.03,41.07,58910000000.0,58910000000.0,13.03,1.24,2.02,8.05,2.02,12830000000.0,8.05,4260000000.0,5.88,1.60,9.60,4860000000.0,6.94,6160000000.0,2.22,24.21,5180000000.0,1.14,0.04,69.10,9700000.0,2.20,1.50,9410000.0,underperform
796,2013-04-23 09:32:34,1366723954.0,mmm,103.17,31.45,1578.780029,18.79,12.66,33.66,16.74,2.44,4.14,14.86,21.68,12.37,26.61,43.10,74480000000.0,74480000000.0,14.22,1.60,2.49,9.58,2.49,14220000000.0,9.58,4440000000.0,6.32,3.90,4.20,4530000000.0,6.57,6070000000.0,2.20,25.58,5300000000.0,1.08,0.07,69.50,9930000.0,3.90,1.60,11360000.0,outperform
797,2006-12-13 05:29:35,1166005775.0,mmm,64.35,12.23,1413.209961,5.32,6.91,0.346,17.16,2.58,5.29,15.62,23.42,15.01,33.39,29.83,58180000000.0,60730000000.0,N/A,1.58,2.70,9.686,2.70,10790000000.0,9.686,3540000000.0,4.60,6.40,8.80,1130000000.0,1.533,3800000000.0,1.211,14.915,3740000000.0,0.83,0.14,66.60,5090000.0,1.9,0.70,5400000.0,outperform
798,2007-01-16 20:32:11,1168997531.0,mmm,64.6,-0.57,1431.900024,-4.1,3.53,0.346,17.21,2.60,5.32,15.62,23.42,15.01,33.39,29.83,58350000000.0,61110000000.0,N/A,1.59,2.72,9.746,2.72,10790000000.0,9.746,3540000000.0,4.60,6.40,8.80,1130000000.0,1.533,3800000000.0,1.211,14.915,3740000000.0,0.69,0.14,66.10,6060000.0,2.2,0.80,5090000.0,outperform
799,2013-02-06 07:45:45,1360154745.0,mmm,98.05,28.36,1512.119995,17.28,11.079999999999998,33.27,16.06,2.32,3.84,14.86,21.68,12.37,26.61,43.10,70710000000.0,70710000000.0,13.51,1.51,2.37,9.12,2.37,13920000000.0,9.12,4440000000.0,6.32,3.90,4.20,4530000000.0,6.59,6000000000.0,2.20,26.26,5300000000.0,1.06,0.05,68.20,10170000.0,3.80,1.60,10360000.0,outperform
800,2007-01-07 09:29:13,1168180153.0,mmm,63.29,6.48,1418.339966,-0.15,6.630000000000001,0.346,16.82,2.55,5.23,15.62,23.42,15.01,33.39,29.83,57010000000.0,59680000000.0,N/A,1.56,2.66,9.518,2.66,10790000000.0,9.518,3540000000.0,4.60,6.40,8.80,1130000000.0,1.533,3800000000.0,1.211,14.915,3740000000.0,0.69,0.14,66.10,6060000.0,2.2,0.80,5090000.0,outperform
801,2006-12-18 15:58:47,1166475527.0,mmm,63.62,12.12,1422.47998,2.28,9.84,0.346,17.06,2.57,5.25,15.62,23.42,15.01,33.39,29.83,57810000000.0,60340000000.0,N/A,1.58,2.69,9.623,2.69,10790000000.0,9.623,3540000000.0,4.60,6.40,8.80,1130000000.0,1.533,3800000000.0,1.211,14.915,3740000000.0,0.83,0.14,66.60,5090000.0,1.9,0.70,5400000.0,outperform
802,2012-03-16 02:13:46,1331878426.0,mmm,83.84,20.42,1404.170044,10.71,9.71,33.07,15.10,2.08,4.01,14.46,20.86,12.50,27.34,41.79,63290000000.0,63290000000.0,13.01,1.40,2.14,8.54,2.14,13920000000.0,8.54,4280000000.0000005,5.96,2.80,5.70,3680000000.0,5.30,5240000000.0,2.25,22.19,5280000000.0,1.13,0.03,68.80,6550000.0,2.30,1.00,6900000.0,outperform
803,2011-11-06 19:00:10,1320624010.0,mmm,73.53,15.59,1261.150024,12.38,3.209999999999999,35.37,13.49,1.91,3.21,14.56,20.92,12.29,26.03,41.07,56870000000.0,56870000000.0,12.61,1.13,1.95,7.73,1.95,12830000000.0,7.73,4260000000.0,5.88,1.60,9.60,4860000000.0,6.94,6160000000.0,2.22,24.84,56870000000.0,1.05,0.04,69.10,11220000.0,2.10,1.70,11000000.0,outperform
804,2004-12-04 14:49:12,1102189752.0,mmm,62.42,0.69,1191.369995,6.15,-5.460000000000001,0.306,22.42,3.17,7.15,15.05,22.55,16.64,35.54,24.576,63120000000.0,62670000000.0,19.49,1.79,3.19,11.57,3.19,8950000000.0,11.57,2890000000.0,3.616,21.70,11.60,2200000000.0,2.83,2660000000.0,1.573,11.17,4219999999.9999995,0.542,0.79,72.82,7720000.0,1.762,1.00,6280000.0,underperform
805,2012-10-06 09:41:21,1349530881.0,mmm,88.96,29.49,1450.98999,15.69,13.799999999999999,37.38,15.53,2.20,3.98,14.62,21.28,12.01,25.45,42.34,67050000000.0,67050000000.0,13.72,1.55,2.26,8.86,2.26,13920000000.0,8.86,4330000000.0,6.12,0.60,1.90,4900000000.0,7.09,6310000000.0,2.47,23.73,5320000000.0,1.02,0.05,68.20,10230000.0,3.90,1.60,9180000.0,outperform
806,2013-05-10 19:25:32,1368228332.0,mmm,106.14,30.7,1633.699951,14.97,15.729999999999999,32.04,17.37,2.52,4.20,14.80,21.61,12.29,25.70,43.40,75980000000.0,75980000000.0,14.96,1.67,2.53,9.73,2.53,14220000000.0,9.73,4450000000.0,6.34,0.40,2.00,4380000000.0,6.34,5940000000.0,2.33,26.20,5470000000.0,1.07,0.07,69.50,11460000.0,4.50,1.80,9930000.0,outperform
807,2007-07-06 07:01:29,1183719689.0,mmm,72.39,-20.39,1530.439941,-17.57,-2.8200000000000003,0.458,15.32,2.72,6.30,18.57,21.83,14.90,41.06,31.387,63210000000.0,65519999999.99999,N/A,1.63,2.82,10.281,2.82,11210000000.0,10.281,4320000000.0,5.73,52.20,6.10,2290000000.0,3.174,4600000000.0,1.296,13.96,3800000000.0,1.07,0.07,66.90,9950000.0,2.9,1.40,9520000.0,underperform
808,2007-06-04 17:04:31,1180991071.0,mmm,72.36,-11.35,1539.180054,-10.49,-0.8599999999999994,0.458,15.38,2.74,6.33,18.57,21.83,14.90,41.06,31.387,63460000000.0,66000000000.0,N/A,1.82,2.84,10.357,2.84,11210000000.0,10.357,4320000000.0,5.73,52.20,6.10,2290000000.0,3.174,4600000000.0,1.296,13.96,3800000000.0,1.13,0.07,66.80,9520000.0,2.3,1.30,5400000.0,underperform
809,2006-12-31 20:04:33,1167613473.0,mmm,63.46,10.4,1424.72998,3.06,7.34,0.346,16.93,2.56,5.24,15.62,23.42,15.01,33.39,29.83,57390000000.0,60060000000.0,N/A,1.56,2.67,9.578,2.67,10790000000.0,9.578,3540000000.0,4.60,6.40,8.80,1130000000.0,1.533,3800000000.0,1.211,14.915,3740000000.0,0.69,0.14,66.10,6060000.0,2.2,0.80,5090000.0,outperform
810,2008-01-23 16:18:22,1201123102.0,mmm,63.23,-26.92,1338.599976,-38.18,11.259999999999998,0.477,12.32,2.23,4.89,18.39,21.98,14.04,40.28,33.187,52640000000.0,56140000000.0,N/A,1.38,2.34,8.73,2.34,11210000000.0,8.73,4420000000.0,5.99,7.40,5.40,2700000000.0,3.784,5230000000.0,1.456,15.381,4040000000.0,0.75,0.06,66.40,8240000.0,2.2,1.20,7060000.0,outperform
811,2008-10-28 17:16:35,1225228595.0,mmm,54.5,19.93,940.51001,10.86,9.07,0.577,11.43,1.61,3.43,14.54,22.35,13.96,32.58,36.897,41870000000.0,45900000000.0,N/A,1.02,1.77,6.621,1.77,11730000000.0,6.621,3780000000.0,5.285,3.20,6.20,2970000000.0,4.282,7040000000.0,1.539,17.607,4960000000.0,0.69,0.07,68.10,9340000.0,1.3,1.30,9720000.0,outperform
812,2006-06-16 17:32:12,1150493532.0,mmm,64.58,10.93,1251.540039,21.1,-10.170000000000002,0.24,18.69,2.82,5.55,15.41,24.33,15.50,31.60,28.394,60800000000.0,62330000000.0,N/A,1.66,2.89,9.981,2.89,10790000000.0,9.981,3360000000.0,4.31,16.60,8.30,1300000000.0,1.719,2630000000.0,1.452,14.576,3910000000.0,1.04,8.33,67.00,6390000.0,1.8,0.80,4350000.0,underperform
813,2012-07-21 21:26:31,1342920391.0,mmm,85.65,30.27,1372.780029,23.06,7.210000000000001,31.13,14.85,2.12,3.89,14.53,20.93,12.34,26.23,42.26,63880000000.0,63880000000.0,12.95,1.41,2.15,8.52,2.15,13920000000.0,8.52,4330000000.0,6.06,4.10,2.40,3730000000.0,5.38,5170000000.0,2.38,23.32,5380000000.0,1.10,0.06,67.90,6780000.0,2.20,1.10,7330000.0,outperform
814,2004-09-19 22:39:39,1095647979.0,mmm,63.39,-9.81,1123.5,9.57,-19.380000000000003,0.315,23.70,3.33,7.59,14.73,22.17,16.27,35.69,24.124,64430000000.00001,64780000000.0,19.42,1.82,3.36,12.31,3.36,8950000000.0,12.31,2780000000.0,3.474,21.70,11.60,2310000000.0,2.96,2660000000.0,1.542,10.805,4120000000.0,0.521,0.78,73.20,6740000.0,2.071,0.87,6760000.0,underperform
815,2005-01-20 15:14:36,1106252076.0,emn,22.37,-3.8,1175.410034,7.32,-11.120000000000001,1.989,32.31,0.63,3.88,1.98,2.64,2.16,12.33,81.723,4050000000.0,5920000000.0,14.80,2.28,0.93,11.88,0.93,810000000.0,11.88,126000000.0,1.612,542.60,9.00,179000000.0,2.3,2069999999.9999998,1.636,13.358,499000000.0,0.903,0.10,82.64,2630000.0,4.38,3.38,2460000.0,underperform
816,2007-03-08 11:41:09,1173372069.0,emn,26.33,6.76,1401.890015,-7.74,14.5,0.785,11.96,0.66,2.42,5.49,9.17,7.15,22.47,90.743,4920000000.0,N/A,N/A,1.94,N/A,N/A,N/A,1400000000.0,N/A,409000000.0,4.92,43.90,1.30,939000000.0,11.232,1590000000.0,2.287,24.290001,609000000.0,1.37,0.32,87.70,2670000.0,4.9,3.30,2400000.0,outperform
817,2007-05-18 17:44:33,1179524673.0,emn,29.14,15.92,1522.75,-7.49,23.41,0.77,14.57,0.75,2.64,5.12,8.71,7.12,19.94,89.988,5570000000.0,6350000000.0,N/A,2.23,0.85,6.372,0.85,1280000000.0,6.372,381000000.0,4.54,26.70,0.40,833000000.0,9.905,1620000000.0,2.399,25.052999,506000000.0,1.38,0.26,74.40,2640000.0,3.7,3.20,2370000.0,outperform
818,2011-08-10 04:05:37,1312963537.0,emn,38.04,38.3,1120.76001,25.17,13.129999999999995,83.95,9.93,0.83,2.87,9.38,15.73,10.91,31.86,92.75,6240000000.0,6240000000.0,8.30,1.30,0.94,4.77,0.94,1470000000.0,4.77,571000000.0,8.44,42.60,25.50,834000000.0,11.89,1600000000.0,2.10,27.19,6240000000.0,2.11,6.87,81.70,1990000.0,2.50,2.80,2420000.0,outperform
819,2004-04-27 12:33:51,1083083631.0,emn,18.09,13.05,1138.109985,1.61,11.440000000000001,2.486,N/A,0.58,3.24,4.71,4.60,4.42,23.08,75.032,3380000000.0,5420000000.0,15.93,4.57,0.93,54.18,0.93,810000000.0,54.18,273000000.0,3.537,542.60,9.00,558000000.0,7.22,2590000000.0,1.361,13.503,244000000.0,0.988,7.04,85.71,3390000.0,4.825,4.72,4230000.0,outperform
820,2009-02-03 22:51:50,1233719510.0,emn,11.49,138.64,838.51001,30.86,107.77999999999999,0.813,4.47,0.26,1.01,6.27,9.78,7.58,22.62,92.219,1840000000.0,2980000000.0,N/A,1.40,0.42,3.217,0.42,1190000000.0,3.217,431000000.0,5.69,400.00,7.50,337000000.0,4.645,1480000000.0,1.732,25.087999,614000000.0,1.36,19.37,75.70,5850000.0,5.2,8.10,5790000.0,outperform
821,2013-05-10 15:20:32,1368213632.0,emn,65.57,30.72,1633.699951,14.97,15.749999999999998,150.03,19.56,1.20,3.33,6.13,13.66,8.20,20.37,57.34,14950000000.0,14950000000.0,9.49,1.12,1.74,9.55,1.74,1760000000.0,9.55,524000000.0,3.43,56.30,26.70,178000000.0,1.15,4780000000.0,2.12,20.06,1110000000.0,1.77,0.35,88.10,2580000.0,1.70,1.90,2440000.0,outperform
822,2005-02-20 04:20:55,1108891255.0,emn,23.89,,1200.75,7.2,,1.731,26.16,0.68,3.75,2.58,2.66,2.90,16.00,84.143,4490000000.0,6550000000.0,11.65,2.17,1.00,13.18,1.00,810000000.0,13.18,170000000.0,2.16,542.60,9.00,N/A,2060000000.0,2060000000.0,1.577,15.019,499000000.0,0.864,0.13,79.89,2240000.0,2.157,2.83,2630000.0,underperform
823,2007-01-23 17:36:02,1169591762.0,emn,27.51,-2.4,1427.98999,-6.26,3.86,0.882,13.66,0.69,2.70,5.12,9.12,7.43,21.73,90.934,5170000000.0,6390000000.0,N/A,1.83,0.86,6.431,0.86,1400000000.0,6.431,380000000.0,4.60,22.80,8.30,430000000.0,5.225,1680000000.0,2.039,23.145,625000000.0,1.37,0.32,86.00,2400000.0,4.3,2.90,1950000.0,outperform
824,2004-06-20 21:04:18,1087779858.0,emn,18.35,32.92,1132.050049,7.42,25.5,2.227,N/A,0.57,3.40,4.99,5.22,4.89,26.34,77.05,3390000000.0,5560000000.0,14.23,3.61,0.93,126.34,0.93,810000000.0,126.34,297000000.0,3.848,542.60,9.00,42000000.0,0.54,2210000000.0,1.741,12.861,378000000.0,0.903,6.97,85.61,4320000.0,6.695,6.01,3390000.0,outperform
825,2004-09-30 01:52:22,1096523542.0,emn,20.07,0.4,1114.579956,10.25,-9.85,2.061,N/A,0.59,3.48,4.03,5.61,4.15,22.97,79.368,3660000000.0,5610000000.0,14.64,3.61,0.91,N/A,0.91,810000000.0,N/A,248000000.0,3.225,542.60,9.00,145000000.0,1.87,2150000000.0,1.702,13.449,521000000.0,0.917,6.95,83.39,3410000.0,8.328,4.71,3400000.0,underperform
826,2006-05-24 04:00:02,1148457602.0,emn,23.51,21.52,1258.569946,19.78,1.7399999999999984,0.971,8.90,0.63,2.59,7.04,10.25,9.54,32.66,87.438,4430000000.0,5630000000.0,N/A,1.57,0.79,4.691,0.79,1400000000.0,4.691,500000000.0,6.086,35.20,2.30,485000000.0,5.929,1670000000.0,1.935,21.028,703000000.0,1.27,0.45,82.30,2870000.0,3.6,3.50,2330000.0,outperform
827,2005-04-04 10:01:27,1112623287.0,emn,24.98,-11.01,1176.119995,11.04,-22.049999999999997,1.742,27.31,0.71,3.96,2.58,2.66,2.90,16.02,84.143,4680000000.0,6420000000.0,11.80,1.89,0.98,12.92,0.98,978000000.0,12.92,170000000.0,2.17,N/A,13.40,325000000.0,4.1,2060000000.0,1.609,14.948,494000000.0,0.856,0.90,83.27,1250000.0,1.973,1.60,1310000.0,underperform
828,2011-11-07 00:10:33,1320642633.0,pcg,35.24,8.43,1261.119995,13.26,-4.83,113.21,15.15,1.13,1.38,7.42,15.06,2.97,9.23,36.54,29580000000.0,29580000000.0,11.13,3.62,2.05,6.74,2.05,4210000000.0,6.74,1070000000.0000001,2.70,8.70,14.00,350000000.0,0.88,13630000000.0,0.87,29.55,29580000000.0,0.13,0.03,68.30,4820000.0,1.50,1.20,5420000.0,underperform
829,2013-04-23 04:16:41,1366705001.0,pcg,44.31,-2.17,1578.780029,18.79,-20.96,101.56,24.64,1.37,1.57,5.43,10.03,1.84,6.36,35.47,33670000000.0,33670000000.0,15.26,5.61,2.24,8.91,2.24,3960000000.0,8.91,816000000.0,1.92,N/A,0.40,401000000.0,0.93,13530000000.0,0.82,30.41,4880000000.0,0.28,0.04,75.50,5460000.0,1.70,1.20,5090000.0,underperform
830,2013-05-10 03:42:42,1368171762.0,pcg,43.41,0.14,1633.699951,14.97,-14.83,101.56,24.08,1.35,1.54,5.45,10.11,N/A,N/A,35.13,20510000000.0,20510000000.0,14.95,5.71,1.36,5.43,1.36,3960000000.0,5.43,822000000.0,1.91,2.60,0.90,N/A,N/A,N/A,N/A,30.41,N/A,0.29,0.04,75.50,6660000.0,2.00,1.50,5460000.0,underperform
831,2004-10-20 04:12:47,1098259967.0,pcg,21.12,17.9,1103.660034,6.72,11.18,1.337,3.29,1.12,1.60,35.55,67.63,11.64,73.64,26.394,12390000000.0,21340000000.0,13.92,2.96,1.92,2.42,1.92,6690000000.0,2.42,3950000000.0,9.402,N/A,16.50,1420000000.0,3.54,10330000000.0,1.103,19.336,1600000000.0,0.367,9.01,63.03,14510000.0,11.041,3.98,16010000.000000002,outperform
832,2008-02-22 14:46:28,1203709588.0,pcg,29.42,-5.74,1353.109985,-41.73,35.989999999999995,1.302,14.78,1.06,1.64,7.33,16.15,3.71,11.82,37.247,13870000000.0,24020000000.0,N/A,N/A,1.84,6.103,1.84,7520000000.0,6.103,931000000.0,2.65,29.30,3.50,784000000.0,2.214,10940000000.0,0.812,23.830999,2550000000.0,0.96,0.03,64.50,7900000.0,3.2,2.20,7530000.0,outperform
833,2007-04-06 05:18:00,1175851080.0,pcg,36.34,-19.65,1437.77002,-4.89,-14.759999999999998,1.319,17.89,1.38,2.20,7.90,16.81,3.83,13.19,36.24,17310000000.0,27160000000.0,N/A,2.25,2.17,7.029,2.17,7520000000.0,7.029,963000000.0,2.76,15.60,14.10,456000000.0,1.3,10300000000.0,0.711,22.437,2710000000.0,0.38,0.03,64.40,9280000.0,5.8,2.60,9930000.0,underperform
834,2003-10-27 11:02:42,1067270562.0,pcg,16.47,32.12,1031.130005,7.75,24.369999999999997,4.644,N/A,0.89,2.67,9.11,3.32,2.90,24.15,28.761,9990000000.0,21370000000.0,11.78,2.60,1.90,23.03,1.90,8740000000.0,23.03,1030000000.0,2.767,179.50,45.60,4860000000.0,11.8,16239999999.999998,1.017,9.08,N/A,0.274,7.99,62.71,11980000.0,7.537,3.16,12460000.0,outperform
835,2012-07-06 19:09:53,1341616193.0,amt,68.28,3.6,1354.680054,19.25,-15.65,203.24,53.74,10.90,8.08,20.41,40.38,5.56,14.10,6.53,34920000000.0,34920000000.0,34.75,2.26,13.55,21.63,13.55,1820000000.0,21.63,525929999.99999994,1.32,141.00,23.80,471260000.0,1.19,7290000000.0,1.00,8.82,1280000000.0,0.29,0.05,92.90,4390000.0,1.80,1.10,4130000.0,underperform
836,2005-04-05 02:16:16,1112681776.0,amt,17.15,67.23,1181.390015,11.02,56.21000000000001,1.984,N/A,5.63,2.63,29.87,1.87,4.39,13.70,3.406,4240000000.0,7380000000.0,792.00,N/A,9.68,24.63,9.68,403480000.0,24.63,227890000.0,1.01,N/A,9.30,126830000.0,0.54,3220000000.0,1.394,6.908,225520000.0,2.564,5.72,95.00,16510000.000000002,8.232,7.41,14530000.0,outperform
837,2004-08-20 21:57:58,1093053478.0,amt,14.03,54.17,1098.349976,11.1,43.07,1.98,N/A,4.32,1.98,24.37,3.19,3.44,10.89,3.453,3310000000.0,6340000000.0,N/A,N/A,8.37,18.79,8.37,403480000.0,18.79,184590000.0,0.839,N/A,9.30,197860000.0,0.88,3270000000.0,1.585,7.362,181040000.0,2.42,4.33,94.66,17180000.0,9.649,8.00,18180000.0,outperform
838,2005-03-16 14:10:57,1111000257.0,amt,17.83,63.43,1188.069946,9.87,53.56,1.984,N/A,5.74,2.70,26.51,1.87,3.87,12.13,3.466,4420000000.0,7510000000.0,N/A,N/A,9.75,25.04,9.75,403480000.0,25.04,204100000.0,0.92,N/A,9.30,126830000.0,0.54,3220000000.0,1.394,6.908,225520000.0,2.564,5.72,95.00,14530000.0,9.433,6.51,15740000.0,outperform
839,2008-01-07 17:09:03,1199743743.0,amt,37.29,-22.77,1416.180054,-34.0,11.23,1.193,208.17,11.26,4.74,5.66,24.98,2.63,2.87,3.379,15670000000.0,19880000000.0,N/A,3.66,14.04,22.649,14.04,973850000.0,22.649,111490000.0,0.19,1617.40,10.20,87950000.0,0.217,4030000000.0000005,0.844,8.313,709370000.0,1.42,0.18,100.20,13930000.0,3.5,3.50,16590000.0,outperform
840,2003-10-26 16:14:14,1067202854.0,amt,10.08,53.27,1033.77002,5.9,47.370000000000005,2.086,N/A,2.89,1.28,43.84,9.08,6.20,20.31,4.05,2320000000.0,5730000000.0,N/A,N/A,7.15,22.87,7.15,342210000.0,22.87,351660000.0,1.783,N/A,30.50,107600000.0,0.49,3520000000.0,1.042,8.24,N/A,2.067,6.63,78.17,15870000.0,9.357,7.76,15320000.0,outperform
841,2008-01-23 22:59:41,1201147181.0,amt,34.21,-17.07,1338.599976,-38.18,21.11,1.193,193.12,10.26,4.32,5.66,24.98,2.63,2.87,3.379,14540000000.0,18470000000.0,N/A,3.34,13.05,21.049,13.05,973850000.0,21.049,111490000.0,0.19,1617.40,10.20,87950000.0,0.217,4030000000.0000005,0.844,8.313,709370000.0,1.42,0.19,98.50,14010000.0,4.5,3.50,13930000.0,outperform
842,2006-08-28 16:01:37,1156795297.0,amt,34.03,8.17,1301.780029,10.03,-1.8599999999999994,0.818,N/A,13.78,3.38,13.20,19.89,2.05,3.58,3.094,14950000000.0,18420000000.0,N/A,N/A,17.04,26.871,17.04,626660000.0,26.871,104940000.0,0.41,N/A,73.80,85570000.0,0.204,3610000000.0,0.395,10.496,456350000.0,1.65,0.25,102.90,24340000.0,9.2,5.80,24090000.0,underperform
843,2013-05-15 18:14:17,1368656057.0,amt,82.13,6.72,1658.780029,12.78,-6.06,234.16,57.02,11.10,9.02,19.70,40.25,5.54,14.78,7.55,41280000000.0,41280000000.0,32.11,1.61,13.84,21.95,13.84,2150000000.0,21.95,587380000.0,1.47,22.50,15.20,441710000.0,1.12,8850000000.0,1.21,9.28,1410000000.0,0.14,0.05,94.50,3850000.0,2.00,1.00,3860000.0,underperform
844,2009-01-14 19:28:37,1231979317.0,amt,26.74,58.9,842.6199949999999,36.3,22.6,1.56,46.65,7.22,3.93,16.37,36.18,4.33,4.92,3.928,11210000000.0,15650000000.0,N/A,2.69,10.01,15.708,10.01,1100000000.0,15.708,152840000.0,0.606,1.40,11.30,74250000.0,0.187,4430000000.0,0.884,7.245,715200000.0,1.16,0.14,99.80,10020000.0,2.1,2.50,10180000.0,outperform
845,2007-04-13 21:19:40,1176513580.0,amt,37.66,0.24,1452.849976,-6.77,7.01,0.808,627.62,12.58,3.82,2.09,21.75,2.34,0.64,3.103,16610000000.0,19810000000.0,N/A,2.96,15.04,23.197,15.04,973850000.0,23.197,28340000.0,0.06,N/A,N/A,304250000.0,0.724,3540000000.0,0.853,10.325,620740000.0,1.63,0.13,89.20,16700000.0,5.6,4.00,18610000.0,outperform
846,2011-10-07 04:27:26,1317976046.0,amt,52.32,34.38,1155.459961,25.58,8.800000000000004,158.39,57.91,9.82,6.12,17.29,38.76,5.50,10.88,5.57,27170000000.0,27170000000.0,40.58,2.69,12.23,19.83,12.23,1510000000.0,19.83,384010000.0,0.96,15.60,27.10,333900000.0,0.84,5700000000.0,0.70,8.99,27170000000.0,0.48,1.00,95.10,6330000.0,1.90,1.60,5710000.0,outperform
847,2011-12-29 04:09:13,1325149753.0,amt,58.06,26.89,1263.02002,11.04,15.850000000000001,174.20,87.06,10.20,7.32,11.76,37.46,5.38,7.91,5.89,29510000000.0,29510000000.0,42.60,3.35,12.62,20.90,12.62,1510000000.0,20.90,274870000.0,0.69,N/A,22.80,182230000.0,0.46,5830000000.0,0.59,8.29,1100000000.0,0.26,1.00,95.10,6060000.0,2.10,1.50,6100000.0,outperform
848,2009-09-25 04:11:13,1253866273.0,amt,34.66,38.78,1044.380005,8.61,30.17,N/A,56.61,8.90,4.77,15.83,38.73,4.77,8.19,4.165,18790000000.0,18790000000.0,N/A,3.49,11.39,17.902,11.39,1200000000.0,17.902,250170000.0,0.64,64.60,7.50,332630000.0,0.843,4440000000.0,2.063,7.801,823470000.0,0.73,0.06,98.60,5950000.0,2.1,1.50,6820000.0,outperform
849,2004-05-12 18:46:27,1084401987.0,adi,35.75,-25.03,1097.280029,5.66,-30.69,6.053,49.06,7.97,5.07,16.25,20.38,7.46,11.15,5.663,16829999999.999998,15120000000.0,22.52,1.46,6.92,33.84,6.92,1120000000.0,33.84,355130000.0,0.918,183.30,19.90,2310000000.0,6.17,6.053,6.053,9.198,519360000.0,2.687,1.52,79.83,7640000.0,2.365,2.08,7180000.0,underperform
850,2008-12-12 10:52:17,1229097137.0,adi,16.37,62.49,879.7299800000001,24.58,37.910000000000004,N/A,6.98,2.08,2.22,30.44,24.32,12.95,22.08,8.825,5380000000.0,4070000000.0000005,N/A,0.92,1.57,5.202,1.57,1520000000.0,5.202,525179999.99999994,2.65,47.00,6.00,1310000000.0,4.498,N/A,3.672,8.312,669370000.0,1.14,2.05,83.40,4900000.0,0.9,1.70,5540000.0,outperform
851,2005-04-08 23:33:20,1113017600.0,adi,27.86,10.34,1181.199951,11.04,-0.6999999999999993,6.453,24.91,5.15,3.60,21.52,26.00,12.28,15.29,6.661,13290000000.0,10850000000.0,21.88,1.57,4.16,15.94,4.16,1550000000.0,15.94,561340000.0,1.43,91.30,28.60,2600000000.0,6.98,6.453,6.453,10.025,703270000.0,2.77,1.67,80.82,8900000.0,2.407,2.43,8700000.0,underperform
852,2008-04-17 12:21:31,1208449291.0,adi,25.66,-28.8,1365.560059,-36.32,7.52,N/A,14.13,3.65,3.95,28.20,22.48,10.23,16.65,8.086,9240000000.0,7970000000.0,N/A,1.21,3.15,11.023,3.15,1520000000.0,11.023,466090000.0,2.23,141.90,3.80,1270000000.0,4.327,N/A,2.951,7.958,789630000.0,1.34,2.04,86.30,5250000.0,1.1,1.80,5080000.0,outperform
853,2004-11-11 09:56:15,1100184975.0,adi,30.44,-3.52,1173.47998,5.22,-8.74,6.081,28.75,5.83,3.95,20.57,25.51,11.51,15.24,6.522,14570000000.0,11880000000.0,25.16,1.33,4.64,18.14,4.64,1120000000.0,18.14,526500000.0,1.339,183.30,19.90,2690000000.0,7.11,6.081,6.081,9.991,648600000.0,2.739,1.53,81.08,10960000.0,2.55,2.94,11000000.0,underperform
854,2012-03-19 11:50:51,1332172251.0,adi,37.42,14.94,1409.75,9.83,5.109999999999999,22.65,15.56,4.06,3.08,26.94,34.36,12.67,21.78,9.74,9030000000.0,9030000000.0,14.60,2.04,3.10,8.08,3.10,1990000000.0,8.08,784670000.0,2.55,37.20,11.00,3670000000.0,12.31,870160000.0,8.82,12.90,898600000.0,1.19,1.97,85.40,4480000.0,1.60,1.50,5010000.0,outperform
855,2005-09-07 23:00:53,1126148453.0,adi,28.97,-19.26,1236.359985,4.66,-23.92,6.628,29.72,5.78,3.61,19.96,22.98,7.33,12.57,6.426,13730000000.0,11070000000.0,N/A,1.89,4.62,15.663,4.62,1550000000.0,15.663,478710000.0,1.24,28.20,18.90,2780000000.0,7.475,6.628,6.628,10.297,654520000.0,N/A,1.38,83.30,9540000.0,3.5,2.60,8230000.0,underperform
856,2004-06-22 09:09:13,1087909753.0,adi,36.07,-17.13,1134.410034,7.01,-24.14,5.778,40.35,7.28,4.78,18.48,23.06,9.37,13.19,6.058,16920000000.000002,14380000000.0,20.10,1.25,6.09,26.34,6.09,1120000000.0,26.34,436400000.0,1.116,183.30,19.90,2540000000.0,6.76,5.778,5.778,9.575,648600000.0,2.715,1.53,82.04,6910000.0,1.735,1.87,7640000.0,underperform
857,2005-03-17 01:05:45,1111039545.0,adi,28.14,4.51,1190.209961,9.83,-5.32,6.453,25.08,5.22,3.65,21.52,26.00,12.28,15.29,6.661,13380000000.0,11020000000.0,22.04,1.59,4.23,16.2,4.23,1550000000.0,16.2,561340000.0,1.43,91.30,28.60,2600000000.0,6.98,6.453,6.453,10.025,703270000.0,2.582,1.67,81.54,8700000.0,2.413,2.37,8740000.0,underperform
858,2005-01-24 03:34:28,1106555668.0,adi,26.55,14.46,1163.75,8.86,5.600000000000001,6.223,23.74,4.94,3.43,21.67,26.55,12.77,15.94,6.704,12960000000.0,10270000000.0,20.52,1.36,3.90,14.63,3.90,1550000000.0,14.63,570740000.0,1.452,91.30,28.60,2680000000.0,7.14,6.223,6.223,10.11,778040000.0,2.443,1.53,82.09,8740000.0,1.974,2.36,11190000.0,outperform
859,2007-02-20 18:32:29,1172014349.0,adi,26.45,-14.18,1459.680054,-6.83,-7.35,N/A,22.26,4.38,3.28,21.35,23.07,9.76,15.42,7.172,11280000000.0,9150000000.0,N/A,0.93,3.56,10.878,3.56,1510000000.0,10.878,549480000.0,1.48,102.50,3.60,2130000000.0,6.223,N/A,6.134,10.046,621100000.0,2.11,1.48,81.90,10080000.0,3.6,3.10,9830000.0,underperform
860,2008-10-14 20:39:34,1224031174.0,adi,19.01,30.62,998.01001,9.42,21.200000000000003,N/A,9.29,2.66,2.92,28.18,22.76,11.95,19.25,8.862,6610000000.0,5700000000.0,N/A,0.71,2.17,7.586,2.17,1520000000.0,7.586,474190000.0,2.45,15.10,6.70,1280000000.0,4.399,N/A,3.353,8.23,709960000.0,1.06,2.07,86.20,6420000.0,1.1,2.30,5820000.0,outperform
861,2011-08-05 04:12:35,1312531955.0,adi,28.6,28.85,1199.380005,14.67,14.180000000000001,25.32,10.94,3.34,2.80,29.52,36.38,15.06,27.25,10.07,7510000000.0,7510000000.0,10.44,1.15,2.50,6.19,2.50,1800000000.0,6.19,881920000.0,2.89,44.70,18.30,3430000000.0,11.45,906930000.0,7.30,11.96,7510000000.0,1.04,1.93,85.10,6320000.0,1.80,2.10,6350000.0,outperform
862,2008-01-23 20:59:26,1201139966.0,adi,22.92,-30.24,1338.599976,-38.18,7.940000000000001,N/A,18.56,3.28,3.53,19.79,22.43,10.12,17.34,7.768,8420000000.0,7160000000.0,N/A,0.97,2.85,9.978,2.85,1520000000.0,9.978,500700000.0,1.50,N/A,N/A,1080000000.0,3.564,N/A,3.611,7.708,820360000.0,1.32,1.94,80.10,5630000.0,2.7,1.90,5290000.0,outperform
863,2007-04-05 11:21:28,1175786488.0,adi,29.13,-13.22,1443.76001,-5.08,-8.14,N/A,22.06,4.47,3.62,22.02,23.79,10.72,16.70,7.512,11800000000.0,9850000000.0,N/A,1.11,3.73,11.31,3.73,1510000000.0,11.31,582150000.0,1.60,27.10,11.30,1950000000.0,5.855,N/A,5.808,9.772,654000000.0,1.75,1.51,81.40,6600000.0,1.5,2.00,8340000.0,underperform
864,2013-04-22 02:24:41,1366611881.0,adi,40.85,28.62,1562.5,20.29,8.330000000000002,17.57,20.28,4.84,3.00,24.04,30.44,9.26,15.75,8.91,9730000000.0,9730000000.0,15.87,5.94,3.64,10.54,3.64,1740000000.0,10.54,643080000.0,2.09,5.90,4.00,3990000000.0,13.03,759670000.0,9.47,14.13,757690000.0,1.07,1.00,87.80,4670000.0,2.30,1.50,5320000.0,outperform
865,2008-12-18 00:52:29,1229579549.0,adi,15.41,74.82,885.2800289999999,24.53,50.28999999999999,N/A,7.44,2.25,2.40,30.44,24.32,12.95,22.08,8.825,5730000000.0,4510000000.0,N/A,1.04,1.75,5.768,1.75,1580000000.0,5.768,525179999.99999994,2.65,47.00,6.00,1310000000.0,4.498,N/A,3.672,8.312,669370000.0,1.14,2.05,84.00,5610000.0,0.9,2.00,4900000.0,outperform
866,2013-05-11 12:07:46,1368288466.0,adi,44.13,14.62,1632.689941,14.88,-0.26000000000000156,17.57,22.40,5.30,3.28,24.04,30.44,9.26,15.75,8.91,10960000000.0,10960000000.0,17.52,6.51,4.10,11.87,4.10,1740000000.0,11.87,643080000.0,2.09,5.90,4.00,3990000000.0,13.03,759670000.0,9.47,14.13,757690000.0,1.06,1.00,87.80,3880000.0,1.60,1.30,4670000.0,underperform
867,2005-10-31 08:19:48,1130764788.0,adi,27.32,-7.03,1207.01001,14.16,-21.19,6.628,27.89,5.25,3.28,19.96,22.98,7.33,12.57,6.426,12890000000.0,10100000000.0,N/A,1.73,4.21,14.294,4.21,1550000000.0,14.294,478710000.0,1.24,28.20,18.90,2780000000.0,7.475,6.628,6.628,10.297,654520000.0,N/A,1.38,83.30,7580000.0,2.3,2.10,7160000.0,underperform
868,2004-01-20 06:29:18,1074598158.0,adi,38.72,-29.24,1138.77002,4.03,-33.269999999999996,N/A,64.74,9.17,5.69,14.57,18.25,6.09,9.70,5.356,18780000000.0,16660000000.0,28.06,1.56,8.14,44.42,8.14,1120000000.0,44.42,298280000.0,0.78,183.30,19.90,2120000000.0,5.69,N/A,6.226,8.88,N/A,2.667,1.51,80.86,6370000.0,1.788,1.74,8840000.0,underperform
869,2004-08-10 02:07:28,1092118048.0,adi,27.86,4.34,1079.040039,13.91,-9.57,5.778,32.19,5.76,3.78,18.48,23.06,9.37,13.19,6.058,13500000000.0,11060000000.0,16.04,0.99,4.68,20.26,4.68,1120000000.0,20.26,436400000.0,1.116,183.30,19.90,2540000000.0,6.76,5.778,5.778,9.575,648600000.0,2.647,1.53,81.98,6850000.0,1.84,1.85,7900000.0,underperform
870,2006-12-06 22:26:10,1165461970.0,adi,26.93,-4.05,1412.900024,6.68,-10.73,N/A,22.67,4.47,3.34,21.35,23.07,9.76,15.42,7.172,11480000000.0,9360000000.0,N/A,0.94,3.64,11.13,3.64,1510000000.0,11.13,549480000.0,1.48,102.50,3.60,2130000000.0,6.223,N/A,6.134,10.046,621100000.0,1.68,1.46,85.60,9770000.0,2.4,2.90,8710000.0,underperform
871,2009-03-27 16:45:23,1238186723.0,adi,17.05,49.74,815.9400019999999,43.11,6.630000000000003,N/A,13.34,2.41,2.45,18.01,22.23,11.22,18.05,8.413,4600000000.0,4600000000.0,N/A,2.54,1.88,6.573,1.88,1580000000.0,6.573,427910000.0,1.50,93.30,22.40,1280000000.0,4.406,N/A,4.485,8.248,551860000.0,0.92,2.02,84.40,9130000.0,1.2,3.20,7540000.0,outperform
872,2011-11-04 15:10:58,1320433858.0,hcbk,5.31,52.92,1253.22998,12.68,40.24,N/A,N/A,2.76,0.59,24.00,80.27,0.46,4.80,2.15,19890000000.0,19890000000.0,8.95,1.91,18.77,N/A,18.77,N/A,N/A,254290000.0,0.51,32.40,18.80,3260000000.0,6.58,20220000000.0,N/A,10.06,19890000000.0,1.17,9.74,58.10,14270000.0,2.50,3.00,15910000.0,outperform
873,2007-02-20 07:02:41,1171972961.0,hcbk,10.65,15.96,1459.680054,-6.83,22.79,N/A,25.98,12.31,1.55,46.58,78.81,0.91,5.70,1.155,7650000000.0,24440000000.0,N/A,1.61,39.46,N/A,39.46,893180000.0,N/A,288580000.0,0.53,7.50,2.00,182250000.0,0.327,16969999999.999998,N/A,8.822,N/A,0.67,81.80,55.10,15870000.0,6.1,2.90,15000000.0,outperform
874,2005-03-14 23:59:43,1110862783.0,hcbk,8.4,19.76,1206.829956,7.51,12.250000000000002,N/A,28.16,7.48,4.87,26.15,52.92,1.29,17.68,4.949,6800000000.0,13870000000.0,22.10,2.08,15.16,N/A,15.16,716800000.0,N/A,239270000.0,1.30,15.40,15.40,122480000.0,0.66,7150000000.0,N/A,7.536,293460000.0,0.511,72.21,9.12,1780000.0,7.987,3.44,1610000.0,outperform
875,2013-06-19 07:44:54,1371642294.0,hcbk,8.3,19.16,1628.930054,20.29,-1.129999999999999,N/A,19.04,5.93,0.90,31.19,68.21,0.53,4.80,1.45,13540000000.0,13540000000.0,25.97,7.68,18.85,N/A,18.85,N/A,N/A,224090000.0,0.45,34.30,24.50,2760000000.0,5.54,12180000000.0,N/A,9.47,861760000.0,1.32,8.98,63.80,2880000.0,0.90,0.60,3120000.0,underperform
876,2009-01-29 07:14:27,1233231267.0,hcbk,9.63,15.78,845.1400150000001,27.06,-11.28,N/A,13.94,6.47,1.22,47.86,79.19,0.90,9.32,1.92,6130000000.0,36090000000.0,N/A,0.83,38.77,N/A,38.77,1530000000.0,N/A,445560000.0,0.90,60.30,48.50,261810000.0,0.536,30230000000.0,N/A,10.124,N/A,0.28,10.48,77.30,15660000.0,3.10,3.10,16690000.000000002,underperform
877,2011-04-13 11:56:57,1302710217.0,hcbk,8.66,-25.87,1314.410034,5.57,-31.44,N/A,8.99,4.17,0.88,46.36,81.84,0.89,9.90,2.35,33860000000.0,33860000000.0,10.77,3.91,29.22,N/A,29.22,N/A,N/A,537210000.0,1.09,11.30,6.70,650100000.0,1.32,29680000000.0,N/A,11.16,33860000000.0,0.68,9.74,58.10,12780000.0,1.50,2.70,11790000.0,underperform
878,2009-10-06 14:50:06,1254855006.0,hcbk,10.82,-2.59,1054.719971,9.98,-12.57,N/A,12.79,5.93,1.23,46.97,80.86,0.94,10.19,2.195,35750000000.0,35750000000.0,N/A,0.95,33.46,N/A,33.46,2080000000.0,N/A,501770000.0,1.02,15.60,27.70,612110000.0,1.254,30030000000.0,N/A,10.538,570190000.0,0.64,10.17,72.60,17190000.0,1.9,3.30,17730000.0,underperform
879,2007-12-27 01:44:29,1198737869.0,hcbk,11.65,2.75,1476.27002,-40.88,43.63,N/A,27.49,16.49,1.71,45.67,74.12,0.76,6.00,1.235,9080000000.0,30430000000.0,N/A,1.53,48.33,N/A,48.33,1190000000.0,N/A,287560000.0,0.55,4.90,4.80,310350000.0,0.596,22890000000.0,N/A,8.85,318280000.0,0.6,10.43,66.20,22460000.0,4.8,4.40,24310000.0,outperform
880,2007-04-07 14:32:42,1175970762.0,hcbk,10.54,38.52,1439.369995,-4.87,43.39,N/A,25.85,12.31,1.55,46.58,78.81,0.91,5.70,1.155,7590000000.0,24380000000.0,N/A,1.59,39.35,N/A,39.35,1190000000.0,N/A,288580000.0,0.53,7.50,2.00,182250000.0,0.328,16969999999.999998,N/A,8.839,321170000.0,0.67,82.21,57.50,25640000.0,4.70,4.70,16460000.0,outperform
881,2008-12-14 19:13:36,1229300016.0,mas,8.39,47.44,873.590027,27.53,19.909999999999997,1.087,N/A,0.33,0.91,0.32,7.49,4.47,0.05,29.519,3590000000.0,6630000000.0,N/A,1.92,0.63,6.453,0.63,3210000000.0,6.453,2000000.0,0.10,83.90,15.90,1030000000.0,2.931,4080000000.0,2.019,10.672,972000000.0,1.43,9.95,89.30,18870000.0,2.2,5.40,18270000.0,outperform
882,2013-04-22 02:41:59,1366612919.0,mas,18.79,17.67,1562.5,20.29,-2.6199999999999974,679.40,N/A,0.87,20.36,1.47,5.50,3.76,6.43,22.19,9150000000.0,9150000000.0,18.89,2.76,1.18,15.10,1.18,1950000000.0,15.10,78000000.0,0.33,N/A,N/A,1350000000.0,3.79,3630000000.0,1.73,0.92,281000000.0,1.89,7.51,91.60,12760000.0,3.00,4.30,13720000.0,underperform
883,2013-05-11 18:05:13,1368309913.0,mas,20.93,-6.45,1632.689941,14.88,-21.330000000000002,732.73,N/A,0.96,26.15,1.28,5.77,3.88,4.51,22.38,10290000000.0,10290000000.0,20.93,3.06,1.32,16.38,1.32,1950000000.0,16.38,64000000.0,0.29,42.40,3.90,1030000000.0,2.89,3630000000.0,1.74,0.81,238000000.0,1.88,7.51,91.60,9030000.0,1.90,3.10,9690000.0,underperform
884,2006-06-16 06:06:51,1150452411.0,mas,22.09,4.8,1251.540039,21.1,-16.3,0.846,13.19,0.86,2.38,7.07,12.89,8.71,18.02,31.118,11340000000.0,14610000000.0,N/A,0.75,1.13,7.667,1.13,3610000000.0,7.667,873000000.0,2.16,11.70,9.30,682000000.0,1.717,3960000000.0,1.253,11.693,1290000000.0,1.06,1.96,91.40,9350000.0,4.5,2.40,11100000.0,underperform
885,2009-02-16 17:51:03,1234824663.0,mas,,,826.840027,32.42,,N/A,N/A,0.25,0.85,4.07,5.73,3.37,11.12,27.195,2260000000.0,5220000000.0,N/A,N/A,0.54,6.617,0.54,3210000000.0,6.617,382000000.0,1.11,N/A,26.60,1030000000.0,2.929,3990000000.0,2.133,8.108,N/A,1.65,8.52,79.90,21580000.0,3.3,6.20,21240000.0,underperform
886,2004-09-20 01:31:54,1095658314.0,mas,25.52,-11.13,1122.199951,8.83,-19.96,0.883,18.10,1.26,2.92,7.77,13.55,7.40,16.87,24.731,14840000000.0,18750000000.0,13.48,0.99,1.61,10.9,1.61,2970000000.0,10.9,888000000.0,1.892,197.10,12.70,527000000.0,1.22,4430000000.0,1.886,11.555,1430000000.0,0.652,2.46,83.50,11420000.0,4.555,2.70,10460000.0,underperform
887,2007-03-26 11:36:48,1174923408.0,mas,22.24,-24.42,1437.5,-5.88,-18.540000000000003,1.114,22.93,0.86,2.40,3.82,11.40,7.82,9.89,32.431,10960000000.0,13980000000.0,N/A,1.43,1.09,7.766,1.09,3520000000.0,7.766,461000000.0,1.22,N/A,5.80,1960000000.0,4980000000.0,4980000000.0,1.509,11.647,1210000000.0,1.11,1.60,100.40,19480000.0,5.7,5.10,22290000.0,underperform
888,2007-05-06 01:40:34,1178430034.0,mas,24.07,-34.48,1502.390015,-6.32,-28.159999999999997,1.114,28.16,0.94,2.58,3.42,10.87,N/A,N/A,32.175,11940000000.0,14960000000.0,N/A,1.82,1.20,8.803,1.20,3520000000.0,8.803,396000000.0,1.08,29.90,9.60,1960000000.0,4980000000.0,4980000000.0,N/A,11.647,N/A,1.06,1.62,102.80,29510000.0,7.2,7.70,23080000.0,underperform
889,2006-07-12 21:32:54,1152754374.0,mas,21.86,4.99,1258.599976,22.97,-17.979999999999997,0.846,12.89,0.88,2.45,7.07,12.89,8.71,18.02,31.118,11080000000.0,14650000000.0,N/A,0.77,1.13,7.686,1.13,3610000000.0,7.686,873000000.0,2.16,11.70,9.30,682000000.0,1.717,3960000000.0,1.253,11.693,1290000000.0,1.09,1.96,91.20,10580000.0,3.8,2.70,9350000.0,underperform
890,2004-04-14 22:47:57,1081997277.0,mas,21.52,16.4,1128.170044,3.0,13.399999999999999,0.766,19.28,1.19,2.41,6.89,12.85,6.20,13.85,22.375,13060000000.0,16370000000.000002,12.88,0.99,1.50,10.58,1.50,2970000000.0,10.58,740000000.0,1.497,197.10,12.70,795000000.0,1.76,4179999999.9999995,1.812,11.903,1460000000.0,0.614,3.00,82.93,8000000.0,3.356,1.82,7660000.0,outperform
891,2005-04-18 15:05:39,1113851139.0,mas,25.24,1.11,1145.97998,14.08,-12.97,0.787,16.07,1.20,2.69,7.86,12.82,7.70,17.70,26.522,14620000000.0,17550000000.0,11.52,0.87,1.45,9.83,1.45,3720000000.0,9.83,930000000.0,2.04,10.80,10.40,1260000000.0,2.82,4269999999.9999995,2.05,12.14,1450000000.0,0.592,2.49,82.58,6630000.0,1.881,1.53,7990000.0,underperform
892,2005-01-30 06:34:14,1107084854.0,mas,27.48,-16.3,1174.550049,9.42,-25.72,0.812,18.40,1.37,3.11,7.84,13.35,7.62,17.41,25.822,16469999999.999998,19750000000.0,14.30,1.06,1.66,12.43,1.66,2970000000.0,12.43,914000000.0,1.998,197.10,12.70,969000000.0,2.16,4250000000.0,2.112,11.669,1430000000.0,0.76,2.50,82.01,9340000.0,6.222,2.14,10430000.0,underperform
893,2008-12-10 08:28:26,1228915706.0,ann,6.4,139.69,899.23999,22.59,117.1,0.01,8.78,0.14,0.40,1.52,4.86,5.05,4.22,39.654,299870000.0,227080000.0,N/A,0.85,0.10,0.964,0.10,1250000000.0,0.964,35030000.0,0.60,N/A,12.30,80690000.0,1.413,7900000.0,1.493,13.857,217260000.0,2.06,0.66,112.70,7170000.0,3.1,12.80,6170000.0,outperform
894,2005-02-07 11:27:26,1107793646.0,ann,22.97,52.72,1201.719971,4.42,48.3,3.2,15.54,0.85,1.63,5.94,9.98,9.16,12.17,24.529,1620000000.0,1430000000.0,19.42,1.29,0.79,6.01,0.79,866240000.0,6.01,107760000.0,1.47,25.90,15.00,188730000.0,2.67,3.2,3.2,13.402,96700000.0,1.706,2.08,90.23,4260000.0,3.547,6.17,3350000.0,outperform
895,2005-04-19 08:16:27,1113912987.0,ann,23.69,51.88,1152.780029,13.63,38.25,2.41,28.77,0.92,1.82,3.41,5.66,5.14,6.65,25.415,1710000000.0,1450000000.0,16.22,1.05,0.78,7.92,0.78,947550000.0,7.92,63280000.0,0.83,37.30,16.70,254810000.0,3.55,2.41,2.41,13.121,169260000.0,1.523,0.81,89.84,5640000.0,3.762,7.93,4800000.0,outperform
896,2004-09-23 14:25:10,1095963910.0,ann,25.9,0.93,1108.359985,9.65,-8.72,3.412,15.04,1.05,1.90,7.07,11.94,10.72,14.64,23.475,1820000000.0,1540000000.0,12.25,0.85,0.88,5.85,0.88,866240000.0,5.85,123820000.0,1.694,25.90,15.00,347200000.0,4.86,3.412,3.412,13.52,186710000.0,1.54,1.22,95.00,1450000.0,1.122,2.05,1560000.0,underperform
897,2003-10-26 16:14:46,1067202886.0,ann,23.57,-5.64,1033.77002,5.9,-11.54,0.165,20.05,1.11,2.11,5.59,9.42,7.96,11.30,29.759,1560000000.0,1420000000.0,16.44,1.09,0.99,7.69,0.99,747490000.0,7.69,80140000.0,1.721,175.40,6.30,259589999.99999997,5.76,123390000.0,3.149,16.77,N/A,1.752,1.09,95.00,2390000.0,2.676,5.36,2140000.0,underperform
898,2013-05-12 20:09:23,1368403763.0,ann,31.25,32.13,1626.670044,16.6,15.530000000000001,0.14,14.66,0.60,3.73,4.32,7.02,11.39,27.39,50.02,1250000000.0,1250000000.0,11.90,1.26,0.53,4.72,0.53,1300000000.0,4.72,101110000.0,2.10,8.70,7.20,167010000.0,3.64,0.14,1.50,8.38,258910000.00000003,1.40,1.69,98.90,3870000.0,3.90,8.40,3640000.0,outperform
899,2007-04-04 17:14:28,1175721268.0,ann,38.81,-36.43,1439.369995,-4.87,-31.56,N/A,19.52,1.16,2.58,6.10,9.55,10.15,13.72,33.002,2690000000.0,2350000000.0,N/A,1.03,1.00,6.63,1.00,1260000000.0,6.63,142980000.0,1.98,21.50,6.30,360560000.0,5.197,N/A,2.306,15.134,295930000.0,0.65,0.17,97.80,4530000.0,6.60,6.60,4470000.0,underperform
900,2004-10-13 23:19:29,1097723969.0,ann,22.08,8.88,1113.650024,5.67,3.210000000000001,3.412,13.03,0.91,1.65,7.07,11.94,10.72,14.64,23.475,1580000000.0,1240000000.0,11.94,0.80,0.71,4.71,0.71,866240000.0,4.71,123820000.0,1.694,25.90,15.00,347200000.0,4.86,3.412,3.412,13.52,186710000.0,1.586,2.06,95.00,2210000.0,1.531,3.16,1450000.0,outperform
901,2007-01-13 16:23:55,1168723435.0,cag,26.7,-12.51,1414.849976,0.39,-12.9,0.751,33.69,1.19,2.92,3.54,10.70,6.12,9.62,22.748,13660000000.0,16420000000.000002,N/A,3.11,1.41,10.296,1.41,2810000000.0,10.296,470500000.0,0.80,39.90,2.90,803500000.0,1.591,3560000000.0,1.934,9.387,622600000.0,0.49,1.79,68.30,10700000.0,4.2,2.10,10380000.0,underperform
902,2007-02-27 09:31:27,1172586687.0,cag,24.41,-10.49,1399.040039,-1.36,-9.13,0.751,31.58,1.10,2.70,3.54,10.70,6.12,9.62,22.748,12810000000.0,15570000000.0,N/A,2.33,1.33,9.76,1.33,2810000000.0,9.76,470500000.0,0.80,39.90,2.90,803500000.0,1.591,3560000000.0,1.934,9.387,622600000.0,0.48,1.10,68.10,12250000.0,2.40,2.40,10700000.0,underperform
903,2003-10-26 18:05:14,1067209514.0,cag,23.24,7.53,1033.77002,5.9,1.63,1.213,15.26,0.72,2.69,4.71,6.38,5.37,17.93,33.277,12850000000.0,18130000000.0,13.37,1.58,1.03,10.27,1.03,3820000000.0,10.27,833200000.0,1.568,1.00,28.20,680700000.0,1.27,5970000000.0,1.505,8.84,N/A,0.241,1.44,62.66,8070000.0,2.58,1.53,7520000.0,outperform
904,2004-04-05 02:41:56,1081147316.0,cag,26.96,-3.23,1150.569946,2.68,-5.91,1.175,17.67,0.98,2.94,5.62,7.70,5.49,17.36,27.622,14520000000.0,19710000000.0,16.35,2.21,1.34,11.2,1.34,3820000000.0,11.2,825400000.0,1.555,1.00,28.20,533700000.00000006,1.01,5730000000.0,1.722,9.232,1500000000.0,0.22,1.44,57.56,9650000.0,7.249,1.85,8350000.0,underperform
905,2013-03-17 08:48:17,1363524497.0,cag,34.28,-15.78,1563.22998,18.91,-34.69,79.83,22.06,1.03,3.08,4.76,8.08,5.79,14.09,33.62,17460000000.0,17460000000.0,14.22,1.53,1.27,11.77,1.27,2830000000.0,11.77,654300000.0,1.59,17.40,8.90,476800000.0,1.18,3780000000.0,1.70,11.40,1040000000.0,0.46,0.27,70.50,7120000.0,1.70,1.80,7200000.0,underperform
906,2009-08-27 11:28:11,1251386891.0,cag,19.95,6.42,1030.97998,3.26,3.16,N/A,9.52,0.71,1.91,7.69,9.28,5.96,12.85,28.11,12290000000.0,12290000000.0,N/A,1.55,0.97,8.193,0.97,2840000000.0,8.193,646400000.0,2.15,13.20,7.60,243200000.0,0.55,3490000000.0,2.119,10.689,124000000.0,0.8,0.26,71.80,6870000.0,1.7,1.60,8000000.0,outperform
907,2013-05-13 19:17:30,1368487050.0,cag,34.63,-11.32,1633.77002,16.14,-27.46,207.07,29.67,1.02,2.89,3.48,7.37,3.99,9.87,34.79,24480000000.0,24480000000.0,14.25,1.35,1.72,16.98,1.72,2830000000.0,16.98,493900000.0,1.20,57.20,13.40,723800000.0,1.74,10680000000.0,1.50,12.06,1050000000.0,0.47,0.27,70.50,6170000.0,1.70,1.50,6140000.0,underperform
908,2006-10-23 12:36:34,1161621394.0,cag,25.39,-8.9,1377.02002,10.35,-19.25,0.761,38.04,1.14,2.81,3.05,9.77,5.46,7.95,22.464,13220000000.0,16040000000.0,N/A,3.57,1.38,11.261,1.38,2810000000.0,11.261,385400000.0,0.68,52.00,0.60,695300000.0,1.365,3580000000.0,1.68,9.243,1450000000.0,0.81,1.79,68.40,13630000.0,7.8,2.70,12220000.0,underperform
909,2007-02-26 19:33:41,1172536421.0,cag,24.77,-10.21,1449.369995,-4.7,-5.510000000000001,0.751,31.62,1.10,2.72,3.54,10.70,6.12,9.62,22.748,12830000000.0,15650000000.0,N/A,2.33,1.34,9.814,1.34,2810000000.0,9.814,470500000.0,0.80,39.90,2.90,803500000.0,1.591,3560000000.0,1.934,9.387,622600000.0,0.48,1.10,68.10,12250000.0,2.40,2.40,10700000.0,underperform
910,2011-11-20 21:01:33,1321840893.0,cag,23.74,14.62,1216.130005,14.04,0.5800000000000001,69.27,13.80,0.80,2.13,6.01,10.40,7.02,15.94,29.75,12260000000.0,12260000000.0,12.39,1.89,0.98,7.33,0.98,2910000000.0,7.33,769500000.0,1.76,41.70,9.50,1100000000.0,2.64,3300000000.0,1.75,11.40,12260000000.0,0.64,0.31,69.70,5950000.0,1.20,1.40,7240000.0,outperform
911,2004-09-17 18:18:37,1095459517.0,cag,26.31,-16.19,1128.550049,8.74,-24.93,1.177,17.97,0.96,2.91,5.48,7.63,5.52,16.34,27.426,13960000000.0,19180000000.0,15.76,2.10,1.32,11.06,1.32,3200000000.0,11.06,796000000.0,1.50,1.00,28.20,588700000.0,1.14,5690000000.0,1.714,9.285,1190000000.0,0.267,1.42,58.49,7940000.0,5.598,1.56,8700000.0,underperform
912,2013-04-23 16:51:38,1366750298.0,mgm,12.75,89.73,1578.780029,18.79,70.94,167.45,N/A,0.69,1.38,20.08,9.49,1.93,17.97,18.00,17910000000.0,17910000000.0,N/A,3.31,2.04,10.16,2.04,3240000000.0,10.16,1770000000.0,3.62,N/A,0.10,1660000000.0,3.40,13590000000.0,1.30,8.92,909350000.0,2.48,24.05,60.50,24430000.0,2.40,6.10,27120000.0,outperform
913,2013-05-14 19:18:57,1368573537.0,mgm,15.86,52.65,1650.339966,14.43,38.22,173.76,N/A,0.87,1.76,17.41,10.40,2.16,16.02,18.13,19770000000.0,19770000000.0,143.64,22.63,2.23,10.84,2.23,3240000000.0,10.84,1540000000.0,3.17,N/A,3.00,1600000000.0,3.27,13690000000.0,1.30,8.94,812310000.0,2.46,24.05,60.50,23240000.0,2.30,5.80,23850000.0,outperform
914,2007-03-12 22:13:34,1173752014.0,mgm,67.81,-9.94,1406.599976,-6.11,-3.829999999999999,3.376,30.52,2.67,4.97,9.03,20.40,5.17,17.95,25.344,19270000000.0,31690000000.0,N/A,1.90,4.42,13.065,4.42,3360000000.0,13.065,636000000.0,2.22,N/A,N/A,452940000.0,1.594,12990000000.0,0.919,13.559,1220000000.0,2.76,0.17,40.70,4350000.0,1.8,1.50,6530000.0,underperform
915,2007-10-17 11:43:31,1192635811.0,mgm,94.95,-84.83,1541.23999,-38.59,-46.239999999999995,3.131,31.25,3.58,6.20,11.81,19.61,4.13,17.93,26.527,26870000000.0,40140000000.0,N/A,2.52,5.35,18.74,5.35,3360000000.0,18.74,698800000.0,3.02,146.00,10.00,294610000.0,1.036,13560000000.0,0.538,15.237,1480000000.0,2.61,54.33,41.50,4910000.0,2.7,1.70,4019999.9999999995,underperform
916,2008-12-07 07:07:25,1228651645.0,mgm,10.18,1.87,845.2199710000001,30.53,-28.66,2.583,2.68,0.37,0.55,15.51,15.63,3.08,23.93,26.421,2950000000.0,15990000000.0,N/A,0.66,2.13,8.16,2.13,3550000000.0,8.16,1160000000.0,3.99,66.70,5.90,250090000.0,0.904,13290000000.0,0.779,18.606001,797750000.0,2.55,63.44,40.30,32830000.0,4.7,11.90,33189999.999999996,underperform
917,2007-05-27 21:39:16,1180316356.0,mgm,,,1507.51001,-8.73,,3.368,33.39,2.97,5.54,9.17,20.06,5.13,18.02,25.896,21770000000.0,30990000000.0,N/A,1.86,4.23,12.677,4.23,3360000000.0,12.677,659240000.0,2.30,16.80,2.70,313970000.0,1.107,13240000000.0,0.878,13.867,N/A,2.51,0.17,40.60,6180000.0,4.9,2.20,5000000.0,underperform
918,2005-12-10 11:44:17,1134233057.0,mgm,37.25,51.09,1257.369995,11.92,39.17,3.781,26.51,1.85,3.33,7.26,19.11,5.01,14.31,20.454,10750000000.0,22760000000.0,N/A,1.37,3.93,12.776,3.93,2380000000.0,12.776,420340000.0,1.43,26.50,74.50,265440000.0,0.932,12270000000.0,0.677,11.283,1040000000.0,N/A,57.44,40.80,12690000.0,4.3,4.50,15570000.0,outperform
919,2011-11-08 11:55:42,1320771342.0,mgm,10.82,-7.02,1275.920044,9.3,-16.32,135.30,1.90,0.85,0.85,44.19,7.65,1.42,49.91,14.39,17020000000.0,17020000000.0,N/A,0.60,2.43,14.02,2.43,2260000000.0,14.02,3090000000.0,5.79,N/A,43.40,1820000000.0,3.72,13450000000.0,1.35,13.03,17020000000.0,4.31,32.27,53.80,50570000.0,2.00,14.20,49390000.0,underperform
920,2008-10-27 18:24:53,1225146293.0,mgm,10.05,-4.18,848.919983,25.27,-29.45,2.558,2.34,0.41,0.61,16.93,16.57,3.38,27.31,26.55,2810000000.0,15830000000.0,N/A,0.68,2.08,7.85,2.08,3550000000.0,7.85,1290000000.0,4.35,68.60,2.10,279990000.0,1.013,13010000000.0,0.732,18.406,569050000.0,2.38,64.68,31.50,26090000.0,6.6,9.50,26220000.0,underperform
921,2012-06-10 10:05:36,1339337136.0,mgm,11.21,35.41,1314.98999,24.93,10.479999999999997,140.76,2.11,0.66,0.93,36.13,9.06,2.03,50.31,16.92,17160000000.0,17160000000.0,N/A,1.90,2.08,10.40,2.08,2820000000.0,10.40,2990000000.0,5.39,N/A,54.00,1770000000.0,3.62,13360000000.0,1.37,12.02,942840000.0,2.49,24.05,60.30,32830000.0,2.90,8.30,31540000.0,outperform
922,2003-10-26 16:32:59,1067203979.0,mgm,17.91,47.18,1033.77002,5.9,41.28,0.503,N/A,1.96,1.61,6.32,4.57,2.82,4.89,7.591,3670000000.0,4150000000.0000005,502.00,N/A,2.20,N/A,2.20,591150000.0,N/A,119050000.0,0.489,N/A,19.20,671880000.0,2.74,1150000000.0,N/A,9.37,N/A,1.194,62.84,26.32,6550000.0,7.265,7.20,3830000.0,outperform
923,2012-03-11 09:23:28,1331472208.0,mgm,13.8,-9.78,1365.910034,13.93,-23.71,136.33,2.44,0.90,1.11,41.54,8.65,1.74,50.49,15.34,18160000000.0,18160000000.0,N/A,2.36,2.42,12.39,2.42,2820000000.0,12.39,3110000000.0,5.62,N/A,74.40,2020000000.0,4.12,13470000000.0,1.61,12.45,675130000.0,4.12,28.15,55.60,37260000.0,2.20,10.40,35890000.0,underperform
924,2011-09-04 02:50:58,1315119058.0,mgm,10.97,,1204.420044,16.78,,125.73,1.80,0.85,0.84,45.77,7.28,1.22,45.04,13.34,16600000000.000002,16600000000.000002,N/A,0.57,2.63,15.15,2.63,2260000000.0,15.15,2890000000.0,5.75,N/A,16.70,1070000000.0000001,2.19,12630000000.0,1.13,13.03,16600000000.000002,4.09,32.27,53.80,51340000.0,1.90,N/A,62510000.0,underperform
925,2008-12-20 19:16:45,1229818605.0,mgm,13.85,-28.59,904.419983,21.19,-49.78,2.583,3.39,0.50,0.73,15.51,15.63,3.08,23.93,26.421,3730000000.0,16770000000.0,N/A,0.68,2.23,8.558,2.23,3550000000.0,8.558,1160000000.0,3.99,66.70,5.90,250090000.0,0.904,13290000000.0,0.779,18.606001,797750000.0,2.55,63.44,40.20,33390000.0,8.8,12.10,32830000.0,underperform
926,2012-11-04 09:23:02,1352038982.0,mgm,10.47,84.24,1427.589966,23.84,60.39999999999999,149.21,N/A,0.58,0.92,7.46,9.53,1.89,4.66,18.02,16390000000.0,16390000000.0,N/A,2.56,1.86,9.19,1.86,2820000000.0,9.19,657550000.0,1.35,N/A,1.00,2440000000.0,5.00,13830000000.0,1.65,11.36,N/A,2.26,24.05,59.20,26580000.0,3.30,6.70,27150000.0,outperform
927,2008-12-22 23:30:11,1230006611.0,mgm,12.86,-29.0,871.6300050000001,28.27,-57.269999999999996,2.583,3.23,0.50,0.73,15.51,15.63,3.08,23.93,26.421,3560000000.0,16770000000.0,N/A,0.68,2.23,8.558,2.23,3550000000.0,8.558,1160000000.0,3.99,66.70,5.90,250090000.0,0.904,13290000000.0,0.779,18.606001,797750000.0,2.55,63.44,40.20,33390000.0,8.8,12.10,32830000.0,underperform
928,2007-01-13 10:08:02,1168700882.0,mgm,63.61,16.6,1414.849976,0.39,16.21,3.658,36.41,2.60,5.43,7.36,19.94,5.09,16.05,26.079,19050000000.0,31660000000.0,N/A,2.26,4.28,13.422,4.28,2930000000.0,13.422,544490000.0,1.86,67.60,5.20,343720000.0,1.222,12960000000.0,0.645,12.622,1160000000.0,2.81,56.90,42.60,7650000.0,4.3,2.70,8410000.0,outperform
929,2005-01-27 14:56:30,1106855790.0,mgm,35.65,6.17,1174.550049,9.29,-3.119999999999999,7.646,N/A,1.56,10.81,0.41,2.69,0.22,0.51,7.596,2840000000.0,4760000000.0,N/A,N/A,2.62,75.09,2.62,899090000.0,75.09,7410000.0,0.04,N/A,13.80,71000000.0,0.3,2000000000.0,N/A,1.1,85440000.0,1.072,73.47,14.84,2540000.0,4.01,4.01,2560000.0,underperform
930,2005-03-08 12:59:15,1110304755.0,mgm,36.88,5.34,1219.430054,4.84,0.5,6.156,N/A,1.65,8.81,1.69,1.58,0.92,2.74,7.219,2850000000.0,4710000000.0,N/A,N/A,2.73,111.04,2.73,859030000.0,111.04,29210000.0,0.13,N/A,8.40,117370000.0,0.49,1980000000.0,N/A,1.353,140840000.0,1.087,73.47,20.57,1790000.0,4.721,2.83,2540000.0,outperform
931,2013-04-12 03:13:44,1365750824.0,mgm,13.04,90.64,1588.849976,17.83,72.81,167.45,N/A,0.72,1.45,20.08,9.49,1.93,17.97,18.00,17790000000.0,17790000000.0,N/A,3.36,2.02,10.10,2.02,3240000000.0,10.10,1770000000.0,3.62,N/A,0.10,1660000000.0,3.40,13590000000.0,1.30,8.92,909350000.0,2.48,24.05,60.50,27120000.0,2.20,6.80,22950000.0,outperform
932,2012-01-10 14:20:59,1326223259.0,mgm,11.44,12.67,1292.079956,13.08,-0.41000000000000014,135.30,1.96,0.79,0.89,44.19,7.65,1.42,49.91,14.39,17020000000.0,17020000000.0,N/A,1.64,2.43,13.50,2.43,2260000000.0,13.50,3090000000.0,5.79,N/A,42.50,1970000000.0,4.02,13450000000.0,1.35,12.79,604660000.0,4.35,28.15,55.60,42770000.0,3.40,12.00,47580000.0,underperform
933,2007-04-08 20:02:03,1176076923.0,mgm,72.07,-19.69,1443.76001,-4.93,-14.760000000000002,3.376,32.43,2.89,5.39,9.03,20.40,5.17,17.95,25.344,20480000000.0,33020000000.000004,N/A,2.03,4.60,13.616,4.60,3360000000.0,13.616,636000000.0,2.22,N/A,N/A,452940000.0,1.594,12990000000.0,0.919,13.559,1220000000.0,2.85,0.17,40.60,5000000.0,1.9,1.80,4350000.0,underperform
934,2005-03-09 06:48:13,1110368893.0,mat,14.31,-15.86,1207.01001,5.4,-21.259999999999998,0.259,15.36,1.71,3.66,11.22,14.32,13.14,25.94,12.061,8710000000.0,8199999999.999999,14.79,1.60,1.61,11.22,1.61,2430000000.0,11.22,572680000.0,1.37,133.70,1.50,1160000000.0,2.79,618100000.0,1.527,5.748,609950000.0,0.125,1.99,91.67,10150000.0,4.725,2.50,11510000.0,underperform
935,2011-04-25 04:34:14,1303720454.0,mat,23.17,25.98,1335.25,2.75,23.23,47.67,14.40,1.59,3.73,11.42,15.20,11.87,26.47,16.60,9460000000.0,9460000000.0,11.70,1.52,1.60,8.86,1.60,2950000000.0,8.86,668750000.0,1.85,33.20,8.20,1050000000.0,3.01,1200000000.0,2.65,7.21,9460000000.0,0.99,0.36,90.20,5410000.0,1.60,1.60,6550000.0,outperform
936,2004-12-05 00:56:04,1102226164.0,mat,13.15,-11.63,1190.329956,6.03,-17.66,0.32,15.81,1.58,3.50,10.06,14.42,11.60,22.86,11.69,7740000000.0,8130000000.000001,15.04,1.64,1.63,8.99,1.63,2430000000.0,8.99,502240000.0,1.18,133.70,1.50,331140000.0,0.8,718610000.0,1.584,5.42,609950000.0,0.143,1.99,93.54,12020000.0,7.49,2.96,15670000.0,underperform
937,2006-05-28 04:47:53,1148806073.0,mat,11.75,,1272.880005,19.08,,0.31,15.25,1.23,2.97,8.49,12.47,10.09,19.34,12.955,6480000000.0,6550000000.0,N/A,1.46,1.26,7.988,1.26,2370000000.0,7.988,440680000.0,1.09,363.70,1.30,603270000.0,1.549,668470000.0,2.093,5.538,551530000.0,1.2,0.39,87.70,4070000.0000000005,1.9,1.00,3850000.0,underperform
938,2008-12-23 20:54:21,1230083661.0,mat,12.21,37.84,863.159973,29.82,8.020000000000003,0.594,10.40,0.87,2.22,8.62,10.89,7.88,22.23,17.018,5420000000.0,6360000000.0,N/A,1.29,1.03,7.533,1.03,2780000000.0,7.533,531710000.00000006,1.455,0.60,5.90,446800000.0,1.247,1440000000.0,1.648,6.744,504960000.0,0.89,0.20,93.00,8700000.0,1.8,2.40,8320000.0,outperform
939,2004-05-29 11:52:51,1085845971.0,mat,12.02,5.82,1114.939941,7.42,-1.5999999999999996,0.321,14.98,1.48,3.40,10.28,14.93,12.07,23.62,11.372,7380000000.0,7320000000.0,13.45,1.33,1.46,7.86,1.46,2430000000.0,7.86,513780000.0,1.167,133.70,1.50,787970000.0,1.87,709540000.0,1.863,5.156,712860000.0,0.014,2.22,89.74,11620000.0,2.714,2.81,9160000.0,underperform
940,2004-07-28 21:21:57,1091064117.0,mat,11.78,9.93,1095.420044,13.54,-3.6099999999999994,0.357,14.80,1.48,3.73,10.26,14.85,12.17,23.84,11.601,7350000000.0,7780000000.0,13.59,1.25,1.55,9.25,1.55,2430000000.0,9.25,516390000.0,1.176,133.70,1.50,363500000.0,0.86,705900000.0,1.649,4.722,712860000.0,0.032,0.09,89.41,15720000.0,6.467,3.72,12530000.0,underperform
941,2011-08-02 23:02:06,1312340526.0,mat,22.4,41.47,1254.050049,9.67,31.799999999999997,38.92,13.06,1.49,3.68,11.62,15.48,12.66,28.37,17.19,9680000000.0,9680000000.0,10.71,0.96,1.60,8.79,1.60,2950000000.0,8.79,697150000.0,1.95,56.10,14.10,418480000.0,1.22,960000000.0,2.82,7.17,9680000000.0,0.99,0.36,90.20,4940000.0,1.20,1.40,6150000.0,outperform
942,2007-04-06 05:17:43,1175851063.0,mat,21.01,-24.7,1437.77002,-4.89,-19.81,0.288,19.33,2.02,4.59,10.49,12.90,10.14,26.15,14.755,11660000000.0,10920000000.0,N/A,1.90,1.93,11.755,1.93,2610000000.0,11.755,592930000.0,1.53,2.60,14.40,1210000000.0,3.066,700000000.0,1.801,6.331,875950000.0,1.68,0.38,85.30,7780000.0,2.3,2.00,8109999.999999999,underperform
943,2013-02-03 10:18:22,1359904702.0,mat,34.9,-0.97,1498.109985,16.27,-17.24,49.23,17.23,2.04,4.44,12.09,15.90,10.46,27.35,18.79,13320000000.0,13320000000.0,12.71,1.45,2.08,11.20,2.08,3150000000.0,11.20,776500000.0,2.22,17.30,4.70,1340000000.0,3.89,1510000000.0,2.07,8.47,1280000000.0,0.64,0.34,92.40,7620000.0,2.70,2.20,6360000.0,underperform
944,2009-10-24 04:18:19,1256372299.0,mat,15.94,19.26,1081.400024,9.14,10.120000000000001,N/A,18.73,1.34,3.01,6.96,10.72,6.90,15.61,15.068,7850000000.0,7850000000.0,N/A,2.03,1.45,10.48,1.45,2680000000.0,10.48,376740000.0,1.04,3.50,7.90,323700000.0,0.897,919300000.0,2.023,6.668,784340000.0,1.12,0.11,94.40,7370000.0,2.2,2.00,7170000.0,outperform
945,2005-04-13 22:43:21,1113446601.0,mat,14.35,-14.43,1173.790039,9.83,-24.259999999999998,0.259,15.14,1.70,3.63,11.22,14.32,13.14,25.94,12.062,8620000000.0,8150000000.0,14.57,1.60,1.60,8.93,1.60,2410000000.0,8.93,572720000.0,1.37,6.50,2.90,1160000000.0,2.78,618130000.0,1.527,5.743,570370000.0,0.072,1.99,88.64,8940000.0,5.508,2.19,10150000.0,underperform
946,2004-09-16 01:00:37,1095310837.0,mat,12.25,2.53,1123.5,10.18,-7.65,0.357,15.29,1.44,3.43,10.27,14.85,12.17,23.84,11.601,7450000000.0,7610000000.0,14.38,1.39,1.51,8.17,1.51,2430000000.0,8.17,516440000.00000006,1.176,133.70,1.50,363520000.0,0.88,705900000.0,1.649,5.11,686020000.0,0.015,0.00,89.94,15220000.0,8.119,3.68,15720000.0,underperform
947,2013-05-13 08:14:02,1368447242.0,mat,43.2,-10.86,1633.77002,16.14,-27.0,54.29,19.99,2.45,5.21,12.44,18.59,12.85,28.37,18.92,16280000000.000002,16280000000.000002,14.83,1.49,2.51,11.74,2.51,3410000000.0,11.74,799110000.0,2.30,391.90,7.20,1260000000.0,3.65,1650000000.0,3.51,8.83,1040000000.0,0.65,0.32,91.40,3770000.0,1.40,1.10,4650000.0,underperform
948,2007-12-17 03:41:04,1197880864.0,mat,15.25,-20.46,1445.900024,-36.84,16.380000000000003,0.408,13.96,1.26,3.17,9.47,12.62,9.29,23.93,15.195,7250000000.0,7940000000.0,N/A,1.50,1.35,8.674,1.35,2610000000.0,8.674,557870000.0,1.42,1.00,2.70,276820000.0,0.755,963900000.0,1.639,6.406,632600000.0,1.46,0.16,94.60,7640000.0,1.5,2.10,8210000.000000001,outperform
949,2008-12-07 14:01:17,1228676477.0,ua,6.08,9.7,845.2199710000001,30.53,-20.830000000000002,0.117,27.98,1.66,3.75,6.49,11.42,11.98,16.12,14.87,1290000000.0,1290000000.0,N/A,1.12,1.79,12.593,1.79,305040000.0,12.593,46780000.0,0.94,28.10,24.10,40150000.0,0.815,37560000.0,2.989,6.488,38830000.0,1.3,14.38,80.40,8740000.0,10.9,26.70,9880000.0,underperform
950,2007-10-15 14:06:22,1192471582.0,ua,15.04,-55.12,1548.709961,-35.56,-19.559999999999995,0.023,69.13,5.79,12.49,8.56,12.66,14.69,21.58,10.684,2920000000.0,2920000000.0,N/A,2.36,5.75,38.353,5.75,215600000.0,38.353,43470000.0,0.87,135.60,50.70,25680000.0,0.53,5510000.0,3.37,4.86,3400000.0,1.41,23.82,99.40,6660000.0,23.70,23.70,7390000.0,underperform
951,2013-05-12 08:25:31,1368361531.0,ua,29.32,66.95,1626.670044,16.6,50.35,7.17,52.64,3.21,7.31,6.34,10.29,12.00,16.07,18.43,6090000000.0,6090000000.0,32.53,1.92,3.17,25.17,3.17,879300000.0,25.17,121600000.0,1.14,46.70,22.70,255720000.0,2.43,60440000.0,4.30,8.03,198270000.0,1.11,5.37,94.40,11910000.0,7.00,16.50,13570000.0,outperform
952,2007-02-19 01:54:51,1171868091.0,ua,,,1455.540039,-7.33,,0.029,60.93,5.26,10.56,9.05,13.30,14.52,21.35,9.167,2280000000.0,2220000000.0,N/A,2.00,5.15,33.434,5.15,135850000.0,33.434,38980000.0,0.79,69.40,55.00,70650000.0,1.483,6260000.0,3.423,4.505,N/A,0.02,24.42,49.50,6660000.0,10.8,24.70,6100000.0,underperform
953,2007-01-17 16:19:36,1169068776.0,ua,12.72,-27.12,1430.619995,-6.81,-20.310000000000002,0.037,79.70,N/A,N/A,8.92,13.69,16.65,28.60,8.424,N/A,2380000000.0,N/A,2.76,6.22,37.505,6.22,135850000.0,37.505,30610000.0,0.634,90.40,47.50,44260000.0,0.929,7220000.0,3.559,N/A,2560000.0,0.11,63.34,54.40,6100000.0,6.2,23.40,5910000.0,underperform
954,2010-03-04 09:31:07,1267713067.0,ua,6.67,152.32,1122.969971,17.65,134.67,N/A,28.95,1.57,3.36,5.46,9.96,10.32,12.80,17.357,1180000000.0,1180000000.0,N/A,1.20,1.37,10.368,1.37,413030000.0,10.368,46320000.0,0.92,82.70,24.00,187300000.0,3.727,20220000.0,3.728,7.968,119040000.0,1.56,7.64,67.40,6130000.0,6.6,29.90,5140000.0,outperform
955,2010-03-09 13:25:32,1268159132.0,ua,7.1,142.39,1140.449951,15.75,126.63999999999999,N/A,30.49,1.65,3.54,5.46,9.96,10.32,12.80,17.357,1250000000.0,1250000000.0,N/A,1.25,1.46,11.01,1.46,413030000.0,11.01,46320000.0,0.92,82.70,24.00,187300000.0,3.724,20220000.0,3.728,7.961,119040000.0,1.56,7.61,67.20,6130000.0,6.6,29.90,5140000.0,outperform
956,2009-11-02 02:00:03,1257145203.0,ua,6.72,74.11,1042.880005,14.45,59.66,N/A,33.69,1.69,3.65,4.91,9.98,10.24,11.45,16.566,1270000000.0,1270000000.0,N/A,1.67,1.56,11.837,1.56,354950000.0,11.837,39900000.0,0.80,2.00,16.20,93380000.0,1.866,18280000.0,3.636,7.543,N/A,1.65,7.66,76.00,4820000.0,10.3,14.30,5360000.0,outperform
957,2012-07-14 05:46:54,1342259214.0,ua,22.73,32.78,1341.449951,24.87,7.91,11.24,49.95,3.13,7.16,6.44,10.75,12.88,16.58,15.02,4800000000.0,4800000000.0,31.39,1.80,3.11,23.49,3.11,712840000.0,23.49,98910000.0,0.95,20.80,22.90,107050000.0,1.03,75780000.0,3.80,6.47,27670000.0,1.08,5.73,87.30,6260000.0,2.70,9.40,6340000.0,outperform
958,2011-09-26 08:06:48,1317038808.0,ua,19.05,43.36,1162.949951,23.96,19.4,6.85,49.47,3.04,6.96,6.18,10.08,11.64,15.85,24.27,3660000000.0,3660000000.0,32.15,1.82,2.97,23.32,2.97,530510000.0,23.32,75590000.0,1.47,78.20,42.30,119680000.0,2.32,36860000.0,3.60,10.45,3660000000.0,1.52,7.34,78.90,2820000.0,1.60,7.70,1850000.0,outperform
959,2013-04-22 03:14:56,1366614896.0,ua,27.63,94.97,1562.5,20.29,74.68,7.17,49.61,3.04,6.93,6.34,10.29,12.00,16.07,18.43,5720000000.0,5720000000.0,30.83,1.80,2.98,23.63,2.98,879300000.0,23.63,121540000.0,1.14,46.70,22.70,255720000.0,2.44,60440000.0,4.30,8.04,198270000.0,1.11,5.37,94.40,13820000.0,9.70,19.20,13000000.0,outperform
960,2011-11-05 08:46:59,1320497219.0,vlo,23.73,17.02,1237.900024,15.32,1.6999999999999993,47.67,9.18,0.15,0.91,1.43,3.46,N/A,N/A,199.18,18280000000.0,18280000000.0,6.06,0.28,0.16,3.37,0.16,7780000000.0,3.37,2230000000.0,2.81,312.00,52.40,4110000000.0000005,7.18,7620000000.0,N/A,28.00,18280000000.0,1.20,0.25,79.00,16100000.000000002,1.50,2.80,14230000.0,outperform
961,2005-02-25 16:11:29,1109365889.0,vlo,31.99,50.11,1211.369995,6.71,43.4,0.635,13.50,0.36,2.51,2.97,4.93,8.35,23.36,179.397,18260000000.0,21570000000.0,13.13,1.57,0.44,7.16,0.44,4380000000.0,7.16,1430000000.0,5.27,N/A,N/A,680800000.0,2.65,4590000000.0,1.146,27.400999,N/A,0.965,2.82,81.98,6460000.0,1.63,2.59,7220000.0,outperform
962,2012-03-09 07:34:06,1331296446.0,vlo,27.26,70.25,1370.869995,12.44,57.81,47.07,7.58,0.12,0.92,1.67,2.97,5.77,13.32,222.19,21700000000.0,21700000000.0,6.53,0.63,0.17,4.14,0.17,10270000000.0,4.14,2100000000.0,3.68,N/A,57.00,1020000000.0,1.85,7740000000.0,1.26,29.50,4040000000.0,1.42,0.36,79.40,13800000.0,1.30,2.40,15200000.0,outperform
963,2012-01-07 22:39:22,1325993962.0,vlo,19.38,73.94,1277.300049,14.25,59.69,45.88,7.25,0.10,0.66,1.43,3.48,6.20,13.91,199.18,16219999999.999998,16219999999.999998,5.26,0.18,0.14,2.99,0.14,7780000000.0,2.99,2230000000.0,2.81,312.00,61.10,2830000000.0,5.05,7650000000.0,1.36,29.81,4750000000.0,1.20,0.36,79.40,10950000.0,1.00,1.90,10640000.0,outperform
964,2007-10-16 07:57:38,1192535858.0,vlo,64.61,-75.65,1538.530029,-40.99,-34.660000000000004,0.382,7.37,0.46,2.25,6.91,10.00,14.37,34.21,148.845,40860000000.0,45440000000.0,N/A,0.50,0.51,4.492,0.51,14350000000.0,4.492,5970000000.0,10.01,18.60,5.50,2340000000.0,4.218,6920000000.0,1.433,32.738998,6840000000.0,0.31,1.18,74.70,10310000.0,1.3,1.90,19500000.0,underperform
965,2013-04-14 18:26:40,1365978400.0,vlo,40.22,28.84,1593.369995,14.89,13.95,38.96,10.91,0.16,1.26,1.51,3.66,7.26,12.04,251.43,27950000000.0,27950000000.0,7.10,0.73,0.20,4.52,0.20,11980000000.0,4.52,2080000000.0,3.75,N/A,N/A,1720000000.0,3.12,7050000000.0,1.38,32.66,5270000000.0,2.08,0.35,85.50,15970000.0,1.40,2.90,15090000.0,outperform
966,2007-02-18 19:34:32,1171845272.0,vlo,49.19,,1456.810059,-7.33,,0.288,6.47,0.37,1.89,6.00,8.80,N/A,33.24,149.02,33830000000.0,37500000000.0,N/A,2.58,0.41,4.083,0.41,10490000000.0,4.083,5460000000.0,8.64,17.30,23.70,1030000000.0,1.702,5140000000.0,N/A,29.393,N/A,0.17,1.09,70.00,10190000.0,1.70,1.70,9490000.0,underperform
967,2008-12-20 23:56:04,1229835364.0,vlo,20.21,-23.26,904.419983,21.19,-44.45,0.328,4.52,0.09,0.59,2.11,3.08,5.76,14.03,241.726,11720000000.0,15430000000.0,N/A,N/A,0.12,3.069,0.12,13680000000.0,3.069,2710000000.0,5.03,9.60,52.20,2770000000.0,5.362,6480000000.0,1.26,37.668999,4730000000.0,1.69,8.69,60.30,16620000.000000002,1.2,3.20,16920000.0,underperform
968,2005-03-07 01:10:01,1110175801.0,vlo,31.95,47.79,1225.310059,4.13,43.66,0.635,14.01,0.38,2.64,2.97,4.93,8.35,23.36,179.397,18960000000.0,23070000000.0,13.26,1.75,0.47,7.65,0.47,4380000000.0,7.65,1430000000.0,5.27,579.20,40.70,680800000.0,2.65,4590000000.0,1.146,27.400999,2820000000.0,0.965,2.82,80.50,6460000.0,1.63,2.59,7220000.0,outperform
969,2004-08-27 19:01:23,1093647683.0,vlo,14.47,174.84,1107.77002,9.19,165.65,0.678,7.41,0.19,1.29,2.72,4.65,7.36,20.79,333.051,8430000000.0,12860000000.0,8.56,0.87,0.29,4.88,0.29,4380000000.0,4.88,1190000000.0,8.898,579.20,40.70,330200000.0,2.58,4570000000.0,1.091,51.169998,2540000000.0,0.846,1.60,86.06,6210000.0,3.43,4.94,6370000.0,outperform
970,2012-07-18 08:50:56,1342615856.0,vlo,24.8,35.12,1372.780029,23.06,12.059999999999999,47.54,9.16,0.11,0.88,1.17,2.86,5.83,9.99,239.49,20110000000.0,20110000000.0,5.85,2.49,0.15,3.74,0.15,10270000000.0,3.74,1560000000.0,2.78,N/A,33.90,1560000000.0,2.82,7600000000.0,1.21,28.86,3680000000.0,1.63,0.35,82.10,10500000.0,1.20,1.90,11180000.0,outperform
971,2012-08-13 20:40:27,1344904827.0,vlo,27.55,31.83,1404.109985,20.66,11.169999999999998,47.54,9.68,0.12,1.00,1.20,2.84,N/A,N/A,247.59,22130000000.0,22130000000.0,6.56,1.47,0.16,4.06,0.16,10270000000.0,4.06,1650000000.0,2.95,11.70,10.80,1560000000.0,2.82,7600000000.0,N/A,28.86,N/A,1.68,0.35,82.10,10850000.0,1.20,2.00,10570000.0,outperform
972,2011-09-03 09:27:04,1315056424.0,vlo,21.44,38.43,1218.890015,14.82,23.61,47.67,18.16,0.13,0.80,0.70,2.51,4.12,8.57,176.78,16070000000.0,16070000000.0,5.31,0.66,0.16,4.02,0.16,7780000000.0,4.02,1330000000.0,1.21,27.60,52.80,4110000000.0000005,7.18,7620000000.0,1.44,28.00,16070000000.0,1.09,0.25,79.00,14500000.0,1.10,2.60,12650000.0,outperform
973,2004-11-12 20:09:24,1100308164.0,vlo,18.54,136.08,1184.170044,3.08,133.0,0.635,8.02,0.22,1.51,2.97,4.93,8.35,23.36,179.563,10860000000.0,14750000000.0,9.51,1.42,0.30,4.89,0.30,4380000000.0,4.89,1430000000.0,5.274,579.20,40.70,680800000.0,2.65,4590000000.0,1.146,27.400999,2540000000.0,0.901,1.57,41.69,8160000.0,3.114,3.23,10880000.0,outperform
974,2008-12-06 05:11:57,1228558317.0,vlo,16.02,-7.37,870.73999,26.32,-33.69,0.328,3.37,0.07,0.43,2.11,3.08,5.76,14.03,241.726,8880000000.0,12190000000.0,N/A,N/A,0.10,2.423,0.10,13680000000.0,2.423,2710000000.0,5.03,9.60,52.20,2770000000.0,5.287,6480000000.0,1.26,37.668999,4730000000.0,1.69,8.69,60.20,16920000.0,1.1,3.30,12540000.0,underperform
975,2008-11-03 20:37:45,1225762665.0,vlo,18.21,-9.06,966.2999880000001,8.19,-17.25,0.347,3.98,0.08,0.58,2.11,3.15,N/A,N/A,241.726,10460000000.0,15600000000.0,N/A,2.16,0.12,3.04,0.12,13680000000.0,3.04,2710000000.0,5.026,9.60,50.90,1640000000.0,3.142,6480000000.0,N/A,35.578999,N/A,1.63,0.26,75.60,13040000.0,0.7,2.50,12690000.0,underperform
976,2013-05-15 19:05:23,1368659123.0,vlo,38.8,43.25,1658.780029,12.78,30.47,38.96,6.96,0.16,1.19,2.32,4.22,N/A,N/A,248.46,26780000000.0,26780000000.0,6.95,0.81,0.20,3.96,0.20,11980000000.0,3.96,3170000000.0,5.69,N/A,4.90,1720000000.0,3.12,7050000000.0,N/A,32.66,N/A,2.06,0.35,85.50,14440000.0,1.20,2.60,18090000.0,outperform
977,2012-04-27 08:04:58,1335528298.0,ups,73.1,9.74,1403.359985,12.5,-2.76,156.88,20.38,1.41,10.73,7.16,11.39,11.07,50.20,54.13,81900000000.0,81900000000.0,14.15,1.25,1.54,10.46,1.54,39600000000.0,10.46,3800000000.0,3.84,16.00,5.60,4280000000.0000005,4.46,11150000000.0,1.89,7.29,7070000000.0,0.90,0.04,69.00,15390000.0,3.90,2.10,15460000.0,underperform
978,2008-01-03 06:53:09,1199361189.0,ups,56.66,-16.66,1447.160034,-35.61,18.95,0.299,17.82,1.52,4.75,8.48,14.17,12.27,25.35,45.985,72680000000.0,75340000000.0,N/A,1.40,1.54,8.692,1.54,38240000000.0,8.692,4150000000.0000005,3.88,3.70,4.70,2000000000.0,1.902,4660000000.0,1.216,14.884,6780000000.0,0.8,0.02,67.40,17440000.0,4.8,2.50,16450000.0,outperform
979,2013-04-25 02:13:27,1366870407.0,ups,82.06,17.18,1585.160034,17.55,-0.370000000000001,273.08,100.60,1.48,17.17,1.49,2.45,2.25,13.63,56.38,84840000000.0,84840000000.0,14.65,1.77,1.57,26.66,1.57,40550000000.0,26.66,807000000.0,0.83,N/A,2.90,7920000000.0,8.31,12920000000.0,1.86,4.88,7220000000.0,0.91,0.04,69.30,13750000.0,3.90,1.90,13650000.0,underperform
980,2011-11-08 04:22:11,1320744131.0,ups,65.69,5.11,1275.920044,9.3,-4.19,146.10,17.10,1.31,8.34,7.85,12.43,N/A,N/A,53.00,75180000000.0,75180000000.0,14.62,1.44,1.44,9.08,1.44,37860000000.0,9.08,4110000000.0000005,4.12,5.10,8.00,5640000000.0,5.75,12170000000.0,N/A,8.40,75180000000.0,0.92,0.08,203.90,14340000.0,2.40,2.00,13320000.0,underperform
981,2003-10-03 00:01:09,1065153669.0,ups,49.17,18.04,1029.849976,8.25,9.79,0.306,21.59,2.25,5.44,10.49,12.86,12.84,28.09,28.397,72550000000.0,73110000000.0,23.92,2.06,2.27,14.85,2.27,13330000000.0,14.85,3380000000.0,N/A,32.60,2.00,3370000000.0,N/A,4070000000.0000005,1.725,11.84,N/A,0.429,4.50,30.64,24530000.0,12.791,2.28,27550000.0,outperform
982,2012-09-11 10:52:06,1347375126.0,ups,69.56,24.32,1433.560059,17.83,6.490000000000002,169.96,18.37,1.30,9.17,7.22,11.39,10.60,48.37,55.65,75390000000.0,75390000000.0,13.99,1.43,1.40,9.48,1.40,39600000000.0,9.48,3880000000.0,3.98,2.20,1.20,7320000000.0,7.64,13130000000.0,1.75,7.96,7610000000.0,0.95,0.04,70.90,11650000.0,3.40,1.60,12450000.0,outperform
983,2009-05-01 16:17:34,1241209054.0,ups,43.93,36.72,877.5200199999999,35.76,0.9600000000000009,N/A,20.82,1.05,7.70,5.02,10.32,N/A,N/A,49.452,60920000000.0,60920000000.0,N/A,2.74,1.23,8.764,1.23,39610000000.0,8.764,2500000000.0,2.469,55.70,13.70,1050000000.0,1.054,9870000000.0,N/A,6.794,N/A,0.76,0.03,69.60,26070000.0,3.9,3.80,26290000.0,outperform
984,2004-06-23 15:10:54,1088017854.0,ups,57.06,-6.1,1144.060059,4.95,-11.05,0.265,27.85,2.43,5.58,8.86,13.80,10.82,21.86,30.192,83950000000.0,82880000000.0,22.78,1.95,2.41,13.17,2.41,33479999999.999996,13.17,3050000000.0,2.674,8.90,7.10,4610000000.0,4.09,3960000000.0,1.815,13.285,5000000000.0,0.467,1.98,33.32,14390000.0,7.832,1.30,18020000.0,underperform
985,2012-03-17 08:46:37,1331988397.0,ups,72.91,12.82,1394.280029,12.12,0.7000000000000011,156.88,20.42,1.43,10.83,7.16,11.39,11.07,50.20,54.13,82050000000.0,82050000000.0,14.20,1.18,1.55,10.48,1.55,39600000000.0,10.48,3800000000.0,3.84,16.00,5.60,4280000000.0000005,4.46,11150000000.0,1.89,7.29,7070000000.0,0.99,0.04,69.00,12740000.0,3.10,1.70,12540000.0,outperform
986,2004-04-13 08:43:41,1081860221.0,ups,53.45,2.86,1129.439941,3.93,-1.0700000000000003,0.257,27.66,2.38,5.36,8.66,13.25,10.53,21.57,29.424,79520000000.0,79440000000.0,22.08,1.77,2.37,13.27,2.37,33479999999.999996,13.27,2900000000.0,2.546,8.90,7.10,3950000000.0,3.5,3820000000.0,1.786,13.155,4650000000.0,0.467,1.97,32.80,18930000.0,9.175,1.71,18790000.0,underperform
987,2004-01-28 07:57:22,1075294642.0,ups,54.98,3.75,1128.47998,4.08,-0.33000000000000007,0.296,23.36,2.50,5.98,10.80,13.24,13.16,28.01,28.85,81830000000.0,82070000000.0,26.00,2.11,2.50,14.91,2.50,13330000000.0,14.91,3540000000.0,3.116,32.60,2.00,4139999999.9999995,3.68,4070000000.0000005,1.646,12.22,N/A,0.477,1.98,29.43,22570000.0,11.064,2.05,24990000.0,underperform
988,2008-01-24 15:56:07,1201208167.0,ups,58.29,-32.25,1352.069946,-38.47,6.219999999999999,0.299,18.29,1.54,4.81,8.48,13.99,12.11,25.35,45.985,74610000000.0,77930000000.0,N/A,1.32,1.59,9.082,1.59,38240000000.0,9.082,4150000000.0000005,3.88,3.70,4.70,2000000000.0,1.902,4660000000.0,1.216,14.884,6780000000.0,0.8,0.03,67.00,19280000.0,4.5,2.80,17440000.0,outperform
989,2006-06-17 15:53:21,1150574001.0,ups,61.93,-3.36,1230.040039,23.81,-27.169999999999998,0.224,22.19,1.95,5.18,8.96,14.33,11.71,23.97,39.978,85990000000.0,86600000000.0,N/A,1.45,1.96,10.76,1.96,36450000000.0,10.76,3960000000.0,3.57,10.50,16.50,3130000000.0,2.887,3740000000.0,1.548,15.364,6000000000.0,1.34,1.00,39.40,17780000.0,7.1,2.70,16730000.0,underperform
990,2008-12-21 18:00:06,1229900406.0,ups,44.42,15.06,885.2800289999999,25.84,-10.78,0.987,512.79,1.01,4.75,0.21,12.35,11.09,0.81,50.772,53070000000.0,62270000000.0,N/A,1.28,1.19,7.549,1.19,39660000000.0,7.549,108000000.0,0.10,9.90,7.40,1760000000.0,1.771,10960000000.0,1.123,11.102,2800000000.0,0.49,0.06,69.10,23450000.0,2.6,3.50,21790000.0,underperform
991,2005-08-28 05:16:31,1125220591.0,ups,56.17,-0.04,1212.369995,7.37,-7.41,0.251,22.24,2.05,4.85,9.32,13.88,10.70,22.92,34.566,78980000000.0,77600000000.0,N/A,1.47,2.00,11.135,2.00,32100000000.0,11.135,3620000000.0,3.21,20.50,14.90,5500000000.0,4.971,4120000000.0,1.998,14.832,5990000000.0,N/A,1.44,36.20,16520000.0,4.1,1.50,16350000.000000002,underperform
992,2007-03-12 13:11:04,1173719464.0,ups,57.24,4.73,1406.599976,-6.11,10.84,0.266,18.30,1.58,4.88,8.84,13.97,12.85,25.97,43.822,75320000000.0,77460000000.0,N/A,1.41,1.63,8.845,1.63,38240000000.0,8.845,4200000000.0,3.86,7.50,5.60,1980000000.0,1.859,4120000000.0,1.396,14.469,5590000000.0,1.34,0.00,65.40,12290000.0,3.3,1.80,14590000.0,outperform
993,2011-09-03 05:15:42,1315041342.0,ups,61.87,12.85,1218.890015,14.82,-1.9700000000000006,146.10,16.16,1.27,7.94,7.90,12.40,11.64,49.92,51.80,71920000000.0,71920000000.0,13.28,1.32,1.40,8.83,1.40,37860000000.0,8.83,4059999999.9999995,4.06,25.80,8.10,5640000000.0,5.75,12170000000.0,1.70,8.40,71920000000.0,0.88,0.08,203.90,11150000.0,1.50,1.50,9060000.0,underperform
994,2005-04-03 20:46:05,1112575565.0,ups,56.3,11.42,1180.589966,9.93,1.4900000000000002,0.271,24.53,2.22,5.00,9.11,13.64,10.88,21.69,32.174,80420000000.0,79670000000.0,19.07,1.55,2.18,12.2,2.18,15670000000.0,12.2,3330000000.0,2.93,15.00,9.20,5200000000.0,4.65,4450000000.0,1.944,14.551,5330000000.0,0.463,2.98,35.98,16370000.000000002,6.031,1.51,15100000.0,outperform
995,2007-04-06 11:37:37,1175873857.0,ups,56.28,9.04,1437.77002,-4.89,13.93,0.266,18.21,1.57,4.83,8.84,13.97,12.85,25.97,43.822,74930000000.0,76660000000.0,N/A,1.39,1.61,8.754,1.61,38240000000.0,8.754,4200000000.0,3.86,7.50,5.60,1980000000.0,1.859,4120000000.0,1.396,14.469,5590000000.0,1.37,0.00,64.40,14130000.0,3.5,2.10,12290000.0,outperform
996,2007-03-08 09:38:43,1173364723.0,ups,56.21,5.44,1401.890015,-7.74,13.18,0.266,18.14,1.57,4.84,8.84,13.97,12.85,25.97,43.822,74650000000.0,76780000000.0,N/A,1.39,1.62,8.768,1.62,36450000000.0,8.768,4200000000.0,3.86,7.50,5.60,1980000000.0,1.859,4120000000.0,1.396,14.469,5590000000.0,1.34,0.00,65.40,12290000.0,3.3,1.80,14590000.0,outperform
997,2012-01-11 12:25:39,1326302739.0,ups,69.02,8.04,1292.47998,13.9,-5.860000000000001,157.84,18.00,1.37,9.21,7.85,12.41,11.91,50.13,53.00,78560000000.0,78560000000.0,15.55,1.48,1.50,9.50,1.50,37860000000.0,9.50,4110000000.0000005,4.12,5.10,8.00,5450000000.0,5.65,12420000000.0,1.68,8.06,5270000000.0,1.05,0.04,69.00,13690000.0,3.00,1.90,11700000.0,underperform
998,2012-07-27 18:40:43,1343428843.0,gas,36.88,16.97,1385.969971,21.64,-4.670000000000002,125.16,20.78,1.65,1.38,6.22,18.75,3.31,7.15,31.77,8870000000.0,8870000000.0,N/A,N/A,3.10,11.29,3.10,751000000.0,11.29,178000000.0,1.96,4.80,59.90,128000000.0,1.09,4290000000.0,0.86,29.10,549000000.0,0.46,0.44,61.40,1430000.0,3.00,1.20,1420000.0,underperform
999,2003-10-27 03:40:56,1067244056.0,gas,16.98,15.67,1031.130005,7.75,7.92,0.962,10.83,0.60,2.05,5.55,9.22,5.25,19.60,58.467,1550000000.0,2240000000.0,13.87,3.73,0.87,6.08,0.87,927300000.0,6.08,143200000.0,3.245,4.80,19.80,39500000.0,0.9,731400000.0,0.601,17.22,N/A,0.306,1.42,54.97,2740000.0,8.912,6.32,2740000.0,outperform
1000,2007-06-08 15:39:31,1181331571.0,gas,28.96,-7.18,1507.670044,-8.65,1.4700000000000006,0.651,15.04,0.67,2.17,4.42,6.95,3.41,15.02,66.45,1990000000.0,2540000000.0,N/A,4.05,0.85,6.344,0.85,1220000000.0,6.344,131600000.0,2.93,7.50,1.20,34600000.0,0.768,594500000.0,0.826,20.280001,165900000.0,0.21,1.01,79.90,7260000.0,15.4,16.30,7180000.0,outperform
1001,2013-05-13 16:01:20,1368475280.0,gas,40.69,26.25,1633.77002,16.14,10.11,124.77,17.25,1.22,1.46,6.98,15.54,3.02,8.93,36.07,9380000000.0,9380000000.0,N/A,N/A,2.22,8.72,2.22,1210000000.0,8.72,295000000.0,2.51,18.50,21.70,192000000.0,1.63,4420000000.0,0.77,29.85,1020000000.0,0.44,0.48,61.60,2270000.0,5.10,1.90,2470000.0,outperform
1002,2012-06-21 21:49:21,1340329761.0,gas,34.21,17.36,1325.51001,20.14,-2.780000000000001,125.16,19.23,1.60,1.34,6.22,18.75,3.31,7.15,31.77,8730000000.0,8730000000.0,N/A,N/A,3.05,11.11,3.05,751000000.0,11.11,178000000.0,1.96,4.80,59.90,128000000.0,1.09,4290000000.0,0.86,29.10,549000000.0,0.44,0.44,61.40,1320000.0,1.90,1.10,1310000.0,underperform
1003,2011-07-12 02:57:42,1310453862.0,gas,36.32,-1.57,1313.640015,2.12,-3.6900000000000004,57.77,20.88,1.00,2.27,4.82,8.23,2.98,11.16,55.73,3120000000.0,3120000000.0,21.61,89.83,1.22,7.53,1.22,531100000.0,7.53,123100000.0,2.67,25.30,13.10,97100000.0,2.13,652200000.0,0.91,24.79,3120000000.0,0.48,1.06,64.40,1690000.0,5.50,3.80,1770000.0,underperform
1004,2012-03-31 07:00:35,1333191635.0,gas,35.0,12.83,1405.540039,11.64,1.1899999999999995,146.72,18.50,1.94,1.37,7.36,21.73,2.96,7.19,29.08,9370000000.0,9370000000.0,N/A,N/A,4.01,13.50,4.01,751000000.0,13.50,172000000.0,2.12,48.40,18.80,122000000.0,1.04,4900000000.0,0.89,28.36,451000000.0,0.43,0.38,64.40,1210000.0,2.10,1.00,1320000.0,outperform
1005,2013-04-24 13:14:24,1366823664.0,gas,41.04,24.59,1578.790039,18.99,5.600000000000001,143.52,18.81,1.31,1.50,6.91,16.06,2.81,8.44,33.52,9860000000.0,9860000000.0,N/A,N/A,2.52,9.44,2.52,1210000000.0,9.44,271000000.0,2.31,197.00,54.20,189000000.0,1.60,4930000000.0,0.80,28.96,1000000000.0,0.44,0.48,61.60,2560000.0,4.60,2.20,2280000.0,outperform
1006,2004-10-26 09:25:37,1098797137.0,gas,19.64,14.77,1111.089966,7.23,7.539999999999999,0.83,21.79,0.63,2.16,2.89,5.29,2.15,9.93,58.391,1620000000.0,2049999999.9999998,16.46,6.72,0.79,7.26,0.79,1030000000.0,7.26,74600000.0,1.684,17.70,43.40,190300000.0,4.32,625800000.0,0.826,17.118,485200000.0,0.392,1.28,60.59,4330000.0,16.856,9.96,4470000.0,outperform
1007,2005-01-23 11:03:17,1106496197.0,gas,21.63,10.73,1175.410034,7.52,3.210000000000001,1.221,25.91,0.62,2.20,2.42,4.74,1.76,8.39,58.539,1610000000.0,2390000000.0,16.76,9.10,0.92,8.82,0.92,1030000000.0,8.82,62500000.0,1.41,17.70,43.40,109700000.0,2.49,886900000.0,0.827,16.475,488400000.0,0.432,1.10,62.61,3950000.0,9.398,9.05,4230000.0,outperform
1008,2012-02-04 12:37:26,1328377046.0,gnw,7.99,14.77,1324.089966,13.14,1.629999999999999,59.79,N/A,0.38,0.24,1.41,3.64,0.21,0.03,21.08,8170000000.0,8170000000.0,5.07,0.24,0.79,17.24,0.79,2130000000.0,17.24,146000000.0,0.29,65.10,5.50,6710000000.0,13.67,10380000000.0,1.90,33.15,2390000000.0,2.96,0.28,94.60,15100000.0,1.90,3.10,14660000.0,outperform
1009,2011-12-29 21:02:58,1325210578.0,gnw,6.45,11.94,1263.02002,11.04,0.9000000000000004,59.79,N/A,0.30,0.19,1.41,3.64,0.21,0.03,21.08,6760000000.0,6760000000.0,5.12,2.87,0.65,14.26,0.65,2130000000.0,14.26,146000000.0,0.29,65.10,5.50,6710000000.0,13.67,10380000000.0,1.90,33.15,2390000000.0,2.88,0.29,90.10,17640000.0,1.50,3.60,18640000.0,outperform
1010,2012-02-20 04:52:27,1329731547.0,gnw,,,1361.22998,12.47,,47.43,36.88,0.43,0.27,1.18,8.21,0.47,1.60,21.08,6970000000.0,6970000000.0,5.30,0.25,0.67,4.32,0.67,2130000000.0,4.32,122000000.0,0.25,N/A,0.30,5930000000.0,12.09,8380000000.000001,2.11,33.70,N/A,2.96,0.28,94.60,11900000.0,1.40,2.40,15100000.0,underperform
1011,2011-09-26 00:38:04,1317011884.0,gnw,5.33,-3.0,1162.949951,23.96,-26.96,68.69,N/A,0.23,0.17,0.88,4.39,0.26,0.34,21.39,8870000000.0,8870000000.0,3.66,1.97,0.85,14.91,0.85,2130000000.0,14.91,92000000.0,0.19,N/A,10.20,4310000000.0,8.79,10690000000.0,1.61,29.39,8870000000.0,3.56,0.29,90.10,22790000.0,1.90,N/A,17970000.0,underperform
1012,2012-01-24 23:14:50,1327464890.0,gnw,8.24,13.23,1314.650024,13.7,-0.46999999999999886,59.79,N/A,0.39,0.25,1.41,3.64,0.21,0.03,21.08,7710000000.0,7710000000.0,6.49,3.74,0.75,16.26,0.75,2130000000.0,16.26,146000000.0,0.29,65.10,5.50,6710000000.0,13.67,10380000000.0,1.90,33.15,2390000000.0,2.91,0.28,94.60,14660000.0,1.80,3.00,16710000.0,underperform
1013,2013-05-14 23:43:02,1368589382.0,gnw,11.0,65.73,1650.339966,14.43,51.300000000000004,52.04,14.36,0.52,0.32,3.80,14.61,0.82,3.70,20.35,8820000000.0,8820000000.0,7.97,1.91,0.88,5.83,0.88,2780000000.0,5.83,412000000.0,0.77,123.90,0.50,5440000000.0,11.02,9110000000.0,1.75,32.90,1270000000.0,1.85,0.30,79.20,14150000.0,1.90,2.90,14270000.0,outperform
1014,2008-12-18 10:43:55,1229615035.0,gnw,3.34,237.13,885.2800289999999,24.53,212.6,0.844,N/A,0.13,0.13,0.72,2.44,0.14,0.59,23.246,1360000000.0,4630000000.0,N/A,0.17,0.46,12.474,0.46,11130000000.0,12.474,71000000.0,0.17,N/A,24.60,5590000000.0,12.906,8860000000.0,2.105,24.245001,4219999999.9999995,2.62,0.26,97.90,11040000.0,0.5,2.60,7130000.0,outperform
1015,2012-02-03 06:15:48,1328267748.0,gnw,9.17,-0.98,1344.900024,11.68,-12.66,59.79,N/A,0.38,0.24,1.41,3.64,0.21,0.03,21.08,7590000000.0,7590000000.0,6.28,3.40,0.74,16.02,0.74,2130000000.0,16.02,146000000.0,0.29,65.10,5.50,6710000000.0,13.67,10380000000.0,1.90,33.15,2390000000.0,2.96,0.28,94.60,15100000.0,1.90,3.10,14660000.0,underperform
1016,2012-07-28 14:38:10,1343500690.0,gnw,4.67,186.3,1337.890015,26.34,159.96,62.83,23.05,0.23,0.16,1.08,7.90,0.45,1.59,20.78,6500000000.0,6500000000.0,3.67,1.29,0.64,6.11,0.64,2390000000.0,6.11,110000000.0,0.22,20.30,5.50,5970000000.0,12.14,9980000000.0,1.72,30.02,2540000000.0,1.74,0.28,81.30,9220000.0,1.30,1.90,10110000.0,outperform
1017,2012-02-17 08:38:29,1329485909.0,gnw,9.22,-0.87,1361.22998,11.69,-12.559999999999999,47.43,36.12,0.43,0.27,1.18,8.21,0.47,1.60,21.08,6880000000.0,6880000000.0,5.10,0.24,0.67,4.27,0.67,2130000000.0,4.27,122000000.0,0.25,N/A,0.30,5930000000.0,12.09,8380000000.000001,2.11,33.70,N/A,2.96,0.28,94.60,11900000.0,1.40,2.40,15100000.0,underperform
1018,2009-02-10 10:14:07,1234278847.0,gnw,2.25,530.22,827.159973,29.13,501.09000000000003,N/A,N/A,0.11,0.11,0.72,2.44,0.14,0.59,23.246,1160000000.0,4430000000.0,N/A,0.10,0.44,11.948,0.44,11130000000.0,11.948,71000000.0,0.17,N/A,24.60,5590000000.0,12.906,8860000000.0,2.105,24.245001,4219999999.9999995,2.81,0.26,96.60,9390000.0,0.9,2.20,10510000.0,outperform
1019,2011-04-29 02:39:22,1304059162.0,gnw,12.19,-51.85,1363.609985,1.99,-53.84,77.08,42.24,0.59,0.43,1.41,5.29,0.30,2.01,20.62,12850000000.0,12850000000.0,7.34,0.88,1.27,19.78,1.27,2130000000.0,19.78,142000000.0,0.29,N/A,5.30,4710000000.0,9.62,11540000000.0,1.62,28.29,12850000000.0,3.44,0.29,90.10,14280000.0,3.00,2.90,15370000.0,underperform
1020,2012-01-29 11:17:59,1327853879.0,gnw,7.8,18.59,1318.430054,13.79,4.800000000000001,59.79,N/A,0.37,0.24,1.41,3.64,0.21,0.03,21.08,7520000000.0,7520000000.0,6.12,3.47,0.73,15.86,0.73,2130000000.0,15.86,146000000.0,0.29,65.10,5.50,6710000000.0,13.67,10380000000.0,1.90,33.15,2390000000.0,2.91,0.28,94.60,15100000.0,1.90,3.10,14660000.0,outperform
1021,2011-11-04 15:15:31,1320434131.0,gnw,7.19,-17.11,1253.22998,12.68,-29.79,68.69,N/A,0.29,0.21,0.88,4.39,0.26,0.34,21.39,9400000000.0,9400000000.0,5.28,2.54,0.90,15.79,0.90,2130000000.0,15.79,92000000.0,0.19,N/A,10.20,4310000000.0,8.79,10690000000.0,1.61,29.39,9400000000.0,3.28,0.29,90.10,21960000.0,2.20,N/A,22150000.0,underperform
1022,2012-02-29 11:18:24,1330532304.0,gnw,9.09,-6.05,1365.680054,10.91,-16.96,47.43,35.84,0.43,0.27,1.18,8.21,0.47,1.60,21.08,6840000000.0,6840000000.0,5.21,0.25,0.66,4.25,0.66,2130000000.0,4.25,122000000.0,0.25,N/A,0.30,5930000000.0,12.09,8380000000.000001,2.11,33.70,N/A,2.96,0.28,94.60,8430000.0,0.80,1.70,11900000.0,underperform
1023,2012-03-01 11:08:31,1330618111.0,gnw,9.1,-6.37,1374.089966,10.49,-16.86,47.43,36.36,0.43,0.27,1.18,8.21,0.47,1.60,21.08,6910000000.0,6910000000.0,5.22,0.25,0.67,4.29,0.67,2130000000.0,4.29,122000000.0,0.25,N/A,0.30,5930000000.0,12.09,8380000000.000001,2.11,33.70,N/A,2.96,0.28,94.60,8430000.0,0.80,1.70,11900000.0,underperform
1024,2012-02-26 14:09:30,1330283370.0,gnw,9.34,-10.81,1363.459961,9.12,-19.93,47.43,36.56,0.44,0.28,1.18,8.21,0.47,1.60,21.08,6930000000.0,6930000000.0,5.25,0.26,0.67,4.30,0.67,2130000000.0,4.30,122000000.0,0.25,N/A,0.30,5930000000.0,12.09,8380000000.000001,2.11,33.70,N/A,2.96,0.28,94.60,11900000.0,1.40,2.40,15100000.0,underperform
1025,2008-09-21 12:04:13,1222013053.0,gnw,8.96,47.66,1206.51001,-11.76,59.419999999999995,0.706,12.77,0.37,0.32,4.85,10.71,0.64,4.14,24.759,6600000000.0,9220000000.0,N/A,0.62,0.85,7.123,0.85,11130000000.0,7.123,526000000.0,1.19,N/A,13.30,6100000000.0,14.081,8710000000.0,2.142,28.51,4370000000.0,1.12,0.26,98.40,30150000.0,6.4,7.00,29470000.0,outperform
1026,2012-02-01 10:26:22,1328109982.0,gnw,7.99,14.77,1324.089966,13.14,1.629999999999999,59.79,N/A,0.37,0.23,1.41,3.64,0.21,0.03,21.08,7460000000.0,7460000000.0,6.02,3.40,0.72,15.73,0.72,2130000000.0,15.73,146000000.0,0.29,65.10,5.50,6710000000.0,13.67,10380000000.0,1.90,33.15,2390000000.0,2.91,0.28,94.60,15100000.0,1.90,3.10,14660000.0,outperform
1027,2012-02-13 05:44:37,1329129877.0,gnw,9.04,1.11,1351.77002,12.4,-11.290000000000001,47.43,34.94,0.42,0.26,1.18,8.21,0.47,1.60,21.08,6740000000.0,6740000000.0,4.88,0.24,0.65,4.18,0.65,2130000000.0,4.18,122000000.0,0.25,N/A,0.30,5930000000.0,12.09,8380000000.000001,2.11,33.70,N/A,2.96,0.28,94.60,11900000.0,1.40,2.40,15100000.0,underperform
1028,2004-12-17 18:55:42,1103327742.0,gnw,24.55,33.32,1194.199951,6.58,26.740000000000002,0.371,12.02,1.12,1.04,9.26,13.99,1.03,7.81,23.326,12750000000.0,15890000000.0,10.96,1.09,1.39,N/A,1.39,N/A,N/A,1060000000.0,2.161,N/A,N/A,1400000000.0,2.85,4520000000.0,N/A,24.889999,N/A,N/A,70.47,28.24,2310000.0,4.338,1.59,1920000.0,outperform
1029,2005-03-02 00:07:25,1109740045.0,gnw,27.34,14.41,1210.079956,6.53,7.88,0.371,13.10,1.21,1.13,9.26,13.99,1.03,7.81,23.326,13900000000.0,16950000000.0,10.64,1.07,1.48,N/A,1.48,N/A,N/A,1060000000.0,2.16,N/A,N/A,1400000000.0,2.85,4520000000.0,N/A,24.889999,N/A,N/A,70.47,28.11,3260000.0,4.067,2.25,2560000.0,outperform
1030,2012-02-24 17:42:23,1330123343.0,gnw,9.14,-5.03,1365.73999,10.71,-15.740000000000002,47.43,37.18,0.44,0.28,1.18,8.21,0.47,1.60,21.08,7030000000.0,7030000000.0,5.34,0.25,0.68,4.36,0.68,2130000000.0,4.36,122000000.0,0.25,N/A,0.30,5930000000.0,12.09,8380000000.000001,2.11,33.70,N/A,2.96,0.28,94.60,11900000.0,1.40,2.40,15100000.0,underperform
1031,2012-02-06 19:58:15,1328576295.0,gnw,8.94,2.57,1344.329956,12.42,-9.85,59.79,N/A,0.44,0.28,1.41,3.64,0.21,0.03,21.08,8170000000.0,8170000000.0,4.91,0.24,0.79,17.24,0.79,2130000000.0,17.24,146000000.0,0.29,65.10,5.50,6710000000.0,13.67,10380000000.0,1.90,33.15,2390000000.0,2.96,0.28,94.60,15100000.0,1.90,3.10,14660000.0,underperform
1032,2012-03-04 16:38:42,1330897122.0,gnw,9.1,-0.11,1374.089966,11.0,-11.11,47.43,35.84,0.43,0.27,1.18,8.21,0.47,1.60,21.08,6840000000.0,6840000000.0,5.15,0.25,0.66,4.25,0.66,2390000000.0,4.25,122000000.0,0.25,N/A,0.30,5930000000.0,12.09,8380000000.000001,2.11,33.70,N/A,2.69,0.28,94.60,8430000.0,0.80,1.70,11900000.0,underperform
1033,2013-06-21 17:41:31,1371850891.0,mhfi,53.17,55.07,1592.430054,22.89,32.18,42.23,14.58,3.25,14.52,22.82,32.05,14.59,40.08,16.46,13900000000.0,13900000000.0,14.77,0.94,3.02,8.59,3.02,2990000000.0,8.59,671000000.0,3.68,497.60,14.10,1900000000.0,6.95,799000000.0,1.18,3.76,1320000000.0,0.96,N/A,N/A,7170000.0,5.30,3.00,8720000.0,outperform
1034,2013-06-21 23:22:59,1371871379.0,mhfi,53.17,55.07,1592.430054,22.89,32.18,42.23,14.79,3.25,14.52,22.82,32.05,14.59,40.08,16.46,13900000000.0,13900000000.0,14.99,0.93,3.02,8.59,3.02,2990000000.0,8.59,671000000.0,3.68,497.60,14.10,1900000000.0,6.95,799000000.0,1.18,3.76,1320000000.0,0.96,N/A,N/A,7170000.0,5.30,3.00,8720000.0,outperform
1035,2006-10-23 12:47:30,1161622050.0,cme,87.44,26.25,1377.02002,10.35,15.9,N/A,48.37,15.35,12.96,31.96,62.36,12.66,31.22,32.152,17040000000.0,16660000000.0,N/A,1.96,15.02,21.821,15.02,919360000.0,21.821,354690000.0,10.13,33.20,26.10,968270000.0,27.855,N/A,1.533,37.825001,428140000.0,1.02,0.68,80.80,1700000.0,2.8,4.90,1700000.0,outperform
1036,2013-05-10 09:14:39,1368191679.0,cme,58.34,19.06,1633.699951,14.97,4.089999999999998,13.20,23.28,7.06,0.94,30.28,57.59,2.52,4.06,8.62,21080000000.0,21080000000.0,17.07,1.42,7.38,11.12,7.38,2780000000.0,11.12,865500000.0,2.61,11.60,7.20,1900000000.0,5.74,2860000000.0,1.04,64.92,N/A,1.11,5.67,72.10,7670000.0,4.70,2.70,7860000.0,outperform
1037,2006-06-16 07:27:08,1150457228.0,cme,78.9,21.5,1251.540039,21.1,0.3999999999999986,N/A,47.84,14.63,12.66,31.36,61.16,10.41,31.43,30.328,15540000000.0,14620000000.0,N/A,1.96,14.01,20.658,14.01,919360000.0,20.658,327390000.0,9.38,29.00,29.70,920000000.0,26.554,N/A,1.324,34.82,430870000.0,1.12,0.68,74.60,1840000.0,2.6,5.30,1960000.0,outperform
1038,2004-11-06 12:31:30,1099762290.0,cme,32.41,100.28,1143.199951,6.71,93.57000000000001,1.173,32.16,9.19,8.46,27.82,46.82,4.44,30.58,20.178,6130000000.0,5640000000.0,25.19,1.97,8.15,14.98,8.15,513100000.0,14.98,192370000.0,5.608,29.80,16.10,714970000.0,21.04,1.173,1.173,22.091,208530000.0,N/A,7.00,46.28,2240000.0,3.41,7.10,2240000.0,outperform
1039,2007-01-13 16:24:08,1168723448.0,cme,96.17,10.67,1414.849976,0.39,10.28,N/A,52.83,17.32,13.63,34.06,61.55,13.41,30.98,32.322,19980000000.0,18950000000.0,N/A,2.27,16.94,24.837,16.94,919360000.0,24.837,381030000.0,10.87,34.00,21.70,1040000000.0,29.791,N/A,1.587,40.855999,487720000.0,1.47,0.68,79.90,2280000.0,3.1,6.60,2029999.9999999998,outperform
1040,2011-12-24 00:40:16,1324705216.0,cme,42.68,11.55,1243.719971,16.08,-4.529999999999998,10.06,13.06,4.93,0.78,38.18,63.77,3.63,6.18,49.57,17550000000.0,17550000000.0,12.74,1.11,5.31,7.41,5.31,3000000000.0,7.41,1260000000.0,18.86,29.40,19.20,875900000.0,13.19,2109999999.9999998,1.15,315.54,1390000000.0,1.07,5.52,69.10,1220000.0,1.40,1.80,1270000.0,underperform
1041,2008-12-12 11:11:22,1229098282.0,cme,36.79,55.45,879.7299800000001,24.58,30.870000000000005,0.203,13.92,5.98,0.75,35.62,62.80,3.20,5.49,43.317,14340000000.0,17580000000.0,N/A,0.72,7.33,10.202,7.33,1650000000.0,10.202,854480000.0,15.36,16.30,20.50,625830000.0,9.328,3860000000.0,0.995,283.618011,1110000000.0,1.17,0.44,66.80,2920000.0,2.2,4.40,3280000.0,outperform
1042,2011-04-08 01:33:24,1302240804.0,cme,53.82,-5.59,1328.170044,5.33,-10.92,12.55,21.38,6.89,1.03,31.67,61.62,3.27,4.83,45.31,22080000000.0,22080000000.0,15.65,1.41,7.35,10.47,7.35,3000000000.0,10.47,951400000.0,14.31,3.20,14.30,905400000.0,13.50,2530000000.0,1.13,300.08,22080000000.0,1.08,5.52,69.10,1.10,1.10,1.40,1050000.0,underperform
1043,2012-10-25 15:10:11,1351192211.0,cme,49.29,46.66,1412.969971,24.54,22.119999999999997,9.71,11.58,5.91,0.87,49.46,59.19,3.20,7.41,9.61,19580000000.0,19580000000.0,15.66,2.34,6.15,9.12,6.15,3160000000.0,9.12,1570000000.0,4.74,16.60,5.10,1340000000.0,4.02,2109999999.9999998,1.24,65.26,1430000000.0,1.14,5.69,70.60,8620000.0,3.50,2.80,10040000.0,outperform
1044,2007-10-24 15:10:02,1193253002.0,cme,113.07,-57.09,1515.880005,-40.09,-17.0,1.399,49.99,28.55,12.73,37.98,58.53,10.17,30.29,34.957,35950000000.0,35880000000.0,N/A,1.89,29.47,45.28,29.47,1020000000.0,45.28,462300000.0,13.131,14.90,16.60,1310000000.0,23.966,2440000000.0,1.421,49.856998,537460000.0,0.93,0.41,53.60,3240000.0,6.00,6.00,3220000.0,underperform
1045,2011-09-25 17:41:48,1316986908.0,cme,45.72,13.45,1129.560059,28.98,-15.530000000000001,10.04,14.50,5.47,0.83,37.61,62.52,3.54,5.90,47.44,18610000000.0,18610000000.0,13.25,1.20,5.88,8.31,5.88,3000000000.0,8.31,1190000000.0,17.79,8.50,3.00,748600000.0,11.20,2109999999.9999998,1.23,313.52,18610000000.0,1.09,5.52,69.10,1250000.0,1.80,N/A,1150000.0,underperform
1046,2005-03-06 23:00:29,1110168029.0,cme,33.57,121.42,1210.469971,5.6,115.82000000000001,1.33,30.89,8.77,8.12,29.17,48.84,5.29,32.09,21.877,6710000000.0,5970000000.0,21.82,1.65,7.93,14.17,7.93,513100000.0,14.17,219560000.0,6.38,29.80,16.10,747510000.0,21.94,1.33,1.33,23.860001,279910000.0,1.35,7.86,57.02,2760000.0,2.234,8.77,2009999.9999999998,outperform
1047,2004-08-03 20:44:39,1091580279.0,cme,21.89,141.8,1099.689941,13.22,128.58,1.184,26.27,6.55,6.02,26.00,43.78,3.91,28.33,18.519,4170000000.0,3470000000.0,19.93,1.40,5.49,10.54,5.49,513100000.0,10.54,164340000.0,4.81,29.80,16.10,675010000.0,20.43,1.184,1.184,20.829,192640000.0,N/A,7.06,33.89,2029999.9999999998,3.246,6.62,2140000.0,outperform
1048,2009-04-01 07:24:48,1238585088.0,cme,41.58,35.09,811.080017,45.25,-10.159999999999997,N/A,20.31,6.07,0.83,27.94,62.73,2.93,4.62,43.601,19240000000.0,19240000000.0,N/A,1.61,7.51,10.442,7.51,2490000000.0,10.442,715490000.0,12.13,69.10,30.60,324130000.0,4.886,3220000000.0,1.025,281.368988,1200000000.0,0.95,0.41,67.30,2260000.0,1.6,3.40,1980000.0,underperform
1049,2007-03-14 13:15:06,1173892506.0,cme,98.04,-10.01,1387.170044,-5.17,-4.84,N/A,47.46,17.60,12.62,37.37,56.96,9.52,30.89,31.414,19180000000.0,18060000000.0,N/A,1.72,16.57,25.645,16.57,1020000000.0,25.645,407350000.0,11.60,34.50,26.40,1120000000.0,32.124,N/A,1.463,43.604,471700000.0,1.5,0.64,80.60,2370000.0,3.5,6.80,2040000.0,underperform
1050,2008-12-11 17:03:17,1229032997.0,cme,37.38,56.93,873.590027,26.65,30.28,0.203,14.71,6.19,0.78,35.62,62.80,3.20,5.49,43.317,15160000000.0,18090000000.0,N/A,0.72,7.54,10.501,7.54,1650000000.0,10.501,854480000.0,15.36,16.30,20.50,625830000.0,9.328,3860000000.0,0.995,283.618011,1110000000.0,1.17,0.44,66.80,2920000.0,2.2,4.40,3280000.0,outperform
1051,2011-07-09 21:30:52,1310261452.0,cme,52.29,-9.83,1339.219971,2.12,-11.95,10.09,16.81,6.38,0.96,37.17,62.39,3.51,5.83,47.28,21140000000.0,21140000000.0,15.14,1.37,6.73,9.52,6.73,3000000000.0,9.52,1170000000.0,17.52,90.10,20.00,719300000.0,10.73,2109999999.9999998,1.23,310.89,21140000000.0,1.08,5.52,69.10,1.90,1.90,1.40,5.60,underperform
1052,2012-06-10 06:29:14,1339324154.0,cme,47.42,44.6,1314.98999,24.93,19.67,9.75,11.14,5.50,0.82,50.33,60.44,3.29,7.65,48.57,19050000000.0,19050000000.0,14.31,2.26,5.91,8.61,5.91,3160000000.0,8.61,1620000000.0,24.37,41.60,6.90,1110000000.0,16.66,2109999999.9999998,1.15,325.53,1380000000.0,1.00,5.69,72.00,1680000.0,3.40,2.70,1530000.0,outperform
1053,2004-04-27 13:13:15,1083085995.0,cme,20.95,64.01,1138.109985,1.61,62.400000000000006,1.102,32.60,7.10,6.86,22.42,37.84,3.38,24.24,16.054,3870000000.0,3060000000.0,24.04,1.72,5.61,11.8,5.61,513100000.0,11.8,122130000.0,3.599,29.80,16.10,812170000.0,24.62,1.102,1.102,17.101,191150000.0,N/A,6.95,32.67,2630000.0,11.553,8.58,2270000.0,outperform
1054,2008-12-18 05:29:07,1229596147.0,cme,38.95,46.24,885.2800289999999,24.53,21.71,0.203,14.52,6.21,0.78,35.62,62.80,3.20,5.49,43.317,14940000000.0,18150000000.0,N/A,0.72,7.56,10.533,7.56,1650000000.0,10.533,854480000.0,15.36,16.30,20.50,625830000.0,9.343,3860000000.0,0.995,283.618011,1110000000.0,1.17,0.44,66.80,2640000.0,1.3,4.00,2920000.0,outperform
1055,2009-08-22 01:54:42,1250920482.0,jwn,24.76,14.98,996.4600220000001,7.95,7.03,N/A,18.88,0.73,4.43,3.92,7.66,6.53,26.15,38.393,8130000000.000001,8130000000.000001,N/A,1.55,0.98,8.598,0.98,3160000000.0,8.598,325000000.0,1.49,26.60,5.50,519000000.0,2.398,2640000000.0,1.895,6.271,1170000000.0,1.81,23.12,81.20,30820000.0,6.6,18.70,31260000.0,outperform
1056,2011-08-03 08:51:29,1312375889.0,jwn,44.52,13.95,1260.339966,8.3,5.649999999999999,130.37,16.34,1.03,4.85,6.46,11.79,9.96,33.54,45.38,12280000000.0,12280000000.0,13.37,1.55,1.24,8.16,1.24,3800000000.0,8.16,642000000.0,2.88,25.00,11.30,1430000000.0,6.58,2780000000.0,1.95,9.71,12280000000.0,1.82,22.55,64.10,7730000.0,3.30,N/A,7020000.0,outperform
1057,2004-06-20 22:25:31,1087784731.0,jwn,17.04,67.19,1132.050049,7.42,59.769999999999996,0.595,20.46,0.87,3.34,4.25,6.97,6.54,18.45,48.044,5850000000.0,6650000000.0,14.58,1.17,0.99,8.05,0.99,2280000000.0,8.05,284410000.0,2.038,169.20,8.60,232920000.0,1.66,1030000000.0,2.28,12.385,554720000.0,1.566,41.96,62.67,2630000.0,2.432,3.23,2180000.0,outperform
1058,2010-12-08 06:18:00,1291807080.0,jwn,38.62,15.64,1228.280029,0.49,15.15,150.29,17.02,0.99,4.98,5.87,10.85,9.19,33.51,43.11,11020000000.0,11020000000.0,14.02,1.45,1.17,8.19,1.17,3300000000.0,8.19,553000000.0,2.49,43.40,11.20,1050000000.0,4.79,2810000000.0,2.43,8.56,11020000000.0,1.85,25.07,63.20,12450000.0,3.80,6.80,13440000.0,outperform
1059,2004-12-01 10:01:41,1101913301.0,jwn,18.42,64.82,1191.369995,6.15,58.669999999999995,0.551,19.02,0.92,3.37,4.75,9.18,7.24,19.88,48.548,6190000000.0,6730000000.0,14.02,1.19,0.98,7.6,0.98,2280000000.0,7.6,325460000.0,2.30,169.20,8.60,484910000.0,3.43,1030000000.0,1.947,13.232,517780000.0,1.702,21.31,65.94,1770000.0,1.615,1.59,1860000.0,outperform
1060,2005-12-13 22:24:17,1134530657.0,jwn,30.9,35.73,1267.430054,11.5,24.229999999999997,0.479,20.68,1.33,5.15,6.65,11.44,11.28,26.23,27.549,10020000000.0,10220000000.0,N/A,1.39,1.36,9.001,1.36,2570000000.0,9.001,500890000.0,1.795,38.10,8.00,749700000.0,2.778,933950000.0,1.676,7.227,756910000.0,N/A,31.01,66.80,7000000.0,3.2,3.40,6750000.0,outperform
1061,2003-12-14 17:29:23,1071440963.0,jwn,14.0,34.14,1071.209961,11.9,22.240000000000002,0.828,23.29,0.92,3.20,3.15,5.16,4.66,14.10,46.153,4600000000.0,5740000000.0,18.03,1.66,0.91,8.94,0.91,2000000000.0,8.94,198530000.0,1.452,27.60,6.10,154490000.0,1.12,1240000000.0,2.097,10.65,N/A,1.466,41.94,58.78,5160000.0,5.541,6.47,5690000.0,outperform
1062,2012-09-21 08:40:46,1348231246.0,jwn,53.59,5.71,1460.150024,18.17,-12.46,170.97,17.92,1.00,6.20,5.87,10.73,9.55,34.80,54.75,13250000000.0,13250000000.0,14.21,1.33,1.16,8.18,1.16,4280000000.0000005,8.18,668000000.0,3.16,10.90,7.10,1260000000.0,6.26,3140000000.0,2.15,9.12,1040000000.0,1.39,24.12,61.90,4650000.0,2.10,3.00,5040000.0,underperform
1063,2013-05-13 03:02:38,1368428558.0,jwn,58.44,5.66,1633.77002,16.14,-10.48,163.67,16.62,0.94,6.02,6.05,10.86,9.94,37.99,59.84,13440000000.0,13440000000.0,13.96,1.34,1.11,7.97,1.11,4720000000.0,7.97,735000000.0,3.56,20.30,13.30,1280000000.0,6.56,3130000000.0,2.28,9.71,1110000000.0,1.30,24.60,60.00,5670000.0,3.90,4.10,6850000.0,underperform
1064,2007-04-09 12:40:25,1176136825.0,jwn,46.04,-36.86,1444.609985,-5.47,-31.39,0.295,21.21,1.63,6.42,7.92,13.42,15.21,31.82,32.839,13940000000.0,13750000000.0,N/A,1.36,1.61,9.351,1.61,3210000000.0,9.351,678000000.0,2.55,22.00,14.60,830730000.0,3.226,638970000.0,1.913,8.428,1140000000.0,2.26,23.92,69.10,7340000.0,3.60,3.60,8020000.0,underperform
1065,2007-07-11 05:57:57,1184147877.0,jwn,40.78,-39.95,1518.76001,-17.47,-22.480000000000004,0.639,17.79,1.42,5.46,8.06,13.58,14.38,32.37,33.787,11990000000.0,12730000000.0,N/A,1.34,1.46,8.456,1.46,3210000000.0,8.456,703570000.0,2.67,19.50,9.30,744640000.0,2.953,1480000000.0,2.602,8.984,656070000.0,1.7,24.49,69.50,8840000.0,2.9,4.60,7600000.0,underperform
1066,2012-09-23 14:12:23,1348423943.0,jwn,54.08,2.22,1460.26001,16.54,-14.319999999999999,170.97,17.75,1.00,6.20,5.87,10.73,9.55,34.80,54.75,13250000000.0,13250000000.0,14.08,1.30,1.16,8.18,1.16,4280000000.0000005,8.18,668000000.0,3.16,10.90,7.10,1260000000.0,6.26,3140000000.0,2.15,9.12,1040000000.0,1.39,24.12,61.90,4650000.0,2.10,3.00,5040000.0,underperform
1067,2012-10-01 10:54:57,1349103297.0,jwn,53.29,2.5,1444.48999,17.34,-14.84,170.97,17.48,0.97,6.05,5.87,10.73,9.55,34.80,54.75,12970000000.0,12970000000.0,13.86,1.27,1.14,8.01,1.14,4280000000.0000005,8.01,668000000.0,3.16,10.90,7.10,1260000000.0,6.26,3140000000.0,2.15,9.12,1040000000.0,1.36,24.12,61.90,4300000.0,2.90,2.70,4650000.0,underperform
1068,2012-10-11 12:47:04,1349974024.0,jwn,52.9,4.9,1432.839966,18.87,-13.97,170.97,17.51,0.98,6.06,5.87,10.73,9.55,34.80,54.75,12990000000.0,12990000000.0,13.89,1.29,1.14,8.02,1.14,4280000000.0000005,8.02,668000000.0,3.16,10.90,7.10,1260000000.0,6.26,3140000000.0,2.15,9.12,1040000000.0,1.36,25.64,61.30,4520000.0,2.80,2.90,4300000.0,underperform
1069,2007-03-09 10:51:18,1173455478.0,jwn,43.5,-26.62,1402.839966,-4.93,-21.69,0.291,20.64,1.58,6.25,7.92,13.42,14.73,31.82,32.839,13560000000.0,13780000000.0,N/A,1.29,1.61,9.619,1.61,2830000000.0,9.619,678000000.0,2.55,22.00,14.60,402560000.0,1.564,630450000.0,1.913,8.428,1140000000.0,2.21,24.01,69.30,8020000.0,4.00,4.00,7950000.0,underperform
1070,2012-09-21 15:57:43,1348257463.0,jwn,53.59,5.71,1460.150024,18.17,-12.46,170.97,18.07,1.00,6.20,5.87,10.73,9.55,34.80,54.75,13250000000.0,13250000000.0,14.34,1.30,1.16,8.18,1.16,4280000000.0000005,8.18,668000000.0,3.16,10.90,7.10,1260000000.0,6.26,3140000000.0,2.15,9.12,1040000000.0,1.39,24.12,61.90,4650000.0,2.10,3.00,5040000.0,underperform
1071,2012-01-01 03:17:46,1325405866.0,jwn,47.12,9.08,1263.02002,12.92,-3.84,174.90,16.12,1.00,5.54,6.45,11.76,9.84,36.05,48.71,12270000000.0,12270000000.0,13.89,1.38,1.17,7.70,1.17,3800000000.0,7.70,679000000.0,3.08,6.70,13.60,1460000000.0,6.96,3320000000.0,1.91,9.02,1240000000.0,1.36,22.55,64.10,7410000.0,2.90,4.10,7600000.0,underperform
1072,2006-06-21 08:40:33,1150893633.0,jwn,30.9,40.19,1252.199951,21.56,18.63,0.459,17.30,1.22,4.74,7.36,12.33,12.95,29.48,29.034,9620000000.0,10050000000.0,N/A,1.11,1.28,8.027,1.28,2830000000.0,8.027,578030000.0,2.09,25.50,8.00,291330000.0,1.096,931590000.0,1.786,7.633,763780000.0,2.12,25.60,68.50,4430000.0,2.6,2.30,4740000.0,outperform
1073,2004-12-17 18:55:55,1103327755.0,jwn,18.8,63.46,1194.199951,6.58,56.88,0.554,18.11,0.93,3.46,5.12,9.51,7.85,20.78,49.052,6380000000.0,7180000000.0,14.60,1.14,1.03,7.77,1.03,2280000000.0,7.77,357820000.0,2.515,169.20,8.60,335410000.0,2.39,1040000000.0,1.973,13.366,517780000.0,1.692,21.33,66.25,1770000.0,1.615,1.61,1860000.0,outperform
1074,2012-06-10 10:05:24,1339337124.0,jwn,45.35,27.23,1314.98999,24.93,2.3000000000000007,150.89,15.25,0.89,4.77,6.14,11.22,9.80,32.58,53.11,11640000000.0,11640000000.0,12.51,1.25,1.04,7.09,1.04,4280000000.0000005,7.09,687000000.0,3.20,2.80,13.20,1650000000.0,7.92,3140000000.0,2.41,9.99,1130000000.0,1.58,24.12,61.90,4770000.0,2.40,3.00,4880000.0,outperform
1075,2005-04-03 23:23:35,1112585015.0,emr,25.51,30.3,1180.589966,9.93,20.37,0.544,20.58,1.70,3.56,8.20,12.07,8.09,18.39,37.917,26820000000.0,29500000000.0,16.53,1.50,1.85,13.51,1.85,5570000000.0,13.51,1310000000.0,3.11,15.40,11.90,1490000000.0,3.54,4170000000.0,1.441,18.243999,2190000000.0,1.031,0.75,73.62,3280000.0,2.614,0.79,2150000.0,outperform
1076,2007-04-06 11:44:09,1175874249.0,emr,34.5,28.17,1437.77002,-4.89,33.06,0.494,19.13,1.65,4.16,9.16,15.24,10.69,23.72,24.655,34159999999.999996,39150000000.0,N/A,1.69,1.94,10.649,1.94,7170000000.0,10.649,1850000000.0,2.24,25.50,18.80,810000000.0,1.01,4030000000.0000005,1.364,10.27,2510000000.0,1.31,0.25,74.70,3220000.0,1.2,0.40,3520000.0,outperform
1077,2013-05-13 08:03:38,1368446618.0,emr,55.57,21.27,1633.77002,16.14,5.129999999999999,51.94,20.55,1.70,3.94,8.37,16.66,10.75,19.98,34.07,44970000000.0,44970000000.0,14.82,1.68,1.82,9.10,1.82,9770000000.0,9.10,2069999999.9999998,2.82,2.90,0.70,2620000000.0,3.61,5540000000.0,1.53,14.72,3310000000.0,1.31,0.36,71.40,14490000.0,3.80,2.00,15640000.0,outperform
1078,2007-02-21 21:31:09,1172111469.0,emr,36.66,16.34,1457.630005,-7.9,24.240000000000002,0.553,19.71,1.76,4.43,9.16,15.23,11.00,23.90,25.428,36270000000.0,39750000000.0,N/A,1.71,1.93,10.543,1.93,7170000000.0,10.543,1890000000.0,2.31,11.50,11.10,1090000000.0,1.366,4540000000.0,1.402,10.27,2520000000.0,1.31,0.28,73.10,3220000.0,1.2,0.40,3520000.0,outperform
1079,2011-04-18 00:44:34,1303101874.0,emr,51.12,-6.94,1305.140015,6.56,-13.5,49.91,19.74,1.99,4.26,10.20,16.68,10.26,21.73,28.95,47060000000.0,47060000000.0,14.95,1.15,2.16,10.54,2.16,8330000000.0,10.54,2040000000.0,2.92,12.90,14.60,1490000000.0,1.98,5150000000.0,1.48,13.49,47060000000.0,1.23,0.32,73.70,3910000.0,0.90,0.50,3880000.0,underperform
1080,2012-07-27 12:44:58,1343407498.0,emr,45.1,28.76,1385.969971,21.64,7.120000000000001,54.87,14.76,1.42,3.26,9.81,16.89,10.66,22.21,32.55,37950000000.0,37950000000.0,12.22,1.24,1.58,7.74,1.58,9560000000.0,7.74,2330000000.0,3.16,2.00,1.10,2150000000.0,2.94,5850000000.0,1.38,14.33,3050000000.0,1.42,0.38,72.10,10020000.0,2.50,1.40,9750000.0,outperform
1081,2004-11-24 10:48:17,1101311297.0,emr,26.5,,1181.76001,6.18,,0.558,22.82,1.83,3.95,8.05,11.86,7.93,18.25,37.033,28550000000.0,31240000000.0,17.58,1.29,2.00,14.83,2.00,4900000000.0,14.83,1260000000.0,2.982,792.60,1.00,1350000000.0,3.21,4040000000.0,1.479,17.257,2330000000.0,1.014,0.85,73.65,2680000.0,1.853,0.64,2940000.0,underperform
1082,2009-03-21 19:36:13,1237678573.0,emr,23.63,82.65,794.349976,46.77,35.88,N/A,9.09,0.84,2.49,9.33,16.43,12.26,27.23,31.895,23840000000.0,23840000000.0,N/A,1.00,0.97,4.997,0.97,9140000000.0,4.997,2390000000.0,2.947,18.90,1.90,1670000000.0,2.209,5280000000.0,1.3,11.07,3190000000.0,1.13,0.57,73.60,7100000.0,1.1,0.90,8780000.0,outperform
1083,2008-05-13 20:55:18,1210726518.0,emr,46.49,-37.79,1403.040039,-37.0,-0.7899999999999991,0.533,20.01,1.91,4.83,9.74,15.69,11.37,25.47,29.293,44300000000.0,47360000000.0,N/A,1.44,2.05,11.016,2.05,8109999999.999999,11.016,2210000000.0,2.82,27.00,11.60,1710000000.0,2.171,4890000000.0,1.404,11.647,3110000000.0,0.93,0.22,75.00,7080000.0,2.1,0.90,8119999.999999999,underperform
1084,2013-04-23 09:20:05,1366723205.0,emr,52.51,30.43,1578.780029,18.79,11.64,51.37,19.27,1.58,3.71,8.32,16.68,10.89,20.13,33.89,41540000000.0,41540000000.0,13.48,1.55,1.69,8.42,1.69,9770000000.0,8.42,2049999999.9999998,2.79,22.40,4.60,2530000000.0,3.50,5450000000.0,1.40,14.50,3270000000.0,1.32,0.36,71.40,14020000.0,4.10,1.90,12990000.0,outperform
1085,2011-11-18 12:04:21,1321635861.0,emr,45.93,0.5,1215.650024,11.5,-11.0,49.29,15.13,1.52,3.50,10.24,17.46,11.32,24.43,32.15,40090000000.0,40090000000.0,12.27,1.05,1.66,7.87,1.66,8330000000.0,7.87,2450000000.0,3.28,1.60,24.80,2049999999.9999998,2.75,5200000000.0,1.45,14.16,40090000000.0,1.27,0.32,73.70,11130000.0,1.90,1.50,13640000.0,underperform
1086,2011-05-04 07:33:34,1304508814.0,oke,30.98,29.99,1347.319946,3.28,26.709999999999997,124.63,22.43,0.57,3.03,2.57,7.10,4.57,14.70,122.50,12330000000.0,12330000000.0,19.47,2.13,0.95,10.00,0.95,2069999999.9999998,10.00,334630000.0,3.10,11.10,10.00,38620000.0,0.36,4890000000.0,0.76,22.92,12330000000.0,1.10,0.96,67.80,2330000.0,3.50,2.20,2550000.0,outperform
1087,2013-04-23 03:57:37,1366703857.0,oke,49.16,23.07,1578.780029,18.79,4.280000000000001,173.50,30.52,0.83,4.94,2.86,8.76,4.68,18.16,61.28,17280000000.0,17280000000.0,23.17,1.87,1.37,11.98,1.37,2350000000.0,11.98,346340000.0,1.71,3.00,10.10,589600000.0,2.88,7340000000.0,0.98,10.39,999800000.0,0.95,0.65,69.70,4820000.0,4.10,2.40,5060000.0,outperform
1088,2012-06-16 19:21:56,1339888916.0,oke,39.11,8.9,1314.880005,24.45,-15.549999999999999,137.23,25.83,0.61,3.90,2.44,8.07,5.35,18.68,69.61,14140000000.0,14140000000.0,20.63,1.83,0.98,9.53,0.98,2380000000.0,9.53,338150000.0,1.66,5.60,9.20,788020000.0,3.79,6010000000.0,1.00,10.86,1140000000.0,0.98,0.53,68.80,0.90,0.90,0.50,1270000.0,underperform
1089,2013-05-09 12:58:17,1368118697.0,oke,45.77,32.69,1626.670044,15.48,17.209999999999997,168.30,28.78,0.78,4.64,2.75,8.18,4.39,15.74,62.06,16629999999.999998,16629999999.999998,21.85,1.79,1.30,12.00,1.30,2350000000.0,12.00,350010000.0,1.67,8.40,3.70,151810000.0,0.74,7080000000.0,0.83,10.36,1040000000.0,0.95,0.65,69.70,4320000.0,3.50,2.10,4820000.0,outperform
1090,2004-04-12 22:56:35,1081824995.0,oke,9.05,41.22,1145.199951,3.72,37.5,2.082,11.06,0.76,1.71,7.14,14.87,3.66,15.28,30.918,2280000000.0,4860000000.0,11.08,1.35,1.62,8.01,1.62,673360000.0,8.01,191750000.0,2.014,32.50,42.50,12170000.0,0.12,2580000000.0,0.845,13.041,4080000.0,0.327,1.04,77.53,2650000.0,4.562,2.61,3300000.0,outperform
1091,2005-03-23 18:59:06,1111622346.0,oke,12.39,2.99,1172.530029,11.01,-8.02,1.629,13.01,0.53,1.96,4.04,8.18,3.80,16.85,56.795,3120000000.0,5760000000.0,13.68,1.61,0.96,8.48,0.96,673360000.0,8.48,242180000.0,2.30,32.50,42.50,9460000.0,0.09,2620000000.0,0.864,15.424,204810000.0,0.43,7.97,79.62,2500000.0,4.057,2.61,2240000.0,underperform
1092,2006-12-06 22:27:29,1165462049.0,oke,18.65,8.04,1412.900024,6.68,1.3599999999999994,1.883,10.47,0.36,2.26,3.47,5.48,4.91,26.65,124.305,4830000000.0,8529999999.999999,N/A,2.30,0.63,8.239,0.63,1340000000.0,8.239,471780000.0,4.19,86.20,17.30,409050000.0,3.711,4059999999.9999995,1.449,19.566,422680000.0,1.34,0.65,70.00,1270000.0,2.7,1.20,1490000.0,outperform
1093,2004-12-10 12:54:30,1102701270.0,oke,11.35,1.94,1188.0,5.84,-3.9,1.628,13.88,0.67,2.03,4.84,10.10,3.40,14.58,39.801,2840000000.0,5100000000.0,12.04,1.49,1.20,8.38,1.20,673360000.0,8.38,197700000.0,1.978,32.50,42.50,17760000.0,0.17,2280000000.0,0.837,13.539,158080000.0,0.375,0.98,81.45,1750000.0,3.016,1.70,3220000.0,underperform
1094,2007-04-06 18:34:16,1175898856.0,oke,19.02,4.1,1437.77002,-4.89,8.989999999999998,1.83,16.97,0.42,2.26,2.58,6.37,5.38,15.29,106.21,5030000000.0,8920000000.0,N/A,1.98,0.75,8.283,0.75,1720000000.0,8.283,306680000.0,2.68,68.60,34.70,168430000.0,1.519,4059999999.9999995,1.569,20.021999,873390000.0,1.31,7.39,67.80,1300000.0,1.8,1.20,N/A,outperform
1095,2003-10-27 05:56:33,1067252193.0,oke,8.25,33.33,1031.130005,7.75,25.58,1.642,11.95,0.60,1.25,7.64,17.10,3.41,12.75,25.874,1540000000.0,3410000000.0,10.38,1.26,1.33,5.87,1.33,975660000.0,5.87,166270000.0,1.721,64.10,69.10,157990000.0,2.1,2029999999.9999998,1.069,16.48,N/A,0.237,0.96,80.97,3730000.0,8.962,5.01,6800000.0,outperform
1096,2012-07-26 10:09:10,1343311750.0,oke,40.56,22.73,1360.02002,24.38,-1.6499999999999986,137.23,25.96,0.62,3.97,2.44,8.07,5.35,18.68,69.61,14180000000.0,14180000000.0,21.14,1.87,0.98,9.56,0.98,2380000000.0,9.56,338150000.0,1.66,5.60,9.20,788020000.0,3.79,6010000000.0,1.00,10.86,1140000000.0,0.97,0.53,68.80,4190000.0000000005,3.40,2.00,5080000.0,underperform
1097,2011-09-03 01:19:01,1315027141.0,oke,32.67,27.55,1218.890015,14.82,12.73,149.21,22.91,0.54,3.31,2.37,6.99,4.75,15.92,128.65,12380000000.0,12380000000.0,19.53,2.22,0.91,9.76,0.91,2069999999.9999998,9.76,323640000.0,2.99,32.20,25.20,484450000.0,4.68,5520000000.0,0.89,21.42,12380000000.0,1.12,0.96,67.80,3020000.0,2.20,2.80,5640000.0,outperform
1098,2004-08-03 12:28:37,1091550517.0,oke,9.25,58.27,1099.689941,13.22,45.050000000000004,1.354,12.09,0.76,1.50,6.14,13.89,3.23,13.76,30.924,2220000000.0,4210000000.0,10.67,1.27,1.37,7.31,1.37,673360000.0,7.31,177460000.0,1.79,32.50,42.50,22240000.0,0.22,2009999999.9999998,0.852,14.468,112560000.0,0.308,1.04,81.64,2710000.0,5.299,2.66,2670000.0,outperform
1099,2012-01-18 22:16:00,1326942960.0,oke,41.02,6.53,1308.040039,13.22,-6.69,150.66,29.19,0.63,4.15,2.29,7.22,5.15,16.97,135.79,14460000000.0,14460000000.0,24.31,2.88,1.01,10.75,1.01,2069999999.9999998,10.75,328670000.0,3.04,9.10,22.20,154220000.0,1.50,5550000000.0,0.78,21.23,1100000000.0,1.16,6.20,71.70,2520000.0,3.40,2.40,2820000.0,underperform
1100,2004-11-30 20:50:36,1101865836.0,oke,11.5,-0.17,1173.819946,6.45,-6.62,1.628,14.13,0.68,2.07,4.84,10.10,3.40,14.58,39.801,2890000000.0,5160000000.0,12.25,1.55,1.22,8.48,1.22,673360000.0,8.48,197700000.0,1.978,32.50,42.50,17760000.0,0.17,2280000000.0,0.837,13.539,158080000.0,0.359,0.98,81.71,1750000.0,3.016,1.70,3220000.0,underperform
1101,2011-07-04 05:07:30,1309770450.0,oke,,,1339.670044,2.56,,136.33,26.36,0.61,3.17,2.39,7.08,4.52,14.14,121.71,12590000000.0,12590000000.0,21.29,2.90,0.97,10.26,0.97,2069999999.9999998,10.26,310220000.0,2.86,15.80,1.50,877200000.0,8.19,5390000000.0,1.22,23.33,12590000000.0,1.13,0.96,67.80,6410000.0,8.80,6.00,6760000.0,underperform
1102,2007-05-18 17:45:17,1179524717.0,gild,20.75,26.65,1522.75,-7.49,34.14,0.586,N/A,10.28,16.20,31.09,54.52,28.81,36.22,7.314,34800000000.0,35050000000.0,N/A,1.60,10.43,17.162,10.43,2590000000.0,17.162,1050000000.0,2.27,55.10,48.40,925740000.0,2.22,1400000000.0,3.435,5.118,1490000000.0,0.62,0.47,88.20,13570000.0,3.8,3.30,12930000.0,outperform
1103,2007-06-22 09:28:10,1182518890.0,gild,19.62,36.24,1502.560059,-10.96,47.2,0.586,N/A,9.84,15.50,31.09,54.52,28.81,36.22,7.314,33080000000.0,33549999999.999996,N/A,1.54,9.98,16.431,9.98,2590000000.0,16.431,1050000000.0,2.27,55.10,48.40,925740000.0,2.22,1400000000.0,3.435,5.118,1490000000.0,0.56,0.47,90.40,13000000.0,3.2,3.10,13570000.0,outperform
1104,2008-04-18 17:17:02,1208553422.0,gild,25.88,-13.95,1390.329956,-38.72,24.77,0.379,30.78,10.97,13.46,38.19,51.17,27.27,61.24,4.553,47890000000.0,46550000000.0,N/A,1.10,11.00,21.007,11.00,3460000000.0,21.007,1620000000.0,1.68,N/A,21.70,1170000000.0,1.262,1310000000.0,4.113,3.711,1770000000.0,0.77,0.57,93.70,32000000.0,3.6,3.50,33240000.000000004,outperform
1105,2006-06-18 03:33:25,1150616005.0,gild,14.65,37.41,1256.160034,21.88,15.529999999999998,0.072,30.07,11.64,8.00,40.14,55.98,25.60,33.73,5.009,26330000000.0,24030000000.0,N/A,1.49,10.49,17.763,10.49,1770000000.0,17.763,919510000.0,1.92,67.20,61.00,2540000000.0,5.581,244760000.0,7.321,7.321,714150000.0,0.54,0.47,88.30,7850000.0,1.2,1.70,7420000.0,outperform
1106,2013-04-23 08:02:21,1366718541.0,gild,53.33,38.5,1578.780029,18.79,19.71,86.11,32.96,8.48,8.82,26.71,41.60,13.09,31.35,6.41,87310000000.0,87310000000.0,18.90,1.12,9.00,20.24,9.00,7230000000.0,20.24,2590000000.0,1.64,14.60,17.60,1860000000.0,1.22,8220000000.000001,1.44,6.13,3190000000.0,0.80,0.80,97.50,58150000.0,5.60,4.30,66580000.0,outperform
1107,2004-11-06 23:52:14,1099803134.0,gild,9.13,39.1,1143.199951,6.71,32.39,0.247,32.09,13.22,11.52,43.64,45.49,32.45,50.97,2.638,16200000000.0,15400000000.0,32.54,1.88,12.64,26.61,12.64,755170000.0,26.61,531710000.00000006,1.166,199.90,85.90,1150000000.0,2.65,345290000.0,7.849,3.228,374920000.0,0.848,1.53,93.26,15820000.0,3.962,3.71,14890000.0,outperform
1108,2005-04-14 04:30:27,1113467427.0,gild,9.09,66.12,1162.050049,10.72,55.400000000000006,7.298,37.57,12.78,9.03,33.92,47.13,22.66,29.74,2.853,16629999999.999998,15680000000.0,24.65,1.54,11.83,24.17,11.83,1160000000.0,24.17,449370000.0,0.98,N/A,52.60,1250000000.0,2.79,7.298,7.298,4.168,511380000.0,1.17,0.91,85.17,9430000.0,2.24,2.12,8350000.0,outperform
1109,2008-01-09 03:11:55,1199866315.0,gild,24.25,0.74,1409.130005,-35.44,36.18,0.436,N/A,11.01,14.86,11.20,53.15,25.25,14.39,4.355,43610000000.0,44940000000.0,N/A,1.70,11.14,20.448,11.14,2590000000.0,20.448,451990000.0,0.49,N/A,41.40,766770000.0,0.824,1300000000.0,3.681,3.21,1730000000.0,1.02,0.50,90.30,23380000.0,3.5,2.50,25560000.0,outperform
1110,2007-02-22 21:07:56,1172196476.0,gild,18.52,15.87,1456.380005,-7.09,22.96,N/A,N/A,11.28,18.75,39.32,54.04,28.17,49.14,6.591,34000000000.0,32740000000.000004,N/A,1.36,10.82,18.026,10.82,1770000000.0,18.026,1190000000.0,2.59,N/A,47.60,1390000000.0,3.022,N/A,3.576,3.958,N/A,0.61,0.47,82.30,10410000.0,2.7,2.30,10480000.0,outperform
1111,2006-11-10 22:30:56,1163215856.0,gild,16.84,32.48,1380.900024,6.86,25.619999999999997,0.437,42.57,11.27,9.33,27.68,55.80,24.72,25.60,5.965,30960000000.0,29420000000.0,N/A,1.41,10.75,17.595,10.75,1770000000.0,17.595,757290000.0,1.58,N/A,51.70,2850000000.0,6.207,1440000000.0,6.931,7.19,1080000000.0,0.46,0.47,89.40,12900000.0,2.7,2.80,10220000.0,outperform
1112,2009-05-31 13:48:27,1243792107.0,gild,21.01,,906.830017,20.13,,N/A,19.44,6.79,7.93,37.66,50.46,26.40,51.93,6.122,38140000000.0,38140000000.0,N/A,0.99,6.80,12.967,6.80,4210000000.0,12.967,2109999999.9999998,2.22,20.60,21.60,2060000000.0,2.273,1140000000.0,3.658,5.3,2240000000.0,0.49,0.59,94.10,17210000.0,2.1,1.90,18030000.0,underperform
1113,2005-02-15 04:10:14,1108458614.0,gild,8.27,85.01,1210.119995,5.77,79.24000000000001,7.298,33.56,11.65,10.16,33.92,47.13,22.66,29.74,2.853,14290000000.0,12950000000.0,22.01,1.30,9.77,20.74,9.77,755170000.0,20.74,449370000.0,0.98,199.90,85.90,1250000000.0,2.9,7.298,7.298,3.228,487240000.0,0.841,1.92,86.95,8060000.000000001,2.042,1.90,9740000.0,outperform
1114,2006-11-02 16:49:45,1162504185.0,gild,17.0,37.94,1367.339966,10.41,27.529999999999998,N/A,42.35,11.28,9.35,27.68,55.81,24.72,25.60,5.965,30600000000.0,27670000000.0,N/A,1.45,10.11,16.519,10.11,1770000000.0,16.519,757290000.0,1.58,N/A,51.70,3200000000.0,7.014,N/A,7.533,7.23,N/A,0.46,0.47,91.30,12900000.0,2.7,2.80,10220000.0,outperform
1115,2009-01-01 04:45:46,1230803146.0,gild,,,869.419983,29.53,,0.319,26.76,9.34,11.34,36.88,49.83,25.35,51.61,5.404,46560000000.0,46140000000.0,N/A,1.41,9.23,17.9,9.23,3460000000.0,17.9,1840000000.0,1.91,26.50,29.50,1920000000.0,2.108,1330000000.0,3.436,4.525,2069999999.9999998,0.53,0.59,93.70,29060000.0,2.5,3.20,30210000.0,underperform
1116,2013-02-06 15:46:22,1360183582.0,gild,39.91,91.68,1512.119995,17.28,74.4,77.68,24.47,6.34,6.44,26.71,41.33,13.01,31.35,6.41,66340000000.0,66340000000.0,13.98,1.05,6.84,15.49,6.84,6260000000.0,15.49,2590000000.0,1.64,14.60,17.60,2580000000.0,1.70,7420000000.0,1.42,6.30,N/A,0.67,0.82,92.70,26520000.0,3.20,3.50,25620000.0,outperform
1117,2007-06-20 12:39:31,1182357571.0,gild,19.77,40.26,1512.839966,-11.24,51.5,0.586,N/A,10.02,15.79,31.09,54.52,28.81,36.22,7.314,33689999999.999996,34159999999.999996,N/A,1.54,10.16,16.727,10.16,2590000000.0,16.727,1050000000.0,2.27,55.10,48.40,925740000.0,2.22,1400000000.0,3.435,5.118,1490000000.0,0.56,0.47,90.40,13000000.0,3.2,3.10,13570000.0,outperform
1118,2013-05-22 20:34:36,1369269276.0,gild,55.93,48.22,1655.349976,14.33,33.89,76.96,31.32,8.66,8.48,28.86,40.83,12.05,32.14,6.56,91930000000.0,91930000000.0,19.29,1.13,9.24,21.14,9.24,7230000000.0,21.14,2870000000.0,1.79,63.40,10.90,1940000000.0,1.27,8000000000.0,1.55,6.66,3410000000.0,0.81,0.80,97.50,60920000.0,4.80,4.50,60080000.0,outperform
1119,2008-12-08 17:34:22,1228775662.0,gild,23.34,-1.2,909.7000119999999,20.03,-21.23,0.319,24.35,8.72,10.47,36.88,49.83,25.35,51.61,5.404,42850000000.0,43040000000.0,N/A,1.36,8.61,16.697,8.61,3460000000.0,16.697,1840000000.0,1.91,26.50,29.50,1920000000.0,2.085,1330000000.0,3.436,4.525,2069999999.9999998,0.53,0.59,93.70,30210000.0,3.1,3.30,35800000.0,underperform
1120,2004-06-22 14:21:50,1087928510.0,gild,7.85,35.67,1134.410034,7.01,28.660000000000004,0.305,29.48,13.34,11.90,47.48,41.44,37.44,77.96,4.381,13510000000.0,13000000000.0,31.67,1.66,12.85,29.46,12.85,755170000.0,29.46,480480000.0,2.138,199.90,85.90,837640000.0,3.91,345330000.0,7.936,5.292,311870000.0,0.818,1.55,88.02,8590000.0,2.808,4.07,6880000.0,outperform
1121,2009-05-07 23:22:01,1241752921.0,gild,22.71,-15.54,907.3900150000001,22.43,-37.97,N/A,20.49,7.14,7.98,37.66,50.46,26.40,50.61,6.122,37690000000.0,37690000000.0,N/A,1.02,6.72,12.815,6.72,4210000000.0,12.815,2109999999.9999998,2.22,18.70,21.60,3610000000.0,3.967,1240000000.0,4.449,5.515,N/A,0.49,0.58,95.50,18250000.0,1.9,2.00,17040000.0,underperform
1122,2007-06-18 03:23:47,1182151427.0,gild,20.13,32.99,1531.050049,-11.76,44.75,0.586,N/A,10.00,15.76,31.09,54.52,28.81,36.22,7.314,33700000000.000004,34170000000.0,N/A,1.54,10.16,16.734,10.16,2590000000.0,16.734,1050000000.0,2.27,55.10,48.40,925740000.0,2.22,1400000000.0,3.435,5.118,1490000000.0,0.56,0.47,90.40,13000000.0,3.2,3.10,13570000.0,outperform
1123,2007-06-16 06:34:32,1181990072.0,gild,20.09,31.21,1515.670044,-11.6,42.81,0.639,N/A,10.00,15.76,31.09,54.96,29.03,36.22,7.314,33700000000.000004,38210000000.0,N/A,1.61,11.37,18.577,11.37,2590000000.0,18.577,1050000000.0,2.27,55.10,48.40,1860000000.0,4.004,1520000000.0,4.751,5.118,N/A,0.62,0.47,87.80,13570000.0,3.8,2.90,12930000.0,outperform
1124,2004-09-18 19:28:21,1095550101.0,gild,8.87,28.86,1120.369995,9.58,19.28,0.273,34.00,14.12,12.17,44.98,42.99,33.75,59.26,2.364,15880000000.0,15250000000.0,33.54,1.61,13.96,30.94,13.96,755170000.0,30.94,491570000.0,1.085,199.90,85.90,975590000.0,2.27,345300000.0,8.762,2.944,374920000.0,0.883,1.52,89.77,26570000.0,3.203,6.27,15220000.0,outperform
1125,2004-04-23 21:10:33,1082769033.0,gild,7.51,23.57,1140.599976,-0.27,23.84,0.344,28.08,14.59,12.59,47.48,18.28,40.54,98.58,4.387,12850000000.0,12300000000.0,30.99,1.58,12.15,N/A,12.15,755170000.0,N/A,480480000.0,2.141,199.90,85.90,707000000.0,3.31,345460000.0,6.81,4.703,234610000.0,0.819,1.54,86.80,6970000.0,2.5,3.31,6160000.0,outperform
1126,2011-05-23 09:17:49,1306156669.0,sna,55.61,3.45,1317.369995,-0.06,3.5100000000000002,77.74,17.22,1.27,2.37,7.43,13.55,6.56,15.25,47.67,4290000000.0,4290000000.0,12.50,1.24,1.55,9.82,1.55,1210000000.0,9.82,205900000.0,3.52,52.70,14.00,407500000.0,7.00,1170000000.0,2.06,25.60,4290000000.0,1.56,5.50,78.80,3.00,3.00,1.50,1.28,outperform
1127,2009-02-11 21:48:05,1234406885.0,sna,25.76,44.84,833.73999,29.35,15.490000000000002,N/A,7.29,0.58,1.44,8.07,13.25,8.88,19.19,51.038,1700000000.0,2109999999.9999998,N/A,0.86,0.72,4.571,0.72,1290000000.0,4.571,236700000.0,4.074,2.30,9.80,115800000.0,2.017,515400000.0,2.083,20.671,215000000.0,1.47,5.55,88.30,3100000.0,6.1,5.40,3030000.0,outperform
1128,2005-01-27 23:09:50,1106885390.0,sna,25.85,24.06,1174.550049,9.29,14.77,0.331,25.70,0.79,1.89,3.13,5.82,3.50,7.62,40.994,1900000000.0,2069999999.9999998,19.86,1.92,0.86,10.11,0.86,1010000000.0,10.11,75000000.0,1.283,25.80,6.10,153300000.0,2.66,331800000.0,2.119,17.364,171200000.0,1.255,15.01,81.56,1510000.0,5.507,3.09,1050000.0,outperform
1129,2013-05-08 19:59:36,1368057576.0,sna,86.85,31.27,1632.689941,14.88,16.39,53.04,16.52,1.66,2.82,10.22,17.63,9.01,18.85,53.44,5850000000.0,5850000000.0,14.48,1.52,1.88,9.58,1.88,1390000000.0,9.58,317900000.0,5.39,16.60,1.60,209300000.0,3.59,979400000.0,2.50,31.40,340000000.0,1.36,0.82,87.00,1100000.0,4.20,1.90,1140000.0,outperform
1130,2004-11-15 04:20:11,1100510411.0,sna,23.76,23.32,1183.810059,3.82,19.5,0.331,23.77,0.74,1.77,3.13,5.82,3.50,7.62,40.994,1750000000.0,1930000000.0,18.05,1.84,0.81,9.45,0.81,1010000000.0,9.45,75000000.0,1.283,25.80,6.10,153300000.0,2.66,331800000.0,2.119,17.364,212400000.0,1.141,15.01,79.55,1200000.0,2.265,2.46,1220000.0,outperform
1131,2013-04-23 02:57:53,1366700273.0,sna,80.09,44.35,1578.780029,18.79,25.560000000000002,53.04,15.21,1.52,2.59,10.22,17.67,9.03,18.85,53.44,5500000000.0,5500000000.0,13.35,1.43,1.77,8.98,1.77,1390000000.0,8.98,317900000.0,5.39,16.60,1.60,213600000.0,3.66,979400000.0,2.50,31.38,340000000.0,1.36,0.82,87.00,1140000.0,3.90,2.00,1180000.0,outperform
1132,2007-02-23 09:54:17,1172242457.0,sna,42.29,1.84,1451.189941,-6.28,8.120000000000001,0.51,30.01,1.17,2.79,3.97,8.04,5.88,9.82,43.266,2960000000.0,3450000000.0,N/A,1.65,1.37,12.706,1.37,1070000000.0000001,12.706,100100000.0,1.69,38.70,16.90,63400000.0,1.086,549200000.0,1.632,18.202999,203400000.0,1.11,5.94,79.20,1720000.0,5.6,2.90,1800000.0,outperform
1133,2004-05-08 07:52:18,1084017138.0,sna,25.93,2.16,1121.530029,4.56,-2.3999999999999995,0.334,27.22,0.85,1.97,3.04,5.81,3.32,7.42,39.442,1890000000.0,2190000000.0,14.17,1.48,0.95,11.01,0.95,1010000000.0,11.01,70000000.0,1.197,25.80,6.10,107600000.0,1.85,332600000.0,1.977,17.103001,177000000.0,1.042,15.05,76.63,N/A,4.985,1.97,1090000.0,underperform
1134,2011-07-28 18:54:47,1311893687.0,sna,53.38,26.04,1300.670044,6.56,19.48,77.74,16.25,1.21,2.24,7.43,13.55,6.56,15.25,47.67,4290000000.0,4290000000.0,11.79,1.27,1.55,9.82,1.55,1210000000.0,9.82,205900000.0,3.52,52.70,14.00,407500000.0,7.00,1170000000.0,2.06,25.60,4290000000.0,1.52,5.50,78.80,1290000.0,4.10,2.20,1260000.0,outperform
1135,2008-02-20 17:09:10,1203545350.0,sna,43.07,-46.44,1360.030029,-42.73,-3.710000000000001,0.405,16.11,0.99,2.24,6.24,11.18,7.49,16.06,50.159,2860000000.0,3290000000.0,N/A,1.24,1.13,8.222,1.13,1100000000.0,8.222,189200000.0,3.09,50.80,13.60,93000000.0,1.617,517900000.0,1.858,22.263,231100000.0,0.63,1.16,78.10,1.9,1.9,1.30,N/A,underperform
1136,2011-05-24 15:25:47,1306265147.0,sna,55.79,4.25,1316.280029,0.2,4.05,77.74,16.88,1.25,2.32,7.43,13.55,6.56,15.25,47.67,4219999999.9999995,4219999999.9999995,12.25,1.24,1.53,9.66,1.53,1210000000.0,9.66,205900000.0,3.52,52.70,14.00,407500000.0,7.00,1170000000.0,2.06,25.60,4219999999.9999995,1.56,5.50,78.80,3.00,3.00,1.50,1.28,outperform
1137,2007-11-07 12:17:23,1194455843.0,ms,46.35,-68.89,1475.619995,-38.68,-30.21,18.228,6.43,1.43,1.70,22.32,37.91,0.84,26.78,40.298,57850000000.0,228360000000.0,N/A,0.52,5.66,N/A,5.66,73000000000.0,N/A,9230000000.0,8.48,16.60,12.70,929840000000.0,876.196,642530000000.0,1.248,32.143002,19000000000.0,1.2,0.40,61.70,12510000.0,1.3,1.20,9450000.0,underperform
1138,2007-01-16 01:30:46,1168929046.0,ms,61.65,-30.01,1431.900024,-4.1,-25.910000000000004,17.07,11.73,2.55,2.64,22.07,36.04,N/A,23.67,33.514,86910000000.0,181450000000.0,N/A,0.87,5.36,N/A,5.36,52080000000.0,N/A,7480000000.0,7.07,10.50,23.20,852780000000.0,813.036,583320000000.0,N/A,31.239,N/A,1.26,0.97,68.50,9000000.0,2.5,0.90,9940000.0,underperform
1139,2008-01-24 07:13:08,1201176788.0,ms,46.65,-62.42,1352.069946,-38.47,-23.950000000000003,18.228,17.35,1.83,1.51,11.45,16.31,N/A,7.26,27.973,54610000000.0,234950000000.0,N/A,0.68,8.38,N/A,8.38,73000000000.0,N/A,2500000000.0,2.98,N/A,N/A,929840000000.0,880.293,642530000000.0,N/A,32.143002,N/A,1.69,0.26,69.40,23770000.0,1.2,2.30,18530000.0,underperform
1140,2013-05-17 03:56:16,1368777376.0,ms,24.83,21.1,1667.469971,13.26,7.840000000000002,578.31,47.09,1.78,0.80,4.11,17.43,0.24,2.63,14.47,160070000000.0,160070000000.0,9.72,1.51,5.85,N/A,5.85,26110000000.0,N/A,1070000000.0000001,0.52,N/A,17.80,617590000000.0,315.08,407690000000.0,1.28,31.21,21150000000.0,2.25,6.47,77.40,16510000.000000002,0.80,1.20,17440000.0,outperform
1141,2004-06-28 07:50:01,1088423401.0,ms,37.13,3.39,1133.349976,6.02,-2.6299999999999994,0.012,N/A,4.88,2.73,61.47,49.29,86.75,N/A,0.715,19130000.0,12890000.0,0.00,N/A,3.27,N/A,3.27,1970000.0,N/A,2420000.0,0.476,N/A,2.50,6330000.0,0.66,0.012,8.613,0.729,1980000.0,0.379,21.36,7.80,N/A,4.118,0.92,N/A,underperform
1142,2004-11-13 01:58:12,1100329092.0,ms,36.96,7.77,1162.910034,5.85,1.92,0.008,N/A,3.79,2.68,71.66,58.07,66.95,157.77,0.514,15370000.0,10950000.0,N/A,N/A,2.57,N/A,2.57,1970000.0,N/A,3050000.0,0.368,N/A,2.50,5240000.0,0.54,0.008,6.079,0.623,2380000.0,0.695,21.37,7.90,N/A,6.818,0.99,N/A,outperform
1143,2007-02-24 20:28:03,1172366883.0,ms,62.09,-36.69,1457.630005,-7.9,-28.79,17.07,11.46,2.56,2.65,22.07,36.04,N/A,23.67,33.514,84930000000.0,183430000000.0,N/A,0.87,5.42,N/A,5.42,73000000000.0,N/A,7480000000.0,7.07,10.50,23.20,852780000000.0,813.036,583320000000.0,N/A,31.239,N/A,1.27,0.39,63.10,7090000.0,1.7,0.70,9000000.0,underperform
1144,2006-06-27 21:51:48,1151459508.0,ms,44.31,44.19,1239.199951,21.56,22.63,18.745,12.63,2.28,2.15,17.94,32.45,0.62,18.55,27.392,64310000000.0,147350000000.0,N/A,0.75,5.18,N/A,5.18,52080000000.0,N/A,5440000000.0,4.752,11.30,24.10,776690000000.0,725.141,564650000000.0,1.201,28.142,37480000000.0,1.21,0.95,67.10,11060000.0,3.3,1.00,7640000.0,outperform
1145,2007-04-06 18:33:45,1175898825.0,ms,59.84,-25.3,1437.77002,-4.89,-20.41,18.027,9.92,2.33,2.44,23.61,37.56,N/A,N/A,36.032,85250000000.0,181660000000.0,N/A,0.83,5.00,N/A,5.00,73000000000.0,N/A,8420000000.0,8.10,71.20,29.60,905520000000.0,852.942,637520000000.0,N/A,32.667,N/A,1.38,0.38,69.70,7130000.0,0.70,0.70,6020000.0,underperform
1146,2008-12-18 04:00:55,1229590855.0,ms,15.21,83.23,885.2800289999999,24.53,58.7,11.072,49.55,0.76,0.52,1.85,8.76,0.04,1.17,21.879,17520000000.0,460430000000.0,N/A,0.35,20.53,N/A,20.53,85330000000.0,N/A,354000000.0,0.33,7.60,1.10,874650000000.0,823.597,395990000000.0,1.335,31.254,14040000000.0,2.08,0.28,70.30,53640000.0,1.2,5.10,45610000.0,outperform
1147,2005-02-10 21:07:03,1108087623.0,ms,42.41,4.5,1197.01001,5.85,-1.3499999999999996,0.01,N/A,6.33,5.39,71.68,70.81,63.06,119.86,0.517,26480000.0,23000000.0,N/A,N/A,5.40,N/A,5.40,1970000.0,N/A,3060000.0,0.37,N/A,2.50,4019999.9999999995,0.41,0.01,5.569,0.516,3160000.0,1.205,31.97,7.68,N/A,2.146,1.33,N/A,underperform
1148,2009-03-03 12:23:48,1236101028.0,ms,17.23,57.11,696.330017,60.67,-3.5600000000000023,N/A,12.39,0.86,0.59,7.58,11.28,0.21,4.40,21.89,19290000000.0,248860000000.0,N/A,0.67,11.06,N/A,11.06,60600000000.0,N/A,1690000000.0,1.45,N/A,N/A,574630000000.0,534.789,303670000000.0,1.559,30.237,73420000000.0,1.46,0.24,73.60,58500000.0,1.4,5.50,61630000.0,underperform
1149,2013-04-05 13:42:26,1365183746.0,ms,21.2,46.79,1553.280029,21.74,25.05,576.66,N/A,1.60,0.69,0.26,12.82,0.10,1.08,13.86,156510000000.0,156510000000.0,8.33,1.04,5.99,N/A,5.99,26110000000.0,N/A,8000000.0,0.02,N/A,N/A,601590000000.0,306.74,402140000000.0,1.29,30.70,24550000000.0,2.25,6.47,77.40,16700000.0,0.90,1.20,17240000.0,outperform
1150,2007-08-09 17:32:59,1186695179.0,ms,55.75,-25.42,1453.089966,-10.79,-14.630000000000003,16.427,7.03,1.76,1.79,23.78,37.87,0.83,25.66,39.025,65050000000.0,157290000000.0,N/A,0.59,4.02,N/A,4.02,73000000000.0,N/A,9150000000.0,8.80,40.20,32.40,876280000000.0,832.534,649060000000.0,1.271,36.522999,33799999999.999996,1.66,N/A,71.70,10240000.0,1.1,1.00,11160000.0,underperform
1151,2008-09-20 17:44:06,1221947046.0,ms,20.08,47.31,1156.390015,-7.86,55.17,12.971,81.71,1.12,0.75,1.85,6.61,N/A,N/A,21.88,30180000000.0,412610000000.0,N/A,0.50,18.40,N/A,18.40,85330000000.0,N/A,354000000.0,0.33,7.60,1.10,891290000000.0,803.545,447400000000.0,N/A,30.115,N/A,1.93,0.25,74.20,45100000.0,2.8,4.10,48380000.0,outperform
1152,2008-03-27 18:06:50,1206655610.0,ms,41.61,-44.53,1325.76001,-38.45,-6.079999999999998,16.827,24.14,2.00,1.67,7.92,13.19,N/A,N/A,26.229,51130000000.0,248970000000.0,N/A,0.70,9.45,N/A,9.45,85330000000.0,N/A,1730000000.0,1.92,42.00,24.20,829050000000.0,750.067,526150000000.0,N/A,28.561001,N/A,1.81,0.25,70.50,18630000.0,1.1,1.70,17530000.0,underperform
1153,2005-04-01 08:52:18,1112363538.0,ms,40.97,12.81,1172.920044,11.08,1.7300000000000004,0.01,N/A,9.36,7.97,71.68,70.81,63.06,119.86,0.517,39870000.0,35900000.0,N/A,N/A,8.42,N/A,8.42,1970000.0,N/A,3060000.0,0.37,N/A,2.50,4019999.9999999995,0.41,0.01,5.569,0.516,3160000.0,1.285,31.97,7.39,N/A,2.676,1.38,N/A,outperform
1154,2012-11-18 07:24:53,1353241493.0,ms,15.95,88.09,1353.329956,32.38,55.71,564.77,N/A,1.28,0.53,3.11,1.85,0.03,0.35,13.32,166170000000.0,166170000000.0,7.97,22.03,6.65,N/A,6.65,32400000000.0,N/A,855000000.0,0.46,N/A,46.10,591570000000.0,299.63,392350000000.0,1.60,30.53,18570000000.0,2.08,7.88,74.70,20730000.0,1.00,1.50,23840000.0,outperform
1155,2007-07-01 21:06:34,1183338394.0,ms,63.56,-48.02,1505.709961,-14.99,-33.03,18.332,9.54,2.32,2.45,23.78,37.87,N/A,N/A,39.025,89900000000.0,142490000000.0,N/A,0.72,3.64,N/A,3.64,73000000000.0,N/A,9150000000.0,8.80,39.30,31.50,929260000000.0,867.009,695770000000.0,N/A,34.714001,N/A,1.2,0.38,71.70,11160000.0,2.2,1.10,10220000.0,underperform
1156,2011-04-29 01:50:12,1304056212.0,ms,25.23,-33.97,1363.609985,1.99,-35.96,690.79,9.82,1.22,0.81,14.82,26.86,0.69,9.24,23.30,168520000000.0,168520000000.0,8.55,1.03,5.31,N/A,5.31,31620000000.0,N/A,3360000000.0,2.63,35.50,30.10,660520000000.0,436.85,451820000000.0,1.48,31.49,168520000000.0,1.24,9.95,69.20,14540000.0,1.30,N/A,15800000.0,underperform
1157,2013-01-16 07:42:48,1358340168.0,wmt,66.28,13.64,1472.630005,25.35,-11.71,73.22,14.19,0.49,3.10,3.57,5.94,8.61,22.96,136.83,277740000000.0,277740000000.0,12.82,1.51,0.60,7.72,0.60,111820000000.0,7.72,16590000000.0,4.86,9.00,3.40,8640000000.0,2.58,57910000000.0,0.83,22.00,27250000000.0,0.38,50.93,30.70,15760000.0,1.60,0.90,20260000.0,underperform
1158,2011-11-03 17:27:25,1320355645.0,wmt,53.34,29.92,1261.150024,12.14,17.78,77.92,12.19,0.45,2.90,3.87,6.00,8.73,23.18,122.20,244970000000.0,244970000000.0,11.69,1.33,0.57,7.24,0.57,106560000000.0,7.24,15690000000.0,4.70,5.70,5.40,8100000000.0,2.35,57100000000.0,0.86,19.63,244970000000.0,0.43,48.02,32.00,32689999.999999996,2.40,N/A,37430000.0,outperform
1159,2004-12-10 14:23:42,1102706622.0,wmt,42.94,-8.34,1188.0,5.84,-14.18,0.75,23.03,0.80,4.98,3.59,5.90,9.22,22.72,65.363,223470000000.0,252480000000.0,19.33,1.37,0.90,12.17,0.90,59930000000.0,12.17,9820000000.0,2.291,12.60,4.90,4640000000.0,1.1,33640000000.0,0.872,10.599,14550000000.0,0.673,39.94,37.39,28140000.0,2.906,1.11,24080000.0,underperform
1160,2006-11-07 21:35:39,1162953339.0,wmt,39.83,-6.13,1382.839966,6.71,-12.84,0.718,18.64,0.60,3.51,3.23,5.87,8.98,22.12,79.178,198650000000.0,232090000000.0,N/A,1.13,0.70,9.494,0.70,75260000000.0,9.494,11510000000.0,2.557,25.70,11.30,6390000000.0,1.532,40490000000.0,0.853,13.525,18430000000.0,0.06,41.21,36.20,36680000.0,2.6,0.90,33710000.0,underperform
1161,2004-08-10 23:53:47,1092196427.0,wmt,42.35,-5.24,1079.040039,13.91,-19.15,0.694,24.63,0.82,5.17,3.53,5.51,9.18,21.80,61.37,222480000000.0,244890000000.0,19.30,1.36,0.92,12.42,0.92,59930000000.0,12.42,9200000000.0,2.116,12.60,4.90,3830000000.0,0.9,29400000000.0,0.846,9.927,14210000000.0,0.721,38.94,37.35,23100000.0,2.027,0.89,27880000.0,underperform
1162,2007-03-12 18:34:48,1173738888.0,wmt,39.65,8.37,1406.599976,-6.11,14.48,0.634,17.44,0.57,3.20,3.27,5.94,8.85,21.23,82.851,196100000000.0,228580000000.0,N/A,1.02,0.66,8.806,0.66,75260000000.0,8.806,12180000000.0,2.71,9.70,9.90,7370000000.0,1.775,39020000000.0,0.9,14.826,20160000000.0,0.09,41.09,37.50,28440000.0,2.4,0.70,35240000.0,outperform
1163,2004-06-22 12:49:46,1087922986.0,wmt,43.93,-8.74,1134.410034,7.01,-15.75,0.694,25.96,0.88,5.53,3.53,5.51,9.18,21.80,61.37,234520000000.0,260089999999.99997,20.19,1.46,0.97,13.19,0.97,59930000000.0,13.19,9200000000.0,2.116,12.60,4.90,3830000000.0,0.9,29400000000.0,0.846,9.927,14210000000.0,0.796,38.94,37.47,25900000.0,2.625,0.99,24350000.0,underperform
1164,2006-12-13 05:29:46,1166005786.0,wmt,38.51,7.32,1413.209961,5.32,2.0,0.707,17.41,0.57,3.26,3.23,5.81,8.70,21.50,81.301,190270000000.0,227360000000.0,N/A,1.10,0.67,9.106,0.67,75260000000.0,9.106,11680000000.0,2.62,11.50,12.00,5910000000.0,1.417,41530000000.0,0.853,14.095,19580000000.0,0.03,41.22,39.00,34340000.0,1.9,0.80,36680000.0,outperform
1165,2007-01-01 20:03:58,1167699838.0,wmt,38.74,6.69,1418.300049,4.94,1.75,0.707,17.61,0.57,3.26,3.23,5.81,8.70,21.50,81.301,192480000000.0,228110000000.0,N/A,1.11,0.67,9.136,0.67,75260000000.0,9.136,11680000000.0,2.62,11.50,12.00,5910000000.0,1.417,41530000000.0,0.853,14.095,19580000000.0,0.17,41.22,38.70,32630000.000000004,2.2,0.80,34340000.0,outperform
1166,2007-01-17 08:13:04,1169039584.0,wmt,40.44,0.4,1430.619995,-6.81,7.21,0.707,18.42,0.59,3.40,3.23,5.81,8.70,21.50,81.301,201360000000.0,236980000000.0,N/A,1.15,0.70,9.492,0.70,75260000000.0,9.492,11680000000.0,2.62,11.50,12.00,5910000000.0,1.417,41530000000.0,0.853,14.095,19580000000.0,0.17,41.22,38.70,32630000.000000004,2.2,0.80,34340000.0,outperform
1167,2006-06-15 22:06:48,1150423608.0,wmt,40.52,3.13,1256.160034,22.03,-18.900000000000002,0.721,17.83,0.62,3.73,3.55,5.93,9.06,22.66,77.052,202800000000.0,231450000000.0,N/A,1.06,0.72,9.67,0.72,75260000000.0,9.67,11390000000.0,2.729,6.30,12.30,5860000000.0,1.406,38470000000.0,0.839,12.792,18860000000.0,0.21,41.23,36.50,27330000.0,2.6,0.70,33159999.999999996,underperform
1168,2006-12-08 16:29:19,1165613359.0,wmt,38.74,7.43,1409.839966,5.33,2.0999999999999996,0.707,17.72,0.57,3.29,3.23,5.81,8.70,21.50,81.301,193650000000.0,228900000000.0,N/A,1.12,0.68,9.168,0.68,75260000000.0,9.168,11680000000.0,2.62,11.50,12.00,5910000000.0,1.417,41530000000.0,0.853,14.095,19580000000.0,0.03,41.21,39.10,34340000.0,1.9,0.80,36680000.0,outperform
1169,2007-01-12 08:09:14,1168607354.0,wmt,40.25,-0.37,1430.72998,-1.51,1.1400000000000001,0.707,18.15,0.58,3.35,3.23,5.81,8.70,21.50,81.301,198400000000.0,232690000000.0,N/A,1.14,0.69,9.32,0.69,75260000000.0,9.32,11680000000.0,2.62,11.50,12.00,5910000000.0,1.417,41530000000.0,0.853,14.095,19580000000.0,0.17,41.22,38.70,32630000.000000004,2.2,0.80,34340000.0,outperform
1170,2012-06-20 10:12:22,1340201542.0,wmt,64.91,9.09,1355.689941,17.15,-8.059999999999999,73.69,14.61,0.50,3.34,3.52,5.94,8.82,23.49,132.57,276130000000.0,276130000000.0,12.70,1.66,0.61,7.82,0.61,111820000000.0,7.82,16079999999.999998,4.64,10.10,8.50,8130000000.000001,2.40,54820000000.0,0.83,20.31,27720000000.0,0.39,0.17,31.10,27580000.0,2.50,1.60,21130000.0,underperform
1171,2006-07-18 06:26:32,1153218392.0,wmt,35.95,13.18,1236.859985,25.01,-11.830000000000002,0.721,15.76,0.56,3.37,3.55,5.93,9.06,22.66,77.052,179300000000.0,212030000000.0,N/A,0.93,0.66,8.858,0.66,75260000000.0,8.858,11390000000.0,2.73,6.30,12.30,5860000000.0,1.406,38470000000.0,0.839,12.792,18860000000.0,0.21,41.23,36.60,26910000.0,0.60,0.60,27330000.0,underperform
1172,2007-04-19 16:54:17,1177016057.0,wmt,40.75,18.72,1470.72998,-5.47,24.189999999999998,0.634,17.82,0.57,3.22,3.24,5.88,8.85,21.23,83.73,198920000000.0,229490000000.0,N/A,1.05,0.66,8.842,0.66,84500000000.0,8.842,12180000000.0,2.71,9.70,11.10,7370000000.0,1.788,39020000000.0,0.9,14.905,20160000000.0,0.1,41.52,37.90,31770000.0,2.1,0.80,28440000.0,outperform
1173,2008-12-18 08:00:06,1229605206.0,wmt,48.21,-2.53,885.2800289999999,24.53,-27.060000000000002,0.718,15.97,0.54,3.31,3.39,5.78,8.77,21.14,102.189,216490000000.0,257640000000.0,N/A,1.40,0.64,8.568,0.64,92280000000.0,8.568,13590000000.0,3.46,9.80,7.40,5920000000.0,1.509,47070000000.0,0.872,16.708,20900000000.0,0.18,43.59,39.30,48820000.0,1.5,1.20,49760000.0,underperform
1174,2007-01-27 11:31:50,1169915510.0,wmt,40.78,2.55,1440.130005,-6.11,8.66,0.707,18.18,0.59,3.42,3.23,5.81,8.70,21.50,81.301,198690000000.0,234320000000.0,N/A,1.17,0.69,9.385,0.69,75260000000.0,9.385,11680000000.0,2.62,11.50,12.00,5910000000.0,1.417,41530000000.0,0.853,14.095,19580000000.0,0.17,41.22,38.70,35240000.0,2.4,0.90,32630000.000000004,outperform
1175,2006-08-15 18:20:18,1155680418.0,wmt,37.1,-0.7,1285.579956,9.42,-10.12,0.721,16.19,0.59,3.53,3.55,5.93,9.06,22.66,77.052,184140000000.0,220570000000.0,N/A,0.98,0.69,9.215,0.69,75260000000.0,9.215,11390000000.0,2.73,6.30,12.30,5860000000.0,1.406,38470000000.0,0.839,12.792,18860000000.0,0.2,41.23,36.10,29870000.0,2.9,0.70,26910000.0,underperform
1176,2004-10-18 20:24:43,1098145483.0,wmt,43.11,-13.71,1114.02002,5.76,-19.47,0.732,23.87,0.81,5.17,3.57,5.58,9.31,22.36,63.457,224510000000.0,249740000000.0,19.46,1.38,0.91,12.24,0.91,59930000000.0,12.24,9570000000.0,2.217,12.60,4.90,4710000000.0,1.11,31590000000.0,0.828,10.169,14550000000.0,0.739,38.94,36.88,28540000.0,3.257,1.10,24370000.0,underperform
1177,2006-08-23 04:21:55,1156321315.0,wmt,36.58,0.46,1292.98999,13.11,-12.649999999999999,0.718,17.24,0.56,3.26,3.23,5.88,9.00,22.12,79.178,183680000000.0,217870000000.0,N/A,1.01,0.66,8.899,0.66,75260000000.0,8.899,11510000000.0,2.56,25.70,10.00,6390000000.0,1.532,40490000000.0,0.853,13.525,18430000000.0,0.2,41.23,37.80,29870000.0,2.9,0.70,26910000.0,underperform
1178,2011-09-30 03:44:39,1317368679.0,wmt,48.21,46.55,1131.420044,26.68,19.869999999999997,77.92,11.05,0.41,2.61,3.87,6.00,8.73,23.18,122.20,225840000000.0,225840000000.0,10.62,1.16,0.52,6.68,0.52,106560000000.0,6.68,15690000000.0,4.70,5.70,5.40,8100000000.0,2.35,57100000000.0,0.86,19.63,225840000000.0,0.35,48.02,32.00,47070000.0,3.40,N/A,45760000.0,outperform
1179,2007-07-03 02:26:00,1183443960.0,wmt,41.05,18.73,1524.869995,-17.27,36.0,0.704,17.48,0.56,3.30,3.23,5.89,8.84,21.80,85.578,198580000000.0,233310000000.0,N/A,1.24,0.66,8.775,0.66,84500000000.0,8.775,12340000000.0,2.765,8.10,8.50,6560000000.0,1.597,42200000000.0,0.87,14.581,18270000000.0,0.08,41.68,38.50,37140000.0,1.9,0.90,38120000.0,outperform
1180,2010-01-05 16:32:26,1262727146.0,wmt,47.73,3.69,1136.52002,12.32,-8.63,N/A,15.62,0.51,3.05,3.34,5.79,8.59,20.29,103.829,247980000000.0,247980000000.0,N/A,1.27,0.61,8.168,0.61,99450000000.0,8.168,13520000000.0,3.45,3.20,1.10,6000000000.0,1.576,47350000000.0,0.878,17.764999,25160000000.0,0.26,44.94,36.80,28220000.0,2.2,N/A,28200000.0,underperform
1181,2011-11-06 21:04:52,1320631492.0,wmt,53.34,30.58,1261.150024,12.38,18.199999999999996,77.92,12.24,0.46,2.93,3.87,6.00,8.73,23.18,122.20,247180000000.0,247180000000.0,11.73,1.36,0.57,7.31,0.57,106560000000.0,7.31,15690000000.0,4.70,5.70,5.40,8100000000.0,2.35,57100000000.0,0.86,19.63,247180000000.0,0.43,48.02,32.00,32689999.999999996,2.40,N/A,37430000.0,outperform
1182,2008-12-20 10:32:19,1229787139.0,wmt,48.02,-2.31,904.419983,21.19,-23.5,0.718,16.13,0.54,3.32,3.39,5.78,8.77,21.14,102.189,218640000000.0,259790000000.00003,N/A,1.40,0.64,8.639,0.64,92280000000.0,8.639,13590000000.0,3.46,9.80,7.40,5920000000.0,1.509,47070000000.0,0.872,16.708,20900000000.0,0.18,43.59,39.30,48820000.0,1.5,1.20,49760000.0,underperform
1183,2008-01-23 15:59:28,1201121968.0,wmt,42.89,-0.86,1338.599976,-38.18,37.32,0.752,16.24,0.53,3.12,3.39,5.84,8.56,20.89,90.199,198920000000.0,239520000000.0,N/A,1.32,0.65,8.632,0.65,84500000000.0,8.632,12730000000.0,3.06,7.90,8.90,4950000000.0,1.236,47440000000.0,0.844,15.751,19520000000.0,0.05,42.78,37.90,45500000.0,3.1,1.10,49540000.0,outperform
1184,2003-10-03 01:54:38,1065160478.0,wmt,46.42,-6.98,1029.849976,8.25,-15.23,0.601,29.41,0.99,5.85,3.44,5.31,9.12,21.45,56.994,249310000000.0,270440000000.0,24.38,1.75,1.08,14.97,1.08,54690000000.0,14.97,8460000000.000001,N/A,20.50,12.20,4470000000.0,1.02,25610000000.0,0.979,9.75,N/A,0.882,38.94,37.61,25800000.0,3.674,0.97,31060000.0,underperform
1185,2007-03-04 15:31:17,1173040277.0,wmt,40.18,6.17,1403.170044,-5.12,11.29,0.634,17.66,0.58,3.23,3.27,5.94,8.85,21.23,82.851,198550000000.0,230200000000.0,N/A,1.03,0.67,8.869,0.67,75260000000.0,8.869,12180000000.0,2.71,9.70,9.90,7370000000.0,1.775,39020000000.0,0.9,14.826,20160000000.0,0.09,41.09,37.50,28440000.0,2.4,0.70,35240000.0,outperform
1186,2011-05-22 13:12:58,1306084378.0,wmt,51.15,16.75,1343.599976,-2.05,18.8,81.36,12.07,0.46,2.98,3.87,6.03,8.91,23.44,118.76,239620000000.0,239620000000.0,11.28,1.20,0.56,7.16,0.56,106560000000.0,7.16,15480000000.0,4.58,3.00,4.40,9400000000.0,2.69,55670000000.0,0.90,18.59,239620000000.0,0.36,48.02,32.00,31870000.0,3.60,1.80,30240000.0,outperform
1187,2008-05-27 22:17:25,1211941045.0,wmt,48.66,-10.83,1385.349976,-35.54,24.71,0.76,17.59,0.57,3.49,3.33,5.84,8.76,21.24,96.327,223170000000.0,260600000000.00003,N/A,1.42,0.67,8.957,0.67,92280000000.0,8.957,13080000000.0,3.21,6.90,10.30,8070000000.0,2.04,48070000000.0,0.823,15.979,22210000000.0,0.06,43.41,39.20,49610000.0,2.6,1.30,45080000.0,outperform
1188,2003-12-03 01:15:06,1070432106.0,wmt,42.55,1.48,1064.72998,11.8,-10.32,0.601,26.94,0.94,5.59,3.46,5.31,9.15,21.64,57.791,231650000000.0,259260000000.0,23.39,1.71,1.02,14.35,1.02,54690000000.0,14.35,8670000000.0,1.968,20.50,12.20,4470000000.0,1.02,25610000000.0,0.979,9.75,N/A,0.857,38.94,37.42,26570000.0,4.126,1.00,27020000.0,underperform
1189,2006-11-14 02:03:35,1163487815.0,wmt,39.84,-0.63,1393.219971,5.55,-6.18,0.718,18.11,0.59,3.44,3.23,5.87,8.98,22.12,79.178,193110000000.0,227830000000.0,N/A,1.11,0.69,9.32,0.69,75260000000.0,9.32,11510000000.0,2.557,25.70,11.30,6390000000.0,1.532,40490000000.0,0.853,13.525,18430000000.0,0.06,41.21,35.70,36680000.0,2.6,0.90,33710000.0,underperform
1190,2007-02-12 06:43:02,1171280582.0,wmt,40.05,7.29,1433.369995,-5.9,13.190000000000001,0.707,18.30,0.59,3.43,3.23,5.81,8.70,21.50,81.301,199940000000.0,N/A,N/A,1.15,N/A,N/A,N/A,75260000000.0,N/A,11680000000.0,2.62,11.50,12.00,5910000000.0,1.417,41530000000.0,0.853,14.095,19580000000.0,0.17,41.09,37.30,35240000.0,2.4,0.90,32630000.000000004,outperform
1191,2007-05-19 20:03:21,1179619401.0,wmt,39.96,23.32,1514.140015,-5.98,29.3,0.704,17.10,0.55,3.25,3.23,5.87,8.81,21.80,85.578,194960000000.0,230600000000.0,N/A,1.03,0.65,8.7,0.65,84500000000.0,8.7,12340000000.0,2.77,8.10,9.60,6560000000.0,1.591,42200000000.0,0.877,14.503,18270000000.0,0.09,41.54,37.10,33890000.0,2.5,0.80,31770000.0,outperform
1192,2011-11-06 19:39:43,1320626383.0,wmt,53.34,30.58,1261.150024,12.38,18.199999999999996,77.92,12.24,0.46,2.93,3.87,6.00,8.73,23.18,122.20,247180000000.0,247180000000.0,11.73,1.36,0.57,7.31,0.57,106560000000.0,7.31,15690000000.0,4.70,5.70,5.40,8100000000.0,2.35,57100000000.0,0.86,19.63,247180000000.0,0.43,48.02,32.00,32689999.999999996,2.40,N/A,37430000.0,outperform
1193,2012-01-14 11:04:15,1326557055.0,wmt,55.52,17.9,1292.47998,13.9,3.9999999999999982,82.66,12.60,0.46,3.04,3.77,5.94,8.56,23.11,126.05,256160000000.00003,256160000000.00003,12.13,1.39,0.58,7.48,0.58,106560000000.0,7.48,15590000000.0,4.72,2.90,8.10,7060000000.0,2.06,59320000000.0,0.88,19.54,24290000000.0,0.46,49.74,31.30,23150000.0,2.40,1.30,24550000.0,outperform
1194,2006-07-18 22:24:30,1153275870.0,wmt,35.95,13.18,1236.859985,25.01,-11.830000000000002,0.721,15.82,0.56,3.36,3.55,5.93,9.06,22.66,77.052,179920000000.0,211900000000.0,N/A,0.93,0.66,8.853,0.66,75260000000.0,8.853,11390000000.0,2.729,6.30,12.30,5860000000.0,1.406,38470000000.0,0.839,12.792,18860000000.0,0.21,41.23,36.60,26910000.0,0.60,0.60,27330000.0,underperform
1195,2008-10-27 11:28:55,1225121335.0,wmt,43.03,2.51,848.919983,25.27,-22.759999999999998,0.667,15.29,0.51,3.03,3.38,5.83,8.94,20.75,99.707,202210000000.0,239860000000.0,N/A,1.30,0.60,8.053,0.60,92280000000.0,8.053,13390000000.0,3.361,16.80,10.40,6910000000.0,1.756,44560000000.0,0.902,16.978001,24140000000.0,0.02,43.59,40.30,50210000.0,1.8,1.30,51200000.0,underperform
1196,2007-02-21 03:00:42,1172044842.0,wmt,41.92,1.57,1457.630005,-7.9,9.47,0.707,19.17,0.60,3.44,3.23,5.81,8.70,21.50,81.301,209480000000.0,N/A,N/A,1.16,N/A,N/A,N/A,75260000000.0,N/A,11680000000.0,2.62,11.50,12.00,5910000000.0,1.417,41530000000.0,0.853,14.095,19580000000.0,0.17,41.22,38.70,35240000.0,2.4,0.90,32630000.000000004,outperform
1197,2007-06-23 09:06:00,1182603960.0,wmt,41.15,20.95,1512.839966,-11.24,32.19,0.704,17.30,0.56,3.32,3.23,5.89,8.84,21.80,85.578,196520000000.0,232160000000.0,N/A,1.08,0.65,8.732,0.65,84500000000.0,8.732,12340000000.0,2.77,8.10,8.50,6560000000.0,1.597,42200000000.0,0.87,14.581,18270000000.0,0.08,41.68,38.50,38120000.0,3.1,0.90,33890000.0,outperform
1198,2006-12-18 15:59:02,1166475542.0,wmt,38.9,6.04,1422.47998,2.28,3.7600000000000002,0.707,17.77,0.57,3.30,3.23,5.81,8.70,21.50,81.301,194190000000.0,229230000000.0,N/A,1.09,0.68,9.181,0.68,75260000000.0,9.181,11680000000.0,2.62,11.50,12.00,5910000000.0,1.417,41530000000.0,0.853,14.095,19580000000.0,0.03,41.22,39.00,34340000.0,1.9,0.80,36680000.0,outperform
1199,2007-01-13 04:00:47,1168678847.0,wmt,39.67,4.34,1414.849976,0.39,3.9499999999999997,0.707,18.30,0.59,3.38,3.23,5.81,8.70,21.50,81.301,199980000000.0,234020000000.0,N/A,1.15,0.69,9.373,0.69,75260000000.0,9.373,11680000000.0,2.622,11.50,12.00,5910000000.0,1.417,41530000000.0,0.853,14.095,19580000000.0,0.17,41.22,38.70,32630000.000000004,2.2,0.80,34340000.0,outperform
1200,2009-01-31 00:53:31,1233381211.0,wmt,42.4,10.31,874.090027,24.08,-13.769999999999998,0.718,13.64,0.46,2.86,3.39,5.78,8.77,21.14,102.189,184830000000.0,228880000000.0,N/A,1.24,0.57,7.611,0.57,92280000000.0,7.611,13590000000.0,3.46,9.80,7.40,5920000000.0,1.509,47070000000.0,0.872,16.708,20900000000.0,0.18,43.71,39.30,50760000.0,2.1,1.30,50960000.0,underperform
1201,2007-01-07 13:35:15,1168194915.0,wmt,40.09,-0.7,1418.339966,-0.15,-0.5499999999999999,0.707,18.07,0.59,3.39,3.23,5.81,8.70,21.50,81.301,197520000000.0,233150000000.0,N/A,1.15,0.69,9.338,0.69,75260000000.0,9.338,11680000000.0,2.62,11.50,12.00,5910000000.0,1.417,41530000000.0,0.853,14.095,19580000000.0,0.17,41.22,38.70,32630000.000000004,2.2,0.80,34340000.0,underperform
1202,2012-01-07 09:19:59,1325945999.0,wmt,55.81,18.04,1277.300049,14.25,3.789999999999999,82.66,12.49,0.46,3.04,3.77,5.94,8.56,23.11,126.05,254310000000.0,254310000000.0,12.02,1.37,0.58,7.43,0.58,106560000000.0,7.43,15590000000.0,4.72,2.90,8.10,7060000000.0,2.06,59320000000.0,0.88,19.54,24290000000.0,0.46,49.74,31.30,24550000.0,2.40,1.40,30010000.0,outperform
1203,2006-11-30 23:19:04,1164946744.0,wmt,38.53,5.81,1400.630005,5.75,0.05999999999999961,0.707,17.58,0.58,3.33,3.23,5.84,8.74,21.50,81.301,192190000000.0,231110000000.0,N/A,1.12,0.68,9.227,0.68,75260000000.0,9.227,11680000000.0,2.62,11.50,10.70,5910000000.0,1.417,41530000000.0,0.853,14.095,19580000000.0,0.06,41.21,39.10,34340000.0,1.9,0.80,36680000.0,outperform
1204,2011-09-03 08:31:58,1315053118.0,wmt,49.41,39.26,1218.890015,14.82,24.439999999999998,77.90,11.07,0.42,2.69,3.87,6.00,8.73,23.18,122.20,229620000000.0,229620000000.0,10.64,1.18,0.53,6.79,0.53,106560000000.0,6.79,15690000000.0,4.70,5.70,5.40,8100000000.0,2.33,57080000000.0,0.86,19.57,229620000000.0,0.35,48.02,32.00,44450000.0,2.90,2.50,40680000.0,outperform
1205,2011-06-29 04:28:31,1309336111.0,wmt,48.53,33.32,1307.410034,1.65,31.67,81.39,11.47,0.43,2.80,3.87,6.03,8.91,23.44,118.76,227860000000.0,227860000000.0,10.70,1.14,0.54,6.81,0.54,106560000000.0,6.81,15480000000.0,4.58,3.00,4.40,9400000000.0,2.71,55680000000.0,0.90,18.68,227860000000.0,0.36,48.02,32.00,36500000.0,3.30,2.10,31800000.0,outperform
1206,2007-10-13 03:34:25,1192260865.0,wmt,38.81,14.71,1562.469971,-41.76,56.47,0.691,15.77,0.53,3.06,3.41,5.80,8.72,21.01,87.747,191450000000.0,227750000000.0,N/A,1.22,0.63,8.456,0.63,84500000000.0,8.456,12460000000.0,2.99,41.70,8.90,6090000000.0,1.498,43040000000.0,0.84,15.31,19500000000.0,0.2,41.94,38.50,45430000.0,1.9,1.10,44500000.0,outperform
1207,2004-04-12 04:56:08,1081760168.0,wmt,46.49,-14.33,1145.199951,3.72,-18.05,0.615,27.95,0.97,5.75,3.51,5.49,9.08,21.30,59.164,245340000000.0,266959999999.99997,20.92,1.49,1.03,14.02,1.03,54690000000.0,14.02,8860000000.0,2.028,20.50,12.20,5200000000.0,1.2,26820000000.0,0.915,10.086,14760000000.0,0.795,38.95,36.27,24360000.0,2.092,0.92,20520000.0,underperform
1208,2005-10-16 05:43:15,1129455795.0,wmt,36.89,9.49,1176.839966,16.33,-6.839999999999998,0.756,17.76,0.62,3.92,3.59,5.94,9.44,23.59,70.724,187490000000.0,217890000000.0,N/A,1.07,0.73,9.733,0.73,68200000000.0,9.733,10720000000.0,2.54,5.80,10.20,5670000000.0,1.363,36080000000.0,0.822,11.43,16640000000.0,N/A,0.69,37.10,40020000.0,2.9,1.00,32070000.0,underperform
1209,2007-01-22 04:07:57,1169456877.0,wmt,40.24,4.55,1422.949951,-7.9,12.45,0.707,18.42,0.60,3.43,3.23,5.81,8.70,21.50,81.301,201360000000.0,236980000000.0,N/A,1.16,0.70,9.492,0.70,75260000000.0,9.492,11680000000.0,2.62,11.50,12.00,5910000000.0,1.417,41530000000.0,0.853,14.095,19580000000.0,0.17,41.22,38.70,32630000.000000004,2.2,0.80,34340000.0,outperform
1210,2012-10-14 22:45:50,1350269150.0,wmt,71.43,1.99,1432.839966,19.35,-17.360000000000003,73.66,15.98,0.55,3.60,3.53,5.94,8.79,22.90,134.91,302160000000.0,302160000000.0,14.09,1.84,0.66,8.46,0.66,111820000000.0,8.46,16300000000.0,4.74,5.70,4.50,8020000000.0,2.38,55350000000.0,0.82,20.84,26140000000.0,0.42,50.93,30.70,20350000.0,3.30,1.20,22470000.0,underperform
1211,2006-08-22 11:58:47,1156262327.0,wmt,36.84,1.09,1298.819946,12.72,-11.63,0.718,17.24,0.56,3.26,3.23,5.88,9.00,22.12,79.178,183770000000.0,217870000000.0,N/A,1.01,0.66,8.899,0.66,75260000000.0,8.899,11510000000.0,2.56,25.70,10.00,6390000000.0,1.532,40490000000.0,0.853,13.525,18430000000.0,0.2,41.23,37.80,29870000.0,2.9,0.70,26910000.0,underperform
1212,2013-05-08 21:34:35,1368063275.0,wmt,75.87,3.04,1632.689941,14.88,-11.84,65.92,15.59,0.55,3.40,3.62,5.93,8.76,22.42,139.05,307340000000.0,307340000000.0,13.31,1.56,0.66,8.47,0.66,116670000000.0,8.47,17000000000.0,5.02,8.60,3.90,7810000000.0,2.37,54230000000.0,0.84,23.04,25590000000.0,0.42,50.12,30.80,27610000.0,3.60,1.70,26370000.0,underperform
1213,2013-09-02 11:16:26,1378134986.0,wmt,,,1632.969971,22.62,,74.14,14.21,0.50,3.31,3.61,5.91,8.81,23.45,142.43,285630000000.0,285630000000.0,12.74,1.53,0.60,7.79,0.60,116670000000.0,7.79,17090000000.0,5.14,1.30,2.30,9020000000.0,2.75,57220000000.0,0.83,21.86,25250000000.0,0.33,51.17,30.40,20760000.0,3.70,1.30,20970000.0,underperform
1214,2013-01-30 10:59:32,1359561572.0,wmt,66.79,9.81,1501.959961,19.46,-9.65,73.22,14.38,0.50,3.18,3.57,5.94,8.61,22.96,136.83,283060000000.0,283060000000.0,12.99,1.54,0.61,7.87,0.61,111820000000.0,7.87,16590000000.0,4.86,9.00,3.40,8640000000.0,2.58,57910000000.0,0.83,22.00,27250000000.0,0.38,50.93,30.70,16960000.0,2.20,1.00,15760000.0,underperform
1215,2013-04-22 02:26:51,1366612011.0,wmt,75.15,1.92,1562.5,20.29,-18.369999999999997,65.92,15.60,0.54,3.35,3.62,5.93,8.76,22.42,139.05,304180000000.0,304180000000.0,13.31,1.60,0.65,8.38,0.65,116670000000.0,8.38,17000000000.0,5.02,8.60,3.90,7810000000.0,2.37,54230000000.0,0.84,23.04,25590000000.0,0.41,50.12,30.80,26370000.0,3.30,1.60,33100000.0,underperform
1216,2012-10-19 19:14:02,1350688442.0,wmt,72.02,2.39,1433.189941,20.12,-17.73,73.66,15.93,0.56,3.67,3.53,5.94,8.79,22.90,134.91,304680000000.0,304680000000.0,13.99,1.69,0.66,8.54,0.66,111820000000.0,8.54,16300000000.0,4.74,5.70,4.50,8020000000.0,2.38,55350000000.0,0.82,20.84,26140000000.0,0.42,50.93,30.70,20350000.0,3.30,1.20,22470000.0,underperform
1217,2012-10-19 19:14:56,1350688496.0,rtn,52.7,41.18,1433.189941,20.12,21.06,52.36,9.92,0.77,2.19,8.00,12.63,7.88,20.89,71.88,20650000000.0,20650000000.0,10.01,1.23,0.84,5.95,0.84,5160000000.0,5.95,1950000000.0,5.64,7.50,3.40,2910000000.0,8.75,4610000000.0,1.62,26.02,2040000000.0,0.79,0.26,77.90,7040000.0,4.50,2.10,7060000.0,outperform
1218,2011-08-17 16:40:48,1313613648.0,rtn,37.23,41.69,1193.890015,18.56,23.13,34.94,7.62,0.57,1.42,7.90,11.20,7.52,19.63,70.33,15960000000.0,15960000000.0,7.47,0.91,0.63,5.00,0.63,4880000000.0,5.00,1930000000.0,5.44,110.60,4.20,2120000000.0,5.98,3610000000.0,1.51,28.85,15960000000.0,0.71,0.35,76.50,5630000.0,2.00,1.60,5910000.0,outperform
1219,2007-03-11 21:41:27,1173663687.0,rtn,42.23,21.36,1401.890015,-9.17,30.53,0.357,18.61,1.16,2.11,6.32,9.34,4.75,10.15,45.933,23630000000.0,25130000000.0,N/A,1.11,1.24,11.081,1.24,3730000000.0,11.081,1110000000.0,2.85,32.20,11.40,2460000000.0,5.513,3970000000.0,1.417,24.896999,2740000000.0,0.67,0.04,77.00,5430000.0,2.9,1.20,5860000.0,outperform
1220,2004-09-16 08:02:07,1095336127.0,rtn,27.66,7.66,1123.5,10.18,-2.5199999999999996,0.655,61.49,0.86,1.63,1.28,4.51,1.02,2.63,45.105,16420000000.000002,21740000000.0,19.89,2.14,1.14,16.96,1.14,3110000000.0,16.96,245000000.0,0.592,N/A,8.00,1080000000.0,2.39,6540000000.0,1.579,22.157,2360000000.0,0.399,0.35,74.71,2940000.0,1.434,0.66,4350000.0,underperform
1221,2013-05-07 09:56:09,1367934969.0,rtn,60.97,58.39,1625.959961,15.51,42.88,55.92,11.05,0.84,2.46,7.92,12.22,7.11,22.91,73.65,21180000000.0,21180000000.0,11.37,1.79,0.87,6.34,0.87,5320000000.0,6.34,1890000000.0,5.70,8.90,1.00,4010000000.0,12.36,4730000000.0,1.66,25.56,2260000000.0,0.69,0.27,79.90,4500000.0,2.00,N/A,4610000.0,outperform
1222,2009-02-27 02:11:27,1235718687.0,rtn,33.35,44.5,735.090027,50.35,-5.850000000000001,N/A,10.66,0.75,1.91,7.22,11.20,6.97,15.48,56.33,16989999999.999998,17430000000.0,N/A,0.78,0.75,5.837,0.75,4260000000.0,5.837,1670000000.0,3.95,29.60,8.70,2260000000.0,5.592,2310000000.0,1.44,22.493,2020000000.0,0.52,0.13,76.60,9420000.0,2.4,2.30,8730000.0,underperform
1223,2010-01-05 08:25:26,1262697926.0,rtn,44.14,-4.37,1136.52002,12.32,-16.69,N/A,11.28,0.82,2.10,7.62,11.82,7.69,16.66,62.053,19860000000.0,19860000000.0,N/A,1.19,0.82,6.227,0.82,4660000000.0,6.227,1850000000.0,4.63,14.80,5.80,2440000000.0,6.372,2290000000.0,1.46,24.896,2100000000.0,0.71,0.23,79.20,9620000.0,3.5,2.40,9520000.0,underperform
1224,2007-06-11 14:55:25,1181588125.0,rtn,45.11,7.65,1509.119995,-9.98,17.630000000000003,0.354,18.89,1.22,2.24,6.53,9.59,4.97,10.40,46.575,24900000000.0,26620000000.0,N/A,1.18,1.30,11.347,1.30,3730000000.0,11.347,1150000000.0,2.969,20.60,5.80,1660000000.0,3.74,3970000000.0,1.414,25.267,2350000000.0,0.71,0.04,76.20,5700000.0,1.30,1.30,5440000.0,outperform
1225,2008-12-26 22:51:51,1230349911.0,rtn,40.92,8.38,872.7999880000001,28.39,-20.009999999999998,0.179,11.46,0.88,1.60,8.01,11.24,6.87,15.29,55.467,20420000000.0,19830000000.0,N/A,0.98,0.86,6.654,0.86,4260000000.0,6.654,1890000000.0,4.30,42.80,12.40,2760000000.0,6.668,2270000000.0,1.615,30.693001,2500000000.0,0.55,0.15,79.30,9190000.0,1.8,2.20,7980000.0,underperform
1226,2004-11-05 16:30:02,1099690202.0,rtn,28.9,2.28,1166.170044,4.17,-1.8900000000000001,0.636,39.64,0.87,1.69,2.09,5.35,1.72,4.31,45.464,17059999999.999998,22350000000.0,20.29,2.38,1.14,15.05,1.14,3110000000.0,15.05,410000000.0,0.952,N/A,8.00,1120000000.0,2.48,6430000000.0,1.458,22.344,2060000000.0,0.411,0.37,75.68,3780000.0,2.671,0.84,3310000.0,underperform
1227,2011-02-17 00:25:38,1297920338.0,rtn,45.57,0.44,1340.430054,1.55,-1.11,36.50,10.43,0.73,1.89,7.31,10.35,6.79,18.59,67.57,18550000000.0,18550000000.0,9.19,1.34,0.74,6.13,0.74,5130000000.0,6.13,1800000000.0,4.89,8.90,3.30,3640000000.0,10.02,3610000000.0,1.48,26.86,18550000000.0,0.73,0.33,76.40,6710000.0,2.20,1.80,7040000.0,underperform
1228,2011-09-25 21:03:36,1316999016.0,rtn,34.95,54.79,1129.560059,28.98,25.81,34.94,7.23,0.54,1.35,7.90,11.20,7.52,19.63,70.33,15400000000.0,15400000000.0,7.17,0.86,0.61,4.82,0.61,4880000000.0,4.82,1930000000.0,5.44,110.60,4.20,2120000000.0,5.98,3610000000.0,1.51,28.85,15400000000.0,0.70,0.35,76.50,7350000.0,1.50,2.10,7020000.0,outperform
1229,2012-03-16 03:40:03,1331883603.0,rtn,47.84,13.75,1404.170044,10.71,3.039999999999999,55.22,10.07,0.72,2.17,7.51,11.74,7.26,20.81,70.68,18450000000.0,18450000000.0,9.44,1.26,0.74,5.63,0.74,5160000000.0,5.63,1840000000.0,5.19,18.30,6.40,4000000000.0,11.77,4600000000.0,1.52,24.14,2109999999.9999998,0.73,0.36,75.80,5060000.0,2.20,1.40,4820000.0,outperform
1230,2010-01-18 06:26:33,1263813993.0,rtn,,,1136.030029,14.0,,N/A,11.66,0.86,2.18,7.62,11.82,7.69,16.66,62.053,20540000000.0,20540000000.0,N/A,1.24,0.85,6.44,0.85,4660000000.0,6.44,1850000000.0,4.63,14.80,5.80,2440000000.0,6.372,2290000000.0,1.46,24.896,2100000000.0,0.71,0.22,78.80,9010000.0,3.8,2.30,9620000.0,underperform
1231,2013-04-23 11:21:04,1366730464.0,rtn,55.14,79.51,1578.780029,18.79,60.720000000000006,57.77,10.27,0.76,2.33,7.73,12.19,7.08,23.00,73.27,19340000000.0,19340000000.0,10.30,1.89,0.79,5.78,0.79,5320000000.0,5.78,1850000000.0,5.54,13.60,0.30,4040000000.0,12.39,4730000000.0,1.57,24.46,1960000000.0,0.69,0.27,79.90,4610000.0,2.00,1.40,6250000.0,outperform
1232,2011-11-22 14:45:36,1321991136.0,rtn,39.54,33.23,1188.040039,17.09,16.139999999999997,34.71,8.89,0.59,1.46,7.04,11.07,7.45,17.99,70.97,16210000000.0,16210000000.0,8.31,0.96,0.64,5.14,0.64,4880000000.0,5.14,1790000000.0,4.89,31.20,2.20,2400000000.0,6.95,3610000000.0,1.41,29.65,16210000000.0,0.81,0.35,76.50,6030000.0,2.10,1.70,5910000.0,outperform
1233,2011-05-22 13:14:56,1306084496.0,rtn,44.38,4.98,1343.599976,-2.05,7.03,35.92,10.49,0.70,1.68,7.06,9.93,6.47,17.45,68.52,18560000000.0,18560000000.0,8.86,1.20,0.74,6.54,0.74,4880000000.0,6.54,1700000000.0,4.71,13.70,0.10,2660000000.0,7.47,3610000000.0,1.48,29.59,18560000000.0,0.74,0.35,76.50,6580000.0,2.60,1.90,5770000.0,outperform
1234,2008-06-13 22:04:45,1213409085.0,rtn,47.68,-19.55,1360.030029,-30.95,11.399999999999999,0.181,9.72,1.11,1.92,12.04,11.05,6.26,14.84,51.132,24550000000.0,24260000000.0,N/A,1.12,1.11,8.688,1.11,4260000000.0,8.688,1770000000.0,5.97,15.00,11.40,2290000000.0,5.407,2290000000.0,1.676,29.884001,1670000000.0,0.12,0.11,79.40,7320000.0,3.5,1.70,6940000.0,outperform
1235,2013-04-22 02:41:34,1366612894.0,hov,5.13,-10.92,1562.5,20.29,-31.21,N/A,N/A,0.42,N/A,3.76,6.59,4.21,N/A,11.69,2260000000.0,2260000000.0,10.25,10.58,1.44,20.58,1.44,214840000.0,20.58,59240000.0,0.44,N/A,32.90,232790000.0,1.67,1670000000.0,7.69,4.43,18100000.0,2.66,12.53,43.40,33439999.999999996,4.80,29.90,31820000.0,underperform
1236,2012-02-01 18:13:31,1328138011.0,hov,2.52,126.59,1324.089966,13.14,113.45,N/A,N/A,0.20,N/A,25.21,1.46,0.61,N/A,11.30,1840000000.0,1840000000.0,N/A,0.33,1.62,254.96,1.62,23210000.0,254.96,286090000.0,2.85,N/A,3.20,244360000.0,2.56,1720000000.0,5.07,6.65,207410000.0,3.50,16.54,31.40,16260000.000000002,6.30,32.20,15830000.0,outperform
1237,2008-10-29 00:05:16,1225253116.0,hov,3.47,17.87,930.090027,14.62,3.2500000000000018,3.404,N/A,0.07,0.40,28.67,6.87,3.61,88.99,59.844,277050000.0,2370000000.0,N/A,N/A,0.59,7.757,0.59,231540000.0,7.757,1140000000.0,17.198,N/A,36.60,677210000.0,8.824,2650000000.0,10.155,8.373,644950000.0,0.77,20.89,87.50,23760000.0,5.4,47.10,27790000.0,outperform
1238,2013-04-26 07:09:40,1366974580.0,hov,5.67,-21.16,1582.23999,18.53,-39.69,N/A,N/A,0.49,N/A,3.76,6.59,4.21,N/A,11.69,2260000000.0,2260000000.0,11.50,10.58,1.44,20.58,1.44,214840000.0,20.58,59240000.0,0.44,N/A,32.90,232790000.0,1.67,1670000000.0,7.69,4.43,18100000.0,2.66,12.53,43.40,33439999.999999996,4.80,29.90,31820000.0,underperform
1239,2006-11-30 08:49:11,1164894551.0,hov,35.51,-78.71,1400.630005,5.75,-84.46,1.24,5.12,0.33,1.07,7.01,11.57,9.72,23.51,98.296,2049999999.9999998,4690000000.0,N/A,0.61,0.76,5.7,0.76,1410000000.0,5.7,422160000.0,6.484,33.60,18.10,36790000.0,0.595,2550000000.0,9.08,31.068001,717430000.0,2.4,23.70,72.70,10430000.0,8.3,29.60,10540000.0,underperform
1240,2012-04-21 12:27:28,1335025648.0,hov,2.05,132.2,1385.140015,11.3,120.89999999999999,N/A,N/A,0.17,N/A,20.85,0.52,0.24,N/A,10.67,1840000000.0,1840000000.0,N/A,0.39,1.60,681.09,1.60,23210000.0,681.09,240210000.0,2.23,N/A,6.70,166030000.0,1.68,1670000000.0,5.99,6.72,253010000.0,3.36,16.54,31.40,23740000.0,7.20,34.30,22090000.0,outperform
1241,2008-12-12 09:22:57,1229091777.0,hov,2.16,69.91,879.7299800000001,24.58,45.33,3.404,N/A,0.04,0.27,28.67,6.87,3.61,88.99,59.844,171910000.0,2280000000.0,N/A,N/A,0.57,7.47,0.57,231540000.0,7.47,1140000000.0,17.20,N/A,36.60,677210000.0,8.824,2650000000.0,10.155,8.373,644950000.0,1.77,19.11,90.80,24980000.0,49.70,49.70,25140000.0,outperform
1242,2007-04-06 11:37:02,1175873822.0,hov,24.53,-52.02,1437.77002,-4.89,-47.13,1.324,245.00,0.25,0.85,0.18,7.55,5.70,0.58,96.046,1520000000.0,4110000000.0000005,N/A,6.96,0.68,7.74,0.68,1010000000.0,7.74,0.00,0.00,N/A,8.80,1000000.0,0.016,2490000000.0,10.36,28.215,489180000.0,3.19,12.76,100.30,12400000.0,6.8,34.80,11990000.0,underperform
1243,2007-12-14 04:32:45,1197624765.0,hov,8.23,-68.77,1467.949951,-38.74,-30.029999999999994,1.52,N/A,0.10,0.32,5.35,2.92,1.67,14.36,81.831,533100000.0,3350000000.0,N/A,N/A,0.65,12.932,0.65,1010000000.0,12.932,286460000.0,4.55,N/A,27.10,19630000.0,0.316,2710000000.0,8.064,26.533001,107920000.0,3.61,8.62,111.10,26490000.0,9.4,72.60,25730000.0,underperform
1244,2005-05-25 22:59:06,1117076346.0,hov,58.35,-43.77,1190.01001,6.96,-50.730000000000004,1.083,10.25,0.82,2.84,8.38,13.26,12.47,34.53,67.834,3570000000.0,4910000000.0,7.26,0.42,1.11,7.03,1.11,1030000000.0,7.03,372450000.0,5.70,35.50,29.90,93280000.0,1.52,1380000000.0,N/A,20.813999,154740000.0,0.895,43.32,50.36,5400000.0,4.424,15.55,5330000.0,underperform
1245,2004-10-26 04:26:06,1098779166.0,hov,37.74,18.73,1111.089966,7.23,11.5,1.22,7.71,0.56,2.00,8.05,12.91,11.78,34.24,57.777,2190000000.0,3380000000.0,5.77,0.22,0.89,5.71,0.89,808440000.0,5.71,306170000.0,4.658,86.90,25.50,18980000.0,0.31,1290000000.0,N/A,17.257,286080000.0,0.631,48.59,48.38,4340000.0,6.641,13.83,4480000.0,outperform
1246,2007-06-05 01:35:32,1181021732.0,hov,23.15,-67.6,1530.949951,-10.04,-57.559999999999995,1.408,N/A,0.27,0.87,2.17,4.43,2.78,6.30,88.642,1490000000.0,4240000000.0,N/A,N/A,0.76,13.784,0.76,1010000000.0,13.784,131550000.00000001,2.09,N/A,29.40,10140000.0,0.163,2620000000.0,8.745,27.732,N/A,2.68,12.76,114.70,17520000.0,7.5,49.10,15940000.0,underperform
1247,2007-03-10 09:12:39,1173535959.0,hov,,,1391.969971,-6.3,,1.22,13.70,0.31,1.05,2.43,9.14,7.07,8.01,97.868,1820000000.0,N/A,N/A,4.58,N/A,N/A,N/A,1010000000.0,N/A,138860000.0,2.14,N/A,1.50,43630000.0,0.705,2370000000.0,6.472,29.232,650710000.0,3.09,23.69,72.30,10680000.0,7.6,30.10,10200000.0,underperform
1248,2007-05-02 08:29:50,1178108990.0,hov,24.3,-51.23,1495.920044,-5.79,-45.44,1.324,960.00,0.25,0.85,0.18,7.55,5.70,0.58,96.046,1480000000.0,4110000000.0000005,N/A,N/A,0.68,7.735,0.68,1010000000.0,7.735,0.00,0.00,N/A,8.80,1000000.0,0.016,2490000000.0,10.36,28.215,489180000.0,2.68,12.76,101.00,15940000.0,6.1,44.80,12400000.0,underperform
1249,2004-04-13 04:45:44,1081845944.0,hov,38.64,32.63,1129.439941,3.93,28.700000000000003,1.304,9.39,0.71,2.65,8.07,12.93,12.58,36.43,51.059,2360000000.0,3440000000.0,7.03,0.31,1.03,6.7,1.03,808440000.0,6.7,270330000.0,4.124,86.90,25.50,121390000.0,1.99,1170000000.0,N/A,14.736,194510000.0,0.644,48.60,50.07,5160000.0,2.9,16.44,5990000.0,outperform
1250,2007-06-02 09:58:55,1180792735.0,hov,25.95,-68.79,1530.22998,-8.62,-60.17000000000001,1.324,055.00,0.26,0.90,0.18,7.55,5.70,0.58,96.046,1490000000.0,4190000000.0000005,N/A,N/A,0.69,7.892,0.69,1010000000.0,7.892,0.00,0.00,N/A,8.80,1000000.0,0.016,2490000000.0,10.36,28.215,489180000.0,2.68,12.76,107.20,15940000.0,6.1,44.70,12400000.0,underperform
1251,2012-06-10 08:23:11,1339330991.0,hov,2.08,187.02,1314.98999,24.93,162.09,N/A,N/A,0.21,N/A,13.38,1.52,0.72,N/A,11.20,1800000000.0,1800000000.0,N/A,0.77,1.45,66.80,1.45,23210000.0,66.80,165740000.0,1.50,N/A,33.90,195160000.0,1.54,1590000000.0,3.48,4.66,N/A,2.83,11.83,23.30,21230000.0,6.70,30.70,17500000.0,outperform
1252,2008-12-20 20:06:49,1229821609.0,hov,2.27,74.45,904.419983,21.19,53.260000000000005,8.133,N/A,0.05,0.85,33.99,10.70,5.41,136.14,47.17,135080000.0,2120000000.0,N/A,N/A,0.64,6.344,0.64,231540000.0,6.344,1120000000.0,16.04,N/A,48.20,838210000.0,10.921,2690000000.0,6.71,2.54,N/A,1.77,19.11,90.80,24460000.0,10.5,48.70,24980000.0,outperform
1253,2007-05-28 18:20:57,1180390857.0,hov,,,1515.72998,-8.6,,1.324,795.00,0.27,0.91,0.18,7.55,5.70,0.58,96.046,1590000000.0,4210000000.0,N/A,N/A,0.70,7.93,0.70,1010000000.0,7.93,0.00,0.00,N/A,8.80,1000000.0,0.016,2490000000.0,10.36,28.215,489180000.0,2.68,12.76,107.20,15940000.0,6.1,44.70,12400000.0,underperform
1254,2004-03-12 16:06:08,1079125568.0,hov,44.25,22.96,1120.569946,7.71,15.25,1.236,10.48,0.79,3.21,8.07,12.85,13.36,38.46,102.171,2630000000.0,3550000000.0,8.10,0.44,1.06,7.33,1.06,808440000.0,7.33,270330000.0,8.253,86.90,25.50,128220000.0,4.22,1010000000.0,N/A,27.278999,194510000.0,0.654,48.64,50.42,2990000.0,2.973,19.19,3040000.0,outperform
1255,2011-10-24 13:11:36,1319476296.0,hov,1.43,202.8,1254.189941,12.67,190.13000000000002,N/A,N/A,0.11,N/A,27.90,2.47,0.98,N/A,12.34,1740000000.0,1740000000.0,N/A,0.11,1.52,98.62,1.52,47650000.0,98.62,319850000.0,3.44,N/A,25.00,273440000.0,2.88,1750000000.0,6.78,5.66,1740000000.0,3.62,17.15,38.60,18360000.0,11.50,36.30,14740000.0,outperform
1256,2005-09-04 02:01:37,1125813697.0,twx,33.03,,1221.589966,7.32,,0.328,37.03,1.99,1.34,5.37,15.93,3.49,3.69,9.188,83790000000.0,96750000000.0,N/A,2.15,2.29,9.66,2.29,17640000000.0,9.66,2260000000.0,0.48,141.30,1.10,7590000000.0,1.617,20550000000.0,1.027,13.348,6780000000.0,N/A,1.20,71.80,54730000.0,2.5,1.20,57090000.0,underperform
1257,2008-12-04 08:07:25,1228396045.0,twx,20.05,29.48,845.2199710000001,30.85,-1.370000000000001,0.634,8.98,0.68,0.54,7.74,19.03,4.20,6.18,13.191,32680000000.0,66310000000.0,N/A,0.81,1.40,4.88,1.40,19060000000.0,4.88,3650000000.0,1.01,1.70,0.30,4360000000.0,1.214,37990000000.0,1.227,16.709,10410000000.0,1.34,0.12,82.00,45290000.0,1.7,1.30,42120000.0,underperform
1258,2013-05-13 00:07:36,1368418056.0,twx,58.77,15.72,1633.77002,16.14,-0.41999999999999993,64.82,18.73,1.99,1.90,11.00,22.77,6.11,10.56,30.34,73750000000.0,73750000000.0,14.27,1.33,2.57,9.93,2.57,12800000000.0,9.93,3140000000.0,3.25,23.50,0.60,2490000000.0,2.67,19440000000.0,1.55,32.15,3760000000.0,1.23,0.08,87.00,11830000.0,1.70,1.30,15190000.0,underperform
1259,2007-11-04 09:02:24,1194184944.0,twx,35.56,-41.96,1508.439941,-35.94,-6.020000000000003,0.606,11.12,1.47,1.13,13.86,18.02,4.14,8.83,11.742,66680000000.00001,101690000000.0,N/A,1.23,2.22,8.176,2.22,19050000000.0,8.176,5230000000.0,1.61,5.20,6.00,890000000.0,0.239,35900000000.0,0.923,15.888,7560000000.0,1.28,0.91,72.70,69880000.0,3.6,1.90,64870000.00000001,underperform
1260,2012-04-05 17:48:40,1333662520.0,twx,34.51,61.84,1398.079956,11.1,50.74,65.18,13.56,1.24,1.20,9.96,20.91,5.63,9.16,27.70,51850000000.0,51850000000.0,10.07,0.97,1.79,7.43,1.79,12660000000.0,7.43,2870000000.0,2.71,0.50,4.90,3480000000.0,3.59,19520000000.0,1.51,30.76,3430000000.0,1.11,0.07,88.20,35850000.0,4.60,3.30,33940000.0,outperform
1261,2007-02-12 06:42:42,1171280562.0,twx,40.78,-20.55,1433.369995,-5.9,-14.65,0.58,13.72,1.88,1.38,14.82,17.83,3.88,8.31,10.574,82630000000.0,N/A,N/A,1.61,N/A,N/A,N/A,18610000000.0,N/A,5110000000.0,1.55,15.50,2.50,1550000000.0,0.399,35000000000.0,0.849,15.553,8600000000.0,1.27,0.07,75.60,84550000.0,3.2,2.10,77030000.0,underperform
1262,2006-12-06 03:08:30,1165392510.0,twx,39.33,-11.92,1412.900024,6.68,-18.6,0.54,14.21,1.83,1.33,14.27,18.50,4.07,8.03,10.23,82060000000.0,113880000000.0,N/A,1.88,2.56,9.667,2.56,18610000000.0,9.667,5030000000.0,1.447,172.20,6.50,1180000000.0,0.295,33360000000.0,0.873,15.438,6020000000.0,1.35,3.66,76.40,66250000.0,2.5,1.70,67520000.0,underperform
1263,2011-09-27 07:37:59,1317123479.0,twx,29.45,44.65,1175.380005,21.95,22.7,58.47,13.25,1.15,1.02,9.25,19.89,5.27,7.94,25.46,46250000000.0,46250000000.0,9.82,0.73,1.66,7.14,1.66,11860000000.0,7.14,2570000000.0,2.32,13.50,10.20,3520000000.0,3.37,18540000000.0,1.65,30.15,46250000000.0,1.33,0.10,84.20,36540000.0,2.80,3.40,30370000.0,outperform
1264,2006-10-31 04:30:58,1162287058.0,twx,38.23,-5.62,1377.939941,12.44,-18.06,0.396,18.58,1.84,1.37,11.12,18.14,4.14,7.40,9.735,81100000000.0,103200000000.0,N/A,1.73,2.35,9.109,2.35,18610000000.0,9.109,4510000000.0,1.07,N/A,1.20,1240000000.0,0.306,23470000000.0,0.907,14.522,5690000000.0,1.11,3.59,74.90,67520000.0,2.2,1.70,50460000.0,underperform
1265,2009-02-08 21:34:26,1234146866.0,twx,20.2,17.82,845.849976,24.93,-7.109999999999999,N/A,N/A,0.73,0.81,28.53,18.62,4.41,26.59,13.114,34550000000.0,67550000000.0,N/A,0.93,1.44,5.065,1.44,19060000000.0,5.065,13400000000.0,3.74,N/A,2.70,6680000000.0,1.862,39680000000.0,1.188,11.786,10330000000.0,1.33,0.12,82.50,42490000.0,1.9,1.20,43420000.0,underperform
1266,2005-12-19 18:47:48,1135036068.0,twx,33.38,26.48,1259.920044,13.15,13.33,0.322,31.94,1.96,1.33,6.22,16.20,3.54,4.29,9.263,84440000000.0,96350000000.0,N/A,1.87,2.25,9.401,2.25,17640000000.0,9.401,2660000000.0,0.57,79.80,6.10,7960000000.0,1.707,20390000000.0,1.013,13.552,6830000000.0,N/A,1.21,71.80,60750000.0,2.8,1.30,61620000.0,outperform
1267,2005-09-25 01:57:20,1127627840.0,twx,33.53,3.31,1214.619995,9.2,-5.889999999999999,0.328,37.30,2.02,1.36,5.37,15.93,3.49,3.69,9.188,84400000000.0,97360000000.0,N/A,2.10,2.30,9.721,2.30,17640000000.0,9.721,2260000000.0,0.48,141.30,1.10,7590000000.0,1.617,20550000000.0,1.027,13.348,6780000000.0,N/A,1.20,71.80,54730000.0,2.5,1.20,57090000.0,underperform
1268,2004-08-10 14:30:44,1092162644.0,twx,29.44,13.28,1079.040039,13.91,-0.6300000000000008,0.418,17.62,1.76,1.25,10.20,15.45,3.52,7.52,8.869,73070000000.0,90930000000.0,21.89,1.80,2.20,12.86,2.20,16280000000.000002,12.86,4219999999.9999995,0.907,N/A,3.40,6230000000.0,1.36,24310000000.0,0.973,12.722,6880000000.0,2.18,8.56,69.16,74590000.0,6.1,1.78,63770000.0,underperform
1269,2003-12-14 15:24:19,1071433459.0,twx,30.68,12.81,1071.209961,11.9,0.9100000000000001,0.47,N/A,1.78,1.38,N/A,93.87,33.72,68.37,9.286,78990000000.0,103140000000.0,31.07,3.40,2.42,N/A,2.42,16649999999.999998,N/A,42890000000.0,9.606,N/A,10.00,1730000000.0,0.38,25870000000.0,0.759,12.19,N/A,2.539,8.60,67.61,60220000.0,3.689,1.46,N/A,outperform
1270,2004-11-11 14:01:45,1100199705.0,twx,31.54,4.19,1173.47998,5.22,-1.0299999999999994,0.401,25.01,1.86,1.32,7.62,14.52,2.64,5.59,8.92,78000000000.0,94850000000.0,23.01,2.02,2.26,14.04,2.26,16280000000.000002,14.04,3190000000.0,0.681,N/A,3.40,6880000000.0,1.5,23730000000.0,0.96,12.919,6790000000.0,2.164,8.55,68.99,67110000.0,5.936,1.60,70100000.0,underperform
1271,2006-08-15 18:29:31,1155680971.0,twx,30.42,17.82,1285.579956,9.42,8.4,0.396,15.05,1.49,1.10,11.07,18.07,4.13,7.36,9.735,65360000000.0,87500000000.0,N/A,1.34,1.99,7.732,1.99,18580000000.0,7.732,4490000000.0,1.07,N/A,1.20,1240000000.0,0.306,23470000000.0,0.908,14.527,5690000000.0,1.14,3.59,76.70,57280000.0,2.7,1.40,52960000.0,outperform
1272,2012-08-21 11:04:00,1345561440.0,twx,40.0,48.5,1413.170044,16.25,32.25,67.51,16.54,1.40,1.38,9.00,20.81,5.69,8.52,29.32,57840000000.0,57840000000.0,11.71,1.18,2.00,8.35,2.00,12660000000.0,8.35,2590000000.0,2.58,32.60,4.10,2470000000.0,2.60,19880000000.0,1.52,30.99,3320000000.0,1.16,0.10,86.10,26050000.0,3.80,2.70,28160000.0,outperform
1273,2013-03-08 10:23:53,1362756233.0,twx,55.44,21.45,1551.180054,20.8,0.6499999999999986,66.51,18.38,1.85,1.77,10.51,22.24,5.87,10.08,30.10,67150000000.00001,67150000000.00001,13.39,1.27,2.34,9.22,2.34,12800000000.0,9.22,3000000000.0,3.09,51.10,0.40,2840000000.0,3.04,19870000000.0,1.35,32.06,3440000000.0,1.22,0.08,87.00,20260000.0,3.30,2.10,19720000.0,outperform
1274,2005-02-18 08:13:03,1108732383.0,twx,32.71,2.14,1201.589966,6.53,-4.390000000000001,0.368,26.43,1.97,1.36,7.62,14.65,2.64,5.50,8.946,82830000000.0,99060000000.0,20.28,2.16,2.35,14.59,2.35,16280000000.000002,14.59,3210000000.0,0.68,N/A,3.40,6140000000.0,1.34,22380000000.0,1.001,13.244,6790000000.0,2.147,4.03,67.17,67580000.0,4.151,1.53,72830000.0,underperform
1275,2007-04-26 15:07:27,1177614447.0,twx,40.73,-24.31,1494.25,-6.45,-17.86,0.58,13.51,1.83,1.36,14.82,17.83,3.93,8.15,10.574,80330000000.0,114540000000.0,N/A,1.53,2.59,9.891,2.59,N/A,9.891,5110000000.0,1.55,34.40,8.20,1550000000.0,0.404,35000000000.0,0.849,15.553,8600000000.0,1.36,0.07,77.80,62780000.0,2.7,1.70,65870000.00000001,underperform
1276,2013-04-22 06:14:09,1366625649.0,twx,58.08,9.9,1562.5,20.29,-10.389999999999999,66.51,19.34,1.90,1.82,10.51,22.24,5.87,10.08,30.10,72880000000.0,72880000000.0,14.03,1.27,2.54,10.01,2.54,12800000000.0,10.01,3000000000.0,3.09,51.10,0.40,2840000000.0,3.04,19870000000.0,1.35,32.06,3440000000.0,1.24,0.08,87.00,20440000.0,2.80,2.20,24150000.0,underperform
1277,2004-02-15 05:45:40,1076841940.0,twx,31.87,2.42,1152.109985,4.69,-2.2700000000000005,0.459,25.28,2.00,1.41,7.95,13.56,2.62,5.70,8.557,78200000000.0,100910000000.0,0.00,2.70,2.55,16.8,2.55,16649999999.999998,16.8,3150000000.0,0.682,N/A,10.00,3040000000.0,0.67,25740000000.0,0.791,12.35,6300000000.0,2.265,8.58,68.84,65640000.0,3.831,1.58,62740000.0,underperform
1278,2007-05-27 15:35:24,1180294524.0,twx,,,1507.51001,-8.73,,0.584,13.89,1.79,1.35,13.93,17.95,4.10,8.36,11.243,81430000000.0,115430000000.0,N/A,1.54,2.56,9.557,2.56,19050000000.0,9.557,5120000000.0,1.55,17.80,9.20,1040000000.0,0.275,35040000000.0,0.888,15.778,7650000000.0,1.38,0.07,76.30,71020000.0,2.9,1.90,62780000.0,underperform
1279,2007-06-29 14:22:30,1183141350.0,twx,41.16,-25.56,1503.349976,-12.07,-13.489999999999998,0.584,13.74,1.78,1.34,13.93,17.95,4.10,8.36,11.243,80590000000.0,114290000000.0,N/A,1.54,2.53,9.463,2.53,19050000000.0,9.463,5120000000.0,1.55,17.80,9.20,1040000000.0,0.275,35040000000.0,0.888,15.778,7650000000.0,1.37,0.07,77.50,79290000.0,3.7,2.10,86720000.0,underperform
1280,2012-04-05 05:26:08,1333617968.0,twx,34.51,61.84,1398.079956,11.1,50.74,65.18,13.62,1.25,1.22,9.96,20.91,5.63,9.16,27.70,52400000000.0,52400000000.0,10.12,0.99,1.81,7.51,1.81,12660000000.0,7.51,2870000000.0,2.71,0.50,4.90,3480000000.0,3.59,19520000000.0,1.51,30.76,3430000000.0,1.11,0.07,88.20,35850000.0,4.60,3.30,33940000.0,outperform
1281,2004-06-07 21:11:52,1086657112.0,twx,31.48,-0.98,1140.420044,4.98,-5.960000000000001,0.431,23.40,1.94,1.37,8.48,14.41,2.86,6.15,8.662,78510000000.0,97150000000.0,24.60,1.96,2.40,14.97,2.40,16280000000.000002,14.97,3430000000.0,0.736,N/A,3.40,5900000000.0,1.29,24660000000.0,1.001,12.567,6880000000.0,2.14,8.57,69.28,58820000.0,4.177,1.41,58700000.0,underperform
1282,2007-04-27 09:50:13,1177681813.0,twx,40.01,-25.92,1494.069946,-7.64,-18.28,0.58,13.53,1.82,1.35,14.82,17.83,3.93,8.15,10.574,80440000000.0,113090000000.0,N/A,1.52,2.56,9.765,2.56,N/A,9.765,5110000000.0,1.55,34.40,8.20,1550000000.0,0.404,35000000000.0,0.849,15.553,8600000000.0,1.36,0.07,77.60,62780000.0,2.7,1.70,65870000.00000001,underperform
1283,2008-12-06 18:40:11,1228606811.0,twx,19.27,33.37,870.73999,26.32,7.049999999999997,0.634,9.38,0.72,0.57,7.74,19.03,4.20,6.18,13.191,34110000000.0,67750000000.0,N/A,0.85,1.43,4.986,1.43,19060000000.0,4.986,3650000000.0,1.01,1.70,0.30,4360000000.0,1.214,37990000000.0,1.227,16.709,10410000000.0,1.34,0.12,82.00,45290000.0,1.7,1.30,42120000.0,outperform
1284,2007-04-10 09:14:21,1176210861.0,twx,40.78,-28.52,1448.390015,-6.48,-22.04,0.58,13.55,1.82,1.35,14.82,17.83,3.93,8.15,10.574,80560000000.0,114010000000.0,N/A,1.54,2.58,9.844,2.58,N/A,9.844,5110000000.0,1.55,34.40,8.20,1550000000.0,0.404,35000000000.0,0.849,15.553,8600000000.0,1.36,0.07,77.50,62780000.0,2.7,1.70,65870000.00000001,underperform
1285,2005-04-08 02:12:49,1112940769.0,twx,32.86,-4.11,1181.199951,11.04,-15.149999999999999,0.368,26.18,1.92,1.33,7.62,14.65,2.64,5.50,8.946,82170000000.0,96940000000.0,19.87,2.04,2.30,14.27,2.30,17640000000.0,14.27,3210000000.0,0.68,27.50,6.40,6140000000.0,1.34,22380000000.0,1.001,13.244,6620000000.0,2.186,3.83,72.55,64200000.0,3.428,1.45,60080000.0,underperform
1286,2006-01-11 02:27:33,1136964453.0,twx,32.67,33.36,1294.180054,10.02,23.34,0.322,30.86,1.91,1.30,6.22,16.20,3.54,4.29,9.263,81600000000.0,94300000000.0,N/A,2.09,2.20,9.201,2.20,17640000000.0,9.201,2660000000.0,0.57,79.80,6.10,7960000000.0,1.707,20390000000.0,1.013,13.552,6830000000.0,N/A,1.21,71.80,60780000.0,2.8,1.30,60750000.0,outperform
1287,2007-10-16 06:32:55,1192530775.0,jcp,53.37,-63.82,1538.530029,-40.99,-22.83,0.898,11.79,0.68,3.26,5.87,9.90,9.86,28.38,89.915,13600000000.0,15290000000.0,N/A,0.79,0.76,6.342,0.76,7830000000.0,6.342,1160000000.0,5.20,1.70,3.60,2120000000.0,9.57,3810000000.0,2.068,19.108,1270000000.0,0.84,0.22,89.60,9480000.0,2.6,4.30,9830000.0,underperform
1288,2009-11-17 16:05:49,1258491949.0,jcp,27.97,9.01,1110.319946,6.15,2.8599999999999994,N/A,18.79,0.41,1.62,2.01,4.61,3.98,7.33,79.573,8410000000.0,8410000000.0,N/A,3.56,0.47,6.417,0.47,6920000000.0,6.417,355000000.0,1.59,N/A,7.90,2310000000.0,9.802,3390000000.0,1.977,19.219999,1310000000.0,1.77,5.77,86.50,14590000.0,4.3,6.20,15980000.0,outperform
1289,2013-04-25 00:39:38,1366864778.0,jcp,15.24,-47.64,1585.160034,17.55,-65.19,94.04,N/A,0.26,1.07,7.59,10.32,7.90,27.43,59.24,5410000000.0,5410000000.0,N/A,0.22,0.42,6.78,0.42,4070000000.0000005,6.78,985000000.0,4.49,N/A,28.40,930000000.0,4.23,2980000000.0,1.43,14.46,10000000.0,1.85,15.32,112.40,56960000.0,2.90,37.20,61010000.0,underperform
1290,2012-10-15 10:01:29,1350309689.0,jcp,25.88,-72.3,1440.130005,17.91,-90.21,85.84,N/A,0.37,1.55,3.47,1.05,0.88,12.90,72.09,7970000000.0,7970000000.0,19.57,2.97,0.51,22.63,0.51,6220000000.0,22.63,540000000.0,2.51,N/A,22.60,888000000.0,4.05,3150000000.0,1.91,16.78,39000000.0,1.84,16.19,107.30,56530000.0,6.40,40.60,50330000.0,underperform
1291,2004-06-21 12:44:06,1087836246.0,jcp,32.3,40.93,1130.300049,7.37,33.56,0.963,24.40,0.59,2.01,2.55,3.86,2.50,7.91,60.08,10680000000.0,13350000000.0,13.47,1.35,0.74,10.03,0.74,6620000000.0,10.03,438000000.0,1.551,329.10,45.00,3030000000.0,10.73,5390000000.0,1.891,18.798,575000000.0,0.762,0.51,90.87,9690000.0,2.667,3.45,10890000.0,outperform
1292,2005-03-01 05:26:54,1109672814.0,jcp,39.23,33.88,1210.410034,6.68,27.200000000000003,0.812,19.61,0.66,2.52,3.62,5.54,4.07,12.93,62.081,12070000000.0,11470000000.0,12.09,1.22,0.62,9.15,0.62,6620000000.0,9.15,655000000.0,2.27,329.10,45.00,4690000000.0,17.27,3950000000.0,2.343,17.892,1310000000.0,1.038,0.52,80.23,8530000.0,4.073,3.16,8550000.0,outperform
1293,2007-05-28 04:37:50,1180341470.0,jcp,,,1515.72998,-8.6,,0.91,15.44,0.89,3.95,5.90,9.73,9.57,26.43,88.241,17930000000.0,18980000000.0,N/A,0.83,0.95,7.987,0.95,7830000000.0,7.987,1160000000.0,5.13,13.30,3.10,3070000000.0,13.563,4120000000.0,2.234,19.990999,1360000000.0,0.62,1.01,88.70,9810000.0,4.8,4.40,8710000.0,underperform
1294,2003-12-14 17:10:26,1071439826.0,jcp,20.46,63.73,1071.209961,11.9,51.83,0.872,21.32,0.20,1.07,1.06,1.65,1.90,5.22,112.978,6540000000.0,10700000000.0,15.97,1.68,0.33,10.8,0.33,9770000000.0,10.8,317000000.0,1.128,313.30,1.10,1850000000.0,6.78,5670000000.0,2.002,22.52,N/A,0.656,0.48,93.00,11260000.0,4.135,4.14,12960000.0,outperform
1295,2007-04-27 18:11:58,1177711918.0,jcp,72.3,-49.74,1494.069946,-7.64,-42.1,0.863,15.65,0.93,4.34,6.31,9.28,8.94,30.37,84.074,18590000000.0,20530000000.0,N/A,0.96,1.06,9.42,1.06,7380000000.0,9.42,1130000000.0,5.26,22.60,6.70,1920000000.0,8.53,3450000000.0,1.937,18.973,1480000000.0,0.76,10.51,96.40,9870000.0,4.4,4.40,9680000.0,underperform
1296,2004-04-23 21:04:04,1082768644.0,jcp,31.0,25.42,1140.599976,-0.27,25.69,0.991,29.90,0.34,1.59,2.05,3.07,1.97,5.99,59.886,9890000000.0,12730000000.0,13.73,1.37,0.72,10.51,0.72,9770000000.0,10.51,339000000.0,1.212,313.30,1.10,2990000000.0,10.75,5370000000.0,1.735,22.684999,575000000.0,0.757,0.48,90.42,10890000.0,3.4,3.93,11690000.0,outperform
1297,2013-06-21 14:09:59,1371838199.0,jcp,15.91,-43.24,1592.430054,22.89,-66.13,133.50,N/A,0.29,1.25,9.38,12.95,9.43,34.40,56.78,6830000000.0,6830000000.0,N/A,0.20,0.55,6.44,0.55,4070000000.0000005,6.44,1170000000.0,5.33,N/A,16.40,821000000.0,3.73,3830000000.0,1.08,13.03,185000000.0,2.07,15.32,112.40,35900000.0,2.60,23.50,39660000.0,underperform
1298,2007-06-29 14:22:07,1183141327.0,jcp,63.81,-47.08,1503.349976,-12.07,-35.01,0.91,14.12,0.81,3.64,5.90,9.74,9.61,26.43,88.251,16040000000.0,17260000000.0,N/A,0.84,0.86,7.233,0.86,7830000000.0,7.233,1160000000.0,5.129,13.30,3.10,3010000000.0,13.59,4120000000.0,2.219,20.009001,1360000000.0,0.58,1.03,92.40,8830000.0,2.9,4.00,11010000.0,underperform
1299,2013-01-20 18:01:10,1358722870.0,jcp,18.14,,1480.939941,24.16,,84.67,N/A,0.27,1.14,3.58,3.95,3.03,12.96,66.70,6580000000.0,6580000000.0,N/A,0.46,0.45,126.48,0.45,6220000000.0,126.48,520000000.0,2.39,N/A,26.60,525000000.0,2.40,2960000000.0,1.67,15.98,298000000.0,2.02,16.19,107.30,63900000.0,7.10,45.90,63800000.0,underperform
1300,2005-12-20 11:44:05,1135097045.0,jcp,47.46,47.64,1259.619995,13.01,34.63,1.013,16.31,0.65,3.58,4.61,7.99,6.90,21.09,71.443,12280000000.0,13770000000.0,N/A,0.85,0.73,7.291,0.73,7140000000.0,7.291,861000000.0,3.24,57.00,2.00,1980000000.0,8.521,3470000000.0,2.098,14.754,1100000000.0,N/A,35.97,88.10,8770000.0,3.3,3.80,7900000.0,outperform
1301,2005-03-09 06:32:55,1110367975.0,jcp,41.33,28.43,1207.01001,5.4,23.03,0.812,20.88,0.69,2.63,3.62,5.54,4.07,12.93,62.081,12860000000.0,12010000000.0,12.84,1.27,0.65,9.59,0.65,6620000000.0,9.59,655000000.0,2.27,329.10,45.00,4690000000.0,17.27,3950000000.0,2.343,17.892,1310000000.0,1.009,0.52,89.32,8530000.0,4.073,3.16,8550000.0,outperform
1302,2003-10-27 05:42:02,1067251322.0,jcp,20.97,53.65,1031.130005,7.75,45.9,0.905,21.08,0.21,1.08,1.09,1.71,1.98,5.43,113.176,6650000000.0,10250000000.0,15.72,1.57,0.32,10.24,0.32,9770000000.0,10.24,326000000.0,1.16,313.30,1.10,2540000000.0,9.36,5830000000.0,2.119,22.52,N/A,0.679,0.50,95.00,12960000.0,3.861,4.79,13600000.0,outperform
1303,2008-12-18 19:38:09,1229647089.0,jcp,18.82,34.48,885.2800289999999,24.53,9.949999999999996,0.674,5.82,0.25,0.92,4.14,7.65,6.51,16.31,86.016,4590000000.0,6660000000.0,N/A,0.72,0.35,3.465,0.35,7670000000.0,3.465,790000000.0,3.551,52.50,8.70,1620000000.0,7.309,3510000000.0,1.978,23.399,1250000000.0,1.52,0.21,92.50,20280000.0,2.6,9.20,17280000.0,outperform
1304,2012-07-22 12:41:48,1342975308.0,jcp,20.66,-21.93,1376.51001,23.18,-45.11,78.81,N/A,0.27,1.15,2.30,1.04,0.91,8.73,76.72,6770000000.0,6770000000.0,8.97,0.61,0.41,9.87,0.41,6220000000.0,9.87,379000000.0,1.77,N/A,20.10,839000000.0,3.84,3100000000.0,1.92,18.02,191000000.0,1.79,16.18,101.20,48300000.0,5.40,34.70,44380000.0,underperform
1305,2012-03-19 10:55:37,1332168937.0,jcp,36.01,-54.79,1409.75,9.83,-64.62,77.53,N/A,0.45,1.96,0.88,2.94,2.59,3.21,79.39,9420000000.0,9420000000.0,12.04,1.35,0.55,9.19,0.55,6960000000.0,9.19,152000000.0,0.70,N/A,4.90,1510000000.0,6.98,3100000000.0,1.84,18.53,820000000.0,2.11,16.82,101.90,28940000.0,5.00,19.20,28600000.0,underperform
1306,2004-08-10 22:34:34,1092191674.0,jcp,33.48,35.01,1079.040039,13.91,21.099999999999998,0.963,25.15,0.58,1.99,2.55,3.86,2.50,7.91,60.08,11000000000.0,13200000000.0,13.27,1.27,0.73,9.92,0.73,6620000000.0,9.92,438000000.0,1.551,329.10,45.00,3030000000.0,10.73,5390000000.0,1.891,18.798,393000000.0,0.775,0.51,92.68,12790000.0,4.263,4.56,12240000.0,outperform
1307,2007-02-11 20:01:51,1171242111.0,jcp,73.4,-39.32,1448.310059,-7.54,-31.78,0.863,15.75,0.97,4.69,6.31,9.28,8.94,30.37,84.074,18640000000.0,N/A,N/A,0.96,N/A,N/A,N/A,7380000000.0,N/A,1130000000.0,5.26,22.60,6.70,1920000000.0,8.53,3450000000.0,1.937,17.778,1480000000.0,0.76,10.51,96.40,9870000.0,4.4,4.40,9680000.0,underperform
1308,2009-11-18 23:23:40,1258604620.0,jcp,27.31,9.96,1109.800049,7.83,2.130000000000001,N/A,18.36,0.39,1.55,2.01,4.61,3.98,7.33,79.573,8119999999.999999,8119999999.999999,N/A,3.34,0.45,6.196,0.45,6920000000.0,6.196,355000000.0,1.588,N/A,7.90,2310000000.0,9.802,3390000000.0,1.977,19.219999,1310000000.0,1.77,5.77,86.50,14590000.0,3.5,8.10,15980000.0,outperform
1309,2007-05-28 01:05:06,1180328706.0,jcp,,,1515.72998,-8.6,,0.91,15.44,0.89,3.95,5.90,9.73,9.57,26.43,88.241,17930000000.0,18980000000.0,N/A,0.83,0.95,7.987,0.95,7830000000.0,7.987,1160000000.0,5.13,13.30,3.10,3070000000.0,13.563,4120000000.0,2.234,19.990999,1360000000.0,0.62,1.01,88.70,9810000.0,4.8,4.40,8710000.0,underperform
1310,2005-01-24 03:45:23,1106556323.0,alxn,5.94,-7.41,1163.75,8.86,-16.27,0.779,N/A,139.19,4.15,N/A,N/A,25.57,51.57,0.195,649320000.0,522530000.0,N/A,N/A,113.37,N/A,113.37,4610000.0,N/A,73070000.0,3.124,N/A,425.50,246790000.0,8.87,120000000.0,15.48,5.556,70640000.0,1.606,3.31,95.00,1100000.0,5.354,4.10,1310000.0,underperform
1311,2013-02-06 13:28:04,1360175284.0,alxn,93.83,67.75,1512.119995,17.28,50.47,8.60,84.35,17.79,9.89,21.33,35.20,12.02,15.17,5.54,17770000000.0,17770000000.0,34.16,1.27,17.07,46.21,17.07,690290000.0,46.21,222020000.0,1.13,40.60,44.20,905530000.0,4.66,161000000.0,3.90,9.64,396440000.0,0.56,1.27,97.80,4390000.0,3.50,2.70,4640000.0,outperform
1312,2013-05-16 20:58:25,1368752305.0,alxn,101.82,55.11,1650.469971,13.78,41.33,7.13,69.88,16.71,9.82,23.74,35.54,11.60,17.66,6.37,19450000000.0,19450000000.0,31.23,1.37,15.83,42.88,15.83,1060000000.0,42.88,291630000.0,1.46,81.00,38.50,1020000000.0,5.24,149000000.0,5.24,10.72,394300000.0,0.54,1.15,96.90,4340000.0,2.30,2.50,4580000.0,outperform
1313,2009-02-13 06:28:00,1234524480.0,alxn,19.95,19.0,826.840027,29.18,-10.18,N/A,478.21,13.33,16.54,2.54,2.01,0.72,4.12,2.858,3130000000.0,3210000000.0,N/A,2.89,14.87,293.832,14.87,65349999.99999999,293.832,5480000.0,0.08,N/A,246.00,125850000.0,1.615,201570000.0,4.405,2.23,79380000.0,0.8,1.98,112.90,7040000.0,6.1,9.20,7810000.0,underperform
1314,2011-09-28 11:28:44,1317223724.0,alxn,65.9,71.85,1151.060059,25.72,46.129999999999995,0.22,109.28,19.04,12.96,17.85,28.94,11.35,13.28,3.59,12000000000.0,12000000000.0,40.85,1.53,18.47,59.54,18.47,476520000.0,59.54,115900000.0,0.61,59.60,47.60,368010000.0,1.99,2060000.0,3.73,5.17,12000000000.0,0.53,1.58,100.80,5470000.0,4.00,3.60,5840000.0,outperform
1315,2011-07-22 14:48:30,1311360510.0,alxn,58.98,69.74,1345.02002,2.06,67.67999999999999,7.24,104.06,17.70,11.58,17.46,28.88,10.69,12.52,3.28,10150000000.0,10150000000.0,38.09,1.18,17.22,55.37,17.22,476520000.0,55.37,102930000.0,0.55,28.20,41.30,348780000.0,1.90,65230000.00000001,3.08,4.90,10150000000.0,0.55,1.58,100.80,5700000.0,4.70,3.70,5880000.0,outperform
1316,2012-11-07 01:50:15,1352271015.0,alxn,87.97,29.7,1394.530029,25.29,4.41,8.60,79.93,16.90,9.40,21.33,35.20,12.02,15.17,5.54,16860000000.0,16860000000.0,32.72,1.16,16.19,43.82,16.19,690290000.0,43.82,222020000.0,1.13,40.60,44.20,905530000.0,4.66,161000000.0,3.90,9.64,396440000.0,0.61,1.27,97.80,5160000.0,5.30,3.20,5040000.0,outperform
1317,2005-03-06 15:19:04,1110140344.0,alxn,5.48,64.23,1210.469971,5.6,58.63,0.779,N/A,121.36,3.95,N/A,N/A,27.66,55.99,0.204,587000000.0,460210000.0,N/A,N/A,91.58,N/A,91.58,4610000.0,N/A,78990000.0,3.23,N/A,425.50,246790000.0,8.87,120000000.0,15.48,5.556,70640000.0,1.8,3.31,95.00,2550000.0,4.355,9.49,1100000.0,outperform
1318,2010-05-10 00:50:27,1273467027.0,alxn,26.16,90.37,1159.72998,17.02,73.35000000000001,N/A,15.14,10.90,6.21,71.28,24.12,9.61,59.30,4.86,4250000000.0,4250000000.0,22.33,0.91,10.05,38.07,10.05,341740000.0,38.07,301590000.0,3.32,44.30,44.70,204700000.0,2.31,8920000.0,5.28,8.39,4250000000.0,0.60,1.52,100.90,2760000.0,5.60,3.70,3020000.0,outperform
1319,2012-10-15 00:22:11,1350274931.0,dg,49.33,15.04,1440.130005,17.91,-2.870000000000001,60.20,18.86,1.06,3.44,5.70,10.18,10.13,19.41,46.28,19190000000.0,19190000000.0,14.75,0.95,1.23,10.22,1.23,4700000000.0,10.22,891230000.0,2.61,46.60,10.40,136830000.0,0.41,2900000000.0,1.65,14.42,1030000000.0,0.05,0.13,95.30,5590000.0,1.20,3.60,4350000.0,underperform
1320,2004-12-26 11:27:15,1104078435.0,dg,,,1210.130005,4.84,,0.213,21.49,0.89,4.20,4.21,6.89,11.68,20.38,22.216,6580000000.0,6870000000.0,17.32,1.15,0.93,10.2,0.93,2020000000.0,10.2,313130000.0,0.935,13.60,12.60,45830000.0,0.14,335900000.0,2.029,4.814,368550000.0,1.17,0.45,72.55,4880000.0,2.368,1.50,5100000.0,underperform
1321,2012-10-25 15:10:42,1351192242.0,dg,47.3,25.79,1412.969971,24.54,1.25,60.20,18.08,1.01,3.28,5.70,10.18,10.13,19.41,46.28,18520000000.0,18520000000.0,14.13,0.91,1.19,9.86,1.19,4700000000.0,9.86,891230000.0,2.61,46.60,10.40,136830000.0,0.41,2900000000.0,1.65,14.42,1030000000.0,0.05,0.13,95.30,5590000.0,1.20,3.60,4350000.0,outperform
1322,2005-12-18 05:15:25,1134900925.0,dg,,,1270.939941,11.92,,0.155,18.58,0.75,3.83,4.33,6.96,12.31,21.22,24.065,6070000000.0,6200000000.0,N/A,0.95,0.79,8.63,0.79,2260000000.0,8.63,341240000.0,1.03,4.30,13.20,236520000.0,0.721,267190000.0,2.103,5.098,376110000.0,1.026,4.74,73.40,10400000.0,3.2,3.40,9570000.0,underperform
1323,2004-11-08 17:31:21,1099953081.0,dg,,,1164.890015,4.61,,0.179,21.43,0.94,4.40,4.42,7.31,12.36,21.30,21.493,6690000000.0,6940000000.0,17.11,1.15,0.96,10.1,0.96,2020000000.0,10.1,319900000.0,0.95,13.60,12.60,101460000.0,0.31,274960000.0,2.032,4.686,572480000.0,1.055,0.46,71.42,6660000.0,3.792,2.04,7030000.0,underperform
1324,2012-09-13 04:01:09,1347523269.0,dg,50.74,12.0,1459.98999,15.62,-3.619999999999999,60.20,19.04,1.04,3.39,5.70,10.18,10.13,19.41,46.28,19050000000.0,19050000000.0,14.89,0.94,1.22,10.15,1.22,4700000000.0,10.15,891230000.0,2.61,46.60,10.40,136830000.0,0.41,2900000000.0,1.65,14.42,1030000000.0,0.05,0.12,97.40,3960000.0,1.50,2.50,5040000.0,underperform
1325,2005-03-29 09:31:53,1112106713.0,dg,,,1165.359985,11.8,,0.161,21.02,0.93,4.30,4.49,7.27,12.64,21.94,23.07,7140000000.0,7140000000.0,16.27,1.09,0.93,9.89,0.93,2020000000.0,9.89,344190000.0,1.04,13.60,12.60,275760000.0,0.84,271320000.0,2.096,5.074,368550000.0,1.228,0.45,71.16,7960000.0,3.91,2.44,6740000.0,underperform
1326,2013-05-18 11:06:51,1368889611.0,dg,53.32,3.64,1658.780029,12.78,-9.139999999999999,55.70,18.98,1.09,3.49,5.95,10.35,10.33,19.72,48.22,19900000000.0,19900000000.0,14.27,1.03,1.24,10.15,1.24,5090000000.0,10.15,952660000.0,2.85,8.50,0.50,145090000.0,0.44,2780000000.0,1.54,15.24,1130000000.0,0.12,0.15,97.90,5530000.0,1.60,2.00,6310000.0,underperform
1327,2012-07-24 04:27:37,1343118457.0,dg,52.48,3.33,1338.310059,25.98,-22.65,62.90,21.80,1.14,3.79,5.40,10.19,9.97,18.68,44.89,20150000000.0,20150000000.0,15.85,1.03,1.32,10.98,1.32,4700000000.0,10.98,823130000.0,2.40,36.00,13.00,134169999.99999999,0.40,2890000000.0,1.61,13.82,1020000000.0,0.06,0.12,97.40,8520000.0,1.60,5.40,5140000.0,underperform
1328,2004-09-18 12:11:17,1095523877.0,dg,,,1120.369995,9.58,,0.179,21.27,0.92,4.31,4.42,7.31,12.36,21.30,21.531,6640000000.0,6920000000.0,17.00,1.13,0.96,10.07,0.96,2020000000.0,10.07,319900000.0,0.951,13.60,12.60,101460000.0,0.31,274960000.0,2.032,4.686,572480000.0,1.013,0.46,70.12,5310000.0,4.482,1.62,4160000.0,underperform
1329,2004-05-21 12:48:29,1085158109.0,dg,,,1093.560059,8.41,,0.179,19.74,0.86,3.76,4.38,7.44,12.24,21.18,20.438,5940000000.0,5820000000.0,14.71,0.98,0.85,8.77,0.85,2020000000.0,8.77,301000000.0,0.894,13.60,12.60,398280000.0,1.18,282010000.0,2.221,4.691,518549999.99999994,1.049,13.10,66.65,1620000.0,0.563,0.55,1650000.0,underperform
1330,2004-11-10 19:43:46,1100133826.0,dg,,,1162.910034,5.85,,0.179,21.52,0.92,4.32,4.42,7.31,12.36,21.30,21.493,6710000000.0,6820000000.0,17.18,1.14,0.94,9.92,0.94,2020000000.0,9.92,319900000.0,0.95,13.60,12.60,101460000.0,0.31,274960000.0,2.032,4.686,572480000.0,1.154,0.46,71.42,6660000.0,3.792,2.04,7030000.0,underperform
1331,2012-01-06 22:54:44,1325908484.0,dg,40.87,5.02,1277.810059,14.45,-9.43,60.10,20.33,1.00,3.11,4.94,9.96,9.21,16.65,41.30,16770000000.0,16770000000.0,15.14,1.00,1.19,10.01,1.19,4179999999.9999995,10.01,696720000.0,2.01,33.60,11.50,120340000.0,0.35,2740000000.0,1.52,13.31,1030000000.0,0.02,0.26,88.90,3670000.0,1.20,3.70,4370000.0,underperform
1332,2005-02-07 15:46:20,1107809180.0,dg,,,1201.719971,4.42,,0.213,24.17,0.99,4.67,4.21,6.89,11.68,20.38,22.216,7410000000.0,7660000000.0,19.48,1.29,1.03,11.37,1.03,2020000000.0,11.37,313130000.0,0.94,13.60,12.60,45830000.0,0.14,335900000.0,2.029,4.814,368550000.0,1.23,0.45,73.09,5500000.0,3.854,1.69,4880000.0,underperform
1333,2007-04-10 09:26:41,1176211601.0,dg,,,1448.390015,-6.48,,0.155,48.23,0.73,3.80,1.50,2.67,5.24,7.96,29.338,6660000000.0,6710000000.0,N/A,1.88,0.73,14.823,0.73,2370000000.0,14.823,137940000.0,0.44,65.50,3.00,219240000.0,0.698,270040000.0,2.092,5.588,405360000.0,0.59,8.50,75.20,16350000.000000002,2.6,5.40,11900000.0,underperform
1334,2010-12-12 08:26:03,1292160363.0,dg,30.83,34.03,1233.0,0.28,33.75,92.38,23.96,0.85,2.85,3.54,8.74,7.51,13.62,37.16,13630000000.0,13630000000.0,14.52,0.88,1.10,10.18,1.10,3690000000.0,10.18,439990000.0,1.30,50.90,10.80,283480000.0,0.83,3400000000.0,1.62,10.80,13630000000.0,N/A,0.26,124.20,15350000.0,18.80,4.50,15440000.0,outperform
1335,2005-02-05 02:44:47,1107589487.0,dg,,,1193.189941,6.51,,0.213,24.06,0.98,4.63,4.21,6.89,11.68,20.38,22.216,7370000000.0,7590000000.0,19.40,1.28,1.02,11.27,1.02,2020000000.0,11.27,313130000.0,0.94,13.60,12.60,45830000.0,0.14,335900000.0,2.029,4.814,368550000.0,1.23,0.45,73.09,5500000.0,3.854,1.69,4880000.0,underperform
1336,2011-10-13 01:11:25,1318482685.0,dg,38.83,26.83,1203.660034,18.69,8.139999999999997,64.03,20.50,0.97,3.05,4.76,9.97,9.15,16.23,40.24,16030000000.000002,16030000000.000002,14.81,1.01,1.17,9.81,1.17,4179999999.9999995,9.81,653680000.0,1.90,3.40,11.20,114790000.0,0.34,2800000000.0,1.49,12.81,16030000000.000002,N/A,0.26,88.90,5940000.0,1.80,6.00,6830000.0,outperform
1337,2013-04-23 16:01:35,1366747295.0,dg,52.15,6.1,1578.780029,18.79,-12.69,55.70,18.38,1.05,3.39,5.95,10.35,10.33,19.72,48.22,19580000000.0,19580000000.0,13.82,0.95,1.22,9.99,1.22,5090000000.0,9.99,952660000.0,2.85,8.50,0.50,145090000.0,0.44,2780000000.0,1.54,15.24,1130000000.0,0.13,0.15,97.90,10800000.0,1.90,N/A,13420000.0,underperform
1338,2006-06-23 17:23:46,1151097826.0,dg,,,1244.5,21.56,,0.005,13.74,0.51,2.67,3.80,6.07,11.16,19.50,27.51,4450000000.0,4420000000.0,N/A,1.17,0.51,6.106,0.51,2460000000.0,6.106,332920000.0,1.04,26.50,8.80,90700000.0,0.291,8800000.0,1.847,5.411,484250000.0,1.03,8.54,76.00,8400000.0,3.8,2.80,9100000.0,underperform
1339,2008-02-06 15:13:31,1202328811.0,cvx,61.7,-2.61,1326.449951,-36.23,33.62,0.081,9.11,0.82,2.25,9.16,12.56,N/A,25.98,96.323,166710000000.0,163830000000.0,N/A,1.10,0.80,4.756,0.80,65980000000.00001,4.756,18690000000.0,8.767,29.20,31.10,8740000000.0,4.187,6050000000.0,N/A,35.493999,N/A,1.35,0.02,62.00,29770000.0,3.7,1.40,28100000.0,outperform
1340,2012-06-27 14:41:00,1340822460.0,cvx,95.09,19.56,1331.849976,21.12,-1.5600000000000023,7.34,7.48,0.84,1.59,11.45,16.60,12.01,22.99,119.86,188700000000.0,188700000000.0,7.82,1.44,0.80,3.60,0.80,82130000000.0,3.60,27160000000.0,13.62,4.20,1.50,19770000000.0,10.02,9280000000.0,1.61,63.61,39670000000.0,1.02,0.02,64.30,23710000.0,3.30,1.20,21850000.0,underperform
1341,2012-03-22 18:36:39,1332455799.0,cvx,96.79,18.94,1392.780029,11.78,7.160000000000002,8.31,7.84,0.90,1.76,11.38,16.21,12.14,23.69,118.98,203420000000.0,203420000000.0,7.95,1.40,0.86,3.97,0.86,82130000000.0,3.97,26900000000.0,13.44,3.20,13.30,20070000000.0,10.15,10150000000.0,1.58,61.27,41100000000.0,0.90,0.01,64.30,19830000.0,3.00,1.00,18020000.0,outperform
1342,2011-09-03 09:04:08,1315055048.0,cvx,89.4,15.95,1218.890015,14.82,1.129999999999999,9.89,8.42,0.91,1.71,10.61,15.07,10.94,21.33,108.65,186660000000.0,186660000000.0,7.23,1.61,0.86,4.07,0.86,63640000000.0,4.07,23010000000.0,11.45,42.90,30.60,17960000000.0,8.97,11520000000.0,1.53,57.74,186660000000.0,0.73,0.02,63.20,26640000.0,2.20,1.30,25360000.0,outperform
1343,2003-11-10 23:16:56,1068524216.0,cvx,26.15,45.51,1047.109985,11.17,34.339999999999996,0.384,11.60,0.67,2.34,5.57,7.44,8.36,20.19,113.455,78890000000.0,88860000000.0,15.18,1.44,0.75,6.2,0.75,41210000000.0,6.2,6590000000.0,6.361,65.60,6.80,3930000000.0,3.67,13110000000.0,1.111,31.91,N/A,0.487,1.00,60.17,8540000.0,3.715,0.81,8810000.0,outperform
1344,2007-05-27 00:33:35,1180240415.0,cvx,,,1507.51001,-8.73,,0.139,9.91,0.92,2.41,9.51,13.95,14.41,26.20,86.544,174370000000.0,171610000000.0,N/A,2.04,0.91,4.507,0.91,65980000000.00001,4.507,17860000000.0,8.19,18.00,14.80,12700000000.0,5.91,9950000000.0,1.288,33.249001,24240000000.0,1.01,0.01,64.20,32439999.999999996,3.6,1.50,28150000.0,underperform
1345,2004-10-26 04:31:22,1098779482.0,cvx,38.9,10.21,1111.089966,7.23,2.9800000000000004,0.296,10.85,0.85,2.77,7.73,12.22,12.37,28.37,62.64,113840000000.0,116410000000.0,11.77,1.41,0.87,2.96,0.87,49610000000.0,2.96,10490000000.0,4.926,538.70,22.90,9340000000.0,4.38,12120000000.0,1.371,19.26,13140000000.0,0.562,1.00,60.88,26560000.0,3.997,1.26,13850000.0,outperform
1346,2005-05-26 17:24:02,1117142642.0,cvx,39.64,15.01,1197.619995,6.89,8.120000000000001,0.237,8.66,0.69,2.40,8.06,12.98,14.28,29.96,77.175,112630000000.0,111070000000.0,10.09,1.41,0.68,4.16,0.68,50350000000.0,4.16,13160000000.0,6.20,84.30,27.50,11850000000.0,5.65,11050000000.0,1.584,22.205,14690000000.0,0.593,1.00,61.18,25950000.0,2.622,1.25,23370000.0,outperform
1347,2008-12-25 00:24:39,1230182679.0,cvx,,,871.6300050000001,28.27,,0.08,6.04,0.52,1.62,8.80,13.60,15.12,29.54,131.853,141450000000.0,136960000000.00002,N/A,0.68,0.50,2.98,0.50,86270000000.0,2.98,23910000000.0,11.53,112.30,42.30,10980000000.0,5.406,6960000000.0,1.201,42.797001,31510000000.0,0.68,0.03,64.70,20610000.0,0.8,1.00,20300000.0,underperform
1348,2004-12-05 08:58:06,1102255086.0,cvx,38.13,17.2,1190.329956,6.03,11.169999999999998,0.277,9.26,0.76,2.60,8.27,13.30,13.98,30.57,68.674,111420000000.0,112230000000.0,11.12,1.53,0.77,4.55,0.77,49610000000.0,4.55,12100000000.0,5.679,538.70,22.90,11040000000.0,5.21,11860000000.0,1.473,20.222,13700000000.0,0.558,1.00,61.49,15340000.0,2.704,0.73,20090000.0,outperform
1349,2012-01-02 19:39:36,1325551176.0,cvx,,,1257.599976,0.36,,8.01,7.88,0.93,1.77,11.79,16.17,12.17,24.20,115.20,201300000000.0,201300000000.0,8.18,1.05,0.88,4.01,0.88,63640000000.0,4.01,27070000000.0,13.50,107.80,26.20,20340000000.0,10.21,9740000000.0,1.64,60.70,40280000000.0,0.94,0.02,63.20,24010000.0,2.30,1.20,24480000.0,underperform
1350,2006-01-03 11:13:36,1136304816.0,cvx,44.27,24.06,1268.800049,11.65,12.409999999999998,0.23,9.00,0.73,2.12,7.69,11.25,13.31,26.00,82.39,127450000000.0,131130000000.0,N/A,0.87,0.75,4.609,0.75,50350000000.0,4.609,13400000000.0,6.31,12.30,36.00,10980000000.0,4.891,13860000000.0,1.37,26.809999,17700000000.0,N/A,0.04,61.40,23970000.0,2.3,1.10,26040000.0,outperform
1351,2012-11-26 13:32:31,1353954751.0,cvx,98.97,20.8,1406.290039,28.19,-7.390000000000001,9.19,8.65,0.92,1.55,10.70,15.72,10.25,18.91,114.76,197180000000.0,197180000000.0,8.65,4.27,0.88,4.06,0.88,82130000000.0,4.06,24060000000.0,12.19,32.90,9.80,21580000000.0,11.03,12340000000.0,1.64,67.93,35100000000.0,1.14,0.02,64.20,16579999.999999998,2.70,0.80,16239999.999999998,underperform
1352,2011-12-17 20:09:55,1324170595.0,cvx,91.66,10.98,1211.819946,17.13,-6.149999999999999,8.01,7.47,0.86,1.64,11.79,16.17,12.17,24.20,115.20,190270000000.0,190270000000.0,7.79,1.13,0.83,3.79,0.83,63640000000.0,3.79,27070000000.0,13.50,107.80,26.20,20340000000.0,10.21,9740000000.0,1.64,60.70,40280000000.0,0.94,0.02,63.20,24480000.0,2.30,1.20,26180000.0,underperform
1353,2011-11-08 03:03:12,1320739392.0,cvx,98.46,2.03,1275.920044,9.3,-7.270000000000001,8.01,7.98,0.93,1.84,11.79,16.17,12.17,24.20,115.20,203930000000.0,203930000000.0,8.46,1.01,0.89,4.06,0.89,63640000000.0,4.06,27070000000.0,13.50,107.80,26.20,20340000000.0,10.21,9740000000.0,1.64,57.74,203930000000.0,0.84,0.02,63.20,27960000.0,2.60,1.40,28880000.0,underperform
1354,2007-01-14 06:31:32,1168774292.0,cvx,53.15,36.14,1423.819946,-0.53,36.67,0.149,8.89,0.74,2.15,8.65,14.10,15.84,26.98,91.847,153360000000.0,151480000000.0,N/A,1.40,0.75,3.781,0.75,57300000000.0,3.781,17510000000.0,7.909,39.60,1.40,12270000000.0,5.63,10390000000.0,1.323,31.927999,24520000000.0,0.81,0.05,61.40,32630000.000000004,3.9,1.50,27480000.0,outperform
1355,2006-08-14 14:13:05,1155579185.0,cvx,51.1,26.65,1268.209961,12.48,14.169999999999998,0.155,9.20,0.73,2.23,7.92,12.87,16.40,27.87,92.123,146760000000.0,148350000000.0,N/A,0.85,0.73,4.003,0.73,57300000000.0,4.003,16090000000.0,7.26,18.20,10.30,11130000000.0,5.065,10350000000.0,1.363,30.440001,23340000000.0,1.06,0.05,60.90,30290000.0,3.6,1.40,27770000.0,outperform
1356,2012-09-19 13:24:52,1348075492.0,cvx,108.96,11.18,1461.050049,17.88,-6.699999999999999,7.79,8.71,1.00,1.77,11.55,16.47,11.27,21.59,117.14,218280000000.0,218280000000.0,9.37,181.40,0.95,4.28,0.95,82130000000.0,4.28,26630000000.0,13.43,6.80,10.20,21460000000.0,10.94,10230000000.0,1.72,66.25,38900000000.0,1.06,0.02,64.30,25410000.0,5.00,1.30,24810000.0,underperform
1357,2008-12-18 19:48:00,1229647680.0,cvx,59.91,9.36,885.2800289999999,24.53,-15.170000000000002,0.08,6.42,0.57,1.79,8.80,13.60,15.12,29.54,131.853,150300000000.0,152060000000.0,N/A,2.36,0.56,3.308,0.56,86270000000.0,3.308,23910000000.0,11.531,112.30,42.30,10980000000.0,5.406,6960000000.0,1.201,42.797001,31510000000.0,0.68,0.03,64.70,20610000.0,0.8,1.00,20300000.0,underperform
1358,2007-06-11 03:08:21,1181545701.0,cvx,63.87,24.78,1509.119995,-9.98,34.760000000000005,0.139,9.85,0.92,2.41,9.51,13.95,14.41,26.20,86.544,173420000000.0,170670000000.0,N/A,2.02,0.91,4.482,0.91,65980000000.00001,4.482,17860000000.0,8.19,18.00,14.80,12700000000.0,5.91,9950000000.0,1.288,33.249001,24240000000.0,1.03,0.01,63.90,30790000.0,3.6,1.40,32439999.999999996,outperform
1359,2013-04-26 03:16:13,1366960573.0,cvx,114.04,7.42,1582.23999,18.53,-11.110000000000001,8.85,8.90,1.03,1.69,11.76,15.73,9.89,20.26,114.14,218510000000.0,218510000000.0,9.46,5.89,0.98,4.51,0.98,78570000000.0,4.51,26180000000.0,13.32,41.40,3.90,21910000000.0,11.28,12190000000.0,1.63,70.13,38810000000.0,1.18,0.02,64.10,18550000.0,3.20,N/A,19260000.0,underperform
1360,2013-02-06 07:28:23,1360153703.0,cvx,109.26,-0.83,1512.119995,17.28,-18.11,9.19,8.69,1.01,1.70,11.76,15.73,N/A,20.54,114.12,217420000000.0,217420000000.0,9.29,117.88,0.98,4.52,0.98,82130000000.0,4.52,26180000000.0,13.32,41.40,3.90,21580000000.0,11.03,12340000000.0,N/A,67.93,N/A,1.17,0.02,64.20,15410000.0,2.50,0.80,13540000.0,underperform
1361,2004-07-06 03:44:00,1089099840.0,cvx,33.53,25.8,1116.209961,7.05,18.75,0.325,12.39,0.80,2.62,6.30,10.57,9.56,22.68,116.811,99780000000.0,105310000000.0,14.15,1.65,0.85,2.9,0.85,49610000000.0,2.9,8010000000.0,7.525,538.70,22.90,6880000000.0,6.43,12400000000.0,1.28,35.667,12460000000.0,0.564,1.00,60.31,7480000.0,2.203,0.71,8510000.0,outperform
1362,2005-02-22 08:33:15,1109079195.0,cvx,43.41,-0.39,1184.160034,9.16,-9.55,0.277,N/A,N/A,2.90,N/A,N/A,0.00,0.00,N/A,126540000000.0,127360000000.0,13.61,2.22,N/A,N/A,N/A,49610000000.0,N/A,0.00,0.00,538.70,22.90,11040000000.0,5.21,11860000000.0,1.473,20.222,13700000000.0,0.516,1.00,60.36,13730000.0,2.648,0.66,16550000.0,underperform
1363,2011-11-02 19:29:00,1320276540.0,cvx,94.56,10.14,1237.900024,15.32,-5.18,9.89,7.75,0.89,1.77,11.79,16.17,N/A,N/A,115.20,198020000000.0,198020000000.0,8.18,3.37,0.86,3.93,0.86,63640000000.0,3.93,27070000000.0,13.50,107.80,26.20,17960000000.0,8.97,11520000000.0,N/A,57.74,198020000000.0,0.84,0.02,63.20,27960000.0,2.60,1.40,28880000.0,underperform
1364,2012-07-29 18:15:14,1343600114.0,cvx,100.37,20.39,1360.02002,23.92,-3.530000000000001,7.34,8.14,0.93,1.77,11.58,16.59,N/A,N/A,116.89,215590000000.0,215590000000.0,8.91,7.47,0.94,4.22,0.94,82130000000.0,4.22,26630000000.0,13.43,6.80,6.00,N/A,N/A,N/A,N/A,61.27,N/A,1.03,0.02,64.30,21430000.0,3.10,1.10,22410000.0,underperform
1365,2004-09-17 08:13:05,1095423185.0,cvx,37.45,24.19,1128.550049,8.74,15.450000000000001,0.296,10.35,0.81,2.65,7.73,12.22,12.37,28.37,62.64,108570000000.0,111300000000.0,12.90,1.51,0.83,2.83,0.83,49610000000.0,2.83,10490000000.0,4.926,538.70,22.90,9340000000.0,4.38,12120000000.0,1.371,19.26,13140000000.0,0.552,1.00,60.97,13850000.0,2.423,0.66,14120000.0,outperform
1366,2004-09-10 06:23:45,1094811825.0,nu,13.69,7.45,1123.920044,10.0,-2.55,1.74,19.71,0.38,1.06,1.99,6.64,1.17,5.46,51.024,2460000000.0,6330000000.0,13.71,3.22,0.97,6.54,0.97,1440000000.0,6.54,124400000.0,0.974,23.50,16.30,370630000.0,2.89,4250000000.0,1.202,18.138,860840000.0,0.457,0.88,70.52,3200000.0,9.49,2.52,3960000.0,underperform
1367,2012-08-04 20:18:38,1344125918.0,nu,35.83,19.37,1375.319946,24.11,-4.739999999999998,97.89,23.84,2.51,1.36,7.06,17.45,2.55,5.33,23.55,21350000000.0,21350000000.0,15.52,3.47,4.35,17.25,4.35,2610000000.0,17.25,346860000.0,1.66,42.60,55.50,107710000.0,0.34,9030000000.0,0.56,28.88,604090000.0,0.49,0.23,44.90,4080000.0,2.70,2.30,3870000.0,underperform
1368,2012-05-25 07:47:27,1337946447.0,nu,33.0,25.33,1317.819946,25.61,-0.28000000000000114,143.24,16.99,2.63,1.58,8.77,19.68,3.50,9.42,24.38,17040000000.0,17040000000.0,14.13,2.51,3.94,14.68,3.94,2610000000.0,14.68,379800000.0,2.14,13.00,11.00,346080000.0,1.10,6000000000.0,0.77,22.92,606440000.0,0.42,0.23,44.90,3800000.0,1.10,2.10,6350000.0,underperform
1369,2013-05-11 08:18:19,1368274699.0,nu,41.9,8.19,1632.689941,14.88,-6.690000000000001,97.52,20.95,1.91,1.47,9.13,21.22,4.29,9.68,23.02,22880000000.0,22880000000.0,16.15,2.14,3.19,10.82,3.19,2610000000.0,10.82,654770000.0,2.09,129.80,81.40,159930000.0,0.51,9270000000.0,0.56,29.67,1630000000.0,0.43,0.21,66.20,3710000.0,2.80,1.20,3600000.0,underperform
1370,2007-06-15 12:15:26,1181924126.0,nu,22.24,-5.58,1532.910034,-12.88,7.300000000000001,1.545,7.95,0.69,1.57,8.63,7.96,2.77,8.59,41.828,4420000000.0,8490000000.0,N/A,1.81,1.32,11.774,1.32,1120000000.0,11.774,223060000.0,3.60,N/A,20.60,279190000.0,1.806,4350000000.0,1.802,18.231001,97740000.0,0.47,0.08,75.80,4050000.0,4.9,2.60,4570000.0,outperform
1371,2008-05-04 00:32:22,1209875542.0,nu,21.28,-17.11,1409.339966,-35.63,18.520000000000003,1.59,17.48,0.72,1.45,4.23,12.72,4.05,8.61,37.621,4300000000.0,8850000000.0,N/A,1.81,1.52,8.458,1.52,1510000000.0,8.458,245900000.0,1.59,N/A,N/A,85920000.0,0.554,4630000000.0,1.066,18.652,248430000.0,1.1,0.26,69.20,2170000.0,2.1,1.40,1750000.0,outperform
1372,2003-11-12 16:49:25,1068673765.0,nu,13.25,7.32,1058.530029,10.86,-3.539999999999999,1.847,13.06,0.37,1.08,2.93,8.20,1.85,8.43,51.631,2440000000.0,6600000000.0,15.42,4.10,1.00,5.83,1.00,1440000000.0,5.83,187090000.0,1.469,37.50,24.10,333730000.0,2.62,4380000000.0,1.194,17.72,N/A,0.392,0.20,72.42,4880000.0,11.351,3.84,4770000.0,underperform
1373,2013-04-23 11:15:45,1366730145.0,nu,42.17,6.64,1578.780029,18.79,-12.149999999999999,97.59,23.54,2.23,1.51,8.38,20.73,3.70,7.88,22.63,23150000000.0,23150000000.0,16.36,2.18,3.69,12.73,3.69,2610000000.0,12.73,525950000.00000006,1.89,54.20,57.70,137720000.0,0.44,9170000000.0,0.61,29.41,1160000000.0,0.43,0.21,66.20,3700000.0,3.10,1.20,3690000.0,underperform
1374,2006-12-12 14:32:15,1165951935.0,nu,21.14,17.41,1411.560059,5.32,12.09,1.817,37.75,0.59,1.73,1.51,6.39,2.40,5.26,48.637,4269999999.9999995,8650000000.0,N/A,2.03,1.19,10.349,1.19,962210000.0,10.349,118470000.0,0.73,N/A,9.20,112650000.0,0.731,4490000000.0,1.356,16.063,468710000.0,0.78,8.57,73.40,3520000.0,2.30,2.30,4010000.0,outperform
1375,2004-02-03 07:53:49,1075812829.0,nu,13.38,0.67,1136.030029,5.03,-4.36,1.84,19.94,0.37,1.09,1.90,6.47,1.21,5.46,52.847,2450000000.0,6710000000.0,15.16,3.98,1.00,6.88,1.00,1440000000.0,6.88,122120000.0,0.962,37.50,24.10,250160000.0,1.96,4380000000.0,1.203,17.74,N/A,0.402,0.08,71.20,3710000.0,6.089,2.91,4099999.9999999995,underperform
1376,2006-12-02 11:24:13,1165076653.0,nu,21.25,15.95,1399.47998,5.02,10.93,1.817,38.56,0.59,1.75,1.51,6.39,2.40,5.26,48.637,4360000000.0,8740000000.0,N/A,2.05,1.20,10.458,1.20,962210000.0,10.458,118470000.0,0.73,N/A,9.20,112650000.0,0.731,4490000000.0,1.356,16.063,468710000.0,0.78,8.58,73.60,3520000.0,2.30,2.30,4010000.0,outperform
1377,2010-03-04 06:37:26,1267702646.0,nu,22.29,33.47,1122.969971,17.65,15.82,N/A,13.69,0.85,1.29,6.07,17.82,4.32,10.00,31.521,9610000000.0,9610000000.0,N/A,1.68,1.77,7.516,1.77,1780000000.0,7.516,330030000.0,1.91,17.80,9.20,93190000.0,0.529,5100000000.0,1.295,20.329,989120000.0,0.47,0.18,76.50,3160000.0,2.4,1.80,2880000.0,outperform
1378,2010-10-24 05:09:07,1287911347.0,nu,26.56,14.27,1180.26001,6.26,8.01,141.39,17.69,1.07,1.48,6.07,19.42,4.34,8.59,28.75,10420000000.0,10420000000.0,13.83,2.11,2.05,8.03,2.05,1570000000.0,8.03,307660000.0,1.74,13.20,9.20,161460000.0,0.92,5170000000.0,1.26,20.78,10420000000.0,0.51,0.20,76.30,2250000.0,1.50,1.30,3360000.0,outperform
1379,2005-03-08 22:35:44,1110339344.0,nu,13.68,4.9,1219.430054,4.84,0.0600000000000005,1.909,14.93,0.36,1.06,2.51,7.28,1.46,7.04,52.08,2440000000.0,6970000000.0,15.14,4.05,1.04,6.87,1.04,1440000000.0,6.87,162500000.0,1.268,23.50,16.30,186380000.0,1.44,4610000000.0,1.067,17.799,643030000.0,0.416,0.96,69.08,1750000.0,3.697,1.37,1710000.0,outperform
1380,2007-07-15 22:43:08,1184553788.0,mo,14.2,0.42,1547.699951,-20.64,21.060000000000002,0.588,13.38,2.14,10.44,15.98,25.49,15.27,43.87,33.804,150800000000.0,157140000000.0,N/A,2.33,2.22,7.838,2.22,32840000000.000004,7.838,11550000000.0,5.36,20.90,4.00,2190000000.0,1.041,8529999999.999999,1.987,6.901,14090000000.0,0.79,0.05,72.20,47220000.0,5.1,2.20,53240000.0,outperform
1381,2009-08-08 02:31:09,1249713069.0,mo,12.84,36.76,1002.7199710000001,12.28,24.479999999999997,N/A,11.65,2.20,10.93,18.97,35.57,13.01,86.44,8.047,48850000000.0,48850000000.0,N/A,1.13,2.95,7.943,2.95,7690000000.0,7.943,3150000000.0,1.52,8.60,9.90,544000000.0,0.263,12850000000.0,1.326,1.614,3800000000.0,0.46,0.08,67.50,59800000.0,4.4,2.90,57630000.0,outperform
1382,2012-10-16 02:00:50,1350367250.0,mo,29.73,13.12,1454.920044,18.33,-5.209999999999999,317.76,15.33,3.89,15.71,25.68,42.23,12.75,98.75,8.46,79300000000.0,79300000000.0,13.94,2.41,4.60,10.53,4.60,8940000000.0,10.53,4410000000.0,2.16,175.90,14.40,1530000000.0,0.75,13690000000.0,1.34,2.11,3050000000.0,0.39,0.09,61.60,41390000.0,2.90,2.00,44180000.0,underperform
1383,2011-10-20 08:08:23,1319112503.0,mo,23.11,26.22,1215.390015,17.92,8.299999999999997,293.23,16.65,3.49,12.47,20.74,38.86,11.15,74.44,7.96,69390000000.0,69390000000.0,12.47,1.69,4.19,10.37,4.19,9190000000.0,10.37,3420000000.0,1.64,57.40,7.80,2060000000.0,0.98,13690000000.0,1.75,2.19,69390000000.0,0.43,0.07,60.30,26560000.0,1.50,1.30,35410000.0,outperform
1384,2007-10-16 06:19:06,1192529946.0,mo,14.09,-11.43,1538.530029,-40.99,29.560000000000002,0.513,13.75,2.07,9.11,15.16,25.41,14.48,41.71,33.994,148140000000.0,150300000000.0,N/A,2.33,2.11,7.548,2.11,32840000000.000004,7.548,11650000000.0,5.12,18.30,5.90,6160000000.0,2.924,8310000000.000001,1.458,7.691,11590000000.0,0.75,0.07,73.60,50110000.0,4.8,2.40,54900000.0,outperform
1385,2013-04-25 05:34:28,1366882468.0,mo,32.99,14.61,1585.160034,17.55,-2.9400000000000013,433.15,17.26,4.07,22.46,23.89,43.07,13.07,120.91,8.65,81130000000.0,81130000000.0,13.82,1.98,4.64,10.45,4.64,9560000000.0,10.45,4170000000.0,2.06,31.90,2.60,2900000000.0,1.45,13880000000.0,1.08,1.58,3900000000.0,0.46,0.09,59.50,23830000.0,1.80,1.20,24550000.0,underperform
1386,2007-05-14 06:09:21,1179137361.0,mo,13.43,9.46,1503.150024,-6.66,16.12,0.588,12.80,2.00,9.86,15.76,25.14,15.27,43.87,34.269,144260000000.0,150600000000.0,N/A,2.27,2.10,7.512,2.10,32840000000.000004,7.512,11550000000.0,5.36,20.90,8.20,2190000000.0,1.041,8529999999.999999,1.987,6.901,14090000000.0,0.75,0.05,71.60,23890000.0,1.2,1.10,29850000.0,outperform
1387,2007-05-28 18:17:46,1180390666.0,mo,,,1515.72998,-8.6,,0.588,13.21,2.07,10.21,15.76,25.14,15.27,43.87,34.269,148870000000.0,155210000000.0,N/A,2.37,2.17,7.741,2.17,32840000000.000004,7.741,11550000000.0,5.36,20.90,8.20,2190000000.0,1.041,8529999999.999999,1.987,6.901,14090000000.0,0.75,0.05,71.40,23890000.0,1.2,1.10,29850000.0,underperform
1388,2013-03-14 19:56:03,1363305363.0,mo,31.03,13.21,1563.22998,17.78,-4.57,433.15,16.39,3.88,21.45,23.89,43.07,13.07,120.91,8.65,79090000000.0,79090000000.0,13.08,2.03,4.52,10.19,4.52,9560000000.0,10.19,4170000000.0,2.06,31.90,2.60,2900000000.0,1.45,13880000000.0,1.08,1.58,3900000000.0,0.45,0.09,59.50,18980000.0,2.30,0.90,14300000.0,underperform
1389,2005-01-13 07:12:16,1105618336.0,mo,8.36,28.11,1177.449951,9.36,18.75,0.821,13.26,1.43,4.35,10.93,17.49,9.96,36.32,42.91,126500000000.0,143650000000.0,11.99,1.46,1.63,9.3,1.63,28830000000.0,9.3,9560000000.0,4.647,17.10,1.80,6670000000.0,3.25,23880000000.0,1.057,14.17,10720000000.0,0.553,0.92,70.80,18810000.0,2.436,0.92,14440000.0,outperform
1390,2005-03-29 20:56:48,1112147808.0,mo,8.73,18.1,1165.359985,11.8,6.300000000000001,0.748,14.07,1.49,4.33,10.56,16.94,9.63,33.77,43.453,132970000000.0,150640000000.0,11.54,1.39,1.68,9.91,1.68,28830000000.0,9.91,9420000000.0,4.57,17.10,1.80,5740000000.0,2.78,22980000000.0,1.099,14.913,10720000000.0,0.506,0.91,70.39,19040000.0,3.046,0.93,13970000.0,outperform
1391,2004-10-20 14:13:31,1098296011.0,mo,6.28,60.51,1103.660034,6.72,53.79,0.75,10.24,1.12,3.50,10.93,17.49,9.96,36.32,42.91,97620000000.0,112400000000.0,9.22,1.10,1.27,7.28,1.27,28830000000.0,7.28,9560000000.0,4.647,17.10,1.80,6670000000.0,3.25,21810000000.0,1.057,13.538,11030000000.0,0.289,0.94,75.03,16020000.0,3.21,0.79,25140000.0,outperform
1392,2006-11-05 19:54:13,1162774453.0,mo,11.77,22.43,1367.339966,9.86,12.57,0.45,15.04,2.43,4.13,16.18,32.55,13.35,29.99,33.665,169950000000.0,182780000000.0,N/A,2.04,2.61,7.431,2.61,32159999999.999996,7.431,11350000000.0,5.40,0.30,2.00,5700000000.0,2.72,18530000000.0,0.959,19.702999,N/A,0.72,0.23,72.60,26220000.0,2.1,1.30,18830000.0,outperform
1393,2007-02-08 22:45:34,1170992734.0,mo,12.46,17.98,1448.310059,-8.08,26.060000000000002,0.444,14.92,2.56,4.55,17.10,25.46,10.54,31.92,33.696,178610000000.0,192760000000.0,N/A,2.04,2.74,9.792,2.74,32159999999.999996,9.792,12020000000.0,5.711,29.30,0.90,5020000000.0,2.395,17580000000.0,1.029,18.906,N/A,0.73,0.23,75.10,24020000.0,3.1,1.10,22430000.0,outperform
1394,2004-08-16 22:37:20,1092710240.0,mo,6.21,48.63,1079.339966,12.97,35.660000000000004,0.896,10.37,1.12,3.48,11.15,17.92,10.08,37.68,42.163,97560000000.0,116410000000.0,9.22,1.10,1.35,7.5,1.35,28830000000.0,7.5,9400000000.0,4.585,17.10,1.80,5030000000.0,2.45,24880000000.0,1.052,13.538,8930000000.0,0.31,0.94,68.66,21450000.0,3.546,1.06,20850000.0,outperform
1395,2008-12-18 06:56:27,1229601387.0,mo,10.48,40.08,885.2800289999999,24.53,15.549999999999997,0.212,4.78,0.77,7.17,16.65,36.11,24.11,86.48,18.535,30230000000.0,30200000000.0,N/A,0.83,0.78,2.023,0.78,21500000000.0,2.023,9260000000.0,3.07,67.10,6.90,915000000.0,0.444,885000000.0,1.448,2.028,5940000000.0,80.87,0.11,72.40,30830000.0,1.50,1.50,32259999.999999996,outperform
1396,2011-09-03 01:17:59,1315027079.0,mo,22.7,33.83,1218.890015,14.82,19.009999999999998,293.23,16.28,3.39,12.11,20.74,38.86,11.15,74.44,7.96,67730000000.00001,67730000000.00001,12.26,2.13,4.09,10.12,4.09,9190000000.0,10.12,3420000000.0,1.64,57.40,7.80,2060000000.0,1.00,13690000000.0,1.75,2.24,67730000000.00001,0.45,0.07,60.30,27640000.0,1.50,1.30,21340000.0,outperform
1397,2006-11-29 20:01:12,1164848472.0,mo,12.2,24.1,1399.47998,5.02,19.080000000000002,0.477,15.59,2.45,4.26,16.18,32.54,13.34,29.99,33.665,176370000000.0,189260000000.0,N/A,2.11,2.70,7.69,2.70,32159999999.999996,7.69,11350000000.0,5.40,0.30,2.00,5700000000.0,2.717,19640000000.0,1.205,19.656,14250000000.0,0.72,0.23,75.80,26220000.0,2.1,1.30,18830000.0,outperform
1398,2005-09-01 05:47:49,1125568069.0,mo,9.6,25.0,1221.589966,7.32,17.68,0.833,14.88,2.20,4.34,14.93,25.51,10.21,33.10,32.093,146730000000.0,166030000000.0,N/A,1.61,2.52,8.979,2.52,28830000000.0,8.979,10120000000.0,4.75,1.50,6.10,8500000000.0,4.095,27800000000.0,1.247,16.091,11590000000.0,N/A,0.34,73.30,25390000.0,4.1,1.20,20230000.0,outperform
1399,2006-07-18 12:18:56,1153239536.0,mo,11.11,24.66,1236.859985,25.01,-0.3500000000000014,0.615,14.25,2.32,4.21,16.34,32.48,13.58,32.77,33.378,160680000000.0,181630000000.0,N/A,1.82,2.62,7.502,2.62,32159999999.999996,7.502,11560000000.0,5.40,33.90,2.10,2490000000.0,1.193,23440000000.0,1.242,18.271,10850000000.0,0.68,0.23,73.80,17180000.0,2.3,0.80,12590000.0,underperform
1400,2008-01-23 15:49:53,1201121393.0,mo,14.65,-18.29,1338.599976,-38.18,19.89,0.466,14.50,2.15,8.96,14.71,26.09,14.68,41.32,34.216,152560000000.0,155280000000.0,N/A,2.29,2.16,7.556,2.16,32840000000.000004,7.556,12070000000.0,4.996,8.40,5.90,7310000000.0,3.47,8029999999.999999,1.414,8.187,10730000000.0,0.24,0.08,72.50,31880000.0,3.8,1.50,48130000.0,outperform
1401,2006-11-12 05:15:40,1163326540.0,mo,11.7,23.42,1378.329956,4.41,19.01,0.45,14.99,2.41,4.10,16.18,32.55,13.35,29.99,33.665,169420000000.0,182260000000.0,N/A,2.03,2.60,7.41,2.60,32159999999.999996,7.41,11350000000.0,5.399,0.30,2.00,5700000000.0,2.72,18530000000.0,0.959,19.702999,N/A,0.72,0.23,72.60,26220000.0,2.1,1.30,18830000.0,outperform
1402,2012-06-16 19:03:18,1339887798.0,mo,29.35,13.22,1314.880005,24.45,-11.229999999999999,366.41,20.29,4.11,18.51,20.55,40.05,10.93,74.33,8.13,78220000000.0,78220000000.0,14.31,2.55,4.69,11.29,4.69,8940000000.0,11.29,3410000000.0,1.66,3.80,1.30,4160000000.0,2.04,13690000000.0,1.27,1.82,3390000000.0,0.41,0.08,59.90,20080000.0,2.20,1.00,19400000.0,underperform
1403,2007-01-13 03:29:32,1168676972.0,mo,13.04,21.55,1414.849976,0.39,21.16,0.477,16.38,2.67,4.55,16.18,32.54,13.34,29.99,33.665,185320000000.0,201310000000.0,N/A,2.24,2.87,8.18,2.87,32159999999.999996,8.18,11350000000.0,5.399,0.30,2.00,5700000000.0,2.717,19640000000.0,1.205,19.656,14250000000.0,0.73,0.23,74.30,22430000.0,1.10,1.10,25400000.0,outperform
1404,2006-11-17 03:47:10,1163753230.0,mo,12.3,16.99,1401.199951,4.95,12.04,0.477,15.48,2.45,4.17,15.86,31.90,13.34,29.99,34.336,174950000000.0,186330000000.0,N/A,2.07,2.60,7.571,2.60,32159999999.999996,7.571,11350000000.0,5.399,0.30,3.70,5700000000.0,2.717,19640000000.0,1.205,19.702999,14250000000.0,0.72,0.23,71.50,26220000.0,2.1,1.30,18830000.0,outperform
1405,2005-04-04 09:46:14,1112622374.0,mo,8.74,15.1,1176.119995,11.04,4.0600000000000005,0.748,14.27,1.50,4.37,10.56,16.94,9.63,33.77,43.453,134810000000.0,152050000000.0,11.70,1.41,1.70,10.01,1.70,28830000000.0,10.01,9420000000.0,4.57,17.10,1.80,5740000000.0,2.78,22980000000.0,1.099,14.913,10720000000.0,0.506,0.91,70.34,19040000.0,3.046,0.93,13970000.0,outperform
1406,2005-01-19 17:22:22,1106173342.0,mo,8.52,24.18,1184.630005,8.48,15.7,0.821,13.69,1.49,4.51,10.93,17.49,9.96,36.32,42.91,130560000000.0,148500000000.0,12.38,1.50,1.68,9.61,1.68,28830000000.0,9.61,9560000000.0,4.647,17.10,1.80,6670000000.0,3.25,23880000000.0,1.057,14.17,10720000000.0,0.553,0.92,70.85,18810000.0,2.436,0.92,14440000.0,outperform
1407,2012-04-01 12:55:11,1333299311.0,mo,26.66,18.12,1403.280029,11.32,6.800000000000001,368.48,18.82,3.75,16.93,20.40,37.87,10.58,75.89,8.05,73270000000.0,73270000000.0,13.03,1.75,4.41,11.19,4.41,8940000000.0,11.19,3380000000.0,1.64,9.00,5.00,3270000000.0,1.61,13690000000.0,1.40,1.81,3610000000.0,0.40,0.07,59.90,17130000.0,1.30,0.80,16510000.000000002,outperform
1408,2008-10-28 22:32:52,1225247572.0,mo,13.49,0.74,940.51001,10.86,-10.12,0.212,6.37,0.98,9.09,16.65,36.02,24.04,86.48,18.535,40190000000.0,37960000000.0,N/A,1.06,0.98,2.584,0.98,21500000000.0,2.584,9260000000.0,3.067,67.10,56.40,915000000.0,0.445,885000000.0,1.453,2.03,N/A,74.70,0.11,72.80,31620000.0,1.8,1.50,32240000.000000004,underperform
1409,2007-06-14 13:05:35,1181840735.0,mo,13.88,2.45,1522.969971,-10.7,13.149999999999999,0.588,13.11,2.09,10.18,15.98,25.49,15.27,43.87,33.804,147770000000.0,154120000000.0,N/A,2.34,2.18,7.687,2.18,32840000000.000004,7.687,11550000000.0,5.36,20.90,4.00,2190000000.0,1.041,8529999999.999999,1.987,6.901,14090000000.0,0.78,0.05,72.20,53240000.0,6.6,2.50,23890000.0,outperform
1410,2008-12-31 18:43:34,1230767014.0,mo,10.63,40.26,903.25,23.45,16.81,0.212,4.91,0.82,7.56,16.65,36.11,24.11,86.48,18.535,31050000000.0,31560000000.0,N/A,0.88,0.82,2.114,0.82,21500000000.0,2.114,9260000000.0,3.067,67.10,6.90,915000000.0,0.444,885000000.0,1.448,2.028,5940000000.0,79.54,0.11,72.50,30830000.0,1.50,1.50,32259999.999999996,outperform
1411,2013-04-23 04:20:34,1366705234.0,mo,32.61,13.58,1578.780029,18.79,-5.209999999999999,433.15,17.13,4.01,22.14,23.89,43.07,13.07,120.91,8.65,81130000000.0,81130000000.0,13.73,1.94,4.64,10.45,4.64,9560000000.0,10.45,4170000000.0,2.06,31.90,2.60,2900000000.0,1.45,13880000000.0,1.08,1.58,3900000000.0,0.46,0.09,59.50,23830000.0,1.80,1.20,24550000.0,underperform
1412,2007-04-09 03:36:30,1176104190.0,mo,13.64,5.43,1444.609985,-5.47,10.899999999999999,0.472,12.39,2.10,3.73,17.10,25.44,10.69,31.92,33.696,148480000000.0,162150000000.0,N/A,2.37,2.31,8.128,2.31,N/A,8.128,12020000000.0,5.71,29.30,0.90,5020000000.0,2.392,18700000000.0,1.263,18.892,13590000000.0,0.71,0.05,72.20,29850000.0,2.1,1.40,19410000.0,outperform
1413,2007-05-24 14:15:47,1180030547.0,mo,13.75,8.73,1507.51001,-8.73,17.46,0.588,13.34,2.10,10.34,15.76,25.14,15.27,43.87,34.269,150320000000.0,156490000000.0,N/A,2.40,2.18,7.805,2.18,32840000000.000004,7.805,11550000000.0,5.359,20.90,8.20,2190000000.0,1.041,8529999999.999999,1.987,6.901,14090000000.0,0.75,0.05,71.40,23890000.0,1.2,1.10,29850000.0,outperform
1414,2012-01-02 06:58:21,1325505501.0,mo,,,1257.599976,9.41,,307.25,17.74,3.73,13.85,21.16,39.63,10.94,72.12,7.92,71550000000.0,71550000000.0,13.54,1.82,4.36,10.59,4.36,9190000000.0,10.59,3460000000.0,1.67,3.70,3.00,3040000000.0,1.48,13690000000.0,1.49,2.15,3610000000.0,0.34,0.07,60.30,23350000.0,1.40,1.10,24210000.0,underperform
1415,2011-11-02 15:53:52,1320263632.0,mo,23.06,23.94,1237.900024,15.32,8.620000000000001,307.25,16.23,3.39,12.60,21.16,39.63,10.94,72.12,7.92,66310000000.0,66310000000.0,12.33,1.69,4.04,9.82,4.04,9190000000.0,9.82,3460000000.0,1.67,3.70,3.00,3040000000.0,1.48,13690000000.0,1.49,2.15,66310000000.0,0.45,0.07,60.30,28450000.0,2.00,1.40,26560000.0,outperform
1416,2012-03-20 00:43:01,1332218581.0,txn,31.17,7.09,1405.52002,10.9,-3.8100000000000005,51.06,18.00,2.75,3.44,16.28,25.70,13.02,20.91,11.93,40460000000.0,40460000000.0,14.16,2.51,2.95,8.90,2.95,6770000000.0,8.90,2200000000.0,1.88,68.40,3.00,2940000000.0,2.56,5590000000.0,2.24,9.61,3260000000.0,1.24,0.06,83.00,15730000.0,1.90,1.40,17460000.0,underperform
1417,2013-05-14 09:35:05,1368538505.0,txn,35.03,28.46,1650.339966,14.43,14.030000000000001,51.89,22.63,3.22,3.70,14.74,20.77,8.23,16.86,11.21,42900000000.0,42900000000.0,17.40,2.84,3.41,11.05,3.41,6370000000.0,11.05,1820000000.0,1.62,36.60,7.60,3860000000.0,3.48,5680000000.0,2.64,9.87,3320000000.0,1.19,0.08,84.50,26500000.0,2.60,2.90,28170000.0,outperform
1418,2004-12-09 07:02:38,1102593758.0,txn,19.95,41.3,1189.23999,5.9,35.4,0.03,22.62,3.54,3.35,15.44,17.72,11.98,15.51,6.877,41560000000.0,39630000000.0,21.28,1.23,3.25,10.73,3.25,3070000000.0,10.73,1880000000.0,1.063,N/A,2.20,3990000000.0,2.31,383000000.0,4.386,7.463,2910000000.0,1.774,0.33,70.24,29400000.0,2.018,1.71,28760000.0,outperform
1419,2013-04-25 00:13:22,1366863202.0,txn,34.38,32.11,1585.160034,17.55,14.559999999999999,51.88,23.85,3.08,3.61,13.72,21.05,8.33,16.05,11.33,39560000000.0,39560000000.0,17.57,2.75,3.09,9.89,3.09,6370000000.0,9.89,1730000000.0,1.51,11.40,12.90,3960000000.0,3.59,5690000000.0,2.40,9.89,3410000000.0,1.19,0.08,84.50,22860000.0,2.40,2.50,26790000.0,outperform
1420,2004-08-03 22:54:34,1091588074.0,txn,17.13,60.07,1099.689941,13.22,46.85,0.064,20.45,3.20,2.95,15.39,15.27,11.46,15.04,6.466,35260000000.0,33549999999.999996,15.55,1.04,2.92,10.25,2.92,3070000000.0,10.25,1770000000.0,0.996,N/A,2.20,3930000000.0,2.27,790000000.0,3.629,7.185,2350000000.0,1.71,1.00,70.87,22250000.0,1.637,1.30,21980000.0,outperform
1421,2008-12-04 14:30:57,1228419057.0,txn,12.59,89.99,845.2199710000001,30.85,59.13999999999999,N/A,8.03,1.46,1.96,18.93,24.98,16.18,24.17,10.194,19780000000.0,17790000000.0,N/A,0.65,1.31,4.028,1.31,7330000000.0,4.028,2570000000.0,1.90,27.40,7.50,1990000000.0,1.537,N/A,3.574,7.786,3640000000.0,1.03,0.06,76.80,27310000.0,1.5,2.10,33360000.0,outperform
1422,2013-03-21 02:11:28,1363846288.0,txn,32.64,41.61,1545.800049,20.75,20.86,51.88,23.22,2.99,3.50,13.72,21.05,8.33,16.05,11.33,40480000000.0,40480000000.0,17.27,2.39,3.16,10.12,3.16,6370000000.0,10.12,1730000000.0,1.51,11.40,12.90,3960000000.0,3.59,5690000000.0,2.40,9.89,3410000000.0,1.15,0.08,84.50,26360000.0,2.60,2.90,26850000.0,outperform
1423,2004-11-11 14:01:49,1100199709.0,txn,20.43,28.63,1173.47998,5.22,23.41,0.03,22.55,3.40,3.21,15.44,17.72,11.98,15.51,6.877,41420000000.0,37820000000.0,21.21,1.20,3.10,10.23,3.10,3070000000.0,10.23,1880000000.0,1.063,N/A,2.20,3990000000.0,2.31,383000000.0,4.386,7.463,2480000000.0,1.779,1.00,70.42,28760000.0,2.025,1.68,26670000.0,outperform
1424,2011-11-08 15:47:01,1320785221.0,txn,29.13,-4.87,1275.920044,9.3,-14.170000000000002,52.61,13.13,2.60,3.27,20.81,28.04,14.45,27.44,11.93,39210000000.0,39210000000.0,13.58,1.36,2.83,8.17,2.83,7490000000.0,8.17,2840000000.0,2.40,30.00,7.30,2620000000.0,2.29,5800000000.0,2.10,9.65,39210000000.0,1.16,0.06,81.40,35300000.0,2.40,3.00,31880000.0,underperform
1425,2007-11-06 04:01:47,1194339707.0,txn,28.43,-44.04,1520.27002,-37.33,-6.710000000000001,N/A,18.43,3.27,4.03,18.70,24.01,14.47,22.09,9.537,44990000000.0,41230000000.0,N/A,0.98,3.00,9.229,3.00,7260000000.0,9.229,2560000000.0,1.75,10.50,2.60,3670000000.0,2.624,N/A,3.965,7.965,3830000000.0,1.74,0.04,68.60,30110000.0,3.2,2.10,29350000.0,underperform
1426,2004-03-05 10:26:03,1078500363.0,txn,26.42,-13.97,1156.859985,4.6,-18.57,0.07,45.76,5.42,4.49,12.17,9.60,8.06,10.75,5.635,53910000000.0,50410000000.0,24.12,1.63,5.13,20.39,5.13,3070000000.0,20.39,1200000000.0,0.68,N/A,2.20,4330000000.0,2.5,832000000.0,3.504,6.849,1830000000.0,1.788,1.00,70.61,21340000.0,1.76,1.24,26240000.0,underperform
1427,2004-06-07 21:24:52,1086657892.0,txn,22.04,4.45,1140.420044,4.98,-0.5300000000000002,0.069,32.14,4.13,3.61,13.68,12.05,9.59,12.68,5.965,45410000000.0,40330000000.0,18.87,1.20,3.81,14.43,3.81,3070000000.0,14.43,1450000000.0,0.816,N/A,2.20,4139999999.9999995,2.39,829000000.0,3.508,6.981,2350000000.0,1.795,1.00,71.12,17380000.0,1.246,1.01,29250000.0,underperform
1428,2005-03-06 04:18:22,1110100702.0,txn,22.4,22.01,1210.469971,5.6,16.410000000000004,0.029,25.51,3.64,3.50,14.79,17.54,11.66,14.93,7.114,46290000000.0,40310000000.0,20.07,1.19,3.20,10.73,3.20,3070000000.0,10.73,1860000000.0,1.05,N/A,2.20,6360000000.0,3.69,379000000.0,5.294,7.603,2910000000.0,1.862,0.33,69.47,28480000.0,1.973,1.66,24770000.0,outperform
1429,2008-11-03 16:30:45,1225747845.0,txn,16.46,27.04,966.2999880000001,8.19,18.85,N/A,9.91,1.87,2.51,18.94,24.97,16.17,24.18,10.197,24420000000.0,23370000000.0,N/A,0.78,1.72,5.32,1.72,7330000000.0,5.32,2570000000.0,1.90,27.40,7.50,1990000000.0,1.537,N/A,3.574,7.786,3640000000.0,0.97,0.06,78.70,29330000.0,1.2,2.20,33350000.0,outperform
1430,2007-04-06 05:19:18,1175851158.0,txn,25.54,-0.7,1437.77002,-4.89,4.1899999999999995,0.004,11.07,3.10,3.91,30.45,23.62,15.95,22.65,9.329,44490000000.0,40490000000.0,N/A,1.30,2.84,8.231,2.84,7260000000.0,8.231,2640000000.0,2.78,2.00,4.20,3720000000.0,2.575,43000000.0,3.78,7.834,2460000000.0,2.2,0.04,71.00,32520000.000000004,1.9,2.30,31010000.0,outperform
1431,2007-03-10 06:44:46,1173527086.0,txn,,,1391.969971,-6.3,,0.004,11.66,3.21,4.05,30.45,23.62,15.95,22.65,9.329,46850000000.0,42080000000.0,N/A,1.35,2.95,8.553,2.95,7260000000.0,8.553,2640000000.0,2.78,2.00,4.20,3720000000.0,2.575,43000000.0,3.78,7.834,2460000000.0,2.21,0.04,69.00,31010000.0,1.6,2.20,28640000.0,underperform
1432,2009-01-08 07:05:07,1231416307.0,txn,13.3,76.39,909.7299800000001,25.86,50.53,N/A,8.20,1.57,2.11,18.93,24.98,16.18,24.17,10.194,20200000000.0,18210000000.0,N/A,1.27,1.34,4.122,1.34,7330000000.0,4.122,2570000000.0,1.90,27.40,7.50,1990000000.0,1.537,N/A,3.574,7.786,3640000000.0,1.03,0.06,76.90,32110000.0,1.8,2.50,31140000.0,outperform
1433,2012-06-20 09:56:17,1340200577.0,txn,26.63,24.75,1355.689941,17.15,7.600000000000001,47.74,18.26,2.40,2.92,13.63,23.07,11.65,16.95,11.76,34870000000.0,34870000000.0,12.08,1.97,2.59,8.26,2.59,6770000000.0,8.26,1810000000.0,1.55,60.20,8.00,2760000000.0,2.42,5280000000.0,2.61,9.67,3190000000.0,1.26,0.07,82.90,19520000.0,2.40,1.70,18460000.0,outperform
1434,2007-12-18 00:17:29,1197955049.0,txn,28.42,-50.25,1454.97998,-37.84,-12.409999999999997,N/A,19.01,3.39,4.18,18.70,24.11,14.53,22.09,9.536,46430000000.0,42880000000.0,N/A,1.02,3.12,9.569,3.12,7260000000.0,9.569,2560000000.0,1.75,10.50,2.60,3670000000.0,2.624,N/A,3.965,7.965,3820000000.0,1.73,0.06,74.50,27290000.0,1.9,2.00,29210000.0,underperform
1435,2008-12-18 21:35:46,1229654146.0,txn,13.11,73.0,885.2800289999999,24.53,48.47,N/A,7.92,1.55,2.09,18.93,24.98,16.18,24.17,10.194,19520000000.0,19070000000.0,N/A,0.76,1.41,4.318,1.41,7330000000.0,4.318,2570000000.0,1.90,27.40,7.50,1990000000.0,1.537,N/A,3.574,7.786,3640000000.0,1.03,0.06,76.90,31140000.0,1.7,2.40,27310000.0,outperform
1436,2004-04-12 00:12:25,1081743145.0,txn,24.74,-17.5,1145.199951,3.72,-21.22,0.07,42.91,5.16,4.28,12.17,9.60,8.06,10.75,5.635,50550000000.0,47050000000.0,22.11,1.48,4.78,19.03,4.78,3070000000.0,19.03,1200000000.0,0.68,N/A,2.20,4330000000.0,2.5,832000000.0,3.504,6.849,1830000000.0,1.766,1.00,69.62,25320000.0,2.235,1.48,21340000.0,underperform
1437,2008-12-14 21:17:08,1229307428.0,txn,13.18,75.57,873.590027,27.53,48.03999999999999,N/A,8.20,1.45,1.94,18.93,24.98,16.18,24.17,10.194,20210000000.0,18220000000.0,N/A,0.73,1.34,4.125,1.34,7330000000.0,4.125,2570000000.0,1.90,27.40,7.50,1990000000.0,1.537,N/A,3.574,7.786,3640000000.0,1.03,0.06,76.90,31140000.0,1.7,2.40,27310000.0,outperform
1438,2012-06-29 12:54:54,1340988894.0,txn,26.77,25.29,1362.160034,17.7,7.59,47.74,17.36,2.28,2.78,13.63,23.07,11.65,16.95,11.76,33270000000.000004,33270000000.000004,11.53,1.93,2.47,7.88,2.47,6770000000.0,7.88,1810000000.0,1.55,60.20,8.00,2760000000.0,2.42,5280000000.0,2.61,9.67,3190000000.0,1.26,0.07,82.90,18050000.0,2.00,1.60,19520000.0,outperform
1439,2012-08-31 06:36:43,1346409403.0,txn,27.26,36.24,1406.579956,16.24,20.000000000000004,42.15,21.25,2.51,3.00,12.06,22.47,10.23,14.59,11.69,35820000000.0,35820000000.0,13.56,2.16,2.69,8.51,2.69,6770000000.0,8.51,1580000000.0,1.37,33.60,3.60,2330000000.0,2.05,4700000000.0,1.92,9.81,3240000000.0,1.22,0.07,82.90,18410000.0,2.10,1.60,16399999.999999998,outperform
1440,2012-04-29 20:30:35,1335745835.0,txn,29.81,15.77,1399.97998,13.83,1.9399999999999995,47.74,20.78,2.72,3.30,13.63,23.78,12.01,16.95,11.76,39330000000.0,39330000000.0,13.52,2.98,2.92,9.12,2.92,6770000000.0,9.12,1800000000.0,1.55,60.20,8.00,2760000000.0,2.42,5280000000.0,2.61,9.67,3190000000.0,1.20,0.06,83.00,13790000.0,1.80,1.20,13870000.0,outperform
1441,2005-03-01 22:11:37,1109733097.0,txn,22.88,18.92,1210.410034,6.68,12.240000000000002,0.029,25.76,3.62,3.48,14.79,17.54,11.66,14.93,7.114,46650000000.0,39580000000.0,20.26,1.17,3.15,10.54,3.15,3070000000.0,10.54,1860000000.0,1.054,N/A,2.20,6360000000.0,3.69,379000000.0,5.294,7.603,2910000000.0,1.862,0.33,70.23,28480000.0,1.973,1.66,24770000.0,outperform
1442,2011-09-26 20:08:52,1317082132.0,txn,25.16,3.86,1162.949951,23.96,-20.1,32.08,10.52,2.23,2.88,22.24,29.40,17.72,30.39,12.07,28550000000.0,28550000000.0,11.53,1.13,2.02,5.63,2.02,7490000000.0,5.63,3090000000.0,2.60,12.60,1.10,6400000000.0,5.54,3500000000.0,6.20,9.44,28550000000.0,1.08,0.06,81.40,28230000.0,1.90,2.40,26540000.0,underperform
1443,2012-02-14 17:33:30,1329258810.0,klac,45.78,17.67,1350.5,12.58,5.090000000000002,25.15,11.13,2.59,2.76,23.93,33.88,15.11,27.88,18.96,6760000000.0,6760000000.0,10.93,1.26,2.14,5.82,2.14,1920000000.0,5.82,757590000.0,4.44,40.30,16.20,2180000000.0,13.06,746560000.0,4.52,17.80,939930000.0,1.83,0.19,95.50,5940000.0,1.70,4.60,9180000.0,outperform
1444,2004-09-09 16:35:09,1094762109.0,klac,31.59,31.37,1118.380005,11.01,20.36,2.404,31.14,4.88,2.78,16.28,19.87,7.74,10.12,7.413,7380000000.0,6050000000.0,19.48,0.90,4.04,15.92,4.04,826700000.0,15.92,243700000.0,1.207,77.60,13.10,1130000000.0,5.77,2.404,2.404,13.349,349680000.0,2.554,2.78,89.02,10450000.0,1.326,5.48,12000000.0,outperform
1445,2007-02-22 05:57:14,1172141834.0,klac,43.43,-17.66,1456.380005,-7.09,-10.57,N/A,23.01,4.31,2.67,19.11,20.57,8.72,12.75,11.916,10220000000.0,8080000000.0,N/A,0.89,3.40,11.446,3.40,1130000000.0,11.446,454330000.0,2.23,17.50,33.10,2140000000.0000002,10.729,N/A,3.456,19.167999,498630000.0,3.31,0.75,87.70,9500000.0,2.9,4.90,10970000.0,underperform
1446,2003-12-07 16:38:01,1070833081.0,klac,46.76,-14.67,1069.719971,11.27,-25.939999999999998,N/A,88.99,8.83,4.84,9.70,9.36,4.36,5.69,6.449,10830000000.0,9830000000.0,32.62,2.09,7.77,51.14,7.77,651540000.0,51.14,122760000.0,0.625,36.50,19.20,1000000000.0,5.15,N/A,2.88,11.86,N/A,2.6,2.78,92.19,13070000.0,1.614,6.90,13660000.0,underperform
1447,2005-01-18 04:20:31,1106040031.0,klac,36.84,15.47,1195.97998,6.85,8.620000000000001,2.562,27.98,5.00,3.16,19.04,24.59,9.81,12.92,8.412,8780000000.0,7540000000.0,20.60,1.06,4.44,15.12,4.44,826700000.0,15.12,323270000.0,1.605,77.60,13.10,1230000000.0,6.31,2.562,2.562,13.737,413080000.0,2.437,1.72,88.71,11940000.0,2.291,6.21,13600000.0,outperform
1448,2008-12-05 18:24:54,1228519494.0,klac,16.43,74.56,876.070007,26.62,47.94,0.27,10.97,1.31,1.12,12.29,22.26,7.57,9.98,13.365,2990000000.0,2560000000.0,N/A,3.16,1.09,3.825,1.09,1380000000.0,3.825,290210000.0,1.62,78.10,23.20,1270000000.0,7.492,744800000.0,3.387,16.349001,543750000.0,1.55,5.68,92.90,12470000.0,2.7,7.40,12720000.0,outperform
1449,2012-03-25 03:07:11,1332659231.0,klac,48.59,1.87,1392.780029,11.41,-9.54,25.15,11.91,2.75,2.94,23.93,33.88,15.11,27.88,18.96,7390000000.0,7390000000.0,11.80,1.29,2.33,6.36,2.33,1920000000.0,6.36,757590000.0,4.44,40.30,16.20,2180000000.0,13.06,746560000.0,4.52,17.80,939930000.0,1.88,0.19,95.50,9100000.0,3.40,7.10,8070000.0,underperform
1450,2013-06-19 18:48:25,1371682105.0,klac,54.27,26.2,1628.930054,20.29,5.91,21.68,14.64,3.10,2.71,21.77,28.84,10.73,19.87,18.11,7110000000.0,7110000000.0,13.52,1.71,2.36,7.41,2.36,1840000000.0,7.41,656260000.0,3.86,19.00,13.30,2880000000.0,17.36,747240000.0,5.20,20.78,1010000000.0,1.61,0.17,92.30,4120000.0,1.90,2.50,3920000.0,outperform
1451,2010-02-04 09:47:51,1265294871.0,klac,24.79,65.23,1063.109985,23.31,41.92,N/A,N/A,3.76,2.27,4.82,1.94,0.44,2.93,8.059,4260000000.0,4260000000.0,N/A,3.83,3.10,35.956,3.10,655390000.0,35.956,66200000.0,0.39,N/A,11.00,1520000000.0,8.847,745470000.0,4.22,12.911,386780000.0,1.79,0.13,98.20,6900000.0,2.7,5.40,7040000.0,outperform
1452,2007-04-06 11:41:54,1175874114.0,klac,45.07,-25.83,1437.77002,-4.89,-20.939999999999998,N/A,25.10,4.64,2.88,19.11,20.57,8.72,12.75,11.916,11150000000.0,9010000000.0,N/A,0.96,3.79,12.765,3.79,1130000000.0,12.765,454330000.0,2.23,17.50,33.10,2140000000.0000002,10.729,N/A,3.456,19.167999,498630000.0,3.11,0.66,80.20,18780000.0,3.5,8.50,8400000.0,underperform
1453,2005-03-06 17:27:50,1110148070.0,klac,39.13,8.92,1210.469971,5.6,3.3200000000000003,2.683,24.03,4.99,3.33,21.12,27.58,11.56,15.37,9.392,9410000000.0,8090000000.0,21.48,1.19,4.28,13.48,4.28,826710000.0,13.48,400830000.0,1.99,77.60,13.10,1320000000.0,6.74,2.683,2.683,14.44,457920000.0,2.491,1.70,86.83,12570000.0,2.232,6.51,10910000.0,outperform
1454,2005-09-08 09:41:00,1126186860.0,unm,16.61,-1.2,1231.670044,5.46,-6.66,0.39,9.42,0.55,0.74,5.92,10.02,1.31,8.89,35.743,5810000000.0,8550000000.000001,N/A,1.22,0.81,7.524,0.81,10460000000.0,7.524,625600000.0,2.07,2279.20,5.90,327000000.0,1.098,3060000000.0,51.739,26.368,924000000.0,N/A,5.36,105.30,24020000.0,12.4,8.20,23910000.0,underperform
1455,2005-05-27 20:03:36,1117238616.0,unm,15.53,-2.96,1198.780029,4.99,-7.95,0.434,10.43,0.52,0.76,5.08,6.65,1.06,7.66,34.475,5440000000.0,8390000000.000001,9.67,1.05,0.81,N/A,0.81,10460000000.0,N/A,529299999.99999994,1.75,N/A,4.70,60500000.0,0.2,3060000000.0,N/A,23.681999,747000000.0,0.499,1.04,95.00,24150000.0,9.655,8.19,22520000.0,underperform
1456,2007-01-15 16:36:48,1168897008.0,unm,0.44,4293.18,1430.72998,-3.48,4296.66,0.337,24.65,0.66,0.92,2.56,5.92,0.77,3.67,33.967,7010000000.0,9050000000.0,N/A,1.18,0.85,12.481,0.85,10440000000.0,12.481,272400000.0,0.83,N/A,4.90,521500000.0,1.522,2560000000.0,15.748,22.171,1410000000.0,1.42,11.36,99.10,10170000.0,3.00,3.00,10610000.0,outperform
1457,2005-02-10 06:19:05,1108034345.0,unm,14.37,25.75,1197.01001,5.85,19.9,0.448,N/A,0.49,0.73,5.19,7.12,1.08,7.56,34.605,5010000000.0,8000000000.0,9.03,0.97,0.78,N/A,0.78,9990000000.0,N/A,534700000.00000006,1.84,196.30,3.90,130100000.0,0.44,3090000000.0,N/A,23.274,790800000.0,0.733,3.91,95.00,17040000.0,5.932,5.98,16450000.0,outperform
1458,2005-04-19 11:46:24,1113925584.0,unm,13.93,19.96,1152.780029,13.63,6.33,0.428,N/A,0.46,0.67,1.84,2.48,0.39,2.77,35.012,4830000000.0,7790000000.0,8.59,0.90,0.74,N/A,0.74,10460000000.0,N/A,192200000.0,0.67,N/A,4.70,130699999.99999999,0.44,3090000000.0,N/A,24.361,747000000.0,0.495,2.00,95.00,19420000.0,11.265,6.66,19420000.0,outperform
1459,2004-09-08 11:56:54,1094659014.0,unm,13.73,20.98,1116.27002,10.34,10.64,0.496,N/A,0.49,0.80,6.03,8.40,1.23,8.40,33.911,4980000000.0,7830000000.0,9.39,1.11,0.78,N/A,0.78,9990000000.0,N/A,608400000.0,2.071,196.30,3.90,119200000.0,0.4,3090000000.0,N/A,21.006001,1310000000.0,0.775,3.92,93.57,19400000.0,12.441,6.81,16300000.0,outperform
1460,2004-06-23 14:39:58,1088015998.0,unm,12.96,21.53,1144.060059,4.95,16.580000000000002,0.391,N/A,0.45,0.64,5.72,7.98,1.19,8.01,35.149,4560000000.0,7210000000.0,8.74,1.00,0.71,N/A,0.71,9990000000.0,N/A,584900000.0,1.96,196.30,3.90,131300000.00000001,0.44,2790000000.0,N/A,24.079,1690000000.0,0.77,7.19,92.50,16100000.000000002,7.806,5.85,14950000.0,outperform
1461,2005-03-17 11:04:55,1111075495.0,unm,15.09,20.28,1190.209961,9.83,10.450000000000001,0.428,N/A,0.50,0.72,1.84,2.48,0.39,2.77,35.012,5130000000.0,8090000000.0,9.07,0.99,0.77,N/A,0.77,9990000000.0,N/A,192200000.0,0.67,196.30,3.90,130699999.99999999,0.44,3090000000.0,N/A,24.361,790800000.0,0.656,3.92,95.00,19420000.0,7.381,6.79,17040000.0,outperform
1462,2012-07-29 22:25:46,1343615146.0,unm,17.78,72.78,1360.02002,23.92,48.86,36.14,24.93,0.51,0.65,2.19,3.69,0.41,2.63,34.79,6760000000.0,6760000000.0,5.59,0.71,0.66,14.61,0.66,2820000000.0,14.61,225700000.0,0.76,4.30,1.90,1610000000.0,5.63,2960000000.0,6.86,28.62,1220000000.0,1.39,0.43,95.30,3170000.0,1.10,1.10,3360000.0,outperform
1463,2005-01-24 15:25:29,1106598329.0,unm,14.1,36.88,1163.75,8.86,28.020000000000003,0.448,N/A,0.48,0.72,5.19,7.12,1.08,7.56,34.605,4930000000.0,7910000000.0,9.39,1.01,0.77,N/A,0.77,9990000000.0,N/A,534700000.00000006,1.845,196.30,3.90,130100000.0,0.44,3090000000.0,N/A,23.274,790800000.0,0.777,3.91,95.00,16450000.0,4.242,5.78,17590000.0,outperform
1464,2008-12-18 21:47:51,1229654871.0,intc,11.72,42.41,885.2800289999999,24.53,17.879999999999995,0.061,11.36,2.12,2.18,18.29,27.84,13.18,18.36,6.991,79310000000.0,75030000000.0,N/A,1.13,1.87,4.772,1.87,19900000000.0,4.772,7330000000.0,1.25,12.50,1.30,12200000000.0,2.194,2360000000.0,2.128,6.996,13060000000.0,1.21,0.29,65.00,93320000.0,1.70,1.70,84990000.0,outperform
1465,2011-12-29 05:04:19,1325153059.0,intc,22.26,-14.73,1263.02002,11.04,-25.77,15.76,10.49,2.43,2.73,24.75,32.77,16.11,27.21,9.59,117130000000.0,117130000000.0,10.14,0.91,2.27,5.19,2.27,28490000000.0,5.19,12760000000.0,2.31,17.40,28.20,15200000000.0,2.99,7270000000.0,2.24,9.01,19880000000.0,0.95,0.09,62.80,119710000.0,2.20,2.20,122690000.0,underperform
1466,2011-11-05 04:28:01,1320481681.0,intc,21.44,-3.59,1237.900024,15.32,-18.91,15.49,10.28,2.44,2.73,24.75,32.77,16.11,27.21,9.59,117640000000.0,117640000000.0,9.27,0.90,2.28,5.20,2.28,28490000000.0,5.20,12760000000.0,2.31,17.40,28.20,15200000000.0,2.93,7140000000.0,2.24,8.88,117640000000.0,1.01,0.09,62.80,133210000.00000001,2.00,2.50,150280000.0,underperform
1467,2004-06-21 11:33:42,1087832022.0,intc,20.79,-0.19,1130.300049,7.37,-7.5600000000000005,0.032,28.41,5.68,4.69,20.51,27.38,14.06,17.52,4.752,178780000000.0,164280000000.0,19.06,1.51,5.22,17.27,5.22,17090000000.0,17.27,6460000000.0,0.973,81.00,12.60,15720000000.0,2.43,1220000000.0,3.599,5.892,11570000000.0,2.058,3.00,57.25,62480000.0,0.986,1.00,59330000.0,underperform
1468,2004-12-14 01:38:36,1103006316.0,intc,17.62,16.12,1203.380005,5.76,10.360000000000001,0.029,19.66,4.28,3.73,22.68,29.36,15.92,19.90,5.074,143090000000.0,127580000000.0,19.18,1.32,3.83,12.76,3.83,17090000000.0,12.76,7570000000.0,1.151,81.00,12.60,16160000000.0,2.56,1100000000.0,3.072,6.041,12970000000.0,2.17,2.77,55.59,60370000.0,0.879,0.98,66819999.99999999,outperform
1469,2012-01-01 09:30:57,1325428257.0,intc,22.26,-13.12,1263.02002,12.92,-26.04,15.76,10.50,2.42,2.72,24.75,32.77,16.11,27.21,9.59,115550000000.0,115550000000.0,10.19,0.93,2.24,5.12,2.24,28490000000.0,5.12,12760000000.0,2.31,17.40,28.20,15200000000.0,2.99,7270000000.0,2.24,9.01,19880000000.0,0.95,0.09,62.80,120550000.0,2.20,2.20,119710000.0,underperform
1470,2008-01-23 06:52:14,1201089134.0,intc,15.98,-34.04,1338.599976,-38.18,4.140000000000001,0.05,15.86,2.90,2.60,18.20,22.78,10.49,17.55,6.591,108820000000.0,95460000000.0,N/A,0.79,2.49,7.036,2.49,18220000000.0,7.036,6980000000.0,1.18,51.30,10.50,15360000000.0,2.63,2120000000.0,2.787,7.321,N/A,1.44,0.27,61.60,69680000.0,1.3,1.20,60950000.0,outperform
1471,2012-03-06 19:53:18,1331081598.0,intc,24.32,-15.21,1343.359985,14.75,-29.96,16.15,11.08,2.46,2.89,23.97,32.37,16.27,27.15,10.27,125170000000.0,125170000000.0,10.10,0.95,2.32,5.32,2.32,33759999999.999996,5.32,12940000000.0,2.39,5.70,21.20,14840000000.0,2.97,7420000000.0,2.15,9.18,20960000000.0,1.04,0.04,63.60,103420000.0,2.10,1.90,110350000.0,underperform
1472,2007-03-20 13:50:31,1174413031.0,intc,14.97,13.36,1410.939941,-7.97,21.33,0.055,22.19,3.11,3.00,14.26,17.54,9.80,13.83,6.104,109810000000.0,102230000000.0,N/A,1.47,2.89,8.183,2.89,18220000000.0,8.183,5040000000.0,0.858,38.80,5.00,10000000000.0,1.734,2029999999.9999998,2.147,6.374,10620000000.0,2.03,3.26,58.20,63530000.0,0.9,1.10,66780000.0,outperform
1473,2005-03-05 10:13:17,1110035597.0,intc,18.66,-15.22,1210.079956,6.53,-21.75,0.023,21.29,4.46,3.97,21.97,29.61,15.73,19.64,5.268,153680000000.0,136289999999.99998,17.50,1.31,3.98,13.22,3.98,19750000000.0,13.22,7520000000.0,1.16,33.20,13.50,17170000000.000002,2.76,904000000.0,3.005,6.17,13120000000.0,2.276,2.76,56.11,49480000.0,0.66,0.82,46660000.0,underperform
1474,2012-07-01 23:09:41,1341198581.0,intc,23.78,-3.87,1329.040039,21.51,-25.380000000000003,16.09,11.27,2.40,2.77,23.16,31.69,15.59,26.61,10.51,127850000000.0,127850000000.0,9.98,0.91,2.37,5.43,2.37,33759999999.999996,5.43,12520000000.0,2.36,13.40,0.50,13750000000.0,2.73,7520000000.0,2.13,9.34,19920000000.0,1.07,0.04,62.40,118060000.0,3.20,2.40,101520000.0,underperform
1475,2007-03-29 10:36:13,1175178973.0,intc,15.05,11.16,1422.530029,-7.54,18.7,0.055,21.98,3.07,2.96,14.26,17.54,9.80,13.83,6.104,108770000000.0,100790000000.0,N/A,1.46,2.85,8.067,2.85,18220000000.0,8.067,5040000000.0,0.86,38.80,5.00,10000000000.0,1.734,2029999999.9999998,2.147,6.374,10620000000.0,2.03,3.26,58.20,63530000.0,0.9,1.10,66780000.0,outperform
1476,2004-08-10 13:06:18,1092157578.0,intc,17.06,20.63,1079.040039,13.91,6.719999999999999,0.029,20.43,4.43,3.75,22.37,29.72,15.61,19.52,4.942,144790000000.0,128930000000.0,16.47,1.23,3.94,12.95,3.94,17090000000.0,12.95,7320000000.0,1.105,81.00,12.60,16969999999.999998,2.65,1110000000.0,3.284,6.016,12990000000.0,2.118,3.00,57.40,61340000.0,0.934,0.99,69190000.0,outperform
1477,2012-05-02 03:17:54,1335943074.0,intc,26.67,-14.29,1402.310059,13.93,-28.22,15.93,12.25,2.63,3.04,23.16,31.69,15.59,26.61,10.51,135669999999.99998,135669999999.99998,10.80,0.97,2.51,5.83,2.51,33759999999.999996,5.83,12520000000.0,2.36,13.40,0.50,13750000000.0,2.75,7450000000.0,2.13,9.35,N/A,0.96,0.04,63.60,88610000.0,2.80,1.80,98020000.0,underperform
1478,2007-02-27 21:15:57,1172628957.0,intc,15.79,5.83,1399.040039,-1.36,7.19,0.055,23.34,3.40,3.27,14.26,17.54,9.80,13.83,6.104,115490000000.0,112250000000.0,N/A,1.58,3.17,8.983,3.17,23050000000.0,8.983,5040000000.0,0.86,38.80,5.00,10000000000.0,1.735,2029999999.9999998,2.147,6.383,N/A,2.03,3.26,58.10,66780000.0,1.4,1.20,68670000.0,outperform
1479,2004-02-13 06:29:41,1076671781.0,intc,22.74,-22.03,1145.810059,4.03,-26.060000000000002,0.031,36.16,6.72,5.33,18.72,24.99,12.44,15.53,4.552,200790000000.0,187420000000.0,0.00,1.63,6.22,23.92,6.22,13320000000.0,23.92,5640000000.0,0.85,141.40,0.80,16160000000.0,2.47,1160000000.0,3.326,5.81,11070000000.0,2.039,3.00,58.45,78540000.0,1.652,1.24,71220000.0,underperform
1480,2007-07-18 00:53:38,1184734418.0,intc,19.86,-10.37,1546.170044,-18.49,8.12,0.053,29.00,4.27,4.00,15.08,17.68,9.80,14.81,6.109,152980000000.0,143730000000.0,N/A,1.41,4.07,11.523,4.07,18220000000.0,11.523,5320000000.0,0.908,20.60,1.00,9020000000.0,1.553,1990000000.0,2.67,6.491,10080000000.0,1.9,3.24,58.30,100130000.0,1.9,1.70,81230000.0,outperform
1481,2011-11-01 18:09:01,1320185341.0,intc,21.49,-6.56,1218.280029,15.91,-22.47,15.49,10.42,2.47,2.76,24.75,32.77,16.11,27.21,9.59,119400000000.0,119400000000.0,9.39,0.87,2.32,5.28,2.32,28490000000.0,5.28,12760000000.0,2.31,17.40,28.20,15200000000.0,2.93,7140000000.0,2.24,8.88,119400000000.0,0.97,0.09,62.80,133210000.00000001,2.00,2.50,150280000.0,underperform
1482,2012-11-11 17:22:28,1352672548.0,intc,19.54,20.68,1377.51001,28.63,-7.949999999999999,14.71,9.07,1.93,2.11,22.13,29.92,13.87,24.95,10.70,100240000000.0,100240000000.0,10.56,0.83,1.87,4.32,1.87,33759999999.999996,4.32,11900000000.0,2.29,14.30,5.50,10500000000.0,2.11,7250000000.0,1.93,9.89,19490000000.0,1.00,0.06,60.90,200750000.0,3.80,4.00,182500000.0,underperform
1483,2013-05-16 16:17:06,1368735426.0,intc,22.91,11.92,1650.469971,13.78,-1.8599999999999994,26.08,12.13,2.27,2.34,19.45,25.18,10.77,21.06,10.64,117980000000.0,117980000000.0,11.95,1.18,2.23,5.58,2.23,33150000000.0,5.58,10310000000.0,2.00,25.30,2.50,17160000000.0,3.45,13350000000.0,2.43,10.35,20200000000.0,0.99,0.06,63.40,233210000.0,4.10,4.70,235470000.0,underperform
1484,2008-03-16 18:20:00,1205706000.0,intc,17.12,-30.9,1315.47998,-42.69,11.79,0.05,17.58,3.21,2.90,18.20,22.78,10.49,17.55,6.591,119580000000.0,106340000000.0,N/A,1.04,2.77,7.86,2.77,19900000000.0,7.86,6980000000.0,1.18,51.30,10.50,15360000000.0,2.654,2120000000.0,2.787,7.35,12630000000.0,1.75,0.28,66.70,64099999.99999999,0.8,1.10,69900000.0,outperform
1485,2012-06-20 09:55:27,1340200527.0,intc,25.45,-9.04,1355.689941,17.15,-26.189999999999998,16.09,11.64,2.56,2.95,23.16,31.69,15.59,26.61,10.51,132169999999.99998,132169999999.99998,10.23,0.94,2.44,5.62,2.44,33759999999.999996,5.62,12520000000.0,2.36,13.40,0.50,13750000000.0,2.73,7520000000.0,2.13,9.34,19920000000.0,1.07,0.04,62.40,101520000.0,2.60,2.00,93020000.0,underperform
1486,2003-12-07 16:02:20,1070830940.0,intc,25.27,-27.98,1069.719971,11.27,-39.25,0.033,47.07,7.67,5.86,15.82,22.53,10.12,12.62,4.315,209680000000.0,195470000000.0,28.42,2.75,6.84,28.84,6.84,13320000000.0,28.84,4520000000.0,0.682,141.40,0.80,15440000000.0,2.36,1230000000.0,3.073,5.72,N/A,2.15,3.00,57.90,85130000.0,1.683,1.34,82740000.0,underperform
1487,2013-01-30 10:18:06,1359559086.0,intc,20.05,20.35,1501.959961,19.46,0.8900000000000006,26.26,9.99,1.98,2.06,20.63,27.44,11.77,22.66,10.68,101010000000.0,101010000000.0,10.18,0.81,1.89,4.59,1.89,33759999999.999996,4.59,11000000000.0,2.13,26.50,3.00,18160000000.0,3.66,13450000000.0,2.43,10.31,N/A,1.03,0.06,60.90,205840000.0,5.40,4.10,215500000.0,outperform
1488,2007-03-09 02:37:48,1173425868.0,intc,15.06,7.9,1402.839966,-4.93,12.83,0.055,22.41,3.12,3.00,14.26,17.54,9.80,13.83,6.104,110900000000.0,102290000000.0,N/A,1.48,2.89,8.187,2.89,18220000000.0,8.187,5040000000.0,0.86,38.80,5.00,10000000000.0,1.734,2029999999.9999998,2.147,6.374,10620000000.0,2.03,3.26,58.00,63530000.0,0.9,1.10,66780000.0,outperform
1489,2011-10-28 08:14:46,1319804086.0,intc,22.46,-11.26,1285.089966,9.62,-20.88,15.49,10.88,2.53,2.83,24.75,32.77,16.11,27.21,9.59,120240000000.0,120240000000.0,9.82,0.90,2.33,5.32,2.33,28490000000.0,5.32,12760000000.0,2.31,17.40,28.20,15200000000.0,2.93,7140000000.0,2.24,8.88,120240000000.0,0.97,0.09,62.80,133210000.00000001,2.00,2.50,150280000.0,underperform
1490,2007-10-13 16:07:49,1192306069.0,intc,20.61,-38.38,1562.469971,-41.76,3.3799999999999955,0.052,26.26,4.13,3.73,15.89,18.35,8.56,15.35,6.222,149210000000.0,140620000000.0,N/A,1.26,3.91,12.179,3.91,18220000000.0,12.179,5720000000.0,0.97,44.40,8.40,10660000000.0,1.826,2069999999.9999998,3.04,6.817,10950000000.0,1.52,3.19,61.30,72270000.0,1.2,1.20,74380000.0,outperform
1491,2007-06-16 13:17:53,1182014273.0,intc,17.96,-0.61,1515.670044,-11.6,10.99,0.053,26.70,3.82,3.58,15.08,17.68,9.80,14.81,6.109,140830000000.0,133800000000.00002,N/A,1.56,3.79,10.727,3.79,18220000000.0,10.727,5320000000.0,0.91,20.60,1.00,9020000000.0,1.553,1990000000.0,2.67,6.491,10080000000.0,2.08,3.24,58.20,81230000.0,1.2,1.40,69240000.0,outperform
1492,2004-10-10 03:57:47,1097395067.0,intc,16.08,11.5,1130.650024,5.01,6.49,0.029,18.60,4.17,3.53,22.37,29.72,15.61,19.52,4.942,131830000000.00002,115970000000.0,17.42,1.23,3.54,11.65,3.54,17090000000.0,11.65,7320000000.0,1.105,81.00,12.60,16969999999.999998,2.65,1110000000.0,3.284,6.016,12990000000.0,2.105,3.00,57.32,70600000.0,1.033,1.14,61720000.0,outperform
1493,2008-04-07 09:28:38,1207574918.0,intc,17.5,-26.69,1372.540039,-40.58,13.889999999999997,0.05,18.61,3.30,2.98,18.20,22.78,10.49,17.55,6.591,126580000000.0,113340000000.0,N/A,1.16,2.96,8.377,2.96,19900000000.0,8.377,6980000000.0,1.18,51.30,10.50,15360000000.0,2.654,2120000000.0,2.787,7.35,12630000000.0,1.72,0.28,66.80,75800000.0,1.30,1.30,64099999.99999999,outperform
1494,2008-12-04 23:48:58,1228452538.0,intc,10.5,65.62,845.2199710000001,30.85,34.77,0.061,10.18,1.90,1.95,18.29,27.84,13.18,18.36,6.991,71030000000.0,66129999999.99999,N/A,1.02,1.65,4.206,1.65,19900000000.0,4.206,7330000000.0,1.25,12.50,1.30,12200000000.0,2.194,2360000000.0,2.128,6.996,13060000000.0,1.21,0.29,65.00,84990000.0,1.50,1.50,66050000.0,outperform
1495,2012-03-03 23:34:18,1330835658.0,intc,24.57,-19.41,1365.680054,10.91,-30.32,16.15,11.26,2.49,2.93,23.97,32.37,16.27,27.15,10.27,127070000000.0,127070000000.0,10.27,0.96,2.35,5.40,2.35,33759999999.999996,5.40,12940000000.0,2.39,5.70,21.20,14840000000.0,2.97,7420000000.0,2.15,9.18,20960000000.0,1.04,0.04,63.60,103420000.0,2.10,1.90,110350000.0,underperform
1496,2013-04-22 01:54:20,1366610060.0,intc,21.69,21.85,1562.5,20.29,1.5600000000000023,25.85,11.21,2.08,2.15,19.45,25.18,10.77,21.06,10.64,107190000000.0,107190000000.0,11.05,1.08,2.02,5.11,2.02,33150000000.0,5.11,10310000000.0,2.00,25.30,2.50,17070000000.0,3.45,13230000000.0,2.43,10.36,N/A,0.98,0.06,63.40,238760000.0,6.30,4.80,233900000.0,outperform
1497,2011-09-02 04:16:19,1314951379.0,intc,17.66,29.73,1173.969971,20.15,9.580000000000002,4.82,9.17,2.18,2.18,25.29,33.55,16.41,25.91,8.86,96500000000.0,96500000000.0,8.09,0.77,1.99,4.48,1.99,28490000000.0,4.48,12250000000.0,2.18,2.30,21.10,11550000000.0,2.20,2350000000.0,2.23,9.22,96500000000.0,1.07,0.09,62.80,173440000.0,2.60,3.20,100310000.0,outperform
1498,2007-05-16 07:58:53,1179316733.0,intc,17.58,14.96,1514.140015,-5.98,20.94,0.053,24.24,3.62,3.39,15.08,17.68,9.80,14.81,6.109,127880000000.0,120840000000.0,N/A,1.63,3.42,9.688,3.42,18220000000.0,9.688,5320000000.0,0.91,20.60,1.00,9020000000.0,1.553,1990000000.0,2.67,6.491,10080000000.0,2.13,3.25,58.00,69240000.0,1.2,1.20,62740000.0,outperform
1499,2007-04-09 13:23:28,1176139408.0,intc,15.85,7.0,1444.609985,-5.47,12.469999999999999,0.055,22.82,3.19,3.07,14.26,17.54,9.80,13.83,6.104,112920000000.0,104940000000.0,N/A,1.51,2.97,8.4,2.97,18220000000.0,8.4,5040000000.0,0.86,38.80,5.00,10000000000.0,1.734,2029999999.9999998,2.147,6.374,10620000000.0,1.99,3.25,58.10,62740000.0,0.9,1.10,63530000.0,outperform
1500,2008-12-04 11:00:21,1228406421.0,intc,10.5,65.62,845.2199710000001,30.85,34.77,0.061,10.88,1.90,1.95,18.29,27.84,13.18,18.36,6.991,75980000000.0,66129999999.99999,N/A,0.99,1.65,4.206,1.65,19900000000.0,4.206,7330000000.0,1.25,12.50,1.30,12200000000.0,2.194,2360000000.0,2.128,6.996,13060000000.0,1.21,0.29,65.00,84990000.0,1.50,1.50,66050000.0,outperform
1501,2007-05-14 10:11:13,1179151873.0,intc,17.53,9.7,1503.150024,-6.66,16.36,0.053,24.54,3.67,3.43,15.08,17.68,9.80,14.81,6.109,129449999999.99998,122410000000.0,N/A,1.63,3.47,9.814,3.47,18220000000.0,9.814,5320000000.0,0.91,20.60,1.00,9020000000.0,1.553,1990000000.0,2.67,6.491,10080000000.0,2.13,3.25,58.00,69240000.0,1.2,1.20,62740000.0,outperform
1502,2007-04-08 11:36:21,1176046581.0,intc,15.44,13.34,1443.76001,-4.93,18.27,0.055,22.82,3.16,3.04,14.26,17.54,9.80,13.83,6.104,112920000000.0,104940000000.0,N/A,1.49,2.97,8.4,2.97,18220000000.0,8.4,5040000000.0,0.86,38.80,5.00,10000000000.0,1.734,2029999999.9999998,2.147,6.374,10620000000.0,1.99,3.26,58.20,62740000.0,0.9,1.10,63530000.0,outperform
1503,2012-08-31 16:50:36,1346446236.0,intc,23.06,-6.59,1406.579956,16.24,-22.83,14.83,10.54,2.23,2.49,22.73,31.23,15.37,25.42,10.75,115010000000.0,115010000000.0,9.74,0.86,2.11,4.84,2.11,33759999999.999996,4.84,12390000000.0,2.36,4.30,3.60,13650000000.0,2.73,7230000000.0,2.45,9.73,20690000000.0,1.00,0.04,62.40,152400000.0,4.50,3.00,146240000.0,underperform
1504,2009-04-14 13:26:48,1239730008.0,intc,13.29,51.62,841.5,43.87,7.75,N/A,17.35,2.36,2.27,14.08,25.71,11.36,12.93,6.637,79030000000.0,79030000000.0,N/A,3.19,2.10,5.534,2.10,20840000000.0,5.534,5290000000.0,0.92,89.70,23.20,11840000000.0,2.129,1990000000.0,2.542,7.028,10930000000.0,1.28,0.27,65.90,98820000.0,1.3,1.80,93830000.0,outperform
1505,2012-11-04 08:29:59,1352035799.0,intc,20.67,13.4,1427.589966,23.84,-10.44,14.52,9.62,2.07,2.26,22.13,29.92,13.87,24.95,10.70,106900000000.0,106900000000.0,11.20,0.89,1.99,4.61,1.99,33759999999.999996,4.61,11900000000.0,2.29,14.30,5.50,10460000000.0,2.10,7160000000.0,1.93,9.86,N/A,1.00,0.06,60.90,182500000.0,4.00,3.60,178240000.0,underperform
1506,2012-03-02 06:58:02,1330689482.0,intc,24.6,-19.35,1369.630005,10.69,-30.04,16.15,11.24,2.49,2.93,23.97,32.37,16.27,27.15,10.27,126870000000.0,126870000000.0,10.25,0.96,2.35,5.39,2.35,33759999999.999996,5.39,12940000000.0,2.39,5.70,21.20,14840000000.0,2.97,7420000000.0,2.15,9.18,20960000000.0,0.92,0.04,63.60,103420000.0,2.10,1.90,110350000.0,underperform
1507,2003-11-03 14:45:11,1067888711.0,intc,25.63,-33.24,1059.02002,6.76,-40.0,0.033,48.86,7.52,5.75,15.82,22.53,10.12,12.62,4.315,217150000000.0,200530000000.0,28.65,2.71,7.02,29.59,7.02,13320000000.0,29.59,4520000000.0,0.682,141.40,0.80,15440000000.0,2.37,1230000000.0,3.073,5.73,N/A,2.048,3.00,55.19,82740000.0,1.45,1.31,84990000.0,underperform
1508,2007-03-11 13:37:20,1173634640.0,intc,15.16,6.79,1401.890015,-9.17,15.96,0.055,22.26,3.13,3.02,14.26,17.54,9.80,13.83,6.104,110150000000.0,102180000000.0,N/A,1.47,2.89,8.178,2.89,18220000000.0,8.178,5040000000.0,0.86,38.80,5.00,10000000000.0,1.734,2029999999.9999998,2.147,6.374,10620000000.0,2.03,3.26,58.30,63530000.0,0.9,1.10,66780000.0,outperform
1509,2005-12-19 20:15:44,1135041344.0,intc,19.8,-18.18,1259.920044,13.15,-31.33,0.019,19.60,4.16,4.34,21.80,31.35,15.74,22.26,6.187,157670000000.0,145800000000.0,N/A,1.23,3.81,8.755,3.81,19750000000.0,8.755,8330000000.0,1.334,4.70,17.60,13930000000.0,2.311,684000000.0,2.287,6.084,15210000000.0,N/A,3.32,57.00,54550000.0,0.9,0.90,55470000.0,underperform
1510,2007-03-10 22:41:33,1173584493.0,intc,,,1391.969971,-6.3,,0.055,22.26,3.13,3.02,14.26,17.54,9.80,13.83,6.104,110150000000.0,102180000000.0,N/A,1.47,2.89,8.178,2.89,18220000000.0,8.178,5040000000.0,0.86,38.80,5.00,10000000000.0,1.734,2029999999.9999998,2.147,6.374,10620000000.0,2.03,3.26,58.00,63530000.0,0.9,1.10,66780000.0,underperform
1511,2008-10-27 19:10:01,1225149001.0,intc,11.61,43.41,848.919983,25.27,18.139999999999997,0.061,11.54,2.00,2.06,18.29,27.84,13.18,18.36,6.991,81140000000.0,70160000000.0,N/A,0.89,1.75,4.486,1.75,19900000000.0,4.486,7330000000.0,1.255,12.50,1.30,12200000000.0,2.178,2360000000.0,2.128,6.945,N/A,1.51,0.28,65.80,75370000.0,0.9,1.30,91690000.0,outperform
1512,2007-01-27 10:13:00,1169910780.0,bk,34.97,13.98,1440.130005,-6.11,20.09,N/A,10.26,4.48,2.64,44.01,53.14,1.44,13.75,9.048,30490000000.0,14970000000.0,N/A,1.47,2.19,N/A,2.19,7360000000.0,N/A,1480000000.0,3.93,341.70,8.30,26670000000.0,35.28,11160000000.0,N/A,15.343,N/A,1.18,0.72,72.30,4910000.0,1.4,0.70,5460000.0,outperform
1513,2006-10-23 12:23:52,1161620632.0,bk,28.64,44.13,1377.02002,10.35,33.78,N/A,15.54,3.54,2.53,23.13,54.23,1.56,16.91,9.455,25630000000.0,13690000000.0,N/A,1.38,1.90,N/A,1.90,7360000000.0,N/A,1650000000.0,2.16,12.60,13.00,23290000000.0,30.516,10410000000.0,N/A,13.18,2220000000.0,1.31,0.72,65.10,5890000.0,2.5,0.80,3370000.0,outperform
1514,2012-01-30 07:10:36,1327925436.0,bk,18.95,39.26,1313.01001,14.84,24.419999999999998,N/A,9.97,1.64,0.72,17.08,28.69,0.90,7.63,12.07,88330000000.0,88330000000.0,8.06,0.83,6.00,N/A,6.00,9420000000.0,N/A,2480000000.0,2.03,25.60,6.80,153860000000.0,127.19,41060000000.0,N/A,27.63,N/A,1.07,0.34,80.90,13370000.0,1.90,1.10,14320000.0,outperform
1515,2011-11-04 13:43:28,1320428608.0,bk,19.74,20.47,1253.22998,12.68,7.789999999999999,N/A,9.87,1.73,0.77,17.95,29.63,0.97,8.29,12.21,83400000000.0,83400000000.0,8.89,0.93,5.57,N/A,5.57,9420000000.0,N/A,2660000000.0,2.16,4.70,7.90,153130000000.0,126.28,43870000000.0,N/A,27.79,83400000000.0,1.05,0.32,80.50,17700000.0,1.20,1.40,17950000.0,outperform
1516,2012-01-25 22:12:23,1327547543.0,bk,19.34,35.06,1326.060059,12.73,22.330000000000002,N/A,10.13,1.74,0.77,17.08,28.69,0.90,7.63,12.07,87110000000.0,87110000000.0,8.23,0.63,5.91,N/A,5.91,9420000000.0,N/A,2480000000.0,2.03,25.60,6.80,153860000000.0,127.19,41060000000.0,N/A,27.63,N/A,1.07,0.34,80.90,14320000.0,1.90,1.20,14960000.0,outperform
1517,2013-04-25 06:44:36,1366886676.0,bk,27.01,23.29,1585.160034,17.55,5.739999999999998,N/A,21.66,2.37,1.00,10.75,27.95,0.50,4.63,12.53,76450000000.0,76450000000.0,10.88,0.95,5.23,N/A,5.23,9540000000.0,N/A,1510000000.0,1.29,N/A,0.10,153080000000.0,131.89,44310000000.0,N/A,27.47,N/A,1.34,0.23,83.10,11240000.0,2.10,1.00,14680000.0,outperform
1518,2010-11-22 08:29:03,1290432543.0,bk,25.21,-32.8,1197.839966,-0.82,-31.979999999999997,N/A,13.88,1.82,1.07,12.84,51.68,1.12,8.62,15.73,32590000000.000004,32590000000.000004,11.02,1.25,1.72,N/A,1.72,2580000000.0,N/A,2590000000.0,2.00,N/A,N/A,108500000000.0,87.46,41120000000.0,N/A,25.92,32590000000.000004,0.68,0.28,80.70,21090000.0,2.30,1.80,16670000.000000002,underperform
1519,2004-09-08 09:35:17,1094650517.0,bk,24.0,4.71,1116.27002,10.34,-5.63,N/A,18.05,10.57,2.65,59.18,N/A,1.36,15.39,2.832,23540000000.0,28880000000.0,13.88,1.29,13.13,N/A,13.13,5830000000.0,N/A,1300000000.0,1.676,28.30,7.90,3100000000.0,3.99,8439999999.999999,N/A,11.293,6290000000.0,1.36,0.53,67.63,2650000.0,0.996,0.34,2530000.0,underperform
1520,2012-03-05 23:27:32,1331008052.0,bk,20.97,28.42,1364.329956,12.86,15.560000000000002,N/A,10.92,1.82,0.81,17.08,30.11,0.90,7.63,12.07,80100000000.0,80100000000.0,8.90,0.88,5.44,N/A,5.44,9420000000.0,N/A,2480000000.0,2.03,25.60,6.80,155460000000.0,129.04,48490000000.0,N/A,27.63,2210000000.0,1.10,0.34,80.90,14170000.0,1.30,N/A,11650000.0,outperform
1521,2004-10-28 07:05:26,1098961526.0,bk,25.96,-1.35,1127.439941,6.29,-7.640000000000001,N/A,18.05,10.99,2.74,61.93,N/A,1.48,16.14,2.898,25170000000.0,30270000000.0,15.21,1.41,13.43,N/A,13.43,5830000000.0,N/A,1400000000.0,1.795,28.30,7.90,3060000000.0,3.94,8160000000.0,N/A,11.656,6290000000.0,1.351,0.52,67.72,5320000.0,1.75,0.69,4110000.0000000005,underperform
1522,2007-01-27 02:18:58,1169882338.0,bk,34.97,13.98,1440.130005,-6.11,20.09,N/A,10.26,4.48,2.64,44.01,53.14,1.44,13.75,9.048,30490000000.0,15130000000.0,N/A,1.47,2.21,N/A,2.21,7360000000.0,N/A,1480000000.0,3.93,341.70,8.30,26670000000.0,35.28,11160000000.0,N/A,15.343,N/A,1.18,0.72,72.30,5460000.0,0.70,0.70,4860000.0,outperform
1523,2012-11-07 22:10:37,1352344237.0,bk,23.1,36.02,1394.530029,25.29,10.730000000000004,N/A,12.47,2.06,0.88,15.99,27.71,0.71,6.57,12.19,66849999999.99999,66849999999.99999,10.00,1.02,4.62,N/A,4.62,9510000000.0,N/A,2280000000.0,1.92,11.40,1.00,144450000000.0,123.61,48060000000.0,N/A,28.81,N/A,1.23,0.28,81.10,16309999.999999998,2.80,1.40,15500000.0,outperform
1524,2007-03-09 06:51:02,1173441062.0,bk,33.55,15.77,1402.839966,-4.93,20.7,N/A,10.02,4.34,2.56,44.01,53.14,1.44,13.75,9.049,29800000000.0,14320000000.0,N/A,1.49,2.09,N/A,2.09,7630000000.0,N/A,1480000000.0,3.93,341.70,25.50,26670000000.0,35.236,11190000000.0,N/A,15.335,3280000000.0,1.13,0.50,72.70,5360000.0,1.4,0.70,4910000.0,outperform
1525,2011-08-17 07:53:13,1313581993.0,bk,19.44,10.85,1193.890015,18.56,-7.709999999999999,N/A,9.73,1.74,0.76,18.09,28.74,1.02,8.34,11.99,77170000000.0,77170000000.0,8.07,0.80,5.25,N/A,5.25,9420000000.0,N/A,2640000000.0,2.14,11.70,15.90,147430000000.0,119.60,44610000000.0,N/A,27.46,77170000000.0,0.65,0.32,80.50,10030000.0,1.10,0.80,9590000.0,underperform
1526,2008-06-15 00:56:05,1213505765.0,bk,35.63,-27.67,1339.869995,-31.06,3.389999999999997,N/A,18.46,3.52,1.63,17.87,35.11,1.67,12.69,12.779,47660000000.0,6110000000.0,N/A,1.30,0.46,N/A,0.46,12590000000.0,N/A,2540000000.0,2.26,71.90,94.50,64920000000.0,56.758,23370000000.0,N/A,24.895,2830000000.0,0.69,0.28,76.10,15640000.0,3.3,1.40,16000000.0,outperform
1527,2011-04-29 04:36:13,1304066173.0,bk,26.94,-16.93,1363.609985,1.99,-18.919999999999998,N/A,13.90,2.59,1.11,18.16,30.89,1.15,8.52,11.43,27400000000.0,27400000000.0,9.82,0.99,1.98,N/A,1.98,9420000000.0,N/A,2560000000.0,2.06,14.50,16.60,97990000000.0,78.91,34950000000.0,N/A,26.06,27400000000.0,0.72,0.32,80.50,12210000.0,1.60,1.00,17350000.0,underperform
1528,2009-01-01 20:55:24,1230861324.0,bk,,,869.419983,29.53,,N/A,17.38,2.18,1.15,12.98,27.80,0.91,7.28,12.694,32509999999.999996,7160000000.0,N/A,0.91,0.50,N/A,0.50,12590000000.0,N/A,2060000000.0,1.63,52.70,0.10,75500000000.0,65.793,35830000000.0,N/A,23.975,1260000000.0,0.56,0.28,76.70,9990000.0,0.7,0.90,6560000.0,underperform
1529,2005-05-15 05:34:06,1116149646.0,bk,22.56,26.37,1159.359985,11.66,14.71,N/A,14.89,7.83,2.30,53.03,N/A,1.53,16.09,3.526,21630000000.0,28200000000.0,12.32,1.24,10.28,N/A,10.28,6600000000.0,N/A,1460000000.0,1.87,24.50,12.80,2600000000.0,3.34,9170000000.0,N/A,12.021,3350000000.0,1.241,1.36,68.28,6490000.0,2.602,0.85,5940000.0,outperform
1530,2005-04-20 00:57:00,1113973020.0,bll,18.52,9.5,1137.5,15.29,-5.789999999999999,1.528,15.32,0.78,3.99,5.44,9.91,6.89,32.11,47.826,4380000000.0,5690000000.0,12.56,0.84,1.05,7.55,1.05,1010000000.0,7.55,295600000.0,2.60,28.60,9.30,198700000.0,1.81,1660000000.0,1.25,9.642,535900000.0,0.084,3.77,73.16,2049999.9999999998,4.055,1.94,1960000.0,underperform
1531,2005-09-13 16:08:12,1126642092.0,bll,17.86,7.84,1231.199951,7.06,0.7800000000000002,1.84,14.51,0.74,4.37,5.26,9.38,7.56,32.06,50.784,4139999999.9999995,5840000000.0,N/A,1.08,1.04,7.833,1.04,1010000000.0,7.833,295700000.0,2.61,12.90,5.80,75700000.0,0.694,1750000000.0,1.261,8.729,505600000.0,N/A,3.62,73.50,1810000.0,2.8,1.70,2049999.9999999998,outperform
1532,2011-02-23 07:46:07,1298465167.0,bll,34.61,11.79,1307.400024,4.29,7.499999999999999,169.61,14.04,0.84,3.88,6.13,9.88,7.02,33.85,42.21,9100000000.0,9100000000.0,11.55,1.23,1.19,8.93,1.19,1270000000.0,8.93,542900000.0,2.55,13.30,7.00,152000000.0,0.87,2810000000.0,1.67,9.53,9100000000.0,0.58,0.90,75.20,1290000.0,1.50,1.40,1510000.0,outperform
1533,2005-03-24 10:06:18,1111676778.0,bll,20.85,0.58,1171.420044,11.23,-10.65,1.528,17.17,0.90,4.63,5.44,9.91,6.89,32.11,47.826,4910000000.0,6370000000.0,14.03,0.96,1.17,8.45,1.17,1010000000.0,8.45,295600000.0,2.60,28.60,9.30,198700000.0,1.81,1660000000.0,1.25,9.642,535900000.0,0.107,3.77,73.10,2049999.9999999998,4.055,1.94,1960000.0,underperform
1534,2013-05-08 23:56:26,1368071786.0,bll,44.66,29.33,1632.689941,14.88,14.449999999999998,304.64,18.30,0.78,5.39,4.46,10.05,7.11,31.86,56.94,10400000000.0,10400000000.0,12.65,1.41,1.20,8.97,1.20,1560000000.0,8.97,389600000.0,2.48,18.50,2.50,208000000.0,1.40,3830000000.0,1.51,8.44,746900000.0,0.86,1.27,75.70,4680000.0,6.10,3.20,4000000.0,outperform
1535,2013-04-23 03:19:08,1366701548.0,bll,46.19,19.35,1578.780029,18.79,0.5600000000000023,256.21,18.31,0.79,6.24,4.62,10.23,7.55,32.18,56.49,10070000000.0,10070000000.0,12.59,1.28,1.15,8.56,1.15,1560000000.0,8.56,406300000.0,2.55,21.80,3.00,174100000.0,1.17,3310000000.0,1.39,7.44,853200000.0,0.87,1.27,75.70,4000000.0,4.70,2.70,4220000.0,outperform
1536,2004-12-09 07:01:42,1102593702.0,bll,20.39,-6.42,1189.23999,5.9,-12.32,1.633,16.94,0.91,4.93,5.22,9.67,6.61,35.03,47.201,4940000000.0,6460000000.0,15.78,1.52,1.20,8.77,1.20,884200000.0,8.77,294500000.0,2.59,47.30,29.00,67800000.0,0.6,1620000000.0,1.208,8.835,617600000.0,0.171,4.09,69.30,3440000.0,4.681,3.19,2720000.0,underperform
1537,2004-10-27 11:16:08,1098890168.0,bll,17.65,0.79,1125.400024,4.75,-3.96,1.953,16.37,0.81,4.74,4.79,9.11,5.96,34.09,46.14,4230000000.0000005,5940000000.0,13.99,1.39,1.13,8.62,1.13,884200000.0,8.62,261600000.00000003,2.299,47.30,29.00,35900000.0,0.32,1740000000.0,1.198,7.937,593700000.0,0.093,4.07,72.26,2720000.0,4.095,2.52,2670000.0,underperform
1538,2005-02-05 01:20:07,1107584407.0,bll,20.66,-7.99,1193.189941,6.51,-14.5,1.528,16.90,0.92,4.98,5.44,9.91,6.89,32.11,47.826,4950000000.0,6420000000.0,13.82,0.95,1.18,8.52,1.18,884200000.0,8.52,295600000.0,2.60,47.30,29.00,198700000.0,1.76,1660000000.0,1.25,8.835,617600000.0,0.175,4.18,69.61,1930000.0,4.289,1.79,2020000.0,underperform
1539,2005-02-25 12:02:23,1109350943.0,jdsu,15.04,56.91,1211.369995,6.71,50.199999999999996,0.313,N/A,3.88,1.85,14.90,21.00,4.46,6.78,0.493,2770000000.0,1820000000.0,N/A,N/A,2.56,N/A,2.56,145800000.0,N/A,105900000.0,0.07,N/A,N/A,1420000000.0,0.98,465900000.0,5.946,1.031,N/A,2.965,4.35,41.09,43830000.0,1.188,3.17,47570000.0,outperform
1540,2007-04-29 08:00:11,1177848011.0,jdsu,16.98,-14.08,1494.25,-6.55,-7.53,0.553,N/A,2.72,2.20,2.76,7.81,1.74,2.26,6.256,3520000000.0,2920000000.0,N/A,1.77,2.21,59.741,2.21,340500000.0,59.741,36300000.0,0.17,N/A,17.10,1210000000.0,5.747,900000000.0,4.595,7.714,40700000.0,3.54,4.19,60.20,15540000.0,2.3,7.60,14530000.0,underperform
1541,2010-11-24 21:58:24,1290653904.0,jdsu,12.2,,1198.349976,-0.45,,32.81,N/A,1.81,2.89,2.03,0.80,0.43,3.15,6.69,2390000000.0,2390000000.0,14.02,0.96,1.62,18.62,1.62,547100000.0,18.62,28900000.0,0.14,N/A,36.10,585900000.0,2.63,302700000.0,3.00,4.14,2390000000.0,2.41,0.32,69.40,6680000.0,1.30,3.50,7740000.0,underperform
1542,2011-02-16 07:00:34,1297857634.0,jdsu,26.46,-44.56,1336.319946,1.63,-46.190000000000005,28.87,447.32,3.88,6.50,0.83,2.15,1.24,1.52,7.24,4700000000.0,4700000000.0,22.37,1.62,2.94,26.24,2.94,547100000.0,26.24,14100000.0,0.06,N/A,38.10,620900000.0,2.79,276300000.0,2.93,4.29,4700000000.0,2.39,0.32,69.40,7580000.0,1.80,4.00,6760000.0,underperform
1543,2008-12-26 21:34:02,1230345242.0,jdsu,3.54,133.05,872.7999880000001,28.39,104.66000000000001,0.311,N/A,0.47,0.43,2.01,4.31,1.46,1.80,6.974,760720000.0,470840000.0,N/A,0.43,0.30,5.945,0.30,591300000.0,5.945,31200000.0,0.14,N/A,6.70,791100000.0,3.681,531299999.99999994,3.224,7.955,208300000.0,1.89,7.93,67.10,9200000.0,1.3,4.30,7080000.0,outperform
1544,2012-07-12 06:19:56,1342088396.0,jdsu,9.03,67.66,1334.76001,25.88,41.78,31.62,N/A,1.37,2.19,1.41,1.34,0.75,2.29,7.49,1980000000.0,1980000000.0,11.43,1.62,1.15,11.02,1.15,790900000.0,11.02,24100000.0,0.11,N/A,9.90,717200000.0,3.10,338700000.0,3.49,4.64,137800000.0,2.73,0.25,78.40,11200000.0,2.30,5.00,10480000.0,outperform
1545,2005-01-25 01:55:38,1106636138.0,jdsu,19.12,25.94,1168.410034,8.24,17.700000000000003,0.304,N/A,5.29,2.36,18.07,26.25,5.28,7.72,0.475,3470000000.0,2610000000.0,120.00,N/A,3.82,N/A,3.82,145800000.0,N/A,123400000.0,0.086,N/A,5.90,1460000000.0,1.01,465200000.0,5.697,1.06,117900000.0,2.76,1.00,42.46,47570000.0,1.755,3.33,49130000.0,outperform
1546,2010-01-15 17:17:36,1263593856.0,jdsu,8.21,103.65,1136.030029,13.2,90.45,N/A,N/A,1.51,2.00,72.18,9.28,3.21,66.80,5.622,1470000000.0,1470000000.0,N/A,1.79,1.21,57.11,1.21,492100000.0,57.11,876200000.0,4.058,N/A,21.00,648600000.0,2.973,291900000.0,3.548,4.195,77200000.0,2.21,0.47,68.40,5540000.0,1.7,4.00,6970000.0,outperform
1547,2013-04-22 03:34:42,1366616082.0,jdsu,12.89,5.04,1562.5,20.29,-15.25,22.59,N/A,1.73,2.76,2.76,1.10,0.63,4.77,7.35,2520000000.0,2520000000.0,14.27,2.00,1.48,14.79,1.48,710000000.0,14.79,50800000.0,0.20,N/A,4.90,709300000.0,3.02,240600000.0,2.30,4.55,153000000.0,2.61,0.29,80.90,9130000.0,2.00,4.60,6740000.0,underperform
1548,2006-06-20 22:14:48,1150856088.0,jdsu,20.4,-33.38,1240.119995,21.99,-55.370000000000005,0.289,N/A,3.86,2.51,23.76,12.01,3.13,16.39,0.664,4300000000.0,3710000000.0,N/A,8.07,3.51,197.393,3.51,125600000.0,197.393,251100000.0,0.16,N/A,89.40,834800000.0,0.495,468400000.0,3.722,0.964,112000000.0,3.2,0.03,46.20,69510000.0,1.4,4.10,51530000.0,underperform
1549,2012-03-09 07:29:25,1331296165.0,jdsu,13.52,4.66,1370.869995,12.44,-7.779999999999999,31.33,91.96,1.67,2.77,1.81,2.83,1.66,3.16,7.73,2550000000.0,2550000000.0,13.84,1.64,1.45,12.40,1.45,790900000.0,12.40,31900000.0,0.14,N/A,12.80,721300000.0,3.14,333500000.0,3.41,4.63,177500000.0,2.79,0.27,74.30,10630000.0,1.30,4.70,6050000.0,underperform
1550,2011-09-25 07:22:00,1316949720.0,jdsu,11.54,10.57,1129.560059,28.98,-18.41,29.59,37.40,1.46,2.47,3.97,4.53,2.80,7.25,8.04,2270000000.0,2270000000.0,11.04,1.22,1.26,9.64,1.26,790900000.0,9.64,71600000.0,0.31,520.00,20.70,692800000.0,3.04,315200000.0,3.12,4.67,2270000000.0,2.66,0.24,74.20,10550000.0,1.00,N/A,7940000.0,underperform
1551,2004-02-15 13:11:47,1076868707.0,jdsu,39.52,-60.12,1152.109985,4.69,-64.81,0.289,N/A,11.24,4.39,45.04,50.47,12.61,16.73,0.438,6850000000.0,5670000000.0,0.00,N/A,9.05,N/A,9.05,55400000.0,N/A,282100000.0,0.198,N/A,38.50,1650000000.0,1.16,463600000.0,5.473,1.13,240700000.0,3.035,4.80,39.16,49570000.0,1.158,3.65,41210000.0,underperform
1552,2007-04-30 09:12:56,1177938776.0,jdsu,16.48,-11.53,1482.369995,-6.17,-5.359999999999999,0.553,N/A,2.68,2.16,2.76,7.81,1.74,2.26,6.256,3520000000.0,3210000000.0,N/A,1.95,2.44,65.8,2.44,340500000.0,65.8,36300000.0,0.17,N/A,17.10,1210000000.0,5.747,900000000.0,4.595,7.714,40700000.0,3.54,4.19,59.90,15540000.0,2.3,7.60,14530000.0,underperform
1553,2003-12-07 16:28:37,1070832517.0,jdsu,27.12,-7.37,1069.719971,11.27,-18.64,N/A,N/A,7.67,2.89,69.57,72.04,19.64,25.01,0.442,4770000000.0,3610000000.0,N/A,N/A,5.73,N/A,5.73,55400000.0,N/A,438500000.0,0.309,N/A,38.50,1160000000.0,0.81,N/A,4.054,1.17,N/A,3.081,4.80,38.97,35250000.0,0.871,2.60,23090000.0,underperform
1554,2007-04-09 06:14:29,1176113669.0,jdsu,15.14,-3.17,1444.609985,-5.47,2.3,0.553,N/A,2.44,1.97,2.76,7.81,1.74,2.26,6.256,3230000000.0,2920000000.0,N/A,1.78,2.21,59.741,2.21,340500000.0,59.741,36300000.0,0.17,N/A,17.10,1210000000.0,5.747,900000000.0,4.595,7.714,40700000.0,3.54,4.19,60.30,15540000.0,2.3,7.60,14530000.0,outperform
1555,2009-07-30 06:44:06,1248950646.0,jdsu,5.83,86.11,986.75,11.64,74.47,N/A,N/A,0.89,1.38,59.40,7.92,2.93,58.68,6.436,929080000.0,929080000.0,N/A,2.18,0.66,25.88,0.66,591300000.0,25.88,836700000.0,3.823,N/A,26.90,662000000.0,3.068,356700000.0,3.913,4.196,154400000.0,2.04,0.34,71.20,7160000.0,3.30,3.30,7620000.0,outperform
1556,2006-08-13 14:54:56,1155495296.0,jdsu,16.96,-16.16,1271.810059,14.24,-30.4,0.289,N/A,3.38,2.20,23.76,12.01,3.13,16.39,0.664,3590000000.0,3220000000.0,N/A,7.10,3.05,171.403,3.05,125600000.0,171.403,251100000.0,0.16,N/A,89.40,834800000.0,0.495,468400000.0,3.722,0.964,112000000.0,3.39,0.03,46.00,83200000.0,1.9,4.90,90760000.0,underperform
1557,2008-01-28 09:50:27,1201531827.0,jdsu,10.35,-64.06,1353.959961,-37.54,-26.520000000000003,0.418,N/A,1.54,1.26,1.10,5.38,1.60,0.95,6.715,2210000000.0,1820000000.0,N/A,0.77,1.27,33.905,1.27,472000000.0,33.905,15800000.0,0.07,N/A,12.10,1120000000.0,5.089,733000000.0,5.432,7.992,113800000.0,2.21,0.16,74.30,20190000.0,7.3,9.20,20790000.0,underperform
1558,2012-09-18 18:32:47,1348007567.0,jdsu,13.2,15.3,1459.319946,18.24,-2.9399999999999977,31.59,N/A,1.82,2.94,3.31,0.83,0.46,5.29,7.31,2670000000.0,2670000000.0,13.04,1.21,1.59,15.46,1.59,710000000.0,15.46,55600000.0,0.24,N/A,6.90,721600000.0,3.11,328200000.0,2.00,4.48,119100000.0,2.87,0.25,78.40,6630000.0,1.10,N/A,7260000.0,underperform
1559,2007-06-27 02:49:03,1182926943.0,jdsu,13.37,-14.51,1506.339966,-14.82,0.3100000000000005,0.541,N/A,2.08,1.74,3.97,6.84,1.47,3.33,6.467,2790000000.0,2510000000.0,N/A,2.24,1.84,40.986,1.84,340500000.0,40.986,54200000.0,0.26,N/A,14.90,1210000000.0,5.712,881000000.0,4.536,7.71,20600000.0,2.7,4.19,55.70,22760000.0,3.5,11.10,17300000.0,outperform
1560,2007-02-19 03:10:14,1171872614.0,jdsu,,,1455.540039,-7.33,,0.553,N/A,2.56,2.07,2.76,7.81,1.74,2.26,6.256,3540000000.0,3230000000.0,N/A,1.82,2.45,66.146,2.45,340500000.0,66.146,36300000.0,0.17,N/A,17.10,1210000000.0,5.747,900000000.0,4.595,7.714,40700000.0,3.68,4.09,49.30,13950000.0,2.6,6.80,16390000.0,underperform
1561,2005-05-20 11:16:03,1116602163.0,jdsu,12.56,75.16,1189.280029,6.81,68.35,0.324,N/A,2.97,1.48,19.17,22.20,5.91,8.97,0.496,2130000000.0,1220000000.0,N/A,N/A,1.70,N/A,1.70,145800000.0,N/A,137200000.0,0.10,N/A,5.90,1380000000.0,0.95,466500000.0,6.262,0.995,158700000.0,3.284,3.40,36.83,42780000.0,0.784,3.06,50750000.0,outperform
1562,2004-11-25 11:51:18,1101401478.0,jdsu,,,1177.23999,7.73,,0.304,N/A,6.62,2.95,18.07,26.25,5.28,7.72,0.475,4520000000.0,3520000000.0,156.50,N/A,5.16,N/A,5.16,145800000.0,N/A,123400000.0,0.086,N/A,5.90,1460000000.0,1.01,465200000.0,5.697,1.06,117900000.0,2.993,1.00,42.33,46540000.0,2.532,3.26,48280000.0,underperform
1563,2007-05-29 02:21:10,1180419670.0,jdsu,12.77,-9.16,1518.109985,-8.38,-0.7799999999999994,0.541,N/A,2.01,1.68,3.97,6.84,1.47,3.33,6.467,2720000000.0,2390000000.0,N/A,2.95,1.75,38.948,1.75,340500000.0,38.948,54200000.0,0.26,N/A,14.90,1210000000.0,5.712,881000000.0,4.536,7.71,20600000.0,3.16,4.07,56.70,17300000.0,4.9,8.40,15540000.0,underperform
1564,2013-05-12 13:48:14,1368380894.0,jdsu,13.24,-16.47,1626.670044,16.6,-33.07,15.13,N/A,1.83,2.96,3.38,0.66,0.38,5.89,7.32,2730000000.0,2730000000.0,17.48,2.36,1.60,17.81,1.60,710000000.0,17.81,62600000.0,0.25,N/A,1.00,608100000.0,2.58,159600000.0,2.34,4.47,N/A,2.60,0.29,80.90,8450000.0,2.00,4.20,9830000.0,underperform
1565,2007-01-14 09:43:27,1168785807.0,jdsu,16.72,-30.56,1423.819946,-0.53,-30.029999999999998,0.567,N/A,2.79,2.22,8.04,10.56,2.57,6.42,6.033,3440000000.0,3140000000.0,N/A,2.36,2.48,277.467,2.48,340500000.0,277.467,101600000.0,0.49,N/A,23.20,1200000000.0,5.69,900000000.0,4.423,7.516,51100000.0,3.94,N/A,3.00,16390000.0,3.9,8.00,11480000.0,underperform
1566,2004-04-13 08:43:13,1081860193.0,jdsu,34.24,-65.42,1129.439941,3.93,-69.35000000000001,0.289,N/A,10.33,4.03,45.04,50.47,12.61,16.73,0.438,6520000000.0,5330000000.0,435.00,N/A,8.52,N/A,8.52,55400000.0,N/A,282100000.0,0.198,N/A,38.50,1650000000.0,1.1,463600000.0,5.473,1.071,173100000.0,3.001,4.41,39.55,52630000.0,1.31,3.68,47110000.0,underperform
1567,2011-05-12 04:21:38,1305188498.0,jdsu,21.73,-50.81,1348.650024,0.35,-51.160000000000004,27.11,76.31,2.89,4.80,3.70,3.61,2.19,6.58,7.74,4590000000.0,4590000000.0,19.01,1.57,2.67,21.52,2.67,547100000.0,21.52,64000000.0,0.28,N/A,36.60,664500000.0,2.95,281100000.0,3.11,4.60,4590000000.0,2.56,0.24,74.20,5940000.0,0.40,3.10,6950000.0,underperform
1568,2011-12-28 19:51:08,1325119868.0,jdsu,10.44,27.3,1249.640015,13.48,13.82,30.04,37.14,1.34,2.29,3.61,4.77,2.97,6.61,8.05,2069999999.9999998,2069999999.9999998,11.30,1.38,1.14,8.57,1.14,790900000.0,8.57,65700000.0,0.28,N/A,3.80,686900000.0,3.00,319900000.0,3.46,4.65,192500000.0,2.51,0.24,74.20,11340000.0,1.80,5.10,10830000.0,outperform
1569,2008-05-21 05:51:24,1211363484.0,jdsu,11.48,-57.93,1390.709961,-36.12,-21.810000000000002,0.316,N/A,1.82,1.39,0.66,3.55,1.08,0.55,6.779,2670000000.0,2290000000.0,N/A,0.92,1.54,25.92,1.54,472000000.0,25.92,9800000.0,0.05,N/A,6.10,994100000.0,4.325,614500000.0,3.121,8.473,172600000.0,1.35,0.16,77.00,28810000.0,6.2,12.60,26910000.0,underperform
1570,2011-01-19 12:11:51,1295457111.0,ni,16.08,28.73,1281.920044,2.54,26.19,152.03,14.68,0.81,1.06,5.48,14.44,2.95,7.24,22.92,12550000000.0,12550000000.0,14.15,2.56,1.98,8.41,1.98,3330000000.0,8.41,348000000.0,1.26,N/A,16.70,22200000.0,0.08,7420000000.0,0.68,17.53,12550000000.0,0.89,0.31,75.50,5120000.0,2.20,2.10,5160000.0,outperform
1571,2013-04-25 06:24:37,1366885477.0,ni,29.63,19.34,1585.160034,17.55,1.7899999999999991,145.89,22.44,1.92,1.74,8.27,20.00,2.96,7.78,17.24,17740000000.0,17740000000.0,18.65,2.50,3.53,11.54,3.53,3520000000.0,11.54,410600000.0,1.39,811.60,3.90,36300000.0,0.12,8100000000.0,0.71,17.90,1280000000.0,0.34,0.28,81.50,3690000.0,1.90,N/A,3560000.0,outperform
1572,2003-10-14 00:34:35,1066106075.0,ni,12.62,4.2,1049.47998,6.11,-1.9100000000000001,1.572,11.34,0.79,1.30,6.06,16.74,2.52,10.58,29.235,5560000000.0,12420000000.0,12.55,2.54,1.78,7.24,1.78,3330000000.0,7.24,422800000.0,1.86,72.30,31.40,34700000.0,0.13,6830000000.0,0.442,16.2,N/A,0.399,0.19,72.24,5300000.0,7.417,2.02,4880000.0,underperform
1573,2012-07-28 12:53:12,1343494392.0,ni,23.23,29.66,1337.890015,26.34,3.3200000000000003,154.50,26.26,1.33,1.41,5.25,16.56,2.80,5.71,19.18,15080000000.0,15080000000.0,16.62,2.03,2.80,10.66,2.80,3460000000.0,10.66,288200000.0,0.98,7.70,25.20,38500000.0,0.14,7850000000.0,0.53,17.90,928100000.0,0.50,0.35,84.90,3280000.0,1.50,1.20,3390000.0,outperform
1574,2005-12-16 05:33:23,1134729203.0,ni,14.46,16.18,1267.319946,11.51,4.67,1.425,14.96,0.82,1.20,5.54,14.62,3.81,7.80,26.569,5970000000.0,12040000000.0,N/A,4.29,1.68,7.579,1.68,3060000000.0,7.579,367000000.0,1.46,N/A,19.60,932500000.0,3.42,6990000000.0,0.738,17.999001,969600000.0,N/A,0.53,71.10,6190000.0,5.2,2.30,5530000.0,outperform
1575,2007-04-04 17:14:04,1175721244.0,ni,17.17,-24.29,1439.369995,-4.87,-19.419999999999998,1.283,24.03,0.91,1.36,3.77,12.16,3.11,6.30,27.476,6790000000.0,13200000000.0,N/A,4.74,1.76,9.124,1.76,3120000000.0,9.124,313500000.0,1.03,8.10,23.90,33100000.0,0.121,6430000000.0,0.728,18.320999,1160000000.0,0.07,0.16,77.00,5090000.0,3.8,1.90,5380000.0,underperform
1576,2006-01-10 10:50:05,1136908205.0,ni,13.77,18.52,1289.689941,9.7,8.82,1.425,14.32,0.80,1.17,5.54,14.62,3.81,7.80,26.569,5720000000.0,11860000000.0,N/A,4.26,1.65,7.465,1.65,3060000000.0,7.465,367000000.0,1.46,N/A,19.60,932500000.0,3.42,6990000000.0,0.738,17.999001,969600000.0,N/A,0.53,71.10,6900000.0,7.6,2.50,6190000.0,outperform
1577,2007-02-21 19:31:00,1172104260.0,ni,16.87,-23.18,1457.630005,-7.9,-15.28,1.283,23.48,0.90,1.34,3.77,11.97,3.06,6.30,27.476,6630000000.0,13130000000.0,N/A,4.63,1.75,9.158,1.75,3150000000.0,9.158,313500000.0,1.03,8.10,24.00,33100000.0,0.121,6430000000.0,0.728,18.320999,1160000000.0,0.11,0.16,70.70,5920000.0,5.6,2.20,5230000.0,underperform
1578,2008-01-12 21:32:47,1200191567.0,hp,35.93,-32.15,1409.130005,-35.44,3.289999999999999,0.245,8.88,2.41,2.16,27.57,35.22,14.29,28.10,15.77,3930000000.0,4280000000.0000005,N/A,0.97,2.63,5.949,2.63,1630000000.0,5.949,449260000.0,4.27,18.20,25.30,89570000.0,0.865,445000000.0,2.202,17.544001,561070000.0,1.05,3.52,77.70,2400000.0,2.40,2.40,2550000.0,outperform
1579,2012-06-29 17:27:04,1341005224.0,hp,41.73,45.87,1362.160034,17.7,28.169999999999998,9.72,9.23,1.57,1.24,17.74,27.76,9.72,15.02,26.57,4490000000.0,4490000000.0,8.27,0.57,1.58,3.98,1.58,1110000000.0,3.98,503700000.0,4.62,31.30,27.40,324390000.0,3.02,350000000.0,2.59,33.54,964630000.0,1.52,3.06,96.20,5330000.0,2.80,5.10,4210000.0,outperform
1580,2013-04-22 02:16:48,1366611408.0,hp,56.72,97.21,1562.5,20.29,76.91999999999999,5.89,10.42,1.87,1.53,18.27,28.07,10.23,15.84,30.65,6080000000.0,6080000000.0,10.14,1.87,1.86,4.65,1.86,1400000000.0,4.65,586420000.0,5.50,10.60,15.30,241150000.0,2.27,235000000.0,2.29,37.56,1110000000.0,1.66,3.11,93.30,6720000.0,4.20,6.50,6490000.0,outperform
1581,2013-05-11 03:47:31,1368258451.0,hp,60.51,76.22,1632.689941,14.88,61.339999999999996,4.67,10.95,2.01,1.60,18.54,28.35,10.31,15.69,31.37,6590000000.0,6590000000.0,11.07,2.26,1.98,4.85,1.98,1400000000.0,4.85,607980000.0,5.70,16.50,8.90,172990000.0,1.63,195000000.0,3.06,39.26,1060000000.0,1.65,3.11,93.30,7420000.0,4.90,7.20,6720000.0,outperform
1582,2005-02-22 05:18:28,1109067508.0,hp,18.37,67.88,1184.160034,9.16,58.72,0.208,N/A,N/A,2.12,N/A,N/A,0.00,0.00,N/A,2060000000.0,2080000000.0,19.53,N/A,N/A,N/A,N/A,204300000.0,N/A,0.00,0.00,75.60,20.50,177520000.0,3.5,200000000.0,6.037,18.943001,143340000.0,0.697,11.73,82.90,2160000.0,6.412,4.82,2150000.0,outperform
1583,2008-04-26 05:08:27,1209200907.0,hp,51.7,-41.7,1379.930054,-38.26,-3.440000000000005,0.253,13.18,3.28,2.91,26.25,34.75,13.85,26.47,16.442,5790000000.0,6180000000.0,N/A,1.30,3.63,8.228,3.63,1630000000.0,8.228,446300000.0,4.24,2.70,18.20,97510000.0,0.941,485000000.0,2.341,18.474001,534140000.0,0.83,3.17,81.30,4380000.0,2.9,4.40,4410000.0,underperform
1584,2013-03-14 20:18:40,1363306720.0,hp,63.1,53.31,1563.22998,17.78,35.53,5.89,11.90,2.06,1.69,18.27,28.07,10.23,15.84,30.65,6820000000.0,6820000000.0,11.52,2.07,2.09,5.22,2.09,1400000000.0,5.22,586420000.0,5.50,10.60,15.30,241150000.0,2.27,235000000.0,2.29,37.56,1110000000.0,1.60,3.10,93.30,5110000.0,3.70,5.00,6020000.0,outperform
1585,2011-09-28 05:07:37,1317200857.0,hp,41.14,12.01,1151.060059,25.72,-13.709999999999999,10.87,12.47,2.07,1.54,16.48,26.47,8.85,13.38,22.59,5020000000.0,5020000000.0,9.43,0.49,2.09,5.38,2.09,803200000.0,5.38,395300000.0,3.65,N/A,33.20,288320000.0,2.69,350000000.0,3.37,30.10,5020000000.0,1.24,3.16,92.00,5250000.0,2.30,5.10,3800000.0,underperform
1586,2012-04-24 07:16:26,1335266186.0,hp,50.57,15.82,1371.969971,15.07,0.75,10.16,11.95,2.08,1.62,17.69,28.02,9.66,14.81,25.08,5580000000.0,5580000000.0,9.12,0.52,2.08,5.19,2.08,1110000000.0,5.19,473140000.0,4.34,38.50,23.20,347860000.0,3.24,350000000.0,2.34,32.10,975530000.0,1.73,3.04,92.00,6860000.0,5.10,6.60,6190000.0,outperform
1587,2012-01-17 06:28:07,1326799687.0,hp,54.88,3.75,1293.670044,13.83,-10.08,10.70,14.68,2.50,1.94,17.07,27.26,9.35,14.30,23.85,6250000000.0,6250000000.0,10.21,0.44,2.46,6.23,2.46,1110000000.0,6.23,433370000.0,3.99,46.20,25.40,364250000.0,3.40,350000000.0,2.30,30.54,977550000.0,1.26,3.04,92.00,5250000.0,3.50,5.10,5230000.0,underperform
1588,2006-06-21 12:08:27,1150906107.0,hp,25.65,31.27,1252.199951,21.56,9.71,0.161,15.63,2.86,2.27,18.38,29.12,10.96,16.24,19.054,2820000000.0,2830000000.0,N/A,0.14,2.87,7.196,2.87,316500000.0,7.196,181330000.0,3.44,188.90,56.80,276550000.0,5.274,200000000.0,4.568,23.724001,272120000.0,2.09,3.70,84.90,1860000.0,2.7,3.70,1970000.0,outperform
1589,2004-11-24 10:41:47,1101310907.0,hp,14.98,,1181.76001,6.18,,0.219,390.85,2.57,1.75,0.58,1.29,0.25,0.47,12.215,1620000000.0,1750000000.0,22.26,N/A,2.82,15.21,2.82,169750000.0,15.21,4360000.0,0.082,71.90,0.90,65300000.0,1.3,200000000.0,4.017,18.128,94600000.0,0.593,12.33,84.39,2180000.0,5.369,4.93,2860000.0,underperform
1590,2007-03-10 22:58:06,1173585486.0,hp,,,1391.969971,-6.3,,0.167,8.40,2.13,1.98,26.10,35.11,15.28,27.21,12.976,2900000000.0,3070000000.0,N/A,N/A,2.26,5.1,2.26,563250000.0,5.1,353830000.0,3.35,118.00,51.30,73420000.0,0.711,243720000.0,1.596,14.127,373730000.0,1.9,3.70,77.20,2400000.0,1.4,2.40,1840000.0,underperform
1591,2012-03-25 04:07:29,1332662849.0,hp,52.51,10.7,1392.780029,11.41,-0.7100000000000009,10.16,12.78,2.19,1.71,17.69,28.02,9.66,14.81,25.08,5960000000.0,5960000000.0,9.72,0.72,2.22,5.55,2.22,1110000000.0,5.55,473140000.0,4.34,38.50,23.20,347860000.0,3.24,350000000.0,2.34,32.10,975530000.0,1.60,3.04,92.00,7160000.0,4.10,6.90,7650000.0,underperform
1592,2005-03-09 01:46:57,1110350817.0,hp,17.98,56.95,1207.01001,5.4,51.550000000000004,0.208,N/A,N/A,2.15,N/A,N/A,0.00,0.00,N/A,2049999999.9999998,2089999999.9999998,19.38,N/A,N/A,N/A,N/A,204300000.0,N/A,0.00,0.00,75.60,20.50,177520000.0,3.5,200000000.0,6.037,18.943001,143340000.0,0.721,11.73,84.78,1980000.0,3.79,4.42,2160000.0,outperform
1593,2012-10-25 01:21:26,1351142486.0,hp,47.12,58.32,1412.969971,24.54,33.78,9.63,9.74,1.72,1.43,18.04,28.12,10.19,15.92,28.21,5400000000.0,5400000000.0,10.69,0.91,1.79,4.48,1.79,1110000000.0,4.48,543540000.0,4.99,36.50,27.30,148870000.0,1.41,350000000.0,2.28,34.39,894090000.0,1.44,3.12,92.80,5010000.0,3.30,4.80,5300000.0,outperform
1594,2013-05-12 08:43:13,1368362593.0,gt,12.74,89.87,1626.670044,16.6,73.27000000000001,505.45,14.50,0.16,87.69,1.23,5.61,4.02,16.89,82.82,7350000000.0,7350000000.0,5.18,0.15,0.36,4.01,0.36,3830000000.0,4.01,220000000.0,0.89,N/A,12.30,2390000000.0,9.71,6580000000.0,1.69,0.15,855000000.0,2.18,0.18,82.50,14590000.0,3.40,6.10,14600000.0,outperform
1595,2009-11-06 12:28:49,1257528529.0,gt,12.98,-22.5,1069.300049,12.03,-34.53,N/A,N/A,0.20,4.05,5.08,0.49,0.30,40.64,66.471,6480000000.0,6480000000.0,N/A,N/A,0.41,11.601,0.41,3350000000.0,11.601,812000000.0,3.37,132.30,15.20,2590000000.0,10.696,5910000000.0,1.894,3.229,1090000000.0,3.13,0.23,80.40,11490000.0,2.6,4.80,11180000.0,underperform
1596,2006-11-29 08:36:10,1164807370.0,gt,16.87,65.5,1399.47998,5.02,60.480000000000004,30.756,N/A,0.15,16.89,0.11,5.03,4.04,5.09,114.376,2980000000.0,7080000000.0,N/A,N/A,0.35,4.184,0.35,3950000000.0,4.184,12000000.0,0.119,N/A,5.00,1310000000.0,7.404,5410000000.0,1.604,0.994,301000000.0,2.24,1.47,97.60,23630000.0,5.3,13.40,26420000.0,outperform
1597,2011-04-16 13:26:10,1302974770.0,gt,14.84,-26.95,1314.410034,5.57,-32.519999999999996,315.28,N/A,0.19,5.60,1.15,4.04,3.16,10.64,77.75,6420000000.0,6420000000.0,7.97,0.72,0.34,4.55,0.34,3380000000.0,4.55,216000000.0,0.89,N/A,14.30,2000000000.0,8.25,4740000000.0,1.52,2.65,6420000000.0,2.75,6.20,72.30,8130000.000000001,1.10,3.30,8540000.0,underperform
1598,2007-05-29 12:17:22,1180455442.0,gt,34.86,-29.52,1518.109985,-8.38,-21.14,N/A,N/A,0.31,N/A,2.85,2.67,2.28,943.69,114.177,6270000000.0,10010000000.0,N/A,N/A,0.49,7.978,0.49,3250000000.0,7.978,486000000.0,3.27,N/A,0.80,2080000000.0,11.442,5830000000.0,1.983,0.494,457000000.0,2.2,5.55,96.20,19700000.0,5.3,10.90,18730000.0,underperform
1599,2008-10-27 00:56:12,1225083372.0,gt,7.73,114.1,848.919983,25.27,88.83,1.214,2.42,0.11,0.68,4.62,6.25,4.69,20.45,89.916,2140000000.0000002,4139999999.9999995,N/A,0.14,0.20,2.173,0.20,3720000000.0,2.173,442000000.0,3.68,33.90,6.50,2069999999.9999998,8.58,4070000000.0000005,1.956,13.905,398000000.0,2.31,0.31,86.00,14510000.0,2.8,6.00,14180000.0,outperform
1600,2012-03-18 08:32:39,1332073959.0,gt,12.21,8.6,1402.599976,10.66,-2.0600000000000005,320.26,9.61,0.13,12.13,1.51,5.17,4.43,26.65,93.31,5400000000.0,5400000000.0,4.79,0.16,0.24,2.85,0.24,3950000000.0,2.85,321000000.0,1.27,N/A,12.00,2770000000.0,11.34,5200000000.0,1.66,1.02,773000000.0,3.26,0.23,85.60,11310000.0,1.80,N/A,10420000.0,underperform
1601,2006-11-17 00:17:05,1163740625.0,gt,17.8,51.35,1401.199951,4.95,46.4,30.756,N/A,0.16,18.56,0.11,5.03,4.04,5.09,114.376,3270000000.0,7370000000.0,N/A,N/A,0.37,4.358,0.37,3950000000.0,4.358,12000000.0,0.12,N/A,5.00,1310000000.0,7.404,5410000000.0,1.604,0.994,301000000.0,2.24,12.88,86.60,23630000.0,5.3,13.40,26420000.0,outperform
1602,2007-02-19 21:53:36,1171940016.0,gt,,,1455.540039,-7.33,,30.756,N/A,0.22,25.56,0.11,5.03,4.04,5.09,114.376,4470000000.0,8570000000.0,N/A,N/A,0.42,5.064,0.42,3950000000.0,5.064,12000000.0,0.12,N/A,5.00,1310000000.0,7.404,5410000000.0,1.604,0.994,301000000.0,2.18,5.69,91.10,23430000.0,13.20,13.20,22530000.0,underperform
1603,2004-10-15 16:53:27,1097873607.0,gt,9.5,38.42,1108.199951,6.27,32.150000000000006,N/A,N/A,0.10,N/A,3.64,2.53,4.01,1642.39,94.527,1660000000.0,5600000000.0,14.60,11.97,0.34,9.26,0.34,2620000000.0,9.26,604400000.0,3.448,N/A,9.20,1300000000.0,7.42,5260000000.0,1.506,0.841,567700000.0,1.234,0.99,65.66,33940000.0,10.488,19.55,33439999.999999996,outperform
1604,2010-08-30 12:12:33,1283184753.0,gt,9.22,33.3,1048.920044,15.64,17.659999999999997,N/A,14.66,0.13,3.64,0.91,4.95,3.68,26.42,72.82,5260000000.0,5260000000.0,6.38,0.70,0.30,3.46,0.30,2620000000.0,3.46,160000000.0,0.66,N/A,14.80,1680000000.0,6.93,4600000000.0,1.75,2.66,5260000000.0,2.70,0.31,86.10,7970000.0,1.50,3.90,7500000.0,outperform
1605,2004-08-16 19:56:56,1092700616.0,gt,10.87,53.82,1079.339966,12.97,40.85,N/A,N/A,0.11,N/A,3.64,2.53,4.01,1642.39,94.527,1920000000.0,5800000000.0,18.22,49.97,0.35,9.57,0.35,2620000000.0,9.57,604400000.0,3.448,N/A,9.20,1300000000.0,7.42,5260000000.0,1.506,0.841,298800000.0,1.252,0.99,63.13,34460000.0,8.381,19.85,34100000.0,outperform
1606,2005-01-25 01:36:46,1106635006.0,gt,14.45,22.42,1168.410034,8.24,14.180000000000001,N/A,N/A,0.14,N/A,0.50,0.63,0.58,N/A,101.192,2520000000.0,6550000000.0,19.99,16.70,0.37,5.68,0.37,2620000000.0,5.68,89200000.0,0.513,N/A,9.20,1600000000.0,9.13,5600000000.0,1.626,0.219,585400000.0,1.567,0.21,65.81,35120000.0,11.366,20.07,39190000.0,outperform
1607,2006-11-05 19:48:30,1162774110.0,gt,15.21,98.03,1367.339966,9.86,88.17,23.905,17.56,0.14,12.26,0.84,5.22,4.17,133.33,113.099,2710000000.0,6450000000.0,N/A,N/A,0.32,3.706,0.32,3950000000.0,3.706,178000000.0,0.87,97.10,3.00,1560000000.0,8.821,5310000000.0,1.557,1.254,628000000.0,2.24,12.88,86.50,23630000.0,5.3,13.40,26420000.0,outperform
1608,2003-10-27 01:41:33,1067236893.0,gt,6.27,52.15,1031.130005,7.75,44.4,8.218,N/A,0.08,1.78,9.11,1.17,9.57,86.35,82.979,1100000000.0,4940000000.0,29.48,N/A,0.34,7.12,0.34,2540000000.0,7.12,1310000000.0,7.455,N/A,2.10,1180000000.0,6.75,5020000000.0,1.895,3.49,N/A,1.18,0.98,55.30,31320000.0,11.945,18.04,29990000.0,outperform
1609,2008-12-04 07:27:34,1228393654.0,gt,5.52,160.69,845.2199710000001,30.85,129.84,1.677,4.51,0.07,0.44,1.49,5.69,4.28,12.53,87.407,1370000000.0,5160000000.0,N/A,0.11,0.25,2.829,0.25,3720000000.0,2.829,314000000.0,1.26,95.40,2.10,1610000000.0,6.656,5390000000.0,2.073,13.32,616000000.0,2.52,0.31,85.00,11770000.0,1.9,4.90,11590000.0,outperform
1610,2011-11-07 15:49:34,1320698974.0,gt,14.04,-15.03,1261.119995,13.26,-28.29,253.35,26.10,0.16,3.49,0.64,5.41,4.43,10.92,90.91,7450000000.0,7450000000.0,5.81,0.17,0.34,3.90,0.34,3380000000.0,3.90,126000000.0,0.54,N/A,22.20,2130000000.0,8.70,6080000000.0,1.81,4.09,7450000000.0,3.01,6.20,72.30,10530000.0,1.60,N/A,11550000.0,underperform
1611,2006-11-12 05:15:28,1163326528.0,gt,17.34,53.4,1378.329956,4.41,48.989999999999995,23.905,20.71,0.16,13.99,0.84,5.22,4.17,133.33,113.099,3200000000.0,6940000000.0,N/A,N/A,0.35,3.985,0.35,3950000000.0,3.985,178000000.0,0.87,97.10,3.00,1560000000.0,8.821,5310000000.0,1.557,1.254,628000000.0,2.24,12.88,86.50,23630000.0,5.3,13.40,26420000.0,outperform
1612,2008-02-20 20:54:53,1203558893.0,gt,26.46,-77.1,1360.030029,-42.73,-34.37,1.658,10.03,0.33,2.24,3.07,5.09,3.65,13.29,97.764,6400000000.0,7650000000.0,N/A,0.54,0.39,4.743,0.39,3720000000.0,4.743,139000000.0,2.65,N/A,11.30,3460000000.0,14.418,4720000000.0,2.181,11.869,105000000.0,2.64,12.51,76.20,16550000.0,3.6,6.90,16520000.0,underperform
1613,2005-02-23 04:48:07,1109152087.0,gt,13.84,4.19,1190.800049,8.14,-3.95,N/A,N/A,0.14,N/A,0.50,0.63,0.59,N/A,101.192,2300000000.0,6420000000.0,18.48,15.87,0.36,5.56,0.36,2620000000.0,5.56,89200000.0,0.51,N/A,9.20,1600000000.0,9.13,5600000000.0,1.626,0.219,585400000.0,1.521,0.21,68.81,34900000.0,10.518,19.94,35120000.0,underperform
1614,2009-06-22 22:02:18,1245722538.0,twc,26.68,82.05,893.0399779999999,22.65,59.4,N/A,N/A,0.61,1.41,42.65,18.58,4.08,45.56,52.898,33439999999.999996,33439999999.999996,N/A,1.42,1.92,5.305,1.92,9060000000.0,5.305,7420000000.0,22.56,32.20,4.90,396000000.0,1.124,23160000000.0,0.521,21.518999,5260000000.0,0.35,0.02,23.20,9760000.0,2.7,2.80,7630000.0,outperform
1615,2012-07-16 07:41:57,1342438917.0,twc,78.51,40.76,1353.640015,23.83,16.93,360.71,15.86,1.31,3.48,8.62,21.54,5.70,21.33,62.00,50590000000.0,50590000000.0,12.13,0.94,2.53,7.07,2.53,10540000000.0,7.07,1710000000.0,5.26,17.50,6.40,2640000000.0,8.44,27150000000.0,0.70,23.99,5500000000.0,1.04,0.08,89.00,6940000.0,4.20,2.50,7130000.0,outperform
1616,2012-12-01 03:31:05,1354350665.0,twc,89.04,,1409.930054,18.89,,359.24,13.60,1.36,3.75,10.56,21.52,5.72,28.93,66.95,51890000000.0,51890000000.0,13.79,1.12,2.48,6.91,2.48,10540000000.0,6.91,2190000000.0,6.98,127.00,9.20,3880000000.0,12.85,27360000000.0,0.97,25.09,5460000000.0,0.98,0.08,89.20,8940000.0,4.30,3.20,8220000.000000001,underperform
1617,2013-03-14 18:35:15,1363300515.0,twc,88.91,52.86,1563.22998,17.78,35.08,370.59,13.29,1.27,3.75,10.08,21.32,5.81,29.14,69.48,50050000000.0,50050000000.0,11.95,1.07,2.34,6.60,2.34,11440000000.0,6.60,2140000000.0000002,6.90,9.00,9.90,3470000000.0,11.74,26990000000.0,0.92,24.45,5520000000.0,0.95,0.08,92.00,7890000.0,2.50,2.80,8170000.0,outperform
1618,2008-05-03 05:08:45,1209805725.0,twc,13.38,112.48,1385.589966,-37.01,149.49,0.55,25.62,1.84,1.19,7.04,17.48,3.10,4.65,16.332,28760000000.0,42110000000.0,N/A,1.43,2.64,7.304,2.64,8410000000.0,7.304,1120000000.0,1.15,22.90,12.00,232000000.0,0.237,13580000000.0,0.459,25.288,4560000000.0,0.44,82.71,17.10,17800000.0,2.00,2.00,8390000.0,outperform
1619,2011-09-27 08:49:36,1317127776.0,twc,62.16,44.47,1175.380005,21.95,22.52,304.77,15.57,1.11,2.70,7.75,20.72,5.62,17.45,55.70,42520000000.0,42520000000.0,11.58,0.88,2.20,6.06,2.20,9930000000.0,6.06,1490000000.0,4.25,22.80,4.40,3510000000.0,10.80,24530000000.0,1.44,24.49,42520000000.0,0.73,0.04,89.80,7570000.0,2.80,2.20,6960000.0,outperform
1620,2009-01-03 22:32:06,1231039926.0,twc,10.25,256.2,903.25,23.45,232.75,0.615,18.94,1.24,0.82,6.79,17.88,3.23,4.59,17.286,21710000000.0,33880000000.000004,N/A,2.12,2.01,5.548,2.01,8410000000.0,5.548,1150000000.0,1.173,21.40,8.50,3580000000.0,3.664,15750000000.0,1.771,26.191,5170000000.0,0.79,82.71,18.60,12850000.0,6.8,1.40,12650000.0,outperform
1621,2013-05-16 22:42:43,1368758563.0,twc,94.13,42.98,1650.469971,13.78,29.199999999999996,386.40,13.75,1.33,4.19,10.01,21.01,5.79,30.09,71.68,52100000000.0,52100000000.0,12.64,1.19,2.40,6.83,2.40,11440000000.0,6.83,2160000000.0,7.07,5.00,6.60,3290000000.0,11.31,26820000000.0,0.78,23.70,5540000000.0,0.91,0.08,92.00,6860000.0,2.20,2.30,9440000.0,outperform
1622,2007-05-28 00:28:13,1180326493.0,twc,,,1515.72998,-8.6,,0.594,18.83,2.82,1.57,15.23,17.85,N/A,4.56,13.445,37660000000.0,51760000000.0,N/A,1.71,3.91,10.588,3.91,N/A,10.588,1010000000.0,2.05,16.50,61.50,47000000.0,0.048,14140000000.0,0.345,24.372,3820000000.0,N/A,N/A,3.50,2600000.0,2.3,0.30,1730000.0,underperform
1623,2007-06-13 10:40:52,1181745652.0,gs,214.01,-28.13,1515.670044,-11.6,-16.53,11.864,10.71,2.33,2.77,25.66,39.48,1.23,31.16,89.641,93070000000.0,247260000000.0,N/A,0.75,6.19,N/A,6.19,50370000000.0,N/A,10090000000.0,21.27,29.00,22.00,781220000000.0,912.552,437790000000.0,1.253,82.175003,42000000000.0,1.08,2.37,68.00,8530000.0,1.5,2.20,7090000.0,underperform
1624,2007-04-13 17:47:19,1176500839.0,gs,188.85,-15.1,1452.849976,-6.77,-8.33,6.819,10.46,2.12,2.52,25.32,38.70,N/A,31.02,83.886,84130000000.0,361070000000.0,N/A,0.74,9.59,N/A,9.59,50370000000.0,N/A,9400000000.0,19.69,93.10,46.90,688690000000.0,530.091,228400000000.0,N/A,82.175003,N/A,1.14,27.72,71.90,8910000.0,1.8,2.20,9250000.0,underperform
1625,2011-09-03 09:32:45,1315056765.0,gs,110.97,-8.44,1218.890015,14.82,-23.259999999999998,659.55,10.50,1.54,0.82,22.08,34.83,0.89,10.93,68.17,272950000000.0,272950000000.0,6.49,1.13,7.43,N/A,7.43,39160000000.0,N/A,5920000000.0,10.20,77.30,17.60,815290000000.0,611.89,485080000000.0,1.45,136.37,272950000000.0,1.28,5.88,68.60,7440000.0,0.80,1.50,7720000.0,underperform
1626,2012-05-08 22:55:33,1336532133.0,gs,105.16,39.68,1363.719971,19.72,19.96,683.81,16.17,2.09,0.84,14.20,21.24,N/A,N/A,51.95,275240000000.0,275240000000.0,7.97,0.72,10.25,N/A,10.25,28810000000.0,N/A,3640000000.0,6.76,22.90,16.40,825610000000.0,619.47,491170000000.0,N/A,130.31,N/A,1.62,6.38,31.00,5010000.0,0.80,1.20,5290000.0,outperform
1627,2013-03-17 14:52:41,1363546361.0,gs,150.57,9.74,1563.22998,18.91,-9.17,631.01,10.96,2.17,1.06,21.88,35.29,0.80,10.10,68.85,249090000000.0,249090000000.0,10.35,1.63,7.29,N/A,7.29,34159999999.999996,N/A,7260000000.0,14.13,185.50,52.70,807580000000.0,680.57,480980000000.0,1.51,144.66,12880000000.0,1.62,7.17,67.50,6460000.0,1.40,1.50,7130000.0,underperform
1628,2007-05-28 11:36:37,1180366597.0,gs,,,1515.72998,-8.6,,11.864,10.60,2.31,2.75,25.66,39.48,1.23,31.16,89.641,92120000000.0,248210000000.0,N/A,0.88,6.21,N/A,6.21,50370000000.0,N/A,10090000000.0,21.27,29.00,22.00,781220000000.0,912.552,437790000000.0,1.253,82.175003,42000000000.0,1.05,2.37,68.20,7090000.0,0.9,1.80,7260000.0,underperform
1629,2004-09-23 14:19:23,1095963563.0,gs,83.27,29.61,1108.359985,9.65,19.96,5.133,11.58,1.67,1.94,15.22,22.33,0.98,19.20,52.772,45150000000.0,106370000000.0,11.54,0.87,3.92,15.89,3.92,15390000000.0,15.89,4130000000.0,8.026,42.10,3.40,58590000000.0,120.56,118840000000.0,N/A,48.167999,14860000000.0,1.726,43.88,72.51,6470000.0,1.7,2.37,6920000.0,outperform
1630,2007-10-11 04:03:35,1192089815.0,gs,210.15,-60.95,1554.410034,-42.15,-18.800000000000004,11.166,9.69,2.28,2.76,25.84,39.37,N/A,N/A,102.163,100390000000.0,249050000000.0,N/A,0.76,5.58,N/A,5.58,50370000000.0,N/A,11350000000.0,24.35,79.00,62.60,783340000000.0,840.987,429420000000.0,N/A,86.732002,N/A,1.62,2.53,66.80,10360000.0,0.8,2.60,9910000.0,underperform
1631,2013-05-18 00:48:39,1368852519.0,gs,152.12,1.98,1658.780029,12.78,-10.799999999999999,601.11,10.92,2.16,1.04,22.23,35.69,0.80,10.12,70.15,277920000000.0,277920000000.0,10.36,1.56,8.10,N/A,8.10,34159999999.999996,N/A,7370000000.0,14.49,7.20,1.40,822320000000.0,718.17,466820000000.0,1.47,148.41,3400000000.0,1.60,7.17,67.50,5110000.0,1.40,1.30,5390000.0,underperform
1632,2012-03-03 21:30:35,1330828235.0,gs,110.7,32.25,1365.680054,10.91,21.34,687.01,26.60,2.17,0.92,15.42,21.41,N/A,5.93,54.92,279190000000.0,279190000000.0,8.98,0.86,9.69,N/A,9.69,39160000000.0,N/A,2510000000.0,4.51,57.60,30.00,835870000000.0,618.96,491640000000.0,N/A,131.09,N/A,1.72,6.38,31.00,7130000.0,1.00,1.40,7680000.0,outperform
1633,2012-11-14 00:51:04,1352872264.0,gs,110.84,44.86,1355.48999,32.1,12.759999999999998,636.03,11.18,1.84,0.83,18.07,28.10,0.59,7.64,61.60,307860000000.0,307860000000.0,9.08,0.39,9.94,N/A,9.94,28810000000.0,N/A,5400000000.0,10.42,N/A,132.80,845140000000.0,738.61,477180000000.0,1.52,140.58,29130000000.0,1.55,6.92,19.50,5240000.0,1.10,1.20,6250000.0,outperform
1634,2007-05-13 04:06:01,1179043561.0,gs,204.35,-13.3,1491.469971,-5.89,-7.410000000000001,11.864,10.70,2.28,2.71,25.66,39.48,1.23,31.16,89.641,92930000000.0,250760000000.0,N/A,0.83,6.28,N/A,6.28,50370000000.0,N/A,10090000000.0,21.27,29.00,22.00,781220000000.0,912.552,437790000000.0,1.253,82.175003,42000000000.0,1.19,2.37,69.00,7260000.0,0.9,1.80,7020000.0,underperform
1635,2008-01-22 20:01:45,1201050105.0,gs,175.25,-63.02,1310.5,-35.88,-27.14,11.02,7.65,1.79,2.07,25.22,38.28,N/A,30.97,106.206,83110000000.0,369830000000.0,N/A,0.73,8.04,N/A,8.04,50370000000.0,N/A,11410000000.0,24.733,2.00,14.20,886180000000.0,018.638,431060000000.0,N/A,90.599998,N/A,1.91,7.74,69.50,9270000.0,0.7,2.40,9600000.0,underperform
1636,2007-02-20 17:59:37,1172012377.0,gs,202.05,-19.23,1459.680054,-6.83,-12.4,10.922,11.13,2.37,2.74,25.32,38.78,1.23,29.90,83.886,90150000000.0,240110000000.0,N/A,0.75,6.38,N/A,6.38,50370000000.0,N/A,9400000000.0,19.69,93.10,46.90,723310000000.0,758.343,390870000000.0,1.415,79.207001,47620000000.0,1.14,2.27,64.40,8910000.0,1.8,2.20,9250000.0,underperform
1637,2007-03-04 07:04:31,1173009871.0,gs,182.59,-16.76,1403.170044,-5.12,-11.64,10.922,9.94,2.18,2.52,25.32,38.78,1.23,29.90,83.886,80490000000.0,248850000000.0,N/A,0.68,6.61,N/A,6.61,50370000000.0,N/A,9400000000.0,19.69,93.10,46.90,723310000000.0,758.343,390870000000.0,1.415,79.207001,47620000000.0,1.2,2.34,68.20,7020000.0,1.2,1.80,8910000.0,underperform
1638,2003-11-08 08:56:50,1068299810.0,gs,84.74,5.85,1051.810059,10.44,-4.59,4.951,19.56,2.00,2.24,11.12,16.44,0.68,12.98,44.602,45920000000.0,110870000000.0,17.39,1.37,4.85,24.65,4.85,14960000000.0,24.65,2540000000.0,4.959,8.50,26.60,36020000000.0,76.08,101190000000.0,N/A,43.18,N/A,1.761,54.00,53.96,12180000.0,2.708,5.59,15500000.0,underperform
1639,2012-07-09 03:46:11,1341819971.0,gs,91.26,68.64,1352.459961,22.17,46.47,666.85,14.11,1.82,0.71,14.20,20.85,0.41,5.21,51.95,307090000000.0,307090000000.0,7.65,0.64,11.43,N/A,11.43,28810000000.0,N/A,3640000000.0,6.76,22.90,16.40,845880000000.0,659.25,487020000000.0,1.48,134.48,23280000000.0,1.63,6.75,20.20,8640000.0,1.70,2.00,7590000.0,outperform
1640,2011-11-04 15:23:49,1320434629.0,gs,100.3,18.38,1253.22998,12.68,5.699999999999999,659.55,15.86,1.73,0.79,18.52,29.45,N/A,N/A,58.94,272640000000.0,272640000000.0,7.71,1.73,8.68,N/A,8.68,39160000000.0,N/A,3760000000.0,6.57,N/A,59.70,815290000000.0,611.89,485080000000.0,N/A,136.37,272640000000.0,1.19,5.88,68.60,9300000.0,1.20,1.80,9140000.0,outperform
1641,2007-07-15 22:40:33,1184553633.0,gs,201.78,-27.47,1547.699951,-20.64,-6.829999999999998,11.166,10.37,2.24,2.54,25.75,39.30,1.18,29.25,90.207,90130000000.0,260700000000.0,N/A,0.74,6.53,N/A,6.53,50370000000.0,N/A,10090000000.0,21.43,0.90,0.60,783340000000.0,931.049,429420000000.0,1.308,86.732002,58580000000.0,1.19,2.37,68.10,8480000.0,1.7,2.20,8530000.0,underperform
1642,2012-11-18 07:43:53,1353242633.0,gs,112.0,45.54,1353.329956,32.38,13.159999999999997,636.03,11.12,1.81,0.82,18.07,27.85,0.59,7.64,61.60,308550000000.0,308550000000.0,9.04,0.39,9.96,N/A,9.96,28810000000.0,N/A,5400000000.0,10.42,N/A,132.80,845140000000.0,738.61,477180000000.0,1.52,140.58,29130000000.0,1.55,6.92,19.50,5240000.0,1.10,1.20,6250000.0,outperform
1643,2010-01-05 08:25:04,1262697904.0,gs,165.33,-0.28,1136.52002,12.32,-12.6,N/A,38.69,4.00,1.52,10.45,11.75,0.23,4.33,50.851,307190000000.0,307190000000.0,N/A,0.76,13.82,N/A,13.82,49800000000.0,N/A,2040000000.0,4.47,N/A,N/A,782570000000.0,522.266,383300000000.0,1.499,113.821999,1890000000.0,1.42,4.75,76.20,4540000.0,0.5,1.00,5640000.0,underperform
1644,2008-03-18 22:59:33,1205895573.0,gs,161.67,-39.3,1330.73999,-40.31,1.0100000000000051,10.241,7.09,1.30,1.49,25.22,38.64,1.19,29.52,106.206,69410000000.0,446360000000.0,N/A,0.77,9.71,N/A,9.71,87970000000.0,N/A,11410000000.0,24.733,2.00,14.20,947550000000.0,393.353,438300000000.0,1.344,101.616997,68200000000.0,2.1,8.87,68.20,7870000.0,0.7,2.00,8340000.0,outperform
1645,2012-03-04 00:39:16,1330839556.0,gs,116.46,27.74,1374.089966,11.0,16.74,687.01,26.60,2.17,0.92,15.42,21.41,N/A,5.93,54.92,279190000000.0,279190000000.0,8.98,0.86,9.69,N/A,9.69,39160000000.0,N/A,2510000000.0,4.51,57.60,30.00,835870000000.0,618.96,491640000000.0,N/A,131.09,N/A,1.72,6.38,31.00,7130000.0,1.00,1.40,7680000.0,outperform
1646,2008-12-18 09:10:19,1229609419.0,gs,74.22,106.37,885.2800289999999,24.53,81.84,8.861,4.73,0.90,0.73,22.17,32.30,0.72,18.08,80.736,31150000000.0,511500000000.0,N/A,0.76,14.81,N/A,14.81,87970000000.0,N/A,7490000000.0,16.64,70.40,51.00,949800000000.0,401.873,404050000000.0,1.39,107.720001,14570000000.0,1.91,6.83,79.50,14540000.0,0.4,3.80,10220000.0,outperform
1647,2010-12-05 10:45:14,1291563914.0,gs,153.97,-37.85,1221.530029,2.91,-40.760000000000005,536.75,9.24,1.91,1.21,25.15,50.34,N/A,N/A,80.41,310020000000.0,310020000000.0,9.05,1.48,7.14,N/A,7.14,45170000000.0,N/A,10270000000.0,17.56,40.50,28.00,802290000000.0,569.30,406090000000.0,1.53,134.31,310020000000.0,1.27,5.08,68.40,6900000.0,1.00,1.40,6290000.0,underperform
1648,2011-04-29 02:10:29,1304057429.0,gs,143.39,-23.57,1363.609985,1.99,-25.56,624.99,11.43,2.14,1.19,21.33,36.63,0.95,11.15,72.25,229270000000.0,229270000000.0,7.86,0.93,5.86,N/A,5.86,39160000000.0,N/A,7710000000.0,13.18,51.80,10.10,805130000000.0,471.72,488910000000.0,1.50,128.68,229270000000.0,1.22,5.88,68.60,4099999.9999999995,0.80,0.80,4620000.0,underperform
1649,2005-05-08 10:56:33,1115564193.0,gs,94.91,56.61,1172.630005,12.96,43.65,5.539,11.20,1.57,1.93,14.96,21.61,0.95,19.87,62.551,49740000000.0,143440000000.0,10.52,0.83,4.50,19.13,4.50,28150000000.0,19.13,4770000000.0,9.35,51.50,26.30,50730000000.0,106.77,144430000000.0,N/A,54.506001,24490000000.0,1.653,15.63,66.95,15500000.0,3.545,3.87,14990000.0,outperform
1650,2004-04-13 04:06:33,1081843593.0,gs,91.77,7.79,1129.439941,3.93,3.86,5.366,14.95,2.01,2.29,14.30,21.06,0.90,17.50,49.562,51070000000.0,123610000000.0,13.41,1.01,4.86,20.51,4.86,15390000000.0,20.51,3640000000.0,7.076,42.10,3.40,46710000000.0,96.8,119320000000.0,N/A,46.062,15660000000.0,1.728,43.88,66.75,9080000.0,2.751,3.35,10240000.0,outperform
1651,2012-07-14 06:26:23,1342261583.0,gs,91.89,68.3,1341.449951,24.87,43.42999999999999,666.85,14.40,1.78,0.70,14.20,20.85,0.41,5.21,51.95,306090000000.0,306090000000.0,7.84,0.62,11.39,N/A,11.39,28810000000.0,N/A,3640000000.0,6.76,22.90,16.40,845880000000.0,659.25,487020000000.0,1.48,134.48,23280000000.0,1.63,6.75,20.20,5930000.0,1.20,1.40,8640000.0,outperform
1652,2012-01-31 00:30:56,1327987856.0,gs,106.86,34.17,1312.410034,14.44,19.730000000000004,687.01,24.33,2.00,0.85,15.42,21.41,N/A,5.93,54.92,283420000000.0,283420000000.0,8.19,0.80,9.84,N/A,9.84,39160000000.0,N/A,2510000000.0,4.51,57.60,30.00,835870000000.0,618.96,491640000000.0,N/A,131.09,N/A,1.17,6.38,31.00,7260000.0,1.00,1.40,7070000.0,outperform
1653,2012-03-06 17:16:43,1331072203.0,gs,109.29,37.86,1343.359985,14.75,23.11,683.81,25.23,2.13,0.91,15.42,22.78,0.48,5.92,54.92,270079999999.99997,270079999999.99997,8.50,0.84,9.37,N/A,9.37,39160000000.0,N/A,2470000000.0,4.51,57.60,30.00,825610000000.0,599.06,491170000000.0,1.49,130.31,21640000000.0,1.72,6.38,31.00,7130000.0,1.00,1.40,7680000.0,outperform
1654,2011-11-02 20:11:50,1320279110.0,gs,101.34,19.53,1237.900024,15.32,4.210000000000001,659.55,16.18,1.67,0.76,18.52,29.45,N/A,N/A,58.94,274730000000.00003,274730000000.00003,7.81,1.95,8.75,N/A,8.75,N/A,N/A,3760000000.0,6.57,N/A,59.70,815290000000.0,611.89,485080000000.0,N/A,136.37,274730000000.00003,1.19,5.88,68.60,9300000.0,1.20,1.80,9140000.0,outperform
1655,2008-12-17 11:42:58,1229532178.0,gs,73.04,106.8,904.419983,21.19,85.61,8.861,4.57,0.87,0.71,22.17,32.30,0.72,18.08,80.736,30050000000.0,512600000000.0,N/A,0.66,14.84,N/A,14.84,87970000000.0,N/A,7490000000.0,16.64,70.40,51.00,949800000000.0,401.873,404050000000.0,1.39,107.720001,14570000000.0,1.91,6.83,79.50,14540000.0,0.4,3.80,10220000.0,outperform
1656,2007-01-13 03:29:22,1168676962.0,gs,190.0,-4.75,1414.849976,0.39,-5.14,6.819,10.87,2.53,2.99,25.32,38.70,N/A,31.02,83.886,96320000000.0,361820000000.0,N/A,0.74,9.61,N/A,9.61,29660000000.0,N/A,9400000000.0,19.686,93.10,46.90,688690000000.0,530.091,228400000000.0,N/A,70.861,N/A,1.1,27.72,71.20,9250000.0,2.20,2.20,9820000.0,underperform
1657,2009-02-18 04:14:06,1234948446.0,gs,78.35,86.56,788.419983,40.38,46.18,N/A,19.16,2.00,0.87,10.45,10.51,0.23,4.33,50.851,39580000000.0,393460000000.0,N/A,1.16,17.71,N/A,17.71,49800000000.0,N/A,2040000000.0,4.47,N/A,N/A,763550000000.0,653.466,322440000000.0,1.484,111.241997,1890000000.0,1.78,5.69,67.60,12890000.0,0.5,2.90,13750000.0,outperform
1658,2007-03-21 04:42:40,1174466560.0,gs,192.92,-14.27,1435.040039,-7.35,-6.92,10.922,9.59,2.22,2.56,25.66,39.48,N/A,N/A,89.641,89410000000.0,240610000000.0,N/A,0.66,6.02,N/A,6.02,50370000000.0,N/A,10090000000.0,21.27,29.00,22.00,723310000000.0,650.267,390870000000.0,N/A,79.207001,N/A,1.2,2.34,68.30,7020000.0,1.2,1.80,8910000.0,underperform
1659,2011-12-29 18:35:54,1325201754.0,gs,87.24,40.18,1263.02002,11.04,29.14,687.01,13.82,1.41,0.66,18.52,27.78,0.63,7.86,58.94,296760000000.0,296760000000.0,7.07,1.80,9.45,N/A,9.45,39160000000.0,N/A,3760000000.0,6.57,N/A,59.70,835870000000.0,697.84,491640000000.0,1.47,135.98,6850000000.0,1.16,5.88,68.60,9770000.0,1.40,1.90,7910000.0,outperform
1660,2012-01-02 19:33:14,1325550794.0,gs,,,1257.599976,11.52,,687.01,13.76,1.43,0.67,18.52,27.78,0.63,7.86,58.94,296600000000.0,296600000000.0,7.04,1.82,9.45,N/A,9.45,39160000000.0,N/A,3760000000.0,6.57,N/A,59.70,835870000000.0,697.84,491640000000.0,1.47,135.98,6850000000.0,1.17,5.88,68.60,8530000.0,1.10,1.70,9770000.0,underperform
1661,2007-03-12 02:25:09,1173680709.0,gs,185.28,-18.97,1406.599976,-6.11,-12.86,10.922,10.25,2.18,2.52,25.32,38.78,1.23,29.90,83.886,82970000000.0,246370000000.0,N/A,0.69,6.54,N/A,6.54,50370000000.0,N/A,9400000000.0,19.69,93.10,46.90,723310000000.0,758.343,390870000000.0,1.307,79.207001,47620000000.0,1.2,2.34,68.30,7020000.0,1.2,1.80,8910000.0,underperform
1662,2008-11-02 04:20:24,1225617624.0,gs,84.48,89.24,954.090027,9.31,79.92999999999999,8.861,5.56,1.04,0.85,22.17,32.30,0.72,18.08,80.736,36580000000.0,506080000000.0,N/A,0.48,14.65,N/A,14.65,87970000000.0,N/A,7490000000.0,16.64,70.40,51.00,949800000000.0,401.873,404050000000.0,1.39,107.720001,14570000000.0,1.96,7.07,70.10,7970000.0,0.4,2.10,7320000.0,outperform
1663,2006-10-23 12:29:02,1161620942.0,blk,145.68,29.28,1377.02002,10.35,18.93,0.243,36.20,6.53,8.97,18.81,30.13,16.05,28.32,22.26,9320000000.0,9400000000.0,N/A,2.22,6.59,19.478,6.59,1190000000.0,19.478,268300000.0,4.02,18.90,32.90,368690000.0,5.761,253170000.0,1.378,16.232,297350000.0,1.14,6.56,27.50,4.9,4.9,1.00,N/A,outperform
1664,2012-03-28 00:07:29,1332907649.0,blk,199.22,26.71,1405.540039,11.64,15.07,107.57,16.46,4.03,1.46,25.74,36.82,1.17,9.05,49.28,39120000000.0,39120000000.0,13.54,1.23,4.31,10.74,4.31,8529999999.999999,10.74,2320000000.0,12.37,15.50,10.70,24740000000.0,138.78,27280000000.0,1.12,140.48,2830000000.0,1.56,4.25,83.10,1260000.0,1.80,1.30,1080000.0,outperform
1665,2004-01-26 00:05:15,1075093515.0,blk,57.5,35.03,1155.369995,1.13,33.9,3.075,25.12,5.49,5.31,27.65,44.69,12.24,22.94,10.228,3800000000.0,5700000000.0,17.56,1.34,8.47,19.82,8.47,306040000.0,19.82,155310000.0,2.359,24.00,8.20,241570000.0,3.76,2140000000.0000002,N/A,10.85,N/A,0.014,7.29,22.17,N/A,12.776,1.24,N/A,outperform
1666,2012-06-30 08:38:59,1341059939.0,blk,163.5,58.7,1331.849976,21.12,37.58,112.01,13.44,3.29,1.18,25.87,37.15,1.15,8.98,49.97,33890000000.0,33890000000.0,11.49,1.05,3.75,9.26,3.75,8529999999.999999,9.26,2320000000.0,12.63,0.70,1.40,25250000000.0,140.76,28680000000.0,1.16,141.04,2880000000.0,1.37,4.71,85.10,1450000.0,0.60,1.40,2100000.0,outperform
1667,2005-01-30 04:21:00,1107076860.0,blk,77.93,68.22,1174.550049,9.42,58.8,N/A,36.50,7.23,6.87,20.43,22.86,14.63,19.37,11.095,5030000000.0,4570000000.0,18.91,1.46,6.30,27.42,6.30,598210000.0,27.42,143140000.0,2.166,16.60,3.70,457670000.0,7.19,N/A,N/A,11.536,480940000.0,0.022,6.48,22.15,N/A,5.059,0.43,N/A,outperform
1668,2008-01-23 12:53:24,1201110804.0,blk,204.41,-48.43,1338.599976,-38.18,-10.25,0.124,26.94,5.38,2.08,20.54,29.35,N/A,9.03,37.705,26080000000.0,N/A,N/A,1.34,N/A,N/A,N/A,1930000000.0,N/A,995270000.0,7.54,90.30,41.80,2320000000.0,18.066,1400000000.0,N/A,97.681,N/A,1.27,3.01,106.90,2450000.0,6.7,2.20,2300000.0,underperform
1669,2007-04-05 23:23:21,1175829801.0,blk,153.8,40.55,1443.76001,-5.08,45.629999999999995,0.023,40.44,8.64,1.68,15.38,32.46,4.58,5.51,26.017,18210000000.0,17220000000.0,N/A,0.85,8.21,19.335,8.21,1930000000.0,19.335,322600000.0,3.87,132.30,175.90,1160000000.0,9.974,253170000.0,1.309,92.620003,720880000.0,1.39,42.28,11.00,1250000.0,4.6,1.10,1390000.0,outperform
1670,2005-02-25 08:55:41,1109339741.0,blk,76.82,84.74,1211.369995,6.71,78.03,N/A,36.06,6.87,6.49,20.43,22.86,14.63,19.37,11.095,4970000000.0,4510000000.0,18.69,1.57,6.22,27.06,6.22,598210000.0,27.06,143140000.0,2.17,N/A,N/A,457670000.0,7.19,N/A,N/A,12.067,N/A,0.016,6.49,22.46,N/A,3.942,0.46,N/A,outperform
1671,2013-04-23 12:48:31,1366735711.0,blk,254.98,18.55,1578.780029,18.79,-0.23999999999999844,121.83,17.55,4.50,1.69,26.40,37.85,N/A,N/A,55.12,42830000000.0,42830000000.0,13.87,1.18,4.49,10.97,4.49,9120000000.0,10.97,2520000000.0,14.28,10.50,8.90,N/A,N/A,N/A,N/A,148.37,N/A,1.44,13.03,81.60,1860000.0,2.50,N/A,1970000.0,underperform
1672,2004-08-03 20:44:35,1091580275.0,blk,61.82,34.49,1099.689941,13.22,21.270000000000003,N/A,22.40,5.90,5.28,27.86,37.18,13.05,25.66,10.303,4010000000.0,3700000000.0,18.84,1.45,5.46,14.63,5.46,598210000.0,14.63,184610000.0,2.809,16.60,3.70,296700000.0,4.66,N/A,N/A,11.869,174370000.0,0.019,7.24,21.96,N/A,8.315,0.76,N/A,outperform
1673,2006-06-16 08:16:26,1150460186.0,blk,125.74,22.67,1251.540039,21.1,1.5700000000000003,0.257,33.21,6.16,8.32,19.32,31.27,15.67,28.14,20.848,8230000000.0,8119999999.999999,N/A,1.14,6.07,17.994,6.07,1190000000.0,17.994,258230000.00000003,3.86,52.30,58.20,368100000.0,5.739,253790000.0,1.35,15.421,328630000.0,0.95,6.55,17.90,3.7,3.7,1.30,N/A,outperform
1674,2009-06-18 15:16:32,1245352592.0,blk,167.41,-6.8,918.3699949999999,21.68,-28.48,N/A,35.45,4.59,1.81,13.24,32.16,4.65,5.27,36.582,20960000000.0,20960000000.0,N/A,2.21,4.41,11.924,4.41,5060000000.0,11.924,635000000.0,4.773,65.10,24.10,1990000000.0,15.246,1140000000.0,3.139,92.582001,1920000000.0,1.69,2.00,34.10,2080000.0,2.3,1.60,1720000.0,underperform
1675,2008-03-08 23:44:49,1205037889.0,blk,198.92,-55.1,1333.699951,-49.27,-5.829999999999998,0.108,24.36,4.91,2.05,20.54,29.76,4.19,8.90,37.705,23620000000.0,23210000000.0,N/A,1.23,4.79,14.145,4.79,4300000000.0,14.145,995270000.0,7.54,90.30,41.80,1660000000.0,12.872,1250000000.0,1.41,90.132004,587450000.0,1.36,40.18,71.50,2510000.0,5.1,2.20,1990000.0,underperform
1676,2013-04-25 08:04:06,1366891446.0,blk,259.0,13.99,1585.160034,17.55,-3.5600000000000005,121.83,18.12,4.64,1.74,26.40,37.85,N/A,N/A,55.12,44290000000.0,44290000000.0,14.32,1.12,4.64,11.34,4.64,9120000000.0,11.34,2520000000.0,14.28,10.50,8.90,N/A,N/A,N/A,N/A,148.37,N/A,1.44,13.03,81.60,1860000.0,2.50,N/A,1970000.0,underperform
1677,2009-01-26 17:30:42,1233009042.0,blk,105.19,109.92,836.570007,30.55,79.37,0.094,18.64,2.87,1.19,15.53,32.21,N/A,6.61,39.09,14310000000.0,13880000000.0,N/A,1.36,2.74,7.44,2.74,4300000000.0,7.44,786420000.0,5.91,83.60,26.40,1790000000.0,13.812,1150000000.0,N/A,93.863998,N/A,1.66,47.09,52.30,1520000.0,1.30,1.30,1920000.0,outperform
1678,2008-01-20 20:57:38,1200880658.0,blk,201.4,,1333.25,-36.24,,0.124,26.74,5.43,2.10,20.54,29.35,N/A,9.03,37.705,25880000000.0,24960000000.0,N/A,1.33,5.15,15.474,5.15,1930000000.0,15.474,995270000.0,7.54,90.30,41.80,2320000000.0,18.066,1400000000.0,N/A,97.681,N/A,1.27,3.01,106.90,2450000.0,6.7,2.20,2300000.0,underperform
1679,2011-11-08 02:27:16,1320737236.0,blk,160.33,16.45,1275.920044,9.3,7.149999999999999,100.52,12.63,3.02,1.16,26.09,36.85,N/A,N/A,49.88,31750000000.0,31750000000.0,12.56,1.10,3.40,8.48,3.40,8610000000.0,8.48,2410000000.0,12.67,8.00,6.40,21240000000.0,118.73,24800000000.0,N/A,136.38,31750000000.0,1.49,12.44,79.80,1130000.0,1.10,1.20,1010000.0,outperform
1680,2005-08-29 09:42:29,1125322949.0,low,28.08,-15.46,1212.280029,7.59,-23.05,0.263,20.60,1.24,3.77,6.21,10.66,12.26,20.75,51.01,48800000000.0,50830000000.0,N/A,0.89,1.29,9.801,1.29,12300000000.0,9.801,2450000000.0,3.07,19.00,17.30,1420000000.0,1.837,3440000000.0,1.265,16.775999,3540000000.0,N/A,0.33,81.70,16239999.999999998,4.9,2.10,16469999.999999998,underperform
1681,2005-05-27 09:02:23,1117198943.0,low,24.83,6.32,1198.780029,4.99,1.33,0.307,20.08,1.19,3.72,6.14,9.98,10.97,20.49,46.653,44750000000.0,47210000000.0,15.00,0.83,1.25,9.69,1.25,12300000000.0,9.69,2310000000.0,2.88,15.90,18.20,1230000000.0,1.59,3690000000.0,1.191,15.545,3030000000.0,0.884,8.00,82.74,16239999.999999998,4.831,2.28,16469999.999999998,outperform
1682,2004-08-11 00:04:42,1092197082.0,low,20.69,36.44,1075.790039,15.06,21.379999999999995,0.357,20.10,1.13,3.49,5.86,9.45,9.93,18.96,40.15,37090000000.0,38300000000.0,14.20,0.78,1.18,9.5,1.18,9610000000.0,9.5,1900000000.0,2.367,27.60,16.40,1990000000.0,2.55,3750000000.0,1.377,13.418,3330000000.0,1.125,1.00,80.23,14990000.0,4.807,1.94,14840000.0,outperform
1683,2006-11-13 18:55:41,1163462141.0,low,25.33,-12.87,1384.420044,6.98,-19.85,0.231,14.82,0.95,3.01,6.68,11.20,13.29,22.30,30.049,44490000000.0,47240000000.0,N/A,0.85,1.01,7.426,1.01,14790000000.0,7.426,3120000000.0,1.97,11.40,12.20,772000000.0,0.505,3440000000.0,1.25,9.701,4219999999.9999995,1.23,36.27,78.60,32970000.0,3.5,2.20,35700000.0,underperform
1684,2007-04-07 23:45:02,1176003902.0,low,27.44,-21.61,1439.369995,-4.87,-16.74,0.282,15.81,1.01,3.04,6.62,10.99,12.45,20.69,30.571,47410000000.0,51050000000.0,N/A,0.90,1.09,7.907,1.09,16200000000.0,7.907,3110000000.0,1.99,11.50,3.70,796000000.0,0.527,4440000000.0,1.271,10.311,4500000000.0,1.66,6.51,79.40,29420000.0,3.5,2.00,26160000.0,underperform
1685,2008-12-05 00:29:38,1228454978.0,low,20.0,3.15,876.070007,26.62,-23.470000000000002,0.297,12.96,0.64,1.74,5.02,8.61,8.27,14.35,33.408,31510000000.0,35750000000.0,N/A,1.26,0.74,6.152,0.74,16730000000.0,6.152,2440000000.0,1.66,24.10,1.40,767000000.0,0.523,5330000000.0,1.129,12.241,4920000000.0,0.58,0.20,81.50,27410000.0,1.8,1.90,30380000.0,underperform
1686,2003-12-15 21:35:24,1071542124.0,low,23.49,6.98,1068.040039,12.67,-5.6899999999999995,0.381,24.23,1.44,4.39,5.96,9.60,10.33,20.22,37.352,42590000000.0,45710000000.0,20.46,1.15,1.52,12.07,1.52,8029999999.999999,12.07,1790000000.0,2.236,43.80,19.80,1320000000.0,1.68,3760000000.0,1.526,12.55,N/A,1.187,1.00,81.82,14680000.0,4.617,1.89,21010000.0,underperform
1687,2007-02-10 07:12:51,1171109571.0,low,29.8,-28.83,1450.02002,-7.8,-21.029999999999998,0.293,16.54,1.09,3.40,6.73,11.27,12.75,22.21,30.614,50890000000.0,N/A,N/A,1.11,N/A,N/A,N/A,14790000000.0,N/A,3190000000.0,2.02,10.80,5.80,1120000000.0,0.736,4430000000.0,1.284,9.925,4130000000.0,1.64,0.17,79.90,25810000.0,3.6,1.70,29140000.0,underperform
1688,2012-09-23 15:49:47,1348429787.0,low,28.88,60.35,1460.26001,16.54,43.81,64.77,20.23,0.67,2.33,3.58,7.26,6.69,11.53,41.98,41520000000.0,41520000000.0,14.80,1.19,0.82,7.87,0.82,17350000000.0,7.87,1810000000.0,1.49,10.00,2.00,2300000000.0,2.01,9600000000.0,1.29,12.87,3850000000.0,1.21,0.16,77.40,17190000.0,1.10,1.40,16190000.000000002,outperform
1689,2007-12-15 23:30:54,1197779454.0,low,20.64,-6.64,1486.589966,-41.24,34.6,0.351,11.50,0.70,2.11,6.24,10.37,10.91,19.36,32.26,33400000000.0,38460000000.0,N/A,0.83,0.80,6.004,0.80,16200000000.0,6.004,3010000000.0,1.98,10.20,3.20,567000000.0,0.386,5630000000.0,1.22,10.921,4640000000.0,1.47,0.17,82.20,36620000.0,3.1,2.50,36130000.0,outperform
1690,2008-01-25 17:16:04,1201299364.0,low,21.85,-16.66,1330.609985,-36.85,20.19,0.351,12.81,0.77,2.33,6.24,10.37,10.91,19.36,32.26,37020000000.0,42380000000.0,N/A,0.94,0.88,6.616,0.88,16200000000.0,6.616,3010000000.0,1.976,10.20,3.20,413000000.0,0.282,5630000000.0,1.22,10.921,4640000000.0,1.5,0.17,82.50,35220000.0,2.40,2.40,36600000.0,outperform
1691,2008-11-01 22:44:42,1225593882.0,low,17.33,5.02,930.090027,14.62,-9.6,0.301,12.39,0.61,1.68,5.36,9.13,8.89,15.51,33.24,31810000000.0,36420000000.0,N/A,1.19,0.75,6.067,0.75,16730000000.0,6.067,2600000000.0,1.75,7.90,2.40,660000000.0,0.45,5270000000.0,1.091,11.958,5140000000.0,0.77,0.20,83.00,29050000.0,1.3,2.00,28470000.0,underperform
1692,2004-12-09 07:51:34,1102596694.0,low,25.4,16.42,1189.23999,5.9,10.520000000000001,0.333,22.23,1.26,3.99,5.92,9.62,10.58,19.90,43.889,44870000000.0,47360000000.0,17.33,0.98,1.35,10.73,1.35,9610000000.0,10.73,2080000000.0,2.612,27.60,16.40,650000000.0,0.84,3690000000.0,1.376,14.359,3230000000.0,1.143,1.00,79.75,14680000.0,4.408,1.92,15020000.0,outperform
1693,2009-01-31 23:08:33,1233461313.0,low,17.93,12.1,874.090027,24.08,-11.979999999999999,0.297,11.03,0.59,1.58,5.02,8.61,8.27,14.35,33.408,26850000000.0,31630000000.0,N/A,1.09,0.65,5.444,0.65,16730000000.0,5.444,2440000000.0,1.66,24.10,1.40,540000000.0,0.367,5330000000.0,1.129,12.241,4920000000.0,0.59,7.02,72.10,31170000.0,3.1,2.10,27770000.0,underperform
1694,2013-05-15 15:02:59,1368644579.0,low,42.18,4.86,1658.780029,12.78,-7.919999999999999,65.51,25.44,0.92,3.43,3.88,7.22,6.89,12.89,43.93,54980000000.0,54980000000.0,17.00,1.17,1.09,10.43,1.09,17330000000.0,10.43,1940000000.0,1.69,10.20,5.00,666000000.0,0.61,9080000000.0,1.27,12.48,3760000000.0,1.12,0.17,77.10,12970000.0,1.60,1.20,16460000.0,underperform
1695,2012-06-20 10:04:58,1340201098.0,low,27.39,41.88,1355.689941,17.15,24.730000000000004,63.22,18.79,0.66,2.23,3.72,7.60,6.65,11.67,41.22,39960000000.0,39960000000.0,12.80,0.97,0.78,7.31,0.78,17350000000.0,7.31,1890000000.0,1.52,14.30,7.90,3230000000.0,2.75,9610000000.0,1.24,12.81,4390000000.0,1.23,0.16,77.40,13820000.0,0.70,1.20,13740000.0,outperform
1696,2009-03-07 18:52:45,1236469965.0,low,12.73,70.86,712.869995,57.53,13.329999999999998,N/A,8.98,0.41,1.09,4.55,7.85,7.45,12.85,33.102,19580000000.0,26890000000.0,N/A,1.25,0.56,4.931,0.56,16730000000.0,4.931,2190000000.0,1.49,60.30,3.80,661000000.0,0.452,6060000000.0,1.153,12.35,4120000000.0,0.76,0.20,80.90,27230000.0,1.6,1.90,27290000.0,outperform
1697,2004-06-23 11:45:58,1088005558.0,low,23.38,6.93,1144.060059,4.95,1.9799999999999995,0.357,22.52,1.28,3.97,5.86,9.45,9.93,18.96,40.15,41550000000.0,43310000000.0,15.91,0.89,1.34,10.75,1.34,9610000000.0,10.75,1900000000.0,2.367,27.60,16.40,1990000000.0,2.55,3750000000.0,1.377,13.418,3330000000.0,1.139,1.00,80.82,14840000.0,3.16,1.92,11690000.0,outperform
1698,2012-03-24 22:56:43,1332644203.0,low,29.4,24.8,1402.890015,10.19,14.610000000000001,46.13,21.49,0.76,2.32,3.66,6.53,6.09,10.62,39.50,44480000000.0,44480000000.0,13.78,1.16,0.89,9.16,0.89,17149999999.999998,9.16,1820000000.0,1.43,13.00,11.00,1300000000.0,1.05,7630000000.0,1.28,13.32,4350000000.0,1.17,0.24,75.10,13160000.0,0.90,1.00,13700000.0,outperform
1699,2013-04-25 00:10:14,1366863014.0,low,36.88,24.62,1585.160034,17.55,7.07,65.51,22.31,0.82,3.04,3.88,7.22,6.89,12.89,43.93,49910000000.0,49910000000.0,14.91,1.02,0.99,9.47,0.99,17330000000.0,9.47,1940000000.0,1.69,10.20,5.00,666000000.0,0.61,9080000000.0,1.27,12.48,3760000000.0,1.12,0.17,77.10,17850000.0,2.30,1.50,30400000.0,outperform
1700,2012-10-11 19:13:31,1349997211.0,low,29.62,61.41,1432.839966,18.87,42.53999999999999,64.77,20.70,0.69,2.40,3.58,7.26,6.69,11.53,41.98,42540000000.0,42540000000.0,15.21,1.27,0.84,8.06,0.84,17350000000.0,8.06,1810000000.0,1.49,10.00,2.00,2300000000.0,2.01,9600000000.0,1.29,12.87,3850000000.0,1.24,0.17,78.80,18300000.0,1.40,1.50,16700000.0,outperform
1701,2012-04-20 13:41:10,1334943670.0,low,30.15,21.16,1378.530029,12.58,8.58,46.13,22.38,0.76,2.40,3.66,7.50,6.99,10.62,39.50,44690000000.0,44690000000.0,14.22,1.16,0.89,8.37,0.89,17350000000.0,8.37,1820000000.0,1.43,13.00,11.00,1300000000.0,1.08,7630000000.0,1.28,13.32,4350000000.0,1.13,0.24,75.10,18110000.0,1.10,N/A,19500000.0,outperform
1702,2003-11-12 17:32:34,1068676354.0,low,25.46,2.12,1058.530029,10.86,-8.739999999999998,0.401,27.88,1.62,4.91,5.88,9.46,10.06,19.97,35.553,46090000000.0,47640000000.0,22.05,1.20,1.67,13.34,1.67,8029999999.999999,13.34,1680000000.0,2.104,43.80,19.80,1690000000.0,2.15,3760000000.0,1.527,11.94,N/A,1.252,1.00,79.56,21010000.0,5.293,2.70,18350000.0,underperform
1703,2012-07-23 08:11:34,1343045494.0,low,24.81,78.11,1350.52002,25.31,52.8,63.22,16.98,0.59,2.00,3.72,7.60,6.65,11.67,41.22,36730000000.0,36730000000.0,11.57,0.85,0.72,6.72,0.72,17350000000.0,6.72,1890000000.0,1.52,14.30,7.90,3230000000.0,2.75,9610000000.0,1.24,12.81,4390000000.0,1.24,0.16,77.40,18270000.0,1.20,1.50,19700000.0,outperform
1704,2012-09-01 13:32:36,1346520756.0,low,27.29,66.65,1410.48999,16.14,50.510000000000005,64.77,19.09,0.64,2.19,3.58,7.39,6.81,11.53,41.98,40110000000.0,40110000000.0,13.96,1.08,0.79,7.51,0.79,17350000000.0,7.51,1810000000.0,1.49,10.00,2.00,2300000000.0,1.99,9600000000.0,1.29,12.87,3850000000.0,1.17,0.16,77.40,16190000.000000002,1.10,1.40,18050000.0,outperform
1705,2006-11-30 11:59:10,1164905950.0,low,26.34,-18.34,1400.630005,5.75,-24.09,0.293,14.87,0.97,3.03,6.73,11.27,12.76,22.21,30.614,45750000000.0,49060000000.0,N/A,0.98,1.04,7.522,1.04,14790000000.0,7.522,3190000000.0,2.02,10.30,5.80,1120000000.0,0.738,4430000000.0,1.288,9.925,4130000000.0,1.23,0.16,78.00,33470000.0,3.5,2.20,32970000.0,underperform
1706,2004-11-24 10:48:25,1101311305.0,low,24.93,,1181.76001,6.18,,0.333,21.91,1.26,4.00,5.92,9.62,10.58,19.90,43.889,44180000000.0,47220000000.0,17.08,0.95,1.34,10.7,1.34,9610000000.0,10.7,2080000000.0,2.612,27.60,16.40,650000000.0,0.84,3690000000.0,1.376,14.359,3230000000.0,1.121,1.00,79.85,14680000.0,4.408,1.92,15020000.0,underperform
1707,2004-05-08 07:45:50,1084016750.0,low,22.75,1.93,1121.530029,4.56,-2.63,0.364,21.48,1.32,3.93,6.04,9.72,10.01,18.91,38.261,39400000000.0,42710000000.0,15.11,0.90,1.39,10.85,1.39,9610000000.0,10.85,1860000000.0,2.328,27.60,16.40,1620000000.0,2.06,3760000000.0,1.531,13.099,3150000000.0,1.141,1.01,79.48,12810000.0,3.469,1.64,12530000.0,underperform
1708,2005-04-03 21:04:41,1112576681.0,low,24.79,12.63,1180.589966,9.93,2.700000000000001,0.32,20.81,1.21,3.83,5.97,9.70,10.62,19.68,45.129,43490000000.0,46370000000.0,14.52,0.81,1.27,10.05,1.27,9610000000.0,10.05,2180000000.0,2.70,27.60,16.40,813000000.0,1.05,3690000000.0,1.219,14.903,3230000000.0,0.988,1.00,80.80,14160000.0,4.113,1.85,14240000.0,outperform
1709,2006-11-13 14:45:52,1163447152.0,low,25.33,-12.87,1384.420044,6.98,-19.85,0.231,14.84,0.95,3.01,6.68,11.20,13.29,22.30,30.049,44570000000.0,47240000000.0,N/A,0.85,1.01,7.426,1.01,14790000000.0,7.426,3120000000.0,1.97,11.40,12.20,772000000.0,0.505,3440000000.0,1.25,9.701,4219999999.9999995,1.23,36.27,78.60,32970000.0,3.5,2.20,35700000.0,underperform
1710,2007-01-16 18:17:39,1168989459.0,low,29.17,-34.45,1431.900024,-4.1,-30.35,0.293,16.34,1.06,3.33,6.73,11.27,12.75,22.21,30.614,50250000000.0,53650000000.0,N/A,1.08,1.13,8.227,1.13,14790000000.0,8.227,3190000000.0,2.02,10.80,5.80,1120000000.0,0.736,4430000000.0,1.284,9.925,4130000000.0,1.56,0.17,77.80,29140000.0,3.1,1.90,33470000.0,underperform
1711,2011-09-27 02:38:07,1317105487.0,low,19.05,51.65,1175.380005,21.95,29.7,39.45,13.59,0.51,1.48,4.06,7.55,6.70,11.01,36.48,30590000000.0,30590000000.0,11.13,0.93,0.63,5.77,0.63,17149999999.999998,5.77,1960000000.0,1.46,0.20,1.30,908000000.0,0.72,6620000000.0,1.17,13.32,30590000000.0,1.05,0.23,74.40,22170000.0,1.00,1.70,14500000.0,outperform
1712,2011-11-26 22:54:07,1322366047.0,ma,34.52,,1161.790039,23.37,,N/A,19.45,6.86,7.38,35.83,52.13,23.47,42.48,49.90,39550000000.0,39550000000.0,15.96,0.94,6.16,11.19,6.16,5540000000.0,11.19,2300000000.0,17.80,38.40,27.30,4390000000.0,34.60,0.00,2.17,47.05,39550000000.0,0.52,10.67,78.90,1540000.0,1.20,1.40,1990000.0,underperform
1713,2011-09-09 14:32:42,1315593162.0,ma,32.03,31.13,1154.22998,21.59,9.54,N/A,20.61,7.12,7.85,34.85,51.51,23.61,43.81,46.42,39330000000.0,39330000000.0,15.95,0.98,6.52,12.00,6.52,5540000000.0,12.00,2100000000.0,16.14,32.80,22.10,3600000000.0,28.36,0.00,2.03,43.03,39330000000.0,0.79,10.67,78.90,1920000.0,1.20,1.80,1410000.0,outperform
1714,2007-01-01 19:59:20,1167699560.0,ma,9.78,329.45,1418.300049,-1.05,330.5,0.099,N/A,4.17,5.76,1.36,16.78,7.88,2.45,31.946,13290000000.0,11200000000.0,N/A,1.89,3.50,17.497,3.50,2940000000.0,17.497,43620000.0,0.44,81.90,13.90,2320000000.0,17.222,229590000.0,2.16,17.190001,371200000.0,N/A,3.29,45.00,6370000.0,1.6,8.10,6670000.0,outperform
1715,2007-05-04 05:42:21,1178271741.0,ma,13.38,106.58,1505.619995,-7.97,114.55,0.097,364.38,5.13,7.21,1.51,20.14,9.53,2.84,24.563,18210000000.0,14810000000.0,N/A,1.74,4.45,19.248,4.45,3330000000.0,19.248,50190000.0,0.37,N/A,17.20,2480000000.0,18.388,229670000.0,1.975,17.518,650160000.0,N/A,22.12,68.40,9090000.0,5.1,11.60,8600000.0,outperform
1716,2008-12-18 08:00:06,1229605206.0,ma,14.79,71.33,885.2800289999999,24.53,46.8,0.096,N/A,3.95,10.84,3.91,34.36,15.50,7.66,36.977,19210000000.0,16480000000.0,N/A,0.92,3.41,9.305,3.41,4070000000.0000005,9.305,189120000.0,1.45,N/A,23.60,2910000000.0,22.479,168970000.0,1.334,13.658,982780000.0,2.06,13.82,98.30,10450000.0,2.2,10.60,10870000.0,outperform
1717,2006-12-07 11:50:24,1165510224.0,ma,9.9,110.4,1407.290039,6.92,103.48,0.099,N/A,4.18,5.77,1.36,16.78,7.88,2.45,31.946,13380000000.0,11280000000.0,N/A,2.02,3.52,17.632,3.52,2940000000.0,17.632,43620000.0,0.44,81.90,13.90,2320000000.0,17.222,229590000.0,2.16,17.190001,371200000.0,N/A,3.29,45.10,6670000.0,1.9,8.50,5840000.0,outperform
1718,2006-12-12 04:21:04,1165915264.0,ma,9.51,123.45,1411.560059,5.32,118.13,0.099,N/A,4.22,5.82,1.36,16.78,7.88,2.45,31.946,13380000000.0,11420000000.0,N/A,2.05,3.56,17.837,3.56,2940000000.0,17.837,43620000.0,0.44,81.90,13.90,2320000000.0,17.222,229590000.0,2.16,17.190001,371200000.0,N/A,3.29,45.20,6670000.0,1.9,8.50,5840000.0,outperform
1719,2007-01-07 13:32:29,1168194749.0,ma,10.05,98.21,1418.339966,-0.15,98.36,0.099,N/A,4.26,5.88,1.36,16.78,7.88,2.45,31.946,13640000000.0,11550000000.0,N/A,1.94,3.61,18.039,3.61,2940000000.0,18.039,43620000.0,0.435,81.90,13.90,2320000000.0,17.222,229590000.0,2.16,17.190001,371200000.0,N/A,3.29,45.00,6370000.0,1.6,8.10,6670000.0,outperform
1720,2007-08-09 17:24:06,1186694646.0,ma,14.04,64.32,1453.089966,-10.79,75.10999999999999,0.08,27.93,5.48,7.01,19.19,25.29,11.27,28.21,26.906,19390000000.0,17410000000.0,N/A,1.72,4.76,17.02,4.76,3330000000.0,17.02,701100000.0,5.14,N/A,17.80,2830000000.0,20.94,229650000.0,2.182,21.113001,912740000.0,3.03,N/A,78.10,12700000.0,3.5,16.00,11380000.0,outperform
1721,2007-03-15 17:49:01,1173995341.0,ma,10.46,98.18,1392.280029,-7.48,105.66000000000001,0.097,283.62,4.28,6.02,1.51,20.14,9.53,2.84,24.563,14180000000.0,12000000000.0,N/A,1.48,3.61,15.588,3.61,3330000000.0,15.588,50190000.0,0.37,N/A,17.20,2480000000.0,18.388,229670000.0,1.975,17.518,650160000.0,N/A,22.12,74.80,8340000.0,2.3,10.60,7400000.0,outperform
1722,2012-06-16 02:22:44,1339827764.0,ma,40.77,40.05,1314.880005,24.45,15.599999999999998,N/A,26.88,7.60,8.32,29.06,52.69,23.39,34.94,54.78,47780000000.0,47780000000.0,16.35,0.97,6.86,12.32,6.86,6710000000.0,12.32,2029999999.9999998,15.87,21.40,17.10,5180000000.0,40.96,0.00,1.98,50.37,2760000000.0,0.90,10.66,82.70,1230000.0,1.10,1.10,1270000.0,outperform
1723,2012-03-24 15:41:10,1332618070.0,ma,41.58,23.02,1402.890015,10.19,12.83,N/A,28.55,7.85,9.01,28.39,52.26,22.46,34.33,52.45,47930000000.0,47930000000.0,16.46,0.97,7.14,12.94,7.14,6710000000.0,12.94,1910000000.0,14.85,95.40,20.20,4950000000.0,39.12,0.00,1.84,46.25,2680000000.0,0.79,10.78,81.20,1320000.0,1.20,1.20,1330000.0,outperform
1724,2013-03-15 02:24:36,1363328676.0,ma,51.68,50.91,1560.699951,19.7,31.209999999999997,0.74,24.03,8.76,9.40,37.33,53.54,21.36,43.07,59.13,59770000000.0,59770000000.0,17.44,1.16,8.09,14.28,8.09,7390000000.0,14.28,2760000000.0,21.94,084.20,9.70,5040000000.0,41.04,51000000.0,1.91,56.12,2950000000.0,0.86,10.48,82.50,1520000.0,2.00,1.40,1440000.0,outperform
1725,2013-04-25 00:09:21,1366862961.0,ma,53.26,32.28,1585.160034,17.55,14.73,0.74,24.25,8.82,9.46,37.33,53.54,21.36,43.07,59.13,59090000000.0,59090000000.0,17.62,1.15,8.00,14.11,8.00,7390000000.0,14.11,2760000000.0,21.94,084.20,9.70,5040000000.0,41.04,51000000.0,1.91,56.12,2950000000.0,0.81,10.48,82.50,1420000.0,2.40,1.30,1460000.0,outperform
1726,2007-01-27 11:27:52,1169915272.0,ma,11.07,72.18,1440.130005,-6.11,78.29,0.099,N/A,4.55,6.28,1.36,16.78,7.88,2.45,31.946,14650000000.0,12550000000.0,N/A,2.02,3.92,19.613,3.92,2940000000.0,19.613,43620000.0,0.44,81.90,13.90,2320000000.0,17.222,229590000.0,2.16,17.190001,371200000.0,N/A,3.29,45.00,7400000.0,3.3,9.40,6370000.0,outperform
1727,2013-04-25 02:13:39,1366870419.0,ma,53.26,32.28,1585.160034,17.55,14.73,0.74,24.25,8.82,9.46,37.33,53.54,21.36,43.07,59.13,59090000000.0,59090000000.0,17.62,1.15,8.00,14.11,8.00,7390000000.0,14.11,2760000000.0,21.94,084.20,9.70,5040000000.0,41.04,51000000.0,1.91,56.12,2950000000.0,0.81,10.48,82.50,1420000.0,2.40,1.30,1460000.0,outperform
1728,2007-07-05 01:14:05,1183612445.0,ma,16.07,,1525.400024,-15.77,,0.088,159.66,6.41,8.63,3.95,22.87,11.23,7.08,25.825,21910000000.0,19630000000.0,N/A,2.01,5.61,21.819,5.61,3330000000.0,21.819,138350000.0,1.02,69.60,23.90,2510000000.0,18.574,229680000.0,2.239,19.256001,680500000.0,2.96,22.12,77.90,11380000.0,3.2,14.30,10960000.0,underperform
1729,2011-07-11 09:32:47,1310391167.0,ma,30.58,36.72,1319.48999,1.67,35.05,0.40,21.19,7.00,7.81,34.07,51.34,23.30,43.26,43.76,36200000000.0,36200000000.0,15.76,0.94,6.32,11.68,6.32,5540000000.0,11.68,1950000000.0,14.88,23.50,14.80,3940000000.0,30.96,21000000.0,2.18,40.38,36200000000.0,0.85,10.67,78.90,1360000.0,1.30,1.30,1080000.0,outperform
1730,2008-04-07 22:11:02,1207620662.0,ma,22.48,-26.69,1372.540039,-40.58,13.889999999999997,0.076,28.27,7.30,9.82,26.70,27.83,12.47,40.28,30.156,29670000000.0,26970000000.0,N/A,1.62,6.63,21.937,6.63,4070000000.0000005,21.937,1090000000.0,8.00,643.80,27.80,2970000000.0,22.649,229820000.0,1.943,23.061001,769860000.0,2.19,15.83,101.60,13010000.0,3.9,14.90,10910000.0,outperform
1731,2007-10-24 01:16:01,1193202961.0,ma,14.64,-7.65,1515.880005,-40.09,32.440000000000005,0.08,28.89,5.42,6.94,19.19,25.29,11.27,28.21,26.906,20050000000.0,17210000000.0,N/A,1.61,4.71,16.831,4.71,3330000000.0,16.831,701100000.0,5.14,N/A,17.80,2830000000.0,20.94,229650000.0,2.182,21.113001,912740000.0,2.63,29.82,87.50,9620000.0,3.3,12.10,9800000.0,outperform
1732,2006-12-17 09:48:07,1166366887.0,ma,9.5,114.32,1425.48999,1.43,112.88999999999999,0.099,N/A,4.03,5.56,1.36,16.78,7.88,2.45,31.946,12980000000.0,10890000000.0,N/A,1.96,3.40,17.012,3.40,2940000000.0,17.012,43620000.0,0.435,81.90,13.90,2320000000.0,17.222,229590000.0,2.16,17.190001,371200000.0,N/A,3.29,45.00,6670000.0,1.9,8.50,5840000.0,outperform
1733,2012-01-28 00:34:11,1327728851.0,ma,34.7,49.77,1326.060059,12.73,37.040000000000006,N/A,19.59,6.87,7.39,35.83,52.13,23.47,42.48,49.90,39750000000.0,39750000000.0,16.15,0.98,6.19,11.25,6.19,5540000000.0,11.25,2300000000.0,17.80,38.40,27.30,4390000000.0,34.60,0.00,2.17,47.05,2570000000.0,0.51,10.78,81.20,1660000.0,1.60,1.50,1600000.0,outperform
1734,2012-08-18 06:28:42,1345285722.0,ma,42.49,44.93,1405.530029,18.2,26.73,N/A,25.58,7.51,8.54,29.73,53.09,23.33,35.98,56.32,48490000000.0,48490000000.0,16.65,1.01,6.81,12.14,6.81,6710000000.0,12.14,2120000000.0,16.68,15.10,9.20,4990000000.0,40.00,0.00,1.92,50.16,2860000000.0,0.82,10.66,82.70,1200000.0,1.40,1.10,1440000.0,outperform
1735,2007-01-22 04:03:06,1169456586.0,ma,10.69,69.32,1422.949951,-7.9,77.22,0.099,N/A,4.32,5.96,1.36,16.78,7.88,2.45,31.946,14180000000.0,12080000000.0,N/A,2.01,3.77,18.877,3.77,2940000000.0,18.877,43620000.0,0.435,81.90,13.90,2320000000.0,17.222,229590000.0,2.16,17.190001,371200000.0,N/A,3.29,45.00,6370000.0,1.6,8.10,6670000.0,outperform
1736,2009-02-15 03:58:35,1234688315.0,ma,16.08,,835.1900019999999,28.77,,N/A,N/A,4.19,10.85,5.09,39.03,19.12,10.25,38.353,20920000000.0,18840000000.0,N/A,0.92,3.78,9.146,3.78,4070000000.0000005,9.146,253910000.0,1.95,21.30,14.20,2250000000.0,17.389,168770000.0,1.442,14.913,413230000.0,1.98,13.82,98.10,10980000.0,2.6,11.20,12230000.0,underperform
1737,2007-01-16 07:54:01,1168952041.0,ma,10.53,65.62,1431.900024,-4.1,69.72,0.099,N/A,4.45,6.14,1.36,16.78,7.88,2.45,31.946,14210000000.0,12110000000.0,N/A,2.02,3.78,18.923,3.78,2940000000.0,18.923,43620000.0,0.44,81.90,13.90,2320000000.0,17.222,229590000.0,2.16,17.190001,371200000.0,N/A,3.29,45.00,6370000.0,1.6,8.10,6670000.0,outperform
1738,2011-07-10 02:03:06,1310277786.0,ma,31.73,35.23,1353.219971,-0.06,35.29,0.40,21.19,7.08,7.90,34.07,51.34,23.30,43.26,43.76,36200000000.0,36200000000.0,15.76,0.94,6.32,11.68,6.32,5540000000.0,11.68,1950000000.0,14.88,23.50,14.80,3940000000.0,30.96,21000000.0,2.18,40.38,36200000000.0,0.85,10.67,78.90,1360000.0,1.30,1.30,1080000.0,outperform
1739,2007-06-04 03:29:37,1180942177.0,ma,15.03,103.26,1539.180054,-10.49,113.75,0.088,148.72,5.77,7.77,3.95,22.87,11.23,7.08,25.825,20410000000.0,15840000000.0,N/A,1.68,4.52,17.6,4.52,3330000000.0,17.6,138350000.0,1.02,69.60,23.90,2510000000.0,18.574,229680000.0,2.239,19.256001,680500000.0,212.84,22.12,67.80,9090000.0,5.1,11.60,8600000.0,outperform
1740,2007-01-17 08:07:17,1169039237.0,ma,10.83,62.33,1430.619995,-6.81,69.14,0.099,N/A,4.44,6.12,1.36,16.78,7.88,2.45,31.946,14310000000.0,12210000000.0,N/A,2.02,3.81,19.081,3.81,2940000000.0,19.081,43620000.0,0.44,81.90,13.90,2320000000.0,17.222,229590000.0,2.16,17.190001,371200000.0,N/A,3.29,45.00,6370000.0,1.6,8.10,6670000.0,outperform
1741,2012-09-04 07:05:00,1346756700.0,ma,42.22,46.97,1404.939941,17.66,29.31,N/A,25.35,7.41,8.43,29.73,53.09,23.33,35.98,56.32,47790000000.0,47790000000.0,16.52,1.00,6.71,11.96,6.71,6710000000.0,11.96,2120000000.0,16.68,15.10,9.20,4990000000.0,40.00,0.00,1.92,50.16,2860000000.0,0.81,10.66,82.70,1140000.0,1.30,1.10,1200000.0,outperform
1742,2007-03-23 14:11:31,1174673491.0,ma,10.91,89.83,1436.109985,-9.59,99.42,0.097,295.03,4.45,6.25,1.51,20.14,9.53,2.84,24.563,14750000000.0,12550000000.0,N/A,1.50,3.77,16.303,3.77,3330000000.0,16.303,50190000.0,0.37,N/A,17.20,2480000000.0,18.388,229670000.0,1.975,17.518,650160000.0,N/A,22.12,70.90,8340000.0,2.3,10.60,7400000.0,outperform
1743,2008-10-28 21:19:54,1225243194.0,ma,13.52,62.13,940.51001,10.86,51.27,0.083,56.62,3.56,7.97,6.96,32.24,14.82,13.01,34.641,17570000000.0,14000000000.0,N/A,0.67,3.06,8.867,3.06,4070000000.0000005,8.867,318920000.0,2.402,N/A,25.00,2490000000.0,19.262,170640000.0,1.571,15.862,866500000.0,2.72,13.83,95.20,9800000.0,2.1,10.00,8520000.0,outperform
1744,2007-01-12 08:06:24,1168607184.0,ma,10.45,86.99,1430.72998,-1.51,88.5,0.099,N/A,4.41,6.09,1.36,16.78,7.88,2.45,31.946,14240000000.0,12140000000.0,N/A,2.01,3.79,18.976,3.79,2940000000.0,18.976,43620000.0,0.435,81.90,13.90,2320000000.0,17.222,229590000.0,2.16,17.190001,371200000.0,N/A,3.29,45.00,6370000.0,1.6,8.10,6670000.0,outperform
1745,2012-11-26 16:03:03,1353963783.0,ma,47.76,57.77,1406.290039,28.19,29.580000000000002,N/A,28.09,8.28,8.67,30.08,53.21,22.05,33.64,57.11,54120000000.0,54120000000.0,18.81,1.16,7.49,13.32,7.49,6710000000.0,13.32,2170000000.0,17.08,7.70,5.50,5680000000.0,45.67,0.00,2.00,55.51,2870000000.0,0.86,10.71,82.10,1500000.0,1.90,1.40,1380000.0,outperform
1746,2006-10-23 12:56:15,1161622575.0,cvc,125.82,14.73,1377.02002,10.35,4.380000000000001,N/A,N/A,1.47,N/A,0.66,11.07,4.18,N/A,19.903,8160000000.0,19980000000.0,N/A,N/A,3.59,11.355,3.59,2880000000.0,11.355,79110000.0,0.131,93.20,15.60,545520000.0,1.868,12640000000.0,0.826,18.514999,1060000000.0,1.56,19.66,73.40,16540000.0,15.6,7.40,16980000.0,outperform
1747,2004-11-29 18:24:07,1101770647.0,cvc,73.9,13.22,1178.569946,6.7,6.5200000000000005,N/A,N/A,1.30,N/A,11.75,1.81,5.02,N/A,16.712,6160000000.0,16170000000.000002,N/A,N/A,3.37,13.71,3.37,4179999999.9999995,13.71,563570000.0,1.965,429.90,4.30,1180000000.0,4.12,11100000000.0,1.114,8.11,599490000.0,1.568,16.55,66.28,16649999.999999998,11.073,6.95,21870000.0,outperform
1748,2006-08-31 07:36:47,1157024207.0,cvc,105.47,44.13,1303.819946,13.05,31.080000000000002,N/A,41.98,1.25,N/A,2.87,10.01,2.93,N/A,19.137,6690000000.0,16149999999.999998,N/A,N/A,3.01,9.785,3.01,2880000000.0,9.785,87940000.0,0.55,N/A,16.20,3500000000.0,12.079,12960000000.0,2.115,8.694,863900000.0,1.66,19.66,73.30,16980000.0,11.7,6.00,18770000.0,outperform
1749,2012-07-17 22:57:32,1342580252.0,cvc,12.23,47.1,1363.670044,23.26,23.84,N/A,15.30,0.53,N/A,3.66,17.91,9.35,N/A,24.59,14200000000.0,14200000000.0,13.13,1.13,2.12,6.43,2.12,3730000000.0,6.43,226450000.0,0.88,45.00,0.20,493540000.0,1.82,11160000000.0,0.86,20.68,1220000000.0,1.19,3.39,88.30,11600000.0,3.50,5.50,12150000.0,outperform
1750,2007-04-13 20:38:06,1176511086.0,cvc,143.13,-25.58,1452.849976,-6.77,-18.81,N/A,N/A,1.55,N/A,2.13,10.36,4.35,N/A,20.899,9240000000.0,21090000000.0,N/A,N/A,3.56,11.643,3.56,3220000000.0,11.643,133050000.00000001,0.446,N/A,13.40,559580000.0,1.913,12490000000.0,0.686,18.261,1040000000.0,1.43,4.75,78.70,5390000.0,4.1,2.40,13540000.0,underperform
1751,2011-01-11 19:07:21,1294790841.0,cvc,158.51,-91.92,1274.47998,1.41,-93.33,N/A,31.23,1.27,N/A,4.04,19.88,11.36,N/A,27.40,21480000000.0,21480000000.0,17.17,1.34,2.67,8.13,2.67,4400000000.0,8.13,339510000.0,1.08,13.30,5.60,428390000.0,1.43,11690000000.0,0.92,20.80,21480000000.0,1.56,9.85,80.20,4780000.0,1.50,2.30,5800000.0,underperform
1752,2005-05-28 07:26:06,1117279566.0,cvc,88.68,1.47,1190.01001,6.96,-5.49,3.978,N/A,1.49,N/A,13.50,1.08,0.30,27.20,17.399,7400000000.0,17470000000.0,57.09,N/A,3.50,13.472,3.50,4900000000.0,13.472,655440000.0,2.35,0.90,5.80,756010000.0,2.625,10830000000.0,1.185,9.453,563760000.0,1.807,23.09,63.40,3650000.0,2.1,1.30,3510000.0,underperform
1753,2012-12-18 23:33:26,1355891606.0,cvc,14.01,13.7,1446.790039,25.15,-11.45,N/A,22.75,0.58,N/A,2.64,16.28,9.77,N/A,25.39,14810000000.0,14810000000.0,18.37,4.34,2.20,6.95,2.20,3730000000.0,6.95,177610000.0,0.66,N/A,1.20,438670000.0,1.67,11330000000.0,0.94,21.84,1350000000.0,1.14,13.60,80.00,10850000.0,2.60,5.10,11990000.0,underperform
1754,2006-06-21 14:04:10,1150913050.0,cvc,97.05,68.16,1252.199951,21.56,46.599999999999994,N/A,38.25,1.14,N/A,2.87,10.01,2.93,N/A,19.137,6100000000.0,15530000000.0,N/A,N/A,2.89,9.409,2.89,2880000000.0,9.409,87940000.0,0.55,N/A,16.20,3500000000.0,12.079,12960000000.0,2.115,8.694,863900000.0,1.72,33.95,69.00,17560000.0,5.9,6.20,12950000.0,outperform
1755,2011-08-19 11:28:46,1313767726.0,cvc,15.0,-5.53,1123.530029,25.1,-30.630000000000003,N/A,12.05,0.65,N/A,5.56,20.48,13.18,N/A,26.30,15350000000.0,15350000000.0,9.65,0.62,2.04,5.94,2.04,4219999999.9999995,5.94,438350000.0,1.43,44.30,9.10,356850000.0,1.25,10820000000.0,0.64,19.12,15350000000.0,1.56,2.41,73.20,7110000.0,2.30,3.60,8380000.000000001,underperform
1756,2004-09-29 18:10:52,1096495852.0,cvc,69.9,49.7,1114.800049,10.13,39.57,N/A,N/A,1.34,N/A,13.35,0.85,5.61,N/A,16.045,6190000000.0,16280000000.000002,N/A,N/A,3.54,14.32,3.54,4179999999.9999995,14.32,614320000.0,2.142,429.90,4.30,400650000.0,1.3,10230000000.0,0.726,7.912,558400000.0,1.466,15.89,62.44,19650000.0,10.242,7.56,15270000.0,outperform
1757,2009-02-08 21:34:25,1234146865.0,cvc,66.96,73.69,845.849976,24.93,48.76,N/A,44.31,0.62,N/A,1.43,16.34,7.35,N/A,24.2,4490000000.0,16120000000.000002,N/A,6.15,2.30,7.128,2.30,6480000000.0,7.128,103350000.0,0.34,N/A,15.40,342810000.0,1.154,11980000000.0,0.538,16.774,1330000000.0,1.74,15.96,86.30,7730000.0,2.3,2.70,6780000.0,outperform
1758,2012-01-23 18:11:13,1327360273.0,cvc,13.18,8.8,1316.0,13.42,-4.619999999999999,N/A,12.31,0.53,N/A,4.52,19.68,13.20,N/A,27.17,14590000000.0,14590000000.0,12.03,1.48,1.91,5.64,1.91,4219999999.9999995,5.64,409230000.0,1.19,64.90,8.00,188620000.0,0.68,10700000000.0,0.54,19.83,1600000000.0,1.21,3.27,89.10,8080000.0,1.80,4.10,7090000.0,underperform
1759,2010-01-24 00:35:26,1264311326.0,cvc,122.49,31.78,1116.47998,15.62,16.160000000000004,N/A,N/A,1.04,N/A,1.51,17.45,8.43,N/A,26.343,20080000000.0,20080000000.0,N/A,4.03,2.62,8.292,2.62,3990000000.0,8.292,115480000.0,0.40,219.70,5.30,336570000.0,1.115,12610000000.0,0.947,17.802,1530000000.0,1.69,2.15,86.50,1100000.0,0.9,0.60,1220000.0,outperform
1760,2004-10-21 07:47:56,1098359276.0,cvc,67.34,42.56,1106.48999,6.61,35.95,N/A,N/A,1.35,N/A,13.35,0.85,5.61,N/A,16.045,6130000000.0,15960000000.0,N/A,N/A,3.47,14.04,3.47,4179999999.9999995,14.04,614320000.0,2.142,429.90,4.30,400650000.0,1.3,10230000000.0,0.726,7.912,558400000.0,1.49,15.89,62.38,20690000.0,18.759,7.96,19650000.0,outperform
1761,2013-05-07 11:31:05,1367940665.0,cvc,14.33,12.7,1625.959961,15.51,-2.8100000000000005,N/A,17.35,0.60,N/A,3.48,12.66,7.37,N/A,25.57,14650000000.0,14650000000.0,25.13,1.81,2.19,7.66,2.19,3380000000.0,7.66,33270000.000000004,0.87,92.20,1.60,364500000.0,1.38,11020000000.0,0.81,21.30,1500000000.0,1.13,3.45,94.00,18700000.0,5.90,10.40,18490000.0,underperform
1762,2005-03-08 22:44:09,1110339849.0,cvc,98.83,-6.67,1219.430054,4.84,-11.51,N/A,N/A,1.75,N/A,11.54,1.71,4.93,N/A,16.713,8220000000.000001,18330000000.0,59.63,N/A,3.82,15.61,3.82,4179999999.9999995,15.61,553590000.0,1.93,429.90,4.30,1180000000.0,4.12,11100000000.0,1.114,8.11,599490000.0,1.595,16.55,N/A,12360000.0,4.318,5.16,15510000.0,underperform
1763,2007-03-12 17:36:44,1173735404.0,cvc,139.86,-25.65,1406.599976,-6.11,-19.54,N/A,N/A,1.48,N/A,2.13,10.36,4.35,N/A,20.899,8900000000.0,20710000000.0,N/A,N/A,3.49,11.431,3.49,3220000000.0,11.431,133050000.00000001,0.446,N/A,13.40,559580000.0,1.913,12490000000.0,0.686,18.261,1040000000.0,1.56,4.75,78.80,13540000.0,3.4,6.10,13180000.0,underperform
1764,2005-01-19 09:08:20,1106143700.0,cvc,84.19,2.51,1184.630005,8.48,-5.970000000000001,N/A,N/A,1.46,N/A,11.75,1.81,5.02,N/A,16.712,6880000000.0,16800000000.0,N/A,N/A,3.50,14.24,3.50,4179999999.9999995,14.24,563570000.0,1.965,429.90,4.30,1180000000.0,4.12,11100000000.0,1.114,8.11,599490000.0,1.587,16.55,66.65,15250000.0,10.715,6.36,16649999.999999998,underperform
1765,2005-02-06 18:25:45,1107732345.0,cvc,94.21,-8.36,1189.890015,6.31,-14.669999999999998,N/A,N/A,1.63,N/A,11.75,1.81,5.02,N/A,16.712,7850000000.0,17770000000.0,N/A,N/A,3.70,15.06,3.70,4179999999.9999995,15.06,563570000.0,1.96,429.90,4.30,1180000000.0,4.12,11100000000.0,1.114,8.11,599490000.0,1.587,16.55,69.46,15510000.0,6.48,6.47,15250000.0,underperform
1766,2007-02-23 09:52:23,1172242343.0,big,26.49,-33.71,1451.189941,-6.28,-27.43,0.035,87.08,0.63,2.84,0.75,2.19,3.47,5.64,41.219,2910000000.0,2940000000.0,N/A,3.40,0.64,15.04,0.64,1730000000.0,15.04,58680000.0,0.31,N/A,5.90,7530000.0,0.069,36100000.0,1.981,9.367,312390000.0,1.74,6.40,121.40,21920000.0,15.1,20.10,19800000.0,underperform
1767,2008-06-11 14:38:14,1213209494.0,big,31.63,-28.52,1335.48999,-29.25,0.7300000000000004,0.256,20.15,0.54,3.97,3.40,5.08,9.34,17.10,45.923,2530000000.0,2620000000.0,N/A,1.14,0.56,8.204,0.56,1840000000.0,8.204,151180000.0,1.55,N/A,N/A,37130000.0,0.456,163700000.0,1.781,7.722,307930000.0,1.34,10.83,126.50,30950000.0,12.6,38.40,30310000.0,outperform
1768,2011-12-27 19:20:40,1325031640.0,big,38.04,-26.76,1265.430054,12.2,-38.96,38.00,13.61,0.49,3.29,4.01,6.58,11.09,25.63,71.24,2730000000.0,2730000000.0,11.38,1.14,0.54,6.68,0.54,2009999999.9999998,6.68,202510000.0,2.82,76.30,7.80,59950000.0,0.91,285100000.0,1.71,11.60,298610000.0,0.86,1.28,95.00,4640000.0,3.20,6.30,5370000.0,underperform
1769,2013-05-12 20:12:09,1368403929.0,big,36.55,8.07,1626.670044,16.6,-8.530000000000001,22.58,12.87,0.40,2.78,3.28,5.65,11.23,22.41,90.23,2290000000.0,2290000000.0,10.77,1.14,0.43,5.73,0.43,2120000000.0,5.73,177160000.0,2.93,4.90,5.00,60580000.0,1.05,171200000.0,1.73,13.24,281130000.0,0.84,1.93,108.10,7850000.0,12.60,13.80,8950000.0,underperform
1770,2009-03-10 12:46:01,1236703561.0,big,18.43,93.16,719.599976,59.2,33.959999999999994,N/A,9.59,0.31,1.86,3.26,5.49,11.08,21.91,57.271,1440000000.0,1470000000.0,N/A,0.62,0.32,4.398,0.32,1840000000.0,4.398,154800000.0,1.85,14.40,3.20,34770000.0,0.428,61700000.0,1.691,9.529,211060000.0,0.9,0.80,120.20,17860000.0,5.9,22.00,18560000.0,outperform
1771,2008-09-17 01:55:26,1221630926.0,big,28.99,-14.73,1156.390015,-7.86,-6.87,0.217,16.39,0.55,3.76,3.55,5.58,11.15,20.23,53.553,2530000000.0,2690000000.0,N/A,1.03,0.57,7.882,0.57,1840000000.0,7.882,160650000.0,1.88,11.30,1.90,43520000.0,0.531,147700000.0,1.869,8.399,310850000.0,1.11,0.80,148.80,36930000.0,14.7,45.50,38270000.0,underperform
1772,2007-05-31 19:26:14,1180653974.0,big,31.25,-1.41,1530.619995,-8.51,7.1,N/A,29.36,0.85,3.45,2.62,3.90,7.35,10.20,42.987,3660000000.0,3730000000.0,N/A,1.58,0.79,12.754,0.79,1890000000.0,12.754,112620000.0,1.11,N/A,N/A,281660000.0,2.501,N/A,2.423,10.304,381480000.0,1.69,6.20,136.30,27510000.0,24.60,24.60,25800000.0,outperform
1773,2008-12-09 23:28:17,1228883297.0,big,15.28,84.62,888.669983,23.32,61.300000000000004,0.384,7.83,0.27,1.79,3.51,5.53,9.51,21.49,56.668,1250000000.0,1490000000.0,N/A,0.61,0.32,4.412,0.32,1840000000.0,4.412,158640000.0,1.97,14.30,0.90,39240000.0,0.483,269100000.0,1.321,8.632,257370000.0,1.27,0.80,144.50,20860000.0,6.4,25.70,27240000.0,outperform
1774,2008-03-10 19:42:58,1205192578.0,big,19.54,-5.68,1273.369995,-43.49,37.81,0.179,12.54,0.39,2.57,3.57,4.95,8.50,17.49,44.897,1790000000.0,1970000000.0,N/A,0.72,0.41,6.113,0.41,1890000000.0,6.113,157120000.0,1.576,724.60,1.80,41780000.0,0.462,138900000.0,1.735,8.087,353750000.0,1.53,8.06,140.60,24130000.0,8.4,26.90,23730000.0,outperform
1775,2012-08-28 01:36:39,1346132199.0,big,30.85,9.72,1409.300049,16.01,-6.290000000000001,35.19,10.84,0.37,2.35,3.42,5.83,11.65,24.14,83.89,2009999999.9999998,2009999999.9999998,8.99,0.88,0.38,5.00,0.38,2069999999.9999998,5.00,181860000.0,2.83,38.10,4.40,61680000.0,1.02,242800000.0,1.73,12.89,296600000.0,0.82,1.66,98.00,7320000.0,8.20,11.30,8390000.0,underperform
1776,2013-04-23 16:01:22,1366747282.0,big,36.49,7.7,1578.780029,18.79,-11.09,22.58,12.62,0.39,2.77,3.28,5.65,11.23,22.41,90.23,2230000000.0,2230000000.0,10.56,1.09,0.41,5.56,0.41,2120000000.0,5.56,177160000.0,2.93,4.90,5.00,60580000.0,1.05,171200000.0,1.73,13.24,281130000.0,0.84,1.93,108.10,9240000.0,8.60,N/A,10090000.0,underperform
1777,2007-02-21 19:30:50,1172104250.0,df,63.92,-27.19,1457.630005,-7.9,-19.29,1.591,27.46,0.61,3.43,2.27,6.55,6.21,14.05,77.146,6160000000.0,9030000000.0,N/A,1.87,0.86,9.868,0.86,2590000000.0,9.868,289560000.0,1.68,28.80,2.00,43070000.0,0.322,3180000000.0,1.011,13.459,509940000.0,1.14,N/A,79.30,1870000.0,2.8,1.50,2170000.0,underperform
1778,2007-04-12 13:21:27,1176398487.0,df,69.63,-43.34,1447.800049,-7.94,-35.400000000000006,1.855,21.59,0.44,2.47,2.23,6.64,6.06,15.10,75.397,4490000000.0,7820000000.0,N/A,1.85,0.77,8.707,0.77,2740000000.0,8.707,280260000.0,1.61,10.30,0.80,31140000.0,0.241,3360000000.0,1.032,14.095,561220000.0,0.92,3.41,81.30,2100000.0,1.1,1.70,1630000.0,underperform
1779,2004-09-29 18:04:26,1096495466.0,df,36.12,48.48,1114.800049,10.13,38.349999999999994,1.122,13.72,0.47,1.70,3.52,7.40,5.01,13.87,62.115,4750000000.0,7830000000.0,13.55,1.57,0.78,10.42,0.78,2380000000.0,10.42,355020000.0,2.191,102.80,2.10,29620000.0,0.19,3120000000.0,1.217,17.618999,430130000.0,0.027,6.99,80.08,2490000.0,3.693,1.70,2840000.0,outperform
1780,2005-01-26 18:47:14,1106783234.0,df,40.1,30.57,1174.069946,8.5,22.07,1.287,19.73,0.47,1.93,2.59,5.84,3.75,10.46,64.884,4940000000.0,8260000000.0,14.81,1.83,0.78,13.28,0.78,2380000000.0,13.28,273050000.0,1.681,102.80,2.10,11700000.0,0.08,3330000000.0,1.482,17.191,451610000.0,0.005,1.50,77.90,2180000.0,3.465,1.49,1940000.0,outperform
1781,2006-12-06 02:25:55,1165389955.0,df,60.18,-15.7,1412.900024,6.68,-22.38,1.591,25.90,0.56,2.93,2.27,6.55,6.21,14.05,77.146,5810000000.0,8950000000.0,N/A,2.18,0.86,9.782,0.86,2590000000.0,9.782,289560000.0,1.68,28.80,2.00,43070000.0,0.322,3180000000.0,1.011,14.846,509940000.0,0.94,3.34,80.70,1880000.0,1.6,1.50,1720000.0,underperform
1782,2011-11-13 23:09:01,1321243741.0,df,19.48,70.84,1239.699951,11.32,59.52,N/A,N/A,0.14,N/A,12.29,3.28,3.83,219.57,70.56,5610000000.0,5610000000.0,11.57,1.11,0.44,8.03,0.44,3010000000.0,8.03,1590000000.0,8.66,N/A,11.70,107730000.0,0.59,3850000000.0,1.36,0.34,5610000000.0,0.91,2.56,80.60,7270000.0,2.90,4.10,8400000.0,outperform
1783,2011-09-02 09:39:12,1314970752.0,df,15.88,102.14,1173.969971,20.15,81.99000000000001,254.39,N/A,0.12,1.01,0.17,3.67,3.69,2.36,68.75,5330000000.0,5330000000.0,9.52,1.08,0.42,7.14,0.42,3010000000.0,7.14,26220000.0,0.13,N/A,11.60,115810000.0,0.63,3900000000.0,1.18,8.27,5330000000.0,0.80,2.56,80.60,6840000.0,1.40,3.80,5980000.0,outperform
1784,2013-05-08 14:20:54,1368037254.0,df,37.35,-61.53,1632.689941,14.88,-76.41,695.75,21.89,0.30,9.68,1.38,3.71,4.65,65.05,62.04,6720000000.0,6720000000.0,14.05,1.20,0.59,9.79,0.59,2900000000.0,9.79,114990000.0,0.85,N/A,61.60,78970000.0,0.43,3200000000.0,1.64,1.93,440540000.0,1.28,2.71,87.80,11290000.0,4.20,6.20,9500000.0,underperform
1785,2006-06-23 01:25:51,1151040351.0,df,50.63,22.1,1244.5,21.56,0.5400000000000027,1.746,17.12,0.46,2.45,3.03,6.20,5.54,11.58,73.671,4950000000.0,8310000000.000001,N/A,1.82,0.79,9.469,0.79,2590000000.0,9.469,274130000.0,2.12,14.10,1.20,28340000.0,0.208,3470000000.0,1.394,14.606,384270000.0,0.58,3.28,81.10,1860000.0,1.8,1.40,1650000.0,outperform
1786,2003-10-27 03:10:41,1067242241.0,df,36.15,-3.32,1031.130005,7.75,-11.07,1.195,15.92,0.53,2.01,3.28,7.76,4.27,15.90,53.916,4660000000.0,7410000000.0,12.91,1.46,0.85,10.84,0.85,2350000000.0,10.84,286160000.0,1.891,59.70,44.30,28000000.0,0.18,2780000000.0,1.105,15.01,N/A,0.176,6.98,84.65,2950000.0,2.72,2.05,2860000.0,underperform
1787,2005-02-16 16:36:10,1108589770.0,df,41.54,26.87,1210.339966,6.53,20.34,1.171,19.46,0.48,1.96,2.64,5.86,3.81,10.78,67.329,5180000000.0,8289999999.999999,14.30,1.73,0.77,12.97,0.77,2380000000.0,12.97,285370000.0,1.79,102.80,2.10,27570000.0,0.19,3120000000.0,1.443,17.832001,451610000.0,0.006,1.50,77.70,2180000.0,3.465,1.49,1950000.0,outperform
1788,2009-02-16 19:46:50,1234831610.0,df,,,826.840027,32.42,,N/A,16.75,0.25,5.54,1.48,5.07,5.61,60.65,83.438,3090000000.0,7540000000.0,N/A,1.18,0.61,8.686,0.61,2740000000.0,8.686,184840000.0,1.20,103.30,4.70,35980000.0,0.234,4490000000.0,1.332,3.626,717950000.0,0.74,3.75,91.30,8450000.0,3.2,5.70,9600000.0,underperform
1789,2004-11-24 20:36:58,1101346618.0,df,38.33,,1181.76001,6.18,,1.287,19.01,0.45,1.85,2.59,5.84,3.75,10.46,64.884,4760000000.0,8060000000.000001,14.26,1.74,0.76,12.96,0.76,2380000000.0,12.96,273050000.0,1.681,102.80,2.10,11700000.0,0.08,3330000000.0,1.482,17.191,451610000.0,0.011,7.00,78.34,2180000.0,1.857,1.57,2820000.0,underperform
1790,2007-12-21 08:24:11,1198243451.0,df,51.72,-37.43,1484.459961,-39.07,1.6400000000000006,495.989,21.10,0.31,316.87,1.54,5.54,5.57,17.36,85.796,3470000000.0,8800000000.0,N/A,2.39,0.79,10.319,0.79,2740000000.0,10.319,174170000.0,1.25,90.80,23.80,45010000.0,0.342,5370000000.0,1.661,0.083,355860000.0,0.45,3.41,84.20,6570000.0,2.8,5.20,7060000.0,outperform
1791,2008-03-12 10:13:10,1205331190.0,df,40.4,1.36,1308.77002,-42.64,44.0,102.841,21.90,0.24,54.02,1.11,4.95,5.30,14.02,90.721,2780000000.0,8020000000.0,N/A,1.42,0.68,9.817,0.68,2740000000.0,9.817,130460000.00000001,0.957,55.30,24.60,32560000.000000004,0.245,5270000000.0,1.643,0.388,350250000.0,0.55,3.31,85.60,11180000.0,7.3,8.80,12070000.0,outperform
1792,2010-02-15 21:50:43,1266288643.0,df,,,1075.51001,23.48,,N/A,9.49,0.23,2.07,2.28,6.47,6.18,27.41,68.393,6950000000.0,6950000000.0,N/A,0.91,0.62,7.117,0.62,2950000000.0,7.117,257660000.00000003,1.54,31.50,13.20,38560000.0,0.214,4360000000.0,0.967,6.988,762160000.0,0.32,8.24,84.70,3920000.0,1.7,2.80,4110000.0000000005,underperform
1793,2004-07-17 18:38:03,1090103883.0,df,44.02,13.77,1111.469971,10.35,3.42,1.136,16.21,0.60,2.14,3.81,8.02,5.26,15.51,58.775,5770000000.0,8780000000.0,14.68,1.63,0.92,11.46,0.92,2380000000.0,11.46,361730000.0,2.264,102.80,2.10,27120000.0,0.17,3040000000.0,1.237,17.030001,548370000.0,0.028,7.01,80.05,2680000.0,4.088,1.84,2860000.0,outperform
1794,2010-10-21 00:27:12,1287635232.0,sni,46.49,-10.5,1180.26001,4.91,-15.41,57.45,23.85,4.44,5.13,19.01,34.57,15.66,21.32,10.71,8449999999.999999,8449999999.999999,19.02,1.49,4.75,11.68,4.75,997600000.0,11.68,299660000.0,2.03,33.60,31.90,331010000.0,1.99,884320000.0,4.79,9.26,8449999999.999999,1.17,30.88,67.00,2740000.0,4.30,3.10,2180000.0,underperform
1795,2013-04-25 05:40:32,1366882832.0,sni,65.25,12.69,1585.160034,17.55,-4.860000000000001,61.13,15.00,4.34,5.51,29.54,40.45,14.40,38.97,15.16,10890000000.0,10890000000.0,16.48,1.33,4.72,10.47,4.72,1700000000.0,10.47,681480000.0,4.44,126.50,9.20,437520000.0,2.95,1380000000.0,5.88,12.23,614680000.0,1.06,28.81,72.50,2540000.0,3.80,3.20,3540000.0,underperform
1796,2005-03-27 06:31:15,1111923075.0,dfs,,,1171.420044,11.11,,6.332,9.25,1.40,1.60,15.27,23.97,16.26,19.76,12.19,231090000.0,186180000.0,N/A,N/A,1.13,4.72,1.13,86470000.0,4.72,25160000.0,1.85,N/A,8.10,44910000.0,3.32,6.332,6.332,10.641,52910000.0,1.451,0.10,93.96,N/A,9.514,2.61,N/A,underperform
1797,2011-04-29 01:57:48,1304056668.0,dfs,23.65,36.66,1363.609985,1.99,34.669999999999995,277.08,10.86,3.01,1.94,29.98,49.20,2.05,19.16,8.17,27430000000.0,27430000000.0,9.91,1.55,6.17,N/A,6.17,N/A,N/A,1250000000.0,2.27,N/A,327.70,5180000000.0,9.50,19120000000.0,1.45,12.65,27430000000.0,1.67,0.40,85.20,6390000.0,1.20,1.20,5960000.0,outperform
1798,2012-01-24 22:16:47,1327461407.0,dfs,26.74,41.14,1314.650024,13.7,27.44,222.48,6.85,2.12,1.78,32.13,50.66,3.44,30.30,12.79,22670000000.0,22670000000.0,8.26,0.79,3.27,N/A,3.27,N/A,N/A,2200000000.0,4.06,46.70,40.30,10340000000.0,19.55,18340000000.0,1.55,15.58,N/A,1.54,0.40,86.20,6560000.0,1.40,1.20,7810000.0,outperform
1799,2007-10-25 06:56:29,1193309789.0,dfs,16.09,-41.33,1514.400024,-42.1,0.7700000000000031,0.983,10.56,2.28,1.63,20.50,30.94,N/A,N/A,8.5,8780000000.0,5750000000.0,N/A,1.66,1.42,N/A,1.42,N/A,N/A,831640000.0,1.74,16.20,2.10,8600000000.0,18.01,5570000000.0,1.199,11.873,1760000000.0,N/A,0.99,2.80,4059999.9999999995,1.2,0.90,5570000.0,outperform
1800,2011-05-19 01:21:00,1305782460.0,dfs,24.45,24.21,1343.599976,-3.6,27.810000000000002,277.08,11.15,3.10,2.00,29.98,49.20,2.05,19.16,8.17,27710000000.0,27710000000.0,10.09,1.56,6.23,N/A,6.23,N/A,N/A,1250000000.0,2.27,N/A,327.70,5180000000.0,9.50,19120000000.0,1.45,12.65,27710000000.0,1.66,0.40,85.20,6630000.0,1.30,1.20,5210000.0,outperform
1801,2011-10-08 05:32:10,1318066330.0,dfs,22.0,77.95,1144.030029,27.74,50.21000000000001,222.56,6.24,2.29,1.61,35.80,57.38,3.28,29.24,10.58,26990000000.0,26990000000.0,7.29,0.60,4.68,N/A,4.68,N/A,N/A,2040000000.0,3.75,149.00,69.20,4010000000.0,7.30,17820000000.0,1.40,14.88,26990000000.0,1.54,0.40,85.20,12910000.0,1.90,N/A,9780000.0,outperform
1802,2012-03-04 13:38:54,1330886334.0,dfs,29.47,31.18,1374.089966,11.0,20.18,222.48,7.52,2.69,1.97,36.83,59.16,3.44,30.30,11.16,31600000000.0,31600000000.0,9.01,0.86,5.23,N/A,5.23,N/A,N/A,2200000000.0,4.06,46.60,23.10,2910000000.0,5.50,18340000000.0,1.31,15.59,3610000000.0,1.33,0.40,86.20,8470000.0,1.50,N/A,9450000.0,outperform
1803,2012-02-13 01:32:02,1329114722.0,dfs,27.56,39.3,1351.77002,12.4,26.9,222.48,6.94,2.53,1.85,36.83,59.16,3.44,30.30,11.16,30360000000.0,30360000000.0,8.36,0.82,5.02,N/A,5.02,N/A,N/A,2200000000.0,4.06,46.60,23.10,2910000000.0,5.50,18340000000.0,1.31,15.59,3610000000.0,1.42,0.40,86.20,9450000.0,1.50,1.70,7260000.0,outperform
1804,2005-01-22 21:17:09,1106446629.0,dfs,,,1184.630005,8.48,,0.108,12.15,1.26,1.55,10.47,16.64,10.98,14.66,12.781,214870000.0,227600000.0,N/A,N/A,1.33,7.96,1.33,102660000.0,7.96,17890000.0,1.309,N/A,8.10,2280000.0,0.17,15000000.0,3.132,10.269,52910000.0,1.52,0.10,93.78,N/A,4.093,1.64,N/A,underperform
1805,2012-02-04 11:55:01,1328374501.0,dfs,26.63,40.18,1324.089966,13.14,27.04,222.48,6.95,2.43,1.78,36.83,59.16,3.44,30.30,11.16,30380000000.0,30380000000.0,8.37,0.80,5.03,N/A,5.03,N/A,N/A,2200000000.0,4.06,46.60,23.10,2910000000.0,5.50,18340000000.0,1.33,15.59,3610000000.0,1.42,0.40,86.20,7260000.0,1.40,1.30,6560000.0,outperform
1806,2012-02-20 00:36:36,1329716196.0,dfs,,,1361.22998,12.47,,222.48,7.28,2.59,1.90,36.83,59.16,3.44,30.30,11.16,31080000000.0,31080000000.0,8.74,0.84,5.14,N/A,5.14,N/A,N/A,2200000000.0,4.06,46.60,23.10,2910000000.0,5.50,18340000000.0,1.31,15.59,3610000000.0,1.42,0.40,86.20,9450000.0,1.50,1.70,7260000.0,underperform
1807,2012-02-01 09:42:38,1328107358.0,dfs,26.63,40.18,1324.089966,13.14,27.04,222.48,6.69,2.38,1.74,36.83,59.16,3.44,30.30,11.16,29830000000.0,29830000000.0,8.07,0.77,4.93,N/A,4.93,N/A,N/A,2200000000.0,4.06,46.60,23.10,2910000000.0,5.50,18340000000.0,1.33,15.59,3610000000.0,1.54,0.40,86.20,7260000.0,1.40,1.30,6560000.0,outperform
1808,2012-02-17 07:08:15,1329480495.0,dfs,28.38,34.39,1361.22998,11.69,22.700000000000003,222.48,7.29,2.54,1.86,36.83,59.16,3.44,30.30,11.16,31100000000.0,31100000000.0,8.78,0.82,5.15,N/A,5.15,N/A,N/A,2200000000.0,4.06,46.60,23.10,2910000000.0,5.50,18340000000.0,1.31,15.59,3610000000.0,1.42,0.40,86.20,9450000.0,1.50,1.70,7260000.0,outperform
1809,2011-08-14 16:25:04,1313353504.0,dfs,22.43,58.49,1172.640015,19.74,38.75,239.77,7.69,2.53,1.70,33.02,53.65,2.67,24.71,9.31,26980000000.0,26980000000.0,7.91,0.66,5.32,N/A,5.32,N/A,N/A,1660000000.0,3.04,132.70,67.00,3790000000.0,6.95,18040000000.0,1.44,13.79,26980000000.0,1.59,0.40,85.20,4280000.0,0.60,0.80,4710000.0,outperform
1810,2012-02-11 00:32:10,1328938330.0,dfs,27.65,38.37,1349.959961,11.81,26.559999999999995,222.48,6.94,2.53,1.85,36.83,59.16,3.44,30.30,11.16,30740000000.0,30740000000.0,8.36,0.82,5.08,N/A,5.08,N/A,N/A,2200000000.0,4.06,46.60,23.10,2910000000.0,5.50,18340000000.0,1.31,15.59,3610000000.0,1.42,0.40,86.20,7260000.0,1.40,1.30,6560000.0,outperform
1811,2012-02-06 16:16:09,1328562969.0,dfs,27.17,40.6,1344.329956,12.42,28.18,222.48,6.94,2.47,1.81,36.83,59.16,3.44,30.30,11.16,30380000000.0,30380000000.0,8.36,0.80,5.03,N/A,5.03,N/A,N/A,2200000000.0,4.06,46.60,23.10,2910000000.0,5.50,18340000000.0,1.31,15.59,3610000000.0,1.42,0.40,86.20,7260000.0,1.40,1.30,6560000.0,outperform
1812,2013-05-21 08:53:09,1369140789.0,dfs,47.72,18.15,1669.160034,13.11,5.039999999999999,204.73,10.54,3.42,2.44,34.24,59.38,N/A,N/A,13.52,23390000000.0,23390000000.0,10.02,0.99,3.38,N/A,3.38,N/A,N/A,2340000000.0,4.57,6.70,21.90,N/A,N/A,N/A,N/A,19.76,N/A,0.92,0.40,86.40,3870000.0,0.70,0.80,3620000.0,outperform
1813,2012-01-29 10:20:33,1327850433.0,dfs,26.86,37.79,1318.430054,13.79,24.0,222.48,6.68,2.13,1.79,32.13,50.66,3.44,30.30,12.79,22350000000.0,22350000000.0,8.05,0.77,3.23,N/A,3.23,N/A,N/A,2200000000.0,4.06,46.70,40.30,10340000000.0,19.55,18340000000.0,1.55,15.58,N/A,1.54,0.40,86.20,7260000.0,1.40,1.30,6560000.0,outperform
1814,2012-02-03 03:48:15,1328258895.0,dfs,27.11,36.59,1344.900024,11.68,24.910000000000004,222.48,6.83,2.43,1.78,36.83,59.16,3.44,30.30,11.16,30120000000.0,30120000000.0,8.23,0.77,4.98,N/A,4.98,N/A,N/A,2200000000.0,4.06,46.60,23.10,2910000000.0,5.50,18340000000.0,1.33,15.59,3610000000.0,1.42,0.40,86.20,7260000.0,1.40,1.30,6560000.0,outperform
1815,2013-03-18 17:23:07,1363641787.0,dfs,43.02,31.31,1552.099976,20.63,10.68,204.73,9.89,3.23,2.38,34.47,59.88,3.25,26.03,13.12,37920000000.0,37920000000.0,9.67,N/A,5.57,N/A,5.57,N/A,N/A,2320000000.0,4.46,7.40,11.20,4059999999.9999995,8.16,20020000000.0,1.29,18.51,3040000000.0,0.89,0.40,86.40,3060000.0,0.60,0.60,2850000.0,outperform
1816,2004-08-16 22:53:40,1092711220.0,dfs,,,1079.339966,12.97,,5.55,12.17,1.15,1.78,9.84,13.52,10.30,15.01,12.961,201740000.0,178550000.0,0.00,N/A,1.04,7.4,1.04,102660000.0,7.4,16960000.0,1.253,N/A,8.10,19880000.0,1.5,5.55,5.55,8.45,37150000.0,1.45,10.80,93.11,N/A,5.842,1.88,N/A,underperform
1817,2009-02-21 06:13:25,1235214805.0,dfs,5.91,116.92,788.419983,40.38,76.53999999999999,N/A,2.99,0.84,0.45,29.03,33.60,2.75,18.46,6.668,2760000000.0,5180000000.0,N/A,N/A,1.62,N/A,1.62,5760000000.0,N/A,1060000000.0,1.92,N/A,59.20,10170000000.0,21.187,2240000000.0,1.132,12.325,4500000000.0,1.11,0.28,80.70,9480000.0,1.4,2.00,10370000.0,outperform
1818,2009-01-15 19:39:30,1232066370.0,dfs,7.14,95.38,843.73999,34.64,60.739999999999995,0.309,4.16,1.19,0.63,28.90,33.90,N/A,18.33,6.698,3840000000.0,4810000000.0,N/A,4.10,1.50,N/A,1.50,5390000000.0,N/A,1060000000.0,1.919,N/A,60.60,10480000000.0,21.824,1850000000.0,N/A,12.507,N/A,0.96,0.28,79.00,11140000.0,2.30,2.30,13790000.0,outperform
1819,2012-02-26 11:45:56,1330274756.0,dfs,28.86,27.82,1363.459961,9.12,18.700000000000003,222.48,7.44,2.63,1.93,36.83,59.16,3.44,30.30,11.16,31420000000.0,31420000000.0,8.91,0.85,5.20,N/A,5.20,N/A,N/A,2200000000.0,4.06,46.60,23.10,2910000000.0,5.50,18340000000.0,1.31,15.59,3610000000.0,1.42,0.40,86.20,9450000.0,1.50,1.70,7260000.0,outperform
1820,2012-02-24 14:56:40,1330113400.0,dfs,29.01,30.51,1365.73999,10.71,19.8,222.48,7.39,2.63,1.93,36.83,59.16,3.44,30.30,11.16,31340000000.0,31340000000.0,8.88,0.85,5.19,N/A,5.19,N/A,N/A,2200000000.0,4.06,46.60,23.10,2910000000.0,5.50,18340000000.0,1.31,15.59,3610000000.0,1.42,0.40,86.20,9450000.0,1.50,1.70,7260000.0,outperform
1821,2012-02-29 09:00:05,1330524005.0,dfs,28.83,29.97,1365.680054,10.91,19.06,222.48,7.48,2.66,1.95,36.83,59.16,3.44,30.30,11.16,31520000000.0,31520000000.0,8.96,0.85,5.21,N/A,5.21,N/A,N/A,2200000000.0,4.06,46.60,23.10,2910000000.0,5.50,18340000000.0,1.31,15.59,3610000000.0,1.42,0.40,86.20,8470000.0,1.50,N/A,9450000.0,outperform
1822,2012-03-01 09:23:44,1330611824.0,dfs,29.47,28.94,1374.089966,10.49,18.450000000000003,222.48,7.39,2.63,1.93,36.83,59.16,3.44,30.30,11.16,31330000000.0,31330000000.0,8.85,0.85,5.18,N/A,5.18,N/A,N/A,2200000000.0,4.06,46.60,23.10,2910000000.0,5.50,18340000000.0,1.31,15.59,3610000000.0,1.42,0.40,86.20,8470000.0,1.50,N/A,9450000.0,outperform
1823,2007-12-22 06:09:30,1198321770.0,pru,76.87,-65.47,1453.0,-39.07,-26.4,1.632,12.08,1.21,1.82,11.18,14.66,0.68,16.69,74.356,42490000000.0,47210000000.0,N/A,0.89,1.36,8.888,1.36,32490000000.000004,8.888,3660000000.0,7.75,28.00,0.40,32009999999.999996,70.511,37510000000.0,1.057,50.380001,6460000000.0,1.23,0.12,52.20,5770000.0,1.8,1.30,4760000.0,underperform
1824,2011-09-30 03:23:44,1317367424.0,pru,41.92,18.11,1131.420044,26.68,-8.57,101.80,8.31,0.54,0.63,7.06,9.50,0.44,8.83,85.03,14390000000.0,14390000000.0,6.20,0.48,0.35,3.50,0.35,18690000000.0,3.50,2780000000.0,5.79,22.20,11.50,43850000000.0,90.23,36280000000.0,2.01,71.79,14390000000.0,2.57,0.10,61.60,6950000.0,1.20,1.40,5390000.0,underperform
1825,2004-10-14 22:02:02,1097805722.0,pru,36.1,43.41,1103.290039,7.55,35.86,0.543,14.62,0.89,1.18,7.01,10.18,0.57,7.80,50.801,23810000000.0,29600000000.0,10.63,1.02,1.08,N/A,1.08,27910000000.0,N/A,1680000000.0,3.127,551.50,4.60,5900000000.0,11.32,11210000000.0,N/A,39.443001,5300000000.0,0.457,1.38,45.36,5210000.0,2.561,1.01,5540000.0,outperform
1826,2006-05-28 06:40:18,1148812818.0,pru,61.44,,1272.880005,19.08,,1.486,12.16,1.18,1.68,10.48,13.14,0.63,15.23,63.212,37440000000.0,41850000000.0,N/A,1.00,1.31,8.981,1.31,31710000000.0,8.981,3270000000.0,6.23,21.10,2.80,28770000000.0,58.241,33189999999.999996,1.029,45.223,3950000000.0,0.97,0.27,53.40,3230000.0,2.1,0.70,3330000.0,underperform
1827,2013-04-22 02:19:31,1366611571.0,pru,53.77,50.1,1562.5,20.29,29.810000000000002,98.11,59.20,0.30,0.66,0.55,0.96,0.08,1.44,181.38,13020000000.0,13020000000.0,6.40,0.55,0.15,11.66,0.15,18180000000.0,11.66,447000000.0,0.94,N/A,292.90,51460000000.0,110.68,38550000000.0,1.06,82.96,20910000000.0,1.62,0.15,64.50,4660000.0,1.50,1.00,3980000.0,outperform
1828,2005-01-22 07:25:51,1106396751.0,pru,43.9,36.1,1184.630005,8.48,27.62,2.451,14.51,0.99,1.29,8.27,11.67,0.67,9.28,52.445,27660000000.0,74490000000.0,12.37,1.28,2.66,N/A,2.66,27910000000.0,N/A,1980000000.0,3.715,551.50,4.60,6300000000.0,12.28,53050000000.0,N/A,41.985001,1860000000.0,0.509,1.38,47.75,3010000.0,1.376,0.60,4680000.0,outperform
1829,2013-05-11 15:48:45,1368301725.0,pru,63.22,29.17,1632.689941,14.88,14.290000000000001,97.63,45.21,0.36,0.77,0.82,2.09,0.16,2.11,183.86,21500000000.0,21500000000.0,7.37,0.64,0.25,10.24,0.25,18180000000.0,10.24,684000000.0,1.44,N/A,9.60,48520000000.0,104.11,39700000000.0,1.72,85.52,20330000000.0,1.62,0.15,64.50,4850000.0,1.70,1.00,4870000.0,outperform
1830,2012-04-30 04:54:53,1335776093.0,pru,55.78,3.82,1397.910034,14.28,-10.459999999999999,96.91,8.51,0.59,0.77,7.48,10.88,0.57,10.47,102.14,17090000000.0,17090000000.0,7.42,0.72,0.35,3.04,0.35,22140000000.0,3.04,3470000000.0,7.22,287.60,45.30,48400000000.0,102.97,36640000000.0,1.06,79.20,12380000000.0,2.13,0.12,64.20,6070000.0,2.00,1.30,5830000.0,underperform
1831,2007-02-20 18:35:00,1172014500.0,pru,76.16,-21.98,1459.680054,-6.83,-15.15,1.381,14.28,1.36,1.91,10.55,13.55,N/A,14.63,65.765,44480000000.0,45720000000.0,N/A,0.96,1.41,9.192,1.41,31710000000.0,9.192,3150000000.0,6.50,184.90,13.90,30620000000.0,63.921,32030000000.0,N/A,48.398998,N/A,1.04,0.07,50.40,5310000.0,3.2,1.10,5560000.0,underperform
1832,2011-07-23 12:06:02,1311437162.0,pru,53.95,-17.05,1325.839966,3.82,-20.87,103.81,10.53,0.76,0.92,7.89,10.58,0.48,10.36,83.33,24500000000.0,24500000000.0,7.80,0.67,0.62,N/A,0.62,18690000000.0,N/A,2750000000.0,5.79,12.80,10.20,40080000000.0,82.14,34510000000.0,2.18,67.06,24500000000.0,2.54,0.10,61.60,5830000.0,1.60,1.20,5190000.0,underperform
1833,2007-05-05 21:37:39,1178415459.0,pru,79.18,-19.16,1495.920044,-5.79,-13.370000000000001,1.548,15.47,1.44,2.06,10.55,13.55,0.66,14.73,67.096,47390000000.0,52580000000.0,N/A,1.00,1.62,10.599,1.62,32490000000.000004,10.599,3150000000.0,6.50,184.90,11.70,30250000000.0,64.219,35440000000.0,0.76,48.387001,4380000000.0,0.88,0.07,53.00,6100000.0,2.9,1.30,6010000.0,underperform
1834,2006-09-09 16:34:56,1157834096.0,pru,58.29,22.73,1300.26001,13.71,9.02,1.665,12.73,1.12,1.62,9.40,11.40,0.52,13.09,62.255,35060000000.0,37440000000.0,N/A,0.93,1.21,9.571,1.21,31710000000.0,9.571,2910000000.0,5.66,48.70,10.80,33409999999.999996,68.604,35790000000.0,1.079,44.174999,1420000000.0,0.95,0.28,53.40,3270000.0,1.5,0.70,4110000.0000000005,outperform
1835,2006-09-08 11:37:48,1157729868.0,pru,58.21,24.15,1298.920044,13.35,10.799999999999999,1.665,12.63,1.12,1.62,9.40,11.40,0.52,13.09,62.255,34810000000.0,37180000000.0,N/A,0.93,1.20,9.505,1.20,31710000000.0,9.505,2910000000.0,5.66,48.70,10.80,33409999999.999996,68.604,35790000000.0,1.079,44.174999,1420000000.0,0.95,0.28,53.40,3270000.0,1.5,0.70,4110000.0000000005,outperform
1836,2011-03-15 09:09:29,1300194569.0,pru,53.76,5.54,1281.869995,8.77,-3.2299999999999995,103.04,10.66,0.78,0.92,8.32,11.51,0.54,10.90,82.29,24390000000.0,24390000000.0,8.03,0.94,0.64,5.30,0.64,18690000000.0,5.30,2710000000.0,5.75,90.50,6.00,40210000000.0,82.73,33930000000.0,1.14,66.72,24390000000.0,2.50,0.10,56.70,4840000.0,1.30,1.00,4870000.0,underperform
1837,2006-08-23 09:43:29,1156340609.0,pru,58.19,23.96,1292.98999,13.11,10.850000000000001,1.665,12.70,1.13,1.63,9.40,11.40,0.52,13.09,62.255,35000000000.0,37880000000.0,N/A,0.91,1.22,9.682,1.22,31710000000.0,9.682,2910000000.0,5.66,48.70,10.80,33409999999.999996,68.604,35790000000.0,1.079,44.174999,1420000000.0,1.03,0.28,53.30,4110000.0000000005,2.9,0.80,3720000.0,outperform
1838,2012-08-19 03:19:51,1345360791.0,pru,50.04,50.1,1415.51001,16.29,33.81,100.36,7.58,0.48,0.67,6.77,10.99,0.57,9.62,111.15,15440000000.0,15440000000.0,6.96,0.68,0.30,2.54,0.30,22140000000.0,2.54,3390000000.0,7.15,178.60,31.80,48580000000.0,104.24,38770000000.0,1.55,81.59,13240000000.0,1.67,0.14,63.70,6980000.0,2.60,1.50,7200000.0,outperform
1839,2005-03-14 21:56:57,1110855417.0,pru,47.41,30.31,1206.829956,7.51,22.799999999999997,0.522,17.16,1.08,1.37,8.23,11.60,0.60,8.34,53.366,31170000000.0,34090000000.000004,11.53,1.04,1.20,N/A,1.20,27910000000.0,N/A,1830000000.0,3.45,551.50,4.60,8070000000.0,15.35,11670000000.0,N/A,42.210999,1860000000.0,0.525,1.37,52.69,3670000.0,2.233,0.71,3980000.0,outperform
1840,2012-01-04 02:29:40,1325662180.0,pru,47.45,11.61,1277.300049,14.25,-2.6400000000000006,95.87,8.00,0.52,0.64,6.92,9.84,0.49,8.97,94.67,10370000000.0,10370000000.0,7.37,0.61,0.23,2.19,0.23,18690000000.0,2.19,3120000000.0,6.41,23.30,50.40,49530000000.0,104.94,36240000000.0,1.99,78.39,12760000000.0,2.24,0.10,61.60,8990000.0,1.90,1.90,7920000.0,underperform
1841,2006-08-22 22:02:24,1156298544.0,pru,58.1,26.47,1298.819946,12.72,13.749999999999998,1.665,12.70,1.15,1.65,9.40,11.40,0.52,13.09,62.255,35000000000.0,37880000000.0,N/A,0.91,1.22,9.682,1.22,31710000000.0,9.682,2910000000.0,5.66,48.70,10.80,33409999999.999996,68.604,35790000000.0,1.079,44.174999,1420000000.0,1.03,0.28,53.30,4110000.0000000005,2.9,0.80,3720000.0,outperform
1842,2008-05-30 00:37:09,1212122229.0,pru,61.87,-46.19,1400.380005,-36.23,-9.96,1.766,13.39,0.97,1.44,7.99,9.99,0.44,11.57,73.231,33070000000.0,39280000000.0,N/A,0.69,1.18,10.858,1.18,34400000000.0,10.858,2630000000.0,5.66,93.80,13.80,33150000000.0,76.023,40080000000.0,1.152,51.648998,6630000000.0,1.22,0.14,55.40,4350000.0,1.3,1.00,4440000.0,underperform
1843,2006-10-23 13:29:15,1161624555.0,ctsh,19.49,4.1,1377.02002,10.35,-6.25,N/A,56.90,9.69,12.36,17.99,19.01,16.36,27.86,8.02,10810000000.0,10440000000.0,N/A,1.49,9.36,41.427,9.36,405920000.0,41.427,200490000.0,1.35,52.80,59.10,468200000.0,3.323,N/A,4.793,6.205,176770000.0,2.44,0.41,95.50,5460000.0,5.3,3.90,5260000.0,underperform
1844,2007-02-18 20:16:08,1171847768.0,ctsh,23.62,,1456.810059,-7.33,,N/A,60.60,9.41,12.48,16.35,18.18,16.44,26.05,10.111,13280000000.0,12630000000.0,N/A,1.21,8.87,39.427,8.87,405920000.0,39.427,232790000.0,1.55,20.60,65.20,648160000.0,4.571,N/A,4.17,7.572,N/A,2.38,0.27,89.30,4000000.0,3.1,2.80,3770000.0,underperform
1845,2007-05-25 17:23:42,1180128222.0,ctsh,18.93,-20.5,1515.72998,-8.25,-12.25,N/A,43.63,6.74,9.00,16.33,18.10,16.77,26.23,11.287,10830000000.0,10100000000.0,N/A,0.98,6.32,28.169,6.32,636340000.0,28.169,261079999.99999997,1.73,60.00,61.20,673100000.0,4.682,N/A,4.753,8.329,269290000.0,1.89,0.27,90.10,4099999.9999999995,2.5,2.90,4470000.0,underperform
1846,2009-10-31 16:27:44,1257020864.0,ctsh,19.75,70.08,1042.630005,13.54,56.54,N/A,24.07,3.92,5.20,15.93,19.11,15.03,23.84,10.322,10350000000.0,10350000000.0,N/A,1.14,3.44,15.715,3.44,1240000000.0,15.715,479500000.0,1.61,36.00,13.30,983170000.0,3.353,N/A,4.524,7.735,559030000.0,1.12,0.39,95.80,4750000.0,1.3,1.60,6530000.0,outperform
1847,2008-02-12 14:46:21,1202845581.0,ctsh,16.69,-40.62,1348.859985,-38.19,-2.4299999999999997,N/A,30.48,4.76,6.45,16.50,17.95,15.05,26.84,6.832,9420000000.0,8510000000.0,N/A,0.70,4.34,21.204,4.34,636340000.0,21.204,323410000.0,1.06,57.60,48.00,809260000.0,2.787,N/A,4.727,4.973,312880000.0,2.02,0.40,90.50,10220000.0,3.2,3.50,9800000.0,underperform
1848,2011-05-26 10:34:58,1306420498.0,ctsh,37.62,-20.26,1325.689941,-0.59,-19.67,N/A,28.93,4.48,5.96,15.80,18.87,14.49,23.77,16.55,20270000000.0,20270000000.0,22.08,1.29,4.05,19.20,4.05,1940000000.0,19.20,790370000.0,2.55,37.50,42.90,2170000000.0,7.13,0.00,4.41,12.37,20270000000.0,1.04,0.37,93.60,4600000.0,1.60,1.50,5000000.0,underperform
1849,2013-05-11 12:29:49,1368289789.0,ctsh,34.08,40.85,1632.689941,14.88,25.97,N/A,18.16,2.70,3.96,14.26,18.41,14.24,22.79,25.44,17920000000.0,17920000000.0,14.05,0.95,2.34,11.42,2.34,3070000000.0,11.42,1090000000.0,3.58,16.60,18.10,2740000000.0,9.09,0.00,3.95,17.28,N/A,1.16,0.44,96.00,2530000.0,1.20,0.80,2550000.0,outperform
1850,2013-04-23 13:01:28,1366736488.0,ctsh,32.49,50.66,1578.780029,18.79,31.869999999999997,N/A,19.39,2.74,4.15,14.31,18.53,14.15,23.87,24.38,17600000000.0,17600000000.0,14.31,0.98,2.40,11.59,2.40,3070000000.0,11.59,1050000000.0,3.44,16.10,17.10,2860000000.0,9.49,0.00,3.50,16.09,1170000000.0,1.18,0.44,96.00,2550000.0,1.40,0.90,3010000.0,outperform
1851,2004-08-11 10:23:53,1092234233.0,ctsh,6.32,88.45,1075.790039,15.06,73.39,4.96,46.57,7.16,9.55,16.63,19.83,21.73,28.24,3.31,3330000000.0,3140000000.0,29.16,1.25,6.75,29.5,6.75,168510000.0,29.5,77270000.0,0.551,66.00,60.70,233170000.0,1.77,4.96,4.96,2.686,75890000.0,1.903,0.60,95.00,6090000.0,4.274,4.66,5610000.0,outperform
1852,2007-04-25 05:59:21,1177495161.0,ctsh,22.39,-29.92,1495.420044,-7.13,-22.790000000000003,N/A,56.66,8.84,11.72,16.35,18.18,16.44,26.05,10.111,12500000000.0,11850000000.0,N/A,1.12,8.32,36.682,8.32,636340000.0,36.682,232790000.0,1.55,20.60,65.20,648160000.0,4.543,N/A,4.17,7.533,252880000.0,2.21,0.27,90.70,4470000.0,2.8,3.10,4050000.0,underperform
1853,2004-10-20 01:56:21,1098251781.0,ctsh,7.88,39.34,1103.660034,6.72,32.620000000000005,4.96,57.73,9.10,12.08,16.63,19.83,21.73,28.24,3.31,4179999999.9999995,4000000000.0,35.74,1.53,8.60,37.58,8.60,168510000.0,37.58,77270000.0,0.551,66.00,60.70,233170000.0,1.77,4.96,4.96,2.665,90430000.0,1.956,0.60,95.00,4530000.0,4.537,3.47,4570000.0,outperform
1854,2013-02-06 17:02:49,1360188169.0,ctsh,38.13,25.2,1512.119995,17.28,7.919999999999998,N/A,23.47,3.33,5.14,14.34,18.60,14.64,23.79,23.40,20890000000.0,20890000000.0,19.36,1.26,2.96,14.28,2.96,2580000000.0,14.28,1010000000.0,3.30,21.90,18.20,2630000000.0,8.77,0.00,3.56,15.24,1100000000.0,1.21,0.48,93.30,3870000.0,1.80,1.40,4080000.0,outperform
1855,2005-01-31 18:25:50,1107213950.0,ctsh,9.47,38.23,1181.27002,8.36,29.869999999999997,4.279,60.36,9.37,12.37,16.74,19.87,21.70,28.02,3.688,4960000000.0,4620000000.0,40.11,1.64,8.85,38.82,8.85,168510000.0,38.82,87370000.0,0.618,66.00,60.70,270390000.0,2.03,4.279,4.279,2.973,113440000.0,1.489,2.98,93.49,4970000.0,2.393,3.85,4040000.0,outperform
1856,2006-08-29 00:52:09,1156827129.0,ctsh,17.64,2.15,1304.280029,12.23,-10.08,N/A,52.82,8.73,11.13,17.99,19.01,16.36,27.86,8.02,10030000000.0,9270000000.0,N/A,1.36,8.31,36.774,8.31,405920000.0,36.774,200490000.0,1.35,52.80,59.10,468200000.0,3.323,N/A,4.793,6.205,176770000.0,2.45,0.41,95.40,6590000.0,4.3,4.70,6320000.0,underperform
1857,2009-02-02 21:20:23,1233627623.0,ctsh,9.35,141.6,825.4400019999999,33.66,107.94,N/A,13.53,2.05,2.96,15.58,18.03,15.19,25.24,9.196,5450000000.0,4860000000.0,N/A,0.56,1.82,8.859,1.82,929540000.0,8.859,414810000.0,1.38,17.30,31.50,595400000.0,2.045,N/A,3.82,6.329,386690000.0,1.1,0.39,95.00,11740000.0,2.5,4.00,9620000.0,outperform
1858,2012-01-04 07:17:53,1325679473.0,ctsh,32.98,14.25,1277.300049,14.25,0.0,N/A,24.08,3.37,4.93,14.73,18.60,14.34,23.26,19.00,17560000000.0,17560000000.0,19.33,1.20,3.05,14.73,3.05,1940000000.0,14.73,849660000.0,2.73,11.50,31.60,2290000000.0,7.58,0.00,3.66,13.04,982380000.0,0.96,0.37,93.60,4290000.0,1.60,1.40,4680000.0,underperform
1859,2007-06-25 19:22:18,1182813738.0,ctsh,18.87,-8.96,1497.73999,-12.25,3.289999999999999,N/A,43.50,6.83,9.12,16.33,18.10,16.77,26.23,11.287,10800000000.0,10240000000.0,N/A,1.05,6.41,28.566,6.41,636340000.0,28.566,261079999.99999997,1.73,60.00,61.20,673100000.0,4.682,N/A,4.753,8.329,269290000.0,1.56,0.27,91.90,4210000.0,1.8,2.90,4099999.9999999995,outperform
1860,2007-04-07 06:28:27,1175941707.0,ctsh,21.94,-32.63,1439.369995,-4.87,-27.76,N/A,56.12,8.79,11.65,16.35,18.18,16.44,26.05,10.111,12380000000.0,N/A,N/A,1.21,N/A,N/A,N/A,405920000.0,N/A,232790000.0,1.55,20.60,65.20,648160000.0,4.571,N/A,4.17,7.533,N/A,2.38,0.41,93.80,4000000.0,3.1,2.80,3770000.0,underperform
1861,2007-01-11 23:29:14,1168576154.0,bcr,78.2,17.06,1423.819946,-1.6,18.66,0.114,26.90,4.42,4.93,17.23,23.74,12.86,20.22,18.487,8550000000.000001,8140000000.000001,N/A,1.79,4.25,15.429,4.25,1090000000.0,15.429,330200000.0,3.09,3.10,12.50,540500000.0,5.248,196400000.0,2.331,16.712,381400000.0,0.38,0.84,87.30,2300000.0,5.2,2.20,2130000.0,outperform
1862,2007-03-13 15:31:32,1173814292.0,bcr,72.88,23.55,1377.949951,-5.02,28.57,0.089,30.89,4.08,4.77,13.70,22.73,12.42,16.83,19.184,8119999999.999999,7790000000.0,N/A,1.49,3.92,14.8,3.92,1210000000.0,14.8,272100000.0,2.55,72.50,15.20,521700000.00000006,5.052,150600000.0,3.832,16.461,333300000.0,0.35,0.49,85.20,1270000.0,2.1,1.20,2140000.0,outperform
1863,2013-05-21 14:44:03,1369161843.0,bcr,105.68,39.11,1669.160034,13.11,26.0,74.19,19.02,2.90,4.53,16.24,26.37,12.18,25.57,35.94,9170000000.0,9170000000.0,14.05,1.64,3.09,10.03,3.09,1830000000.0,10.03,473100000.0,5.65,34.60,1.40,879300000.0,10.93,1410000000.0,4.32,23.59,636500000.0,0.69,0.63,88.50,1790000.0,2.40,2.30,1560000.0,outperform
1864,2004-07-17 18:52:59,1090104779.0,bcr,50.71,23.13,1111.469971,10.35,12.78,0.133,29.58,3.87,5.04,12.98,17.22,11.90,18.78,14.099,5650000000.0,5330000000.0,20.42,1.99,3.58,16.79,3.58,823700000.0,16.79,193500000.0,1.829,8.70,12.50,463000000.0,4.44,152000000.0,2.411,10.985,278400000.0,0.402,2.82,85.86,1280000.0,2.534,1.26,1410000.0,outperform
1865,2003-10-27 06:03:05,1067252585.0,bcr,36.17,43.77,1031.130005,7.75,36.02,0.184,21.44,2.95,4.07,14.06,17.41,13.52,21.16,26.323,4110000000.0000005,3890000000.0,18.46,1.73,2.81,13.48,2.81,691100000.0,13.48,194500000.0,3.70,8.20,7.80,403100000.0,7.78,184400000.0,2.427,19.36,N/A,0.38,2.75,88.53,N/A,2.911,1.89,N/A,outperform
1866,2006-06-28 00:12:03,1151467923.0,bcr,67.57,15.23,1246.0,20.84,-5.609999999999999,0.167,23.04,4.17,4.72,18.61,24.79,13.03,22.08,17.318,7460000000.0,7110000000.0,N/A,1.55,3.93,13.88,3.93,1090000000.0,13.88,336900000.0,3.13,0.20,9.10,706100000.0,6.819,266399999.99999997,2.213,15.438,373400000.0,0.52,0.84,86.20,1670000.0,1.60,1.60,1450000.0,underperform
1867,2013-04-22 01:23:08,1366608188.0,bcr,97.11,44.64,1562.5,20.29,24.35,73.20,16.16,2.76,4.23,17.92,27.50,12.58,28.68,35.51,8650000000.0,8650000000.0,13.06,1.60,2.93,9.17,2.93,1830000000.0,9.17,520100000.0,6.16,12.70,1.40,896300000.0,10.96,1410000000.0,4.13,23.57,661200000.0,0.70,0.63,88.50,1530000.0,2.60,2.00,1480000.0,outperform
1868,2007-12-28 07:49:24,1198846164.0,bcr,90.14,-14.03,1478.48999,-41.28,27.25,0.081,31.06,5.70,6.43,15.07,25.04,14.03,18.00,20.778,9880000000.0,9180000000.0,N/A,1.73,4.28,14.831,4.28,1210000000.0,14.831,322900000.0,3.03,16.60,9.50,575000000.0,5.643,150600000.0,5.265,14.74,455400000.0,0.55,0.63,86.20,2450000.0,2.40,2.40,2740000.0,outperform
1869,2012-11-06 16:15:18,1352236518.0,bcr,96.38,42.04,1428.390015,23.95,18.09,68.13,16.40,2.71,4.20,17.50,27.91,13.76,27.53,35.03,8460000000.000001,8460000000.000001,14.04,1.86,2.87,8.94,2.87,1800000000.0,8.94,505900000.0,5.93,0.60,0.50,809100000.0,9.83,1290000000.0,2.28,23.06,599300000.0,0.66,6.20,82.60,1040000.0,2.30,1.20,1170000.0,outperform
1870,2012-06-10 08:25:31,1339331131.0,bcr,96.84,8.11,1314.98999,24.93,-16.82,66.20,26.32,2.83,4.42,11.44,28.54,14.42,17.98,34.22,8920000000.0,8920000000.0,13.93,1.86,3.05,9.42,3.05,1800000000.0,9.42,328600000.0,3.79,5.20,4.20,674600000.0,8.04,1240000000.0,2.11,22.31,709500000.0,0.56,0.57,88.50,1650000.0,2.70,2.00,1330000.0,underperform
1871,2005-01-26 09:55:46,1106751346.0,bcr,61.12,-2.55,1174.069946,8.5,-11.05,0.119,27.29,4.23,5.37,15.72,20.97,14.34,22.37,15.108,6760000000.0,6430000000.0,23.00,1.80,3.99,15.82,3.99,823700000.0,15.82,253600000.0,2.369,8.70,12.50,485200000.0,4.64,151600000.0,2.583,12.155,288100000.0,0.405,1.86,86.13,1460000.0,2.719,1.42,1300000.0,underperform
1872,2005-03-22 01:38:49,1111473529.0,bcr,61.99,4.26,1171.709961,11.38,-7.120000000000001,0.111,24.03,4.32,5.22,18.28,25.01,16.36,25.16,15.441,7160000000.0,6760000000.0,20.31,1.57,4.08,14.04,4.08,995800000.0,14.04,302800000.0,2.82,79.70,15.60,545400000.0,5.17,151500000.0,2.7,12.994,277200000.0,0.31,0.86,85.83,1420000.0,2.088,1.36,1460000.0,underperform
1873,2004-10-23 05:47:58,1098524878.0,bcr,52.3,12.98,1103.660034,6.72,6.260000000000001,0.178,28.96,3.78,4.91,13.05,17.24,11.92,18.76,14.621,5790000000.0,5630000000.0,20.00,1.80,3.63,16.97,3.63,823700000.0,16.97,202700000.0,1.906,8.70,12.50,450200000.0,4.29,212500000.0,2.345,11.414,280000000.0,0.409,2.79,83.56,1590000.0,3.148,1.56,1460000.0,outperform
1874,2006-01-08 03:33:59,1136709239.0,bcr,62.17,24.95,1273.47998,10.94,14.01,0.098,22.35,4.00,4.51,18.75,24.50,13.27,23.20,16.628,7090000000.0,6640000000.0,N/A,1.52,3.81,13.657,3.81,995800000.0,13.657,326800000.0,3.03,11.70,5.10,596500000.0,5.688,151500000.0,3.298,14.74,361400000.0,N/A,0.84,84.60,1660000.0,2.9,1.60,1400000.0,outperform
1875,2007-05-29 12:08:50,1180454930.0,shw,59.0,-14.39,1518.109985,-8.38,-6.01,0.54,15.90,1.13,5.83,7.36,11.53,11.66,30.56,58.755,8820000000.0,9730000000.0,N/A,1.18,1.25,9.015,1.25,3410000000.0,9.015,574190000.0,4.21,1.60,0.70,299840000.0,2.273,1030000000.0,1.133,11.474,807050000.0,1.09,17.74,72.30,7250000.0,7.4,5.50,7560000.0,underperform
1876,2006-01-17 03:48:49,1137487729.0,shw,41.02,35.37,1282.930054,11.51,23.86,0.445,13.92,0.91,3.61,6.74,10.37,10.01,28.32,50.53,6300000000.0,7110000000.0,N/A,1.45,1.02,8.207,1.02,2700000000.0,8.207,470610000.0,3.31,14.10,17.90,29840000.0,0.218,780430000.0,1.2,12.805,550270000.0,N/A,1.10,67.90,1730000.0,2.9,1.30,2190000.0,outperform
1877,2013-05-14 10:23:17,1368541397.0,shw,190.41,4.2,1650.339966,14.43,-10.23,93.98,30.36,2.00,10.56,6.76,10.21,10.50,38.96,94.07,20520000000.0,20520000000.0,20.18,1.76,2.15,17.72,2.15,4210000000.0,17.72,642030000.0,6.18,15.90,1.40,613930000.0,6.02,1700000000.0,1.73,17.78,951590000.0,0.58,16.92,72.80,2170000.0,2.50,2.50,1770000.0,underperform
1878,2007-04-06 08:21:10,1175862070.0,shw,58.47,-15.77,1437.77002,-4.89,-10.879999999999999,0.439,15.69,1.13,4.41,7.38,11.48,12.36,30.95,58.465,8850000000.0,9660000000.0,N/A,1.24,1.24,9.011,1.24,3410000000.0,9.011,576060000.0,4.19,31.30,4.90,490370000.0,3.647,874510000.0,1.181,14.917,815840000.0,1.32,17.74,72.70,7560000.0,6.1,5.80,4520000.0,underperform
1879,2007-03-19 07:36:53,1174304213.0,shw,58.19,-17.39,1402.060059,-5.09,-12.3,0.439,15.67,1.13,4.41,7.38,11.48,12.36,30.95,58.465,8830000000.0,9650000000.0,N/A,1.24,1.24,9.004,1.24,3410000000.0,9.004,576060000.0,4.19,31.30,4.90,490370000.0,3.647,874510000.0,1.181,14.917,815840000.0,1.15,17.74,72.70,4520000.0,5.3,3.50,4480000.0,underperform
1880,2005-05-28 05:14:38,1117271678.0,shw,36.98,12.03,1190.01001,6.96,5.069999999999999,0.625,15.26,0.98,4.24,6.71,10.49,10.22,27.92,45.227,6260000000.0,7420000000.0,12.75,1.39,1.17,9.306,1.17,2700000000.0,9.306,425080000.0,2.95,61.80,16.60,7500000.0,0.054,996570000.0,1.104,10.51,549030000.0,0.62,1.07,68.70,1470000.0,1.4,1.10,1660000.0,outperform
1881,2005-05-04 09:33:31,1115213611.0,shw,37.02,19.26,1175.650024,11.62,7.640000000000002,0.448,16.21,1.01,4.19,6.45,9.49,9.88,30.41,42.134,6170000000.0,7040000000.0,12.52,1.38,1.15,9.43,1.15,2700000000.0,9.43,393250000.0,2.71,18.40,13.10,45930000.0,0.33,738270000.0,1.172,10.481,544680000.0,0.616,17.99,67.91,1660000.0,2.287,1.44,1610000.0,outperform
1882,2013-04-25 00:38:20,1366864700.0,shw,181.25,10.16,1585.160034,17.55,-7.390000000000001,95.15,29.27,1.95,10.41,6.76,10.17,N/A,N/A,94.07,18660000000.0,18660000000.0,19.26,1.49,1.95,16.19,1.95,4210000000.0,16.19,641890000.0,6.19,15.90,1.40,N/A,N/A,N/A,N/A,17.43,N/A,0.58,16.92,72.80,1630000.0,2.40,1.90,1710000.0,underperform
1883,2004-09-30 07:21:56,1096543316.0,shw,36.64,2.02,1114.579956,10.25,-8.23,0.341,17.21,1.08,4.86,6.45,10.05,10.03,30.24,39.085,6170000000.0,6530000000.0,14.31,1.63,1.14,8.95,1.14,2460000000.0,8.95,369030000.0,2.52,160.30,4.30,233550000.0,1.64,512480000.0,1.432,8.902,631520000.0,0.714,16.13,68.99,2380000.0,3.535,1.99,2820000.0,underperform
1884,2004-12-10 15:43:02,1102711382.0,shw,36.94,0.6,1188.0,5.84,-5.24,0.559,16.79,1.05,4.53,6.48,10.01,9.88,31.27,40.425,6210000000.0,7190000000.0,14.51,1.65,1.22,9.61,1.22,2460000000.0,9.61,381600000.0,2.619,160.30,4.30,97220000.0,0.69,877550000.0,1.071,9.684,639620000.0,0.692,17.79,67.16,1480000.0,2.231,1.27,1200000.0,underperform
1885,2005-03-28 14:36:21,1112038581.0,shw,37.23,13.08,1174.280029,10.13,2.9499999999999993,0.448,16.31,1.02,4.22,6.45,9.49,9.88,30.41,42.134,6210000000.0,7070000000.0,12.85,1.27,1.16,9.49,1.16,2700000000.0,9.49,393250000.0,2.71,18.40,13.10,45930000.0,0.33,738270000.0,1.172,10.481,544680000.0,0.677,17.99,69.28,1610000.0,2.243,1.40,1280000.0,outperform
1886,2004-11-14 23:16:50,1100492210.0,shw,37.81,-5.45,1173.47998,5.14,-10.59,0.559,17.35,1.08,4.67,6.48,10.01,9.88,31.27,40.425,6420000000.0,7440000000.0,15.00,1.71,1.26,9.94,1.26,2460000000.0,9.94,381600000.0,2.619,160.30,4.30,97220000.0,0.69,877550000.0,1.071,9.684,631520000.0,0.68,17.79,69.19,1200000.0,1.514,1.04,2140000.0,underperform
1887,2006-08-21 20:02:54,1156204974.0,shw,43.75,38.01,1297.52002,11.53,26.479999999999997,0.401,13.41,0.91,3.49,6.92,11.38,11.39,28.53,56.157,6870000000.0,7420000000.0,N/A,1.13,0.98,7.321,0.98,3080000000.0,7.321,525010000.0,3.78,20.50,8.40,248640000.0,1.831,789030000.0,1.174,14.509,850870000.0,1.19,0.82,71.70,3100000.0,4.3,2.30,3260000.0,outperform
1888,2005-06-01 14:17:58,1117649878.0,mchp,20.91,20.37,1202.219971,6.94,13.43,0.031,29.56,7.30,4.15,25.24,33.03,10.17,15.24,4.097,6220000000.0,N/A,22.10,1.14,N/A,N/A,N/A,349960000.0,N/A,213790000.0,1.01,20.40,8.60,734600000.0,3.523,45450000.0,3.507,7.152,352710000.0,N/A,1.83,85.00,4460000.0,2.20,2.20,3810000.0,outperform
1889,2009-02-03 23:05:32,1233720332.0,mchp,15.15,47.19,838.51001,30.86,16.33,1.162,12.24,3.31,3.52,29.46,31.86,8.78,21.13,5.514,3530000000.0,3520000000.0,N/A,1.88,3.35,8.187,3.35,624940000.0,8.187,309600000.0,1.58,26.10,4.30,1110000000.0,6.094,1150000000.0,6.712,5.439,486760000.0,1.17,2.31,112.20,17790000.0,5.4,10.00,17800000.0,outperform
1890,2005-03-02 12:12:20,1109783540.0,mchp,19.54,32.24,1210.079956,6.53,25.71,0.031,29.58,7.10,4.09,24.59,30.09,12.26,14.98,3.904,5890000000.0,5240000000.0,25.61,1.29,6.31,14.17,6.31,349960000.0,14.17,204230000.0,0.96,55.60,7.30,695790000.0,3.36,44250000.0,3.558,6.948,390560000.0,1.496,1.38,79.06,5100000.0,2.238,2.50,3220000.0,outperform
1891,2004-11-12 17:21:09,1100298069.0,mchp,19.96,11.07,1184.170044,3.08,7.99,0.031,31.74,7.42,4.32,23.90,29.65,11.94,14.48,3.759,5890000000.0,5400000000.0,23.81,1.25,6.72,15.18,6.72,349960000.0,15.18,191930000.0,0.90,55.60,7.30,605860000.0,2.94,42280000.0,3.367,6.694,382940000.0,1.555,1.37,88.92,6780000.0,2.986,3.33,7820000.0,outperform
1892,2005-03-10 06:12:50,1110453170.0,mchp,19.09,29.28,1209.25,5.97,23.310000000000002,0.031,28.55,6.94,4.00,24.59,30.09,12.26,14.98,3.904,5690000000.0,5110000000.0,24.72,1.31,6.16,13.83,6.16,349960000.0,13.83,204230000.0,0.96,55.60,7.30,695790000.0,3.36,44250000.0,3.558,6.948,390560000.0,1.571,1.38,86.38,5100000.0,2.238,2.50,3220000.0,outperform
1893,2007-04-06 16:14:30,1175890470.0,mchp,25.9,0.81,1437.77002,-4.89,5.699999999999999,0.016,26.10,7.50,4.08,29.64,34.22,10.84,17.23,4.809,7850000000.0,7150000000.0,N/A,1.67,6.95,14.683,6.95,550880000.0,14.683,304890000.0,1.39,81.60,6.90,728550000.0,3.371,29500000.0,2.845,8.746,472090000.0,0.95,1.77,88.40,9160000.0,4.2,4.30,8039999.999999999,outperform
1894,2009-11-12 21:40:53,1258080053.0,mchp,21.68,32.93,1087.23999,10.3,22.63,N/A,28.96,6.23,3.36,21.58,23.10,4.59,13.84,4.299,3870000000.0,3870000000.0,N/A,3.24,4.93,14.084,4.93,516500000.0,14.084,169410000.0,0.92,41.90,16.00,1360000000.0,7.446,337400000.0,10.141,7.961,N/A,1.07,2.51,108.60,16750000.0,5.5,9.40,17440000.0,outperform
1895,2013-05-11 06:30:56,1368268256.0,mchp,35.61,30.13,1632.689941,14.88,15.249999999999998,50.86,60.02,4.60,3.76,8.05,13.32,3.76,6.49,8.13,6760000000.0,6760000000.0,14.65,1.39,4.28,16.99,4.28,792390000.0,16.99,127390000.0,0.62,26.00,26.90,1580000000.0,8.06,983390000.0,6.77,9.87,N/A,1.08,2.69,104.10,17910000.0,10.70,9.50,17530000.0,outperform
1896,2013-04-23 10:04:36,1366725876.0,mchp,33.66,40.49,1578.780029,18.79,21.700000000000003,50.41,48.07,4.55,3.52,9.95,20.77,5.64,7.67,7.69,6060000000.0,6060000000.0,16.69,2.47,4.07,12.77,4.07,792390000.0,12.77,148340000.0,0.72,86.90,26.40,1620000000.0,8.30,971410000.0,7.75,9.87,423640000.0,1.09,2.69,104.10,17530000.0,10.60,9.30,18210000.0,outperform
1897,2012-07-28 23:50:43,1343533843.0,mchp,29.42,29.44,1337.890015,26.34,3.1000000000000014,17.84,19.94,4.54,3.15,24.34,28.73,8.21,17.71,7.23,5260000000.0,5260000000.0,14.56,1.28,3.81,10.60,3.81,792390000.0,10.60,336700000.0,1.65,35.80,10.80,1460000000.0,7.54,355050000.0,8.13,10.31,396460000.0,1.27,2.52,105.60,19930000.0,10.80,10.60,18440000.0,outperform
1898,2006-08-20 02:24:32,1156055072.0,apol,47.79,15.63,1297.47998,11.41,4.220000000000001,N/A,19.25,3.38,14.19,18.45,30.60,40.04,72.13,13.958,8430000000.0,8150000000.0,N/A,1.22,3.34,9.545,3.34,1320000000.0,9.545,451000000.0,2.53,6.00,5.60,273650000.0,1.582,N/A,1.38,3.369,570450000.0,0.58,19.41,85.50,8630000.0,5.8,6.10,9850000.0,outperform
1899,2011-11-08 15:29:15,1320784155.0,apol,47.67,-58.28,1275.920044,9.3,-67.58,48.15,11.78,1.31,4.99,12.09,25.19,21.69,40.51,33.50,5220000000.0,5220000000.0,12.99,1.58,1.10,3.90,1.10,2540000000.0,3.90,569940000.0,4.04,360.40,10.90,1570000000.0,12.04,599010000.0,1.43,9.51,5220000000.0,0.64,14.37,82.20,8900000.0,5.80,N/A,8260000.0,underperform
1900,2005-02-20 17:17:18,1108937838.0,apol,75.8,,1200.75,7.2,,1.589,83.27,7.26,18.18,15.77,24.94,19.80,15.70,10.577,13910000000.0,13520000000.0,24.93,1.18,7.04,25.8,7.04,1030000000.0,25.8,168980000.0,0.91,12.50,34.30,383850000.0,2.08,1.589,1.589,4.17,515309999.99999994,0.299,20.98,79.36,9790000.0,4.735,6.73,9650000.0,underperform
1901,2005-01-26 07:59:07,1106744347.0,apol,77.12,-27.57,1174.069946,8.5,-36.07,1.589,85.34,7.39,18.50,15.77,24.94,19.80,15.70,10.577,14250000000.0,13870000000.0,25.54,1.20,7.22,26.46,7.22,1030000000.0,26.46,168980000.0,0.907,12.50,34.30,383840000.0,2.08,1.589,1.589,4.17,515309999.99999994,0.268,20.98,82.98,9650000.0,4.486,6.64,9030000.0,underperform
1902,2007-05-28 04:36:12,1180341372.0,apol,,,1515.72998,-8.6,,N/A,20.05,3.31,10.52,16.82,27.40,33.33,62.46,14.379,8390000000.000001,8010000000.0,N/A,1.30,3.18,10.221,3.18,1320000000.0,10.221,423070000.0,2.42,11.60,6.30,464110000.0,2.68,N/A,1.58,4.641,486440000.0,0.9,N/A,78.10,8570000.0,7.2,6.10,8510000.0,underperform
1903,2004-11-23 18:50:38,1101253838.0,apol,75.53,-5.12,1176.939941,7.53,-12.65,0.034,98.53,7.89,14.81,15.44,24.37,17.94,12.22,10.053,14240000000.0,13730000000.0,25.22,1.18,7.63,28.61,7.63,726580000.0,28.61,137800000.0,0.768,53.30,32.70,492860000.0,2.62,32350000.0,1.836,5.09,480740000.0,0.085,20.95,80.15,8810000.0,2.469,5.92,8790000.0,underperform
1904,2007-04-08 21:49:37,1176083377.0,apol,44.39,7.88,1443.76001,-4.93,12.809999999999999,N/A,18.36,3.04,9.85,16.82,27.40,33.33,62.46,14.379,7690000000.0,7220000000.0,N/A,1.19,2.87,9.221,2.87,1320000000.0,9.221,423070000.0,2.42,11.60,6.30,464110000.0,2.68,N/A,1.58,4.482,486440000.0,0.59,N/A,80.00,8510000.0,6.00,6.00,6970000.0,outperform
1905,2008-01-23 19:38:13,1201135093.0,apol,75.67,15.55,1338.599976,-38.18,53.730000000000004,N/A,28.57,4.31,14.12,15.33,23.44,26.13,54.39,16.609,12090000000.0,11650000000.0,N/A,1.65,4.11,15.813,4.11,1490000000.0,15.813,434800000.0,2.52,22.80,16.90,572450000.0,3.413,N/A,1.556,5.163,643570000.0,0.29,16.95,74.60,7270000.0,4.1,5.30,7740000.0,outperform
1906,2011-07-07 23:20:31,1310095231.0,apol,48.89,-25.24,1353.219971,0.11,-25.349999999999998,14.72,18.41,1.35,5.11,7.88,27.62,28.06,24.40,33.85,5880000000.0,5880000000.0,15.00,1.61,1.18,3.90,1.18,2800000000.0,3.90,394170000.0,2.66,N/A,2.00,1030000000.0,7.30,194670000.0,1.44,9.29,5880000000.0,0.08,14.37,82.20,8100000.0,3.10,N/A,6600000.0,underperform
1907,2005-05-27 09:09:06,1117199346.0,apol,78.36,-35.02,1198.780029,4.99,-40.010000000000005,1.482,76.20,6.96,21.22,15.84,25.15,21.81,19.71,11.053,14130000000.0,13870000000.0,25.42,1.18,6.83,24.87,6.83,1030000000.0,24.87,193050000.0,1.02,12.50,34.30,263320000.0,1.45,1.482,1.482,3.666,454320000.0,0.156,20.94,83.97,12540000.0,5.756,8.73,12840000.0,underperform
1908,2013-04-22 02:44:26,1366613066.0,apol,17.23,64.89,1562.5,20.29,44.6,8.80,5.55,0.49,1.89,8.89,15.93,15.87,30.76,35.18,1200000000.0,1200000000.0,7.83,0.54,0.30,1.49,0.30,2450000000.0,1.49,326760000.0,3.13,78.80,13.30,852970000.0,7.58,91280000.0,1.45,9.21,465770000.0,1.39,13.43,96.20,19460000.0,6.60,19.90,17510000.0,outperform
1909,2005-03-08 20:47:43,1110332863.0,apol,76.44,-34.85,1219.430054,4.84,-39.69,1.589,84.04,7.43,18.59,15.77,24.94,19.80,15.70,10.577,14030000000.0,13890000000.0,25.16,1.17,7.23,26.5,7.23,1030000000.0,26.5,168980000.0,0.91,12.50,34.30,383850000.0,2.08,1.589,1.589,4.17,515309999.99999994,0.286,20.98,81.67,10590000.0,5.726,7.28,9790000.0,underperform
1910,2013-05-11 13:55:35,1368294935.0,apol,18.0,56.78,1632.689941,14.88,41.9,8.80,6.01,0.52,2.00,8.89,15.93,15.87,30.76,35.18,1220000000.0,1220000000.0,8.47,0.57,0.30,1.52,0.30,2450000000.0,1.52,326760000.0,3.13,78.80,13.30,852970000.0,7.58,91280000.0,1.45,9.21,465770000.0,1.40,13.43,96.20,19800000.0,6.30,20.20,19460000.0,outperform
1911,2005-09-28 17:36:43,1127943403.0,apol,66.64,-24.47,1216.890015,10.02,-34.489999999999995,1.501,52.67,5.60,18.06,16.45,26.20,28.56,36.07,11.837,12020000000.0,11740000000.0,N/A,1.12,5.46,15.927,5.46,1030000000.0,15.927,233780000.0,1.26,29.70,24.50,317660000.0,1.759,1.501,1.501,3.7,381080000.0,N/A,19.68,83.40,10620000.0,7.3,7.20,10320000.0,underperform
1912,2005-04-13 19:34:15,1113435255.0,apol,74.89,-29.5,1173.790039,9.83,-39.33,1.482,73.45,6.80,20.74,15.84,25.15,21.81,19.71,11.053,13620000000.0,13540000000.0,24.51,1.16,6.67,24.29,6.67,1030000000.0,24.29,193050000.0,1.02,12.50,34.30,263320000.0,1.45,1.482,1.482,3.666,515309999.99999994,0.148,20.94,86.16,11480000.0,7.495,8.00,10590000.0,underperform
1913,2013-02-06 13:12:36,1360174356.0,apol,20.05,66.63,1512.119995,17.28,49.349999999999994,9.59,5.70,0.54,2.19,9.84,16.70,16.22,31.72,35.32,1550000000.0,1550000000.0,7.70,0.74,0.37,1.81,0.37,2450000000.0,1.81,375180000.0,3.47,10.60,10.00,776010000.0,6.90,97800000.0,1.38,9.05,460190000.0,1.36,13.40,93.20,16820000.0,5.40,17.20,13450000.0,outperform
1914,2011-09-25 19:44:13,1316994253.0,apol,40.42,-27.61,1129.560059,28.98,-56.59,14.02,14.06,1.14,4.02,8.72,26.24,25.26,25.89,33.80,4470000000.0,4470000000.0,12.76,1.38,0.92,3.15,0.92,2800000000.0,3.15,428870000.0,2.94,18.50,7.60,1430000000.0,10.35,195270000.0,1.75,10.05,4470000000.0,0.12,14.37,82.20,7480000.0,3.20,N/A,8020000.0,underperform
1915,2007-02-20 07:01:31,1171972891.0,apol,46.93,47.41,1459.680054,-6.83,54.239999999999995,N/A,19.22,3.19,10.33,16.82,27.40,33.33,62.46,14.379,8050000000.000001,7580000000.0,N/A,1.26,3.02,9.681,3.02,1320000000.0,9.681,423070000.0,2.42,11.60,6.30,464110000.0,2.68,N/A,1.58,4.482,486440000.0,0.6,N/A,70.90,7210000.0,4.6,5.10,8500000.0,outperform
1916,2007-12-26 18:24:51,1198711491.0,apol,72.53,,1497.660034,-41.8,,N/A,30.75,5.35,21.95,15.01,22.97,28.62,66.03,15.808,12570000000.0,11680000000.0,N/A,1.79,4.29,16.762,4.29,1490000000.0,16.762,408810000.0,2.36,36.30,14.20,370600000.0,2.222,N/A,1.244,3.292,588620000.0,0.23,16.72,80.90,7740000.0,3.6,5.70,7560000.0,underperform
1917,2007-07-06 21:18:52,1183771132.0,apol,60.6,-9.6,1530.439941,-17.57,7.970000000000001,N/A,27.73,3.85,10.73,14.47,23.20,28.72,52.72,15.22,10500000000.0,9490000000.0,N/A,1.70,3.60,12.922,3.60,1360000000.0,12.922,381360000.0,2.19,N/A,12.20,649420000.0,3.748,N/A,1.738,5.45,519500000.0,0.51,N/A,80.70,7660000.0,3.8,5.50,7290000.0,outperform
1918,2009-03-21 15:03:36,1237662216.0,apol,70.43,-8.24,794.349976,46.77,-55.010000000000005,N/A,23.10,3.40,10.94,15.52,25.13,26.60,54.35,20.546,10840000000.0,10840000000.0,N/A,1.20,3.26,11.764,3.26,1770000000.0,11.764,517020000.0,3.16,29.00,24.40,798300000.0,5.004,N/A,1.489,6.498,898960000.0,20.52,13.98,87.10,12830000.0,3.2,9.50,10970000.0,underperform
1919,2007-06-04 17:04:47,1180991087.0,apol,47.44,-1.79,1539.180054,-10.49,8.7,N/A,21.83,3.26,10.36,14.93,23.84,32.09,61.26,14.765,8260000000.0,7870000000.0,N/A,1.34,3.08,10.83,3.08,1360000000.0,10.83,381380000.0,2.19,23.70,6.70,454230000.0,2.623,N/A,1.588,4.641,492340000.0,0.9,N/A,80.60,7290000.0,4.3,5.20,8570000.0,outperform
1920,2011-08-19 08:12:20,1313755940.0,apc,64.73,5.02,1123.530029,25.1,-20.080000000000002,59.18,39.76,2.75,1.55,6.98,20.11,2.95,4.22,24.39,43190000000.0,43190000000.0,15.43,2.44,3.57,6.78,3.57,8720000000.0,6.78,841000000.0,1.68,N/A,45.70,3410000000.0,6.84,13230000000.0,1.67,43.13,43190000000.0,1.50,0.33,86.30,6250000.0,1.80,1.20,6980000.0,underperform
1921,2006-10-28 02:52:41,1162018361.0,apc,44.6,22.04,1382.219971,9.56,12.479999999999999,0.289,7.39,2.78,1.79,37.49,56.61,12.51,25.26,16.969,21370000000.0,24780000000.0,N/A,0.84,3.15,4.144,3.15,6250000000.0,4.144,2830000000.0,6.30,60.70,29.80,671000000.0,1.46,3570000000.0,1.165,26.576,4590000000.0,0.92,0.48,81.40,7570000.0,1.6,1.70,9200000.0,outperform
1922,2003-10-27 03:51:53,1067244713.0,apc,19.38,72.14,1031.130005,7.75,64.39,0.719,9.11,2.25,1.36,25.53,44.76,6.32,16.61,17.942,10430000000.0,16010000000.000002,10.12,0.55,3.48,4.92,3.48,3110000000.0,4.92,1170000000.0,4.589,N/A,53.90,128000000.0,0.51,5620000000.0,0.664,30.61,N/A,0.481,0.57,81.43,4090000.0,1.638,1.65,4310000.0,outperform
1923,2012-11-23 10:15:36,1353683736.0,apc,73.47,22.09,1409.150024,26.41,-4.32,65.98,19.98,2.70,1.78,13.64,8.73,1.38,9.36,26.89,47890000000.0,47890000000.0,17.47,5.14,3.57,6.49,3.57,11290000000.0,6.49,1820000000.0,3.63,N/A,3.00,2530000000.0,5.07,14140000000.0,1.52,40.81,4030000000.0000005,2.13,0.29,85.90,7840000.0,2.60,1.60,6920000.0,underperform
1924,2012-11-16 22:00:39,1353121239.0,apc,69.08,30.82,1359.880005,31.04,-0.21999999999999886,65.98,19.31,2.62,1.72,13.64,8.73,1.38,9.36,26.89,46830000000.0,46830000000.0,16.93,4.99,3.49,6.34,3.49,11290000000.0,6.34,1820000000.0,3.63,N/A,3.00,2530000000.0,5.07,14140000000.0,1.52,40.81,4030000000.0000005,2.13,0.29,85.90,7840000.0,2.60,1.60,6920000.0,underperform
1925,2007-02-18 19:32:02,1171845122.0,apc,39.16,,1456.810059,-7.33,,1.542,3.95,1.87,1.28,47.65,47.97,7.51,21.54,22.146,19090000000.0,41640000000.0,N/A,1.20,4.09,6.377,4.09,6250000000.0,6.377,2790000000.0,10.46,119.10,42.90,491000000.0,1.063,22990000000.0,0.267,32.278999,N/A,0.77,0.34,75.80,10130000.0,1.7,2.20,7450000.0,underperform
1926,2007-05-01 11:54:25,1178034865.0,apc,44.06,44.78,1486.300049,-6.78,51.56,1.542,4.46,2.12,1.47,47.65,48.78,7.72,21.54,22.146,21610000000.0,44460000000.0,N/A,1.84,4.37,6.012,4.37,8490000000.0,6.012,2790000000.0,10.455,119.10,65.80,491000000.0,1.06,22990000000.0,0.275,31.834999,4890000000.0,0.95,0.33,81.90,10460000.0,1.9,2.30,8900000.0,outperform
1927,2011-10-19 20:36:56,1319071016.0,apc,76.2,-7.03,1209.880005,20.45,-27.48,59.18,46.14,3.24,1.83,6.98,20.11,2.95,4.22,24.39,49150000000.0,49150000000.0,22.52,1.11,4.06,7.72,4.06,8720000000.0,7.72,841000000.0,1.68,N/A,45.70,3410000000.0,6.84,13230000000.0,1.67,43.13,49150000000.0,1.48,0.33,86.30,8790000.0,1.90,1.80,9900000.0,underperform
1928,2008-01-23 22:48:13,1201146493.0,apc,51.7,-32.73,1338.599976,-38.18,5.450000000000003,0.909,4.46,2.24,1.61,48.78,27.78,3.74,26.03,25.005,25190000000.0,39520000000.0,N/A,1.61,3.41,5.868,3.41,8490000000.0,5.868,3890000000.0,12.12,63.60,23.30,1240000000.0,2.665,14690000000.0,0.481,34.563,3230000000.0,1.31,0.32,82.50,13190000.0,3.6,2.80,11300000.0,outperform
1929,2013-04-14 18:29:47,1365978587.0,apc,86.28,12.2,1593.369995,14.89,-2.6900000000000013,66.10,17.99,3.29,2.12,17.97,16.31,2.60,11.97,26.61,54730000000.0,54730000000.0,16.56,1.04,4.11,7.18,4.11,10720000000.0,7.18,2380000000.0,4.74,N/A,10.20,2470000000.0,4.94,14460000000.0,1.70,41.18,8340000000.0,2.34,0.33,86.70,7340000.0,2.20,1.40,7480000.0,underperform
1930,2012-06-22 05:28:32,1340357312.0,apc,60.96,39.91,1335.02002,22.02,17.889999999999997,72.70,N/A,2.28,1.58,5.04,19.71,3.25,2.90,28.23,42730000000.0,42730000000.0,11.99,0.67,3.04,5.10,3.04,11290000000.0,5.10,720000000.0,1.44,898.10,5.80,2960000000.0,5.92,15390000000.0,1.78,40.59,3110000000.0,2.12,0.28,87.70,6990000.0,1.50,1.40,6400000.0,outperform
1931,2007-07-18 00:00:46,1184731246.0,apc,51.54,15.77,1546.170044,-18.49,34.26,1.408,5.67,2.17,1.61,38.48,40.83,7.34,17.32,24.241,24340000000.0,41970000000.0,N/A,3.69,3.76,5.573,3.76,8490000000.0,5.573,2310000000.0,9.26,84.10,57.70,3620000000.0,7.803,21280000000.0,0.483,32.470001,4560000000.0,1.01,0.34,81.30,11960000.0,2.4,2.60,9090000.0,outperform
1932,2007-06-15 02:55:42,1181890542.0,apc,51.37,45.12,1532.910034,-12.88,58.0,1.408,5.70,2.14,1.58,38.48,40.83,7.34,17.32,24.241,24480000000.0,41560000000.0,N/A,1.72,3.72,5.518,3.72,8490000000.0,5.518,2310000000.0,9.26,84.10,57.70,3620000000.0,7.803,21280000000.0,0.483,32.470001,4560000000.0,1.13,0.34,81.40,9090000.0,1.9,2.00,10460000.0,outperform
1933,2005-03-06 05:42:18,1110105738.0,apc,37.12,25.16,1210.469971,5.6,19.560000000000002,0.395,12.78,3.26,2.08,26.47,47.49,7.67,17.77,24.099,20390000000.0,23280000000.0,12.73,1.51,3.84,5.38,3.84,4290000000.0,5.38,1600000000.0,6.37,55.50,32.70,874000000.0,3.49,3670000000.0,1.206,38.053001,3500000000.0,0.611,2.00,78.13,6050000.0,3.304,2.46,6700000.0,outperform
1934,2011-08-18 03:29:58,1313652598.0,apc,65.57,5.6,1140.650024,24.33,-18.729999999999997,59.18,43.22,2.95,1.67,6.98,20.11,2.95,4.22,24.39,45620000000.0,45620000000.0,16.77,2.44,3.77,7.16,3.77,8720000000.0,7.16,841000000.0,1.68,N/A,45.70,3410000000.0,6.84,13230000000.0,1.67,43.13,45620000000.0,1.50,0.33,86.30,6250000.0,1.80,1.20,6980000.0,underperform
1935,2013-05-16 15:24:29,1368732269.0,apc,86.74,13.63,1650.469971,13.78,-0.14999999999999858,66.12,64.61,3.25,2.10,5.11,15.40,2.42,3.43,27.20,55290000000.0,55290000000.0,16.69,0.97,4.06,7.29,4.06,10720000000.0,7.29,689000000.0,1.38,78.70,9.00,3740000000.0,7.45,14760000000.0,1.80,42.06,8950000000.0,2.35,0.33,86.70,8980000.0,2.60,1.80,7780000.0,underperform
1936,2005-01-23 01:45:43,1106462743.0,apc,30.03,69.9,1175.410034,7.52,62.38000000000001,0.475,10.85,2.79,1.71,26.03,46.26,7.12,16.99,22.677,16010000000.000002,20430000000.0,9.41,1.03,3.56,4.99,3.56,4290000000.0,4.99,1490000000.0,5.89,55.50,32.70,154000000.0,0.61,4480000000.0,0.598,37.334,3500000000.0,0.623,2.00,78.20,6720000.0,3.121,2.74,6000000.0,outperform
1937,2008-05-11 19:06:59,1210547219.0,apc,74.39,-36.56,1397.680054,-34.95,-1.6099999999999994,0.901,9.45,3.23,2.23,33.66,24.90,3.38,26.21,24.155,35730000000.0,49250000000.0,N/A,2.07,4.39,8.659,4.39,12410000000.0,8.659,3770000000.0,8.07,92.00,12.00,1270000000.0,2.709,14750000000.0,0.859,34.869999,2900000000.0,1.15,0.28,84.70,6940000.0,1.5,1.50,7730000.0,underperform
1938,2012-04-19 11:31:38,1334849498.0,apc,71.05,11.2,1376.920044,12.95,-1.75,86.55,N/A,2.60,2.00,19.08,17.94,3.01,12.71,27.88,49930000000.0,49930000000.0,13.98,0.67,3.60,6.17,3.60,11290000000.0,6.17,2650000000.0,5.32,N/A,34.40,2700000000.0,5.41,16430000000.0,1.42,36.35,2500000000.0,2.00,0.24,87.70,6820000.0,1.60,1.40,5360000.0,underperform
1939,2012-08-24 02:31:00,1345789860.0,apc,68.48,27.85,1411.130005,16.42,11.43,72.70,N/A,2.58,1.73,5.04,19.71,3.25,2.90,28.23,44270000000.0,44270000000.0,13.03,0.65,3.15,5.29,3.15,11290000000.0,5.29,720000000.0,1.44,898.10,5.80,2960000000.0,5.92,15390000000.0,1.78,40.50,3110000000.0,2.10,0.28,87.70,5980000.0,1.60,1.20,6270000.0,outperform
1940,2008-12-21 02:29:39,1229844579.0,apc,35.22,71.64,885.2800289999999,25.84,45.8,0.697,6.38,1.16,0.92,18.89,36.17,6.77,15.67,31.089,17059999999.999998,27820000000.0,N/A,1.15,1.92,3.269,1.92,12410000000.0,3.269,2690000000.0,5.82,350.10,133.80,1980000000.0,4.313,12700000000.0,0.8,39.672001,6880000000.0,1.24,0.34,85.20,13260000.0,1.3,2.90,12170000.0,outperform
1941,2011-05-13 21:22:08,1305336128.0,apc,72.45,-6.9,1337.77002,1.26,-8.16,60.68,141.34,3.38,1.77,2.39,14.93,1.99,1.54,22.05,46780000000.0,46780000000.0,17.98,1.28,4.28,8.52,4.28,8720000000.0,8.52,260000000.0,0.52,69.80,3.00,3460000000.0,6.96,13220000000.0,1.65,42.03,46780000000.0,1.47,0.33,86.30,4500000.0,1.40,0.90,4550000.0,underperform
1942,2004-12-16 20:03:30,1103245410.0,lll,62.99,-2.75,1203.209961,5.33,-8.08,0.673,22.27,1.33,2.49,5.58,11.14,5.51,12.65,59.555,8570000000.0,10370000000.0,18.79,1.49,1.60,12.44,1.60,771420000.0,12.44,360990000.0,3.341,55.90,26.20,367340000.0,3.19,2160000000.0,2.209,29.889999,536950000.0,0.267,6.65,76.61,2240000.0,2.847,2.08,3960000.0,underperform
1943,2011-07-02 05:32:42,1309599162.0,lll,80.1,-15.53,1307.410034,1.65,-17.18,59.72,10.71,0.59,1.37,5.99,11.05,7.05,13.86,139.24,12870000000.0,12870000000.0,9.87,1.34,0.82,6.55,0.82,1750000000.0,6.55,934000000.0,8.24,7.70,0.60,548000000.0,5.16,4139999999.9999995,1.86,63.67,12870000000.0,0.99,0.36,78.00,3920000.0,4.60,3.60,4059999.9999999995,underperform
1944,2007-03-07 07:14:45,1173269685.0,lll,72.89,25.64,1391.969971,-6.3,31.94,0.857,20.30,0.85,2.09,4.22,9.94,6.35,10.74,101.356,10690000000.0,14850000000.0,N/A,1.17,1.19,10.162,1.19,1230000000.0,10.162,526100000.0,4.22,14.70,16.70,348200000.0,2.796,4550000000.0,1.654,40.561001,1070000000.0000001,0.69,2.75,83.20,1940000.0,1.8,1.60,2710000.0,outperform
1945,2004-06-23 11:34:56,1088004896.0,lll,54.92,16.39,1144.060059,4.95,11.440000000000001,0.729,22.48,1.24,2.31,5.46,11.15,5.00,11.91,51.43,6840000000.0,8790000000.0,16.76,1.25,1.60,12.3,1.60,771420000.0,12.3,299910000.0,2.87,55.90,26.20,205470000.0,1.94,2160000000.0,2.141,27.966999,454740000.0,0.291,7.54,84.26,4830000.0,6.537,4.93,4540000.0,outperform
1946,2004-10-27 05:22:04,1098868924.0,lll,55.62,16.25,1125.400024,4.75,11.5,0.695,20.45,1.15,2.20,5.63,11.32,5.32,12.47,55.208,6880000000.0,8760000000.0,16.76,1.27,1.47,11.23,1.47,771420000.0,11.23,334600000.0,3.147,55.90,26.20,227960000.0,2.13,2150000000.0,2.204,29.01,491760000.0,0.3,6.38,82.31,3120000.0,5.057,3.11,3050000.0,outperform
1947,2013-05-13 10:59:38,1368457178.0,lll,81.08,47.79,1633.77002,16.14,31.65,65.34,9.97,0.57,1.37,6.09,10.33,5.75,12.80,139.93,10910000000.0,10910000000.0,10.28,7.39,0.83,6.88,0.83,1350000000.0,6.88,785000000.0,8.40,4.00,0.80,276000000.0,3.07,3650000000.0,1.83,61.11,1320000000.0,1.09,0.49,79.80,4750000.0,7.20,5.30,4370000.0,outperform
1948,2005-04-04 23:29:29,1112671769.0,lll,60.07,20.51,1176.119995,11.04,9.470000000000002,0.576,21.50,1.20,2.16,5.54,10.78,5.50,12.22,58.762,8289999999.999999,9800000000.0,15.53,1.21,1.42,11.36,1.42,771420000.0,11.36,381880000.0,3.31,55.90,26.20,653420000.0,5.6,2190000000.0,2.388,32.847,536950000.0,0.291,5.22,79.36,3300000.0,4.342,2.99,2870000.0,outperform
1949,2010-01-08 15:23:54,1262982234.0,lll,78.38,-15.58,1144.97998,11.49,-27.07,N/A,10.95,0.66,1.60,6.16,10.55,6.81,15.14,131.022,13510000000.0,13510000000.0,N/A,1.22,0.88,7.375,0.88,1560000000.0,7.375,949000000.0,8.00,19.00,4.90,1190000000.0,10.247,4520000000.0,1.637,54.780998,1330000000.0,0.89,0.79,85.60,1670000.0,1.7,1.40,1580000.0,underperform
1950,2004-05-22 20:08:01,1085270881.0,lll,50.95,13.15,1088.680054,9.41,3.74,0.729,21.34,1.17,2.29,5.46,11.15,5.00,11.91,51.43,6450000000.0,8439999999.999999,15.99,1.19,1.54,11.81,1.54,771420000.0,11.81,299910000.0,2.87,55.90,26.20,205470000.0,1.94,2160000000.0,2.141,26.52,456060000.0,0.291,7.54,85.34,4540000.0,6.352,4.64,5210000.0,outperform
1951,2007-04-13 20:38:05,1176511085.0,lll,77.28,25.65,1452.849976,-6.77,32.42,0.857,21.33,0.89,2.10,4.22,9.94,6.35,10.74,101.356,11200000000.0,15290000000.0,N/A,1.23,1.23,10.46,1.23,1280000000.0,10.46,526100000.0,4.216,14.70,16.70,348200000.0,2.796,4550000000.0,1.654,42.476002,1070000000.0000001,0.88,2.75,83.10,1490000.0,1.6,1.20,1940000.0,outperform
1952,2011-05-02 02:05:37,1304316337.0,lll,74.25,-6.6,1361.219971,3.28,-9.879999999999999,60.50,9.72,0.56,1.29,6.09,11.16,7.21,14.30,137.18,12230000000.0,12230000000.0,8.97,1.20,0.78,6.18,0.78,1750000000.0,6.18,950000000.0,8.25,18.10,1.10,607000000.0,5.60,4150000000.0000005,1.86,62.27,12230000000.0,1.00,0.36,78.00,3680000.0,4.50,3.40,3630000.0,underperform
1953,2013-04-22 01:36:30,1366608990.0,vtr,73.17,-14.75,1562.5,20.29,-35.04,90.82,64.06,9.07,2.52,14.50,27.91,2.41,3.25,8.57,31420000000.0,31420000000.0,18.56,3.20,12.56,22.98,12.56,1500000000.0,22.98,305570000.0,1.23,55.30,17.30,67910000.0,0.23,8410000000.0,2.19,30.90,992820000.0,0.54,1.78,101.20,6370000.0,4.50,2.50,7150000.0,underperform
1954,2005-09-06 21:28:05,1126056485.0,vtr,20.58,29.74,1233.390015,5.42,24.32,2.797,21.89,12.24,4.75,48.21,76.74,6.22,27.08,3.075,3310000000.0,5050000000.0,N/A,1.95,19.21,20.879,19.21,236860000.0,20.879,106260000.0,1.47,5.50,26.50,0.008,0.008,1830000000.0,2.288,6.576,179620000.0,N/A,0.94,84.00,2730000.0,4.1,2.70,1900000.0,outperform
1955,2004-09-08 02:15:47,1094624147.0,vtr,16.74,21.21,1116.27002,10.34,10.870000000000001,6.57,24.30,10.41,17.70,42.40,42.40,10.47,204.34,2.684,2330000000.0,3140000000.0,14.63,1.93,14.23,15.9,14.23,196700000.0,15.9,93560000.0,1.138,29.90,3.90,8880000.0,0.11,851680000.0,N/A,1.542,133880000.0,0.044,25.84,82.68,1680000.0,4.8,2.69,1670000.0,outperform
1956,2005-02-12 11:17:40,1108225060.0,vtr,16.29,21.18,1191.98999,6.02,15.16,6.559,25.35,9.96,17.01,39.50,39.50,9.23,108.13,2.669,2250000000.0,3070000000.0,13.86,1.82,13.78,15.55,13.78,196700000.0,15.55,87860000.0,1.05,29.90,3.90,3800000.0,0.05,853770000.0,N/A,1.543,154070000.0,0.111,3.00,81.66,1750000.0,6.206,2.14,1970000.0,outperform
1957,2007-03-20 18:12:16,1174428736.0,vtr,29.93,9.19,1410.939941,-7.97,17.16,3.281,34.52,10.63,6.41,30.68,65.22,5.99,19.09,4.111,4600000000.0,6880000000.0,N/A,2.29,16.07,17.114,16.07,417820000.0,17.114,131430000.0,1.25,13.60,22.60,1250000.0,0.012,2330000000.0,0.888,6.688,238870000.0,0.65,0.88,92.20,3030000.0,3.7,2.90,2640000.0,outperform
1958,2013-04-30 18:29:07,1367360947.0,vtr,73.65,-13.22,1597.569946,17.93,-31.15,90.36,60.63,8.92,2.62,14.67,28.29,2.58,4.06,8.95,31430000000.0,31430000000.0,18.59,3.27,11.99,21.87,11.99,1500000000.0,21.87,376130000.0,1.31,23.80,19.90,57690000.0,0.20,8300000000.000001,0.67,30.14,978160000.0,0.54,1.78,101.20,6050000.0,4.50,2.40,6370000.0,underperform
1959,2004-01-28 14:28:12,1075318092.0,vtr,14.34,8.58,1128.47998,4.08,4.5,N/A,19.55,9.29,N/A,46.48,46.45,11.50,N/A,2.681,1930000000.0,2600000000.0,14.71,1.95,12.51,12.73,12.51,196700000.0,12.73,96700000.0,1.234,29.90,3.90,10100000.0,0.13,679360000.0,N/A,0.3,127550000.0,0.086,25.72,76.69,2000000.0,5.661,3.37,1660000.0,outperform
1960,2007-04-05 23:33:32,1175830412.0,vtr,29.35,17.79,1443.76001,-5.08,22.869999999999997,3.281,33.78,10.49,6.32,30.68,65.22,5.99,19.09,4.111,4510000000.0,6820000000.0,N/A,2.25,15.92,16.961,15.92,417820000.0,16.961,131430000.0,1.25,13.60,22.60,1250000.0,0.012,2330000000.0,0.888,6.688,238870000.0,0.69,0.88,92.20,3100000.0,3.1,2.90,3030000.0,outperform
1961,2005-04-13 16:24:31,1113423871.0,vtr,16.22,29.65,1173.790039,9.83,19.82,5.262,21.42,9.38,13.83,42.29,42.29,9.13,71.55,2.808,2170000000.0,3060000000.0,11.57,1.74,12.92,14.17,12.92,236860000.0,14.17,100170000.0,1.19,25.70,15.50,3370000.0,0.04,843180000.0,N/A,1.894,149960000.0,0.156,3.06,83.37,2310000.0,7.337,2.81,2060000.0,outperform
1962,2004-10-10 14:17:22,1097432242.0,vtr,16.28,23.46,1130.650024,5.01,18.450000000000003,6.57,23.20,10.08,17.14,42.40,42.40,10.47,204.34,2.684,2220000000.0,3060000000.0,13.97,1.86,13.89,15.51,13.89,196700000.0,15.51,93560000.0,1.138,29.90,3.90,8880000.0,0.11,851680000.0,N/A,1.542,133880000.0,0.074,25.84,82.79,1590000.0,6.298,2.54,1680000.0,outperform
1963,2010-09-25 13:40:13,1285436413.0,vtr,43.55,-1.93,1134.280029,-0.42,-1.51,106.81,38.19,8.31,3.30,22.32,42.50,4.63,8.49,6.15,10850000000.0,10850000000.0,17.64,3.26,11.29,17.61,11.29,633280000.0,17.61,208360000.0,1.37,34.30,5.40,27790000.0,0.18,2580000000.0,1.50,15.40,10850000000.0,1.49,0.85,102.80,10840000.0,8.40,7.80,10800000.0,underperform
1964,2006-11-01 00:47:15,1162360035.0,vtr,26.28,11.61,1367.810059,10.28,1.33,2.897,30.24,10.34,6.24,34.24,63.52,5.95,19.76,3.786,4050000000.0,5940000000.0,N/A,2.31,15.13,16.235,15.13,330410000.0,16.235,128919999.99999999,1.29,8.10,33.80,1930000.0,0.019,1880000000.0,1.036,6.251,228820000.0,0.95,1.01,96.00,2069999.9999999998,3.4,2.00,2020000.0,outperform
1965,2012-06-20 19:55:30,1340236530.0,xrx,7.34,21.25,1355.689941,17.15,4.100000000000001,75.57,8.64,0.46,0.86,5.66,8.11,3.70,10.21,16.51,18640000000.0,18640000000.0,6.36,1.50,0.82,5.90,0.82,7430000000.0,5.90,1260000000.0,0.90,4.30,0.70,1510000000.0,1.12,9630000000.0,1.53,9.10,1980000000.0,1.72,3.73,85.20,26770000.0,1.90,2.00,24160000.0,outperform
1966,2005-04-03 20:12:45,1112573565.0,xrx,13.08,-0.31,1180.589966,9.93,-10.24,1.52,18.88,0.92,2.32,3.98,6.14,2.57,16.11,15.387,14330000000.0,21950000000.0,13.61,1.44,1.40,13.3,1.40,6730000000.0,13.3,703000000.0,0.79,138.60,0.10,3220000000.0,3.36,10840000000.0,1.735,6.531,1750000000.0,2.323,1.95,82.04,18570000.0,5.607,1.98,17540000.0,underperform
1967,2013-04-12 01:25:19,1365744319.0,xrx,8.73,29.78,1588.849976,17.83,11.950000000000003,70.67,10.51,0.49,0.95,5.34,7.85,3.65,10.03,17.20,18210000000.0,18210000000.0,7.79,1.41,0.81,5.95,0.81,7030000000.0,5.95,1170000000.0,0.88,10.70,0.70,1250000000.0,1.02,8490000000.0,1.40,9.41,2580000000.0,1.87,4.09,86.40,16820000.0,2.00,1.40,23150000.0,outperform
1968,2011-09-04 00:00:41,1315108841.0,xrx,7.5,,1204.420044,16.78,,69.01,11.38,0.51,0.88,4.54,8.26,3.80,8.35,16.16,19310000000.0,19310000000.0,6.48,0.35,0.86,6.39,0.86,7450000000.0,6.39,997000000.0,0.70,40.50,1.90,1100000000.0,0.78,9310000000.0,1.31,9.25,19310000000.0,1.79,3.71,84.40,25380000.0,1.20,1.80,23250000.0,underperform
1969,2009-03-26 00:32:49,1238041969.0,xrx,4.67,87.37,832.8599849999999,40.07,47.300000000000004,N/A,18.99,0.23,0.64,1.31,8.38,4.01,3.10,19.885,11820000000.0,11820000000.0,N/A,0.53,0.67,6.402,0.67,7160000000.0,6.402,230000000.0,0.26,99.70,10.50,1230000000.0,1.421,9030000000.0,1.495,7.213,939000000.0,1.45,0.42,86.80,16850000.0,2.9,2.00,14190000.0,outperform
1970,2012-01-04 00:41:43,1325655703.0,xrx,7.62,-9.71,1277.300049,14.25,-23.96,69.30,11.07,0.49,0.87,4.82,8.36,3.85,8.76,16.22,19450000000.0,19450000000.0,7.01,0.35,0.86,6.33,0.86,7450000000.0,6.33,1070000000.0000001,0.74,28.00,2.90,785000000.0,0.57,9200000000.0,1.27,9.20,1990000000.0,1.80,3.71,84.40,16350000.000000002,1.60,1.20,17080000.0,underperform
1971,2005-03-06 06:32:29,1110108749.0,xrx,13.21,-3.1,1210.469971,5.6,-8.7,1.52,19.32,0.93,2.34,3.98,6.14,2.57,16.11,15.387,14670000000.0,22290000000.0,13.68,1.46,1.42,13.5,1.42,6730000000.0,13.5,703000000.0,0.79,138.60,0.10,3220000000.0,3.36,10840000000.0,1.735,6.531,1750000000.0,2.325,1.95,82.95,17540000.0,5.326,1.87,21270000.0,underperform
1972,2012-10-21 06:38:36,1350815916.0,xrx,7.0,53.43,1457.339966,19.72,33.71,73.31,7.71,0.43,0.80,5.64,7.95,3.68,10.04,16.68,17470000000.0,17470000000.0,6.02,5.58,0.77,5.57,0.77,7430000000.0,5.57,1250000000.0,0.91,3.10,1.30,814000000.0,0.62,9160000000.0,1.49,9.19,1860000000.0,1.64,3.93,87.70,47440000.0,4.90,3.60,51200000.0,outperform
1973,2013-05-09 21:27:09,1368149229.0,xrx,8.67,34.6,1626.670044,15.48,19.12,71.19,9.75,0.49,0.94,5.49,7.58,3.47,10.08,17.46,18030000000.0,18030000000.0,7.63,1.13,0.81,6.01,0.81,7030000000.0,6.01,1200000000.0,0.92,10.00,2.70,993000000.0,0.81,8539999999.999999,1.47,9.37,2510000000.0,1.86,4.09,86.40,15500000.0,1.90,1.30,16820000.0,outperform
1974,2007-03-12 02:38:30,1173681510.0,xrx,14.92,-16.02,1406.599976,-6.11,-9.91,1.097,14.03,1.01,2.25,7.61,9.62,4.70,16.94,16.841,16170000000.000002,22410000000.0,N/A,1.35,1.41,9.832,1.41,6760000000.0,9.832,1180000000.0,1.22,24.10,3.00,1540000000.0,1.619,7770000000.0,1.863,7.483,1620000000.0,1.26,0.32,83.30,5540000.0,1.3,0.60,5670000.0,underperform
1975,2013-04-22 01:29:57,1366608597.0,xrx,8.29,37.88,1562.5,20.29,17.590000000000003,70.67,9.59,0.47,0.92,5.34,7.85,3.65,10.03,17.20,17600000000.0,17600000000.0,7.05,1.03,0.79,5.75,0.79,7030000000.0,5.75,1170000000.0,0.88,10.70,0.70,1250000000.0,1.02,8490000000.0,1.40,9.41,2580000000.0,1.87,4.09,86.40,16820000.0,2.00,1.40,23150000.0,outperform
1976,2004-12-01 06:29:15,1101900555.0,xrx,13.32,-4.13,1191.369995,6.15,-10.280000000000001,2.211,19.82,0.84,2.92,4.01,6.20,2.60,18.51,16.444,12870000000.0,21690000000.0,16.30,1.84,1.38,13.03,1.38,7120000000.0,13.03,674000000.0,0.773,N/A,6.80,3400000000.0,4.04,11930000000.0,1.552,5.364,1900000000.0,2.168,1.81,92.37,55970000.0,14.126,6.78,53920000.0,underperform
1977,2005-02-12 05:27:08,1108204028.0,xrx,12.95,-4.4,1191.98999,6.02,-10.42,1.52,19.08,0.81,2.80,3.98,6.14,2.57,16.11,16.282,12710000000.0,20260000000.0,13.51,1.44,1.29,12.27,1.29,7120000000.0,12.27,703000000.0,0.79,N/A,6.80,3220000000.0,3.83,10840000000.0,1.735,5.364,1900000000.0,2.325,1.81,92.41,21270000.0,6.116,2.58,23660000.0,underperform
1978,2004-05-16 20:45:03,1084754703.0,xrx,11.08,6.77,1096.439941,6.32,0.4499999999999993,2.5,20.69,0.65,2.87,3.31,5.01,2.14,16.87,19.32,10280000000.0,21760000000.0,14.28,1.62,1.38,14.37,1.38,7120000000.0,14.37,505000000.0,0.621,N/A,6.80,2300000000.0,2.87,12400000000.0,1.44,4.475,1960000000.0,1.962,1.00,88.35,49440000.0,13.809,6.24,49510000.0,outperform
1979,2007-04-08 13:26:52,1176053212.0,xrx,14.97,-13.69,1443.76001,-4.93,-8.76,1.097,14.27,1.04,2.32,7.61,9.62,4.70,16.94,16.841,16450000000.0,22680000000.0,N/A,1.27,1.43,9.952,1.43,6760000000.0,9.952,1180000000.0,1.22,24.10,3.00,1540000000.0,1.619,7770000000.0,1.863,7.483,1620000000.0,1.34,0.32,83.40,6550000.0,1.5,0.70,5540000.0,underperform
1980,2011-05-23 06:06:41,1306145201.0,xrx,9.18,-26.36,1317.369995,-0.06,-26.3,71.18,15.90,0.64,1.15,4.15,8.20,3.73,7.77,16.22,22430000000.0,22430000000.0,8.15,0.64,1.00,7.52,1.00,7450000000.0,7.52,905000000.0,0.64,N/A,15.80,0.0,0.71,9260000000.0,1.51,8.93,22430000000.0,1.68,3.71,84.40,16960000.0,1.30,1.20,18270000.0,underperform
1981,2003-12-15 02:10:58,1071472258.0,xrx,10.28,36.87,1068.040039,12.67,24.199999999999996,3.352,106.96,0.61,3.61,1.21,1.14,0.76,4.78,19.958,9490000000.0,21260000000.0,16.94,3.03,1.36,103.7,1.36,7120000000.0,103.7,101000000.0,0.112,N/A,6.80,2270000000.0,2.87,13530000000.0,1.477,3.33,N/A,1.929,1.00,88.92,55370000.0,10.192,7.06,57330000.0,outperform
1982,2011-11-17 08:00:51,1321534851.0,xrx,7.37,-19.54,1216.130005,11.82,-31.36,69.30,10.82,0.50,0.89,4.82,8.36,3.85,8.76,16.22,19710000000.0,19710000000.0,6.85,0.36,0.87,6.41,0.87,7450000000.0,6.41,1070000000.0000001,0.74,28.00,2.90,785000000.0,0.57,9200000000.0,1.27,9.20,19710000000.0,1.79,3.71,84.40,18830000.0,1.10,1.40,18160000.0,underperform
1983,2009-12-07 06:39:14,1260185954.0,gps,19.62,0.0,1103.25,10.92,-10.92,N/A,15.40,1.07,3.00,7.07,11.61,12.27,21.34,20.097,12800000000.0,12800000000.0,N/A,1.22,0.91,5.581,0.91,5450000000.0,5.581,993000000.0,1.41,24.80,0.80,2400000000.0,3.436,N/A,2.043,7.136,1730000000.0,1.22,29.16,67.30,12590000.0,1.4,2.70,11850000.0,underperform
1984,2013-05-09 14:04:18,1368122658.0,gps,37.66,6.45,1626.670044,15.48,-9.030000000000001,43.06,16.77,1.15,6.20,7.25,12.46,16.37,40.18,32.47,17790000000.0,17790000000.0,13.31,1.38,1.14,7.09,1.14,6170000000.0,7.09,1140000000.0,2.33,61.00,10.30,1510000000.0,3.25,1250000000.0,1.76,6.25,1940000000.0,1.25,37.23,52.40,7860000.0,2.10,3.00,9680000.0,underperform
1985,2011-10-23 19:57:21,1319414241.0,gps,17.25,101.8,1215.390015,17.97,83.83,52.69,10.20,0.63,3.08,7.42,12.42,15.09,29.26,24.98,9010000000.0,9010000000.0,11.01,1.50,0.61,3.70,0.61,5890000000.0,3.70,1090000000.0,1.83,19.20,2.10,2180000000.0,4.27,1650000000.0,2.17,5.93,9010000000.0,1.30,34.73,64.00,28620000.0,3.60,N/A,28160000.0,outperform
1986,2004-12-04 23:36:39,1102221399.0,gps,18.78,-21.94,1191.369995,6.15,-28.090000000000003,0.357,18.27,1.20,3.68,6.93,11.32,10.95,22.58,16.311,19410000000.0,18000000000.0,14.61,1.02,1.11,6.8,1.11,5970000000.0,6.8,1130000000.0,1.176,115.70,9.70,2730000000.0,3.11,1890000000.0,2.799,5.873,2080000000.0,1.542,25.66,63.16,23360000.0,3.358,3.58,24950000.0,underperform
1987,2008-04-23 23:20:09,1209007209.0,gps,16.26,-16.11,1379.930054,-38.26,22.15,0.044,17.66,0.84,3.11,5.29,8.56,10.29,18.35,19.928,13620000000.0,11610000000.0,N/A,1.19,0.74,6.434,0.74,5690000000.0,6.434,867000000.0,1.05,21.00,5.00,1900000000.0,2.586,188000000.0,1.679,5.823,2080000000.0,0.64,32.32,62.60,28870000.0,2.7,4.70,23150000.0,outperform
1988,2005-05-27 05:59:19,1117187959.0,gps,17.76,-12.78,1198.780029,4.99,-17.77,0.085,17.86,1.14,3.19,6.96,11.26,11.18,20.89,16.677,18340000000.0,16440000000.000002,13.35,1.12,1.01,6.38,1.01,6380000000.0,6.38,1130000000.0,1.20,11.70,2.60,2610000000.0,3.04,513000000.0,2.675,6.776,1620000000.0,1.546,26.23,64.25,12290000.0,2.235,1.94,12370000.0,underperform
1989,2007-05-29 12:12:51,1180455171.0,gps,15.86,0.76,1518.109985,-8.38,9.14,0.099,19.53,0.93,2.86,4.88,7.36,8.84,14.68,19.183,14830000000.0,12740000000.0,N/A,1.50,0.80,7.248,0.80,5650000000.0,7.248,778000000.0,0.93,35.20,2.30,2600000000.0,3.188,513000000.0,2.213,6.357,1250000000.0,0.96,46.60,56.90,15350000.0,2.2,2.50,14140000.0,outperform
1990,2013-04-23 05:01:26,1366707686.0,gps,35.68,8.46,1578.780029,18.79,-10.329999999999998,43.06,15.76,1.10,5.92,7.25,12.46,16.37,40.18,32.47,16950000000.0,16950000000.0,12.51,1.35,1.08,6.76,1.08,6170000000.0,6.76,1140000000.0,2.33,61.00,10.30,1510000000.0,3.25,1250000000.0,1.76,6.25,1940000000.0,1.25,37.23,52.40,9680000.0,2.10,N/A,10990000.0,underperform
1991,2007-02-19 02:26:45,1171870005.0,gps,,,1455.540039,-7.33,,0.099,18.99,1.02,3.16,5.67,8.39,9.23,16.95,18.752,16230000000.0,14320000000.0,N/A,1.67,0.90,7.323,0.90,5870000000.0,7.323,897000000.0,1.05,10.80,0.10,2430000000.0,2.993,513000000.0,1.928,6.319,1840000000.0,0.88,46.91,58.00,21320000.0,3.1,3.20,22330000.0,underperform
1992,2012-11-27 12:56:02,1354038962.0,gps,33.83,18.0,1398.939941,29.19,-11.190000000000001,39.48,17.41,1.12,5.41,6.59,11.36,13.79,34.43,31.28,16579999999.999998,16579999999.999998,14.02,1.74,1.09,7.20,1.09,5270000000.0,7.20,1000000000.0,2.05,59.60,7.80,1770000000.0,3.69,1250000000.0,1.84,6.59,1950000000.0,1.24,37.11,56.40,6090000.0,1.40,2.10,6880000.0,underperform
1993,2007-04-05 15:54:46,1175802886.0,gps,15.22,9.86,1443.76001,-5.08,14.94,0.099,18.99,0.91,2.79,4.88,7.36,8.45,14.68,19.183,14390000000.0,12370000000.0,N/A,1.45,0.78,7.262,0.78,5870000000.0,7.262,778000000.0,0.93,35.20,2.30,2640000000.0,3.248,513000000.0,2.213,6.356,1250000000.0,0.88,46.71,58.60,14140000.0,2.1,2.10,16270000.0,outperform
1994,2010-12-18 02:56:31,1292658991.0,gps,19.35,-10.39,1235.22998,-1.58,-8.81,N/A,11.77,0.91,3.04,8.19,13.59,15.29,25.54,22.17,11370000000.0,11370000000.0,10.98,1.07,0.78,4.32,0.78,5720000000.0,4.32,1190000000.0,1.80,1.30,1.80,1650000000.0,2.66,0.00,1.86,6.98,11370000000.0,1.25,30.57,62.90,16450000.0,1.70,4.80,21480000.0,underperform
1995,2010-12-16 21:29:24,1292552964.0,gps,19.63,-11.92,1242.869995,-1.87,-10.05,N/A,11.81,0.90,3.00,8.19,13.59,15.29,25.54,22.17,11370000000.0,11370000000.0,11.07,1.05,0.78,4.32,0.78,5720000000.0,4.32,1190000000.0,1.80,1.30,1.80,1650000000.0,2.66,0.00,1.86,6.98,11370000000.0,1.25,30.57,62.90,16450000.0,1.70,4.80,21480000.0,underperform
1996,2006-11-30 08:48:56,1164894536.0,gps,16.01,10.87,1400.630005,5.75,5.119999999999999,0.099,17.94,0.99,3.02,5.67,8.48,9.18,16.95,18.752,15680000000.0,13760000000.0,N/A,1.34,0.87,7.065,0.87,5870000000.0,7.065,897000000.0,1.06,10.80,0.10,2430000000.0,2.951,513000000.0,1.928,6.318,1840000000.0,0.91,26.26,60.10,20920000.0,2.8,3.10,11970000.0,outperform
1997,2011-12-28 20:33:46,1325122426.0,gps,17.85,65.49,1249.640015,13.48,52.00999999999999,62.35,10.88,0.64,3.50,6.70,11.37,13.52,27.99,26.22,9550000000.0,9550000000.0,10.74,1.57,0.65,4.22,0.65,5890000000.0,4.22,980000000.0,1.74,36.30,1.90,1420000000.0,2.90,1660000000.0,1.84,5.44,1450000000.0,1.29,34.73,64.00,25110000.0,4.00,6.40,28100000.0,outperform
1998,2012-03-09 22:08:26,1331348906.0,hig,19.08,22.9,1370.869995,12.44,10.459999999999999,28.54,15.44,0.40,0.39,3.03,3.63,0.16,2.67,49.12,25700000000.0,25700000000.0,5.42,0.75,1.18,17.59,1.18,8590000000.0,17.59,534000000.0,1.30,N/A,N/A,41010000000.0,93.16,6540000000.0,7.30,50.51,2270000000.0,2.74,0.06,92.40,24840000.0,2.70,5.60,27350000.0,outperform
1999,2005-02-04 07:43:06,1107520986.0,hig,57.25,17.47,1203.030029,6.6,10.87,0.361,10.33,0.95,1.48,9.23,10.82,0.85,15.79,72.705,20360000000.0,24470000000.0,8.60,0.78,1.15,N/A,1.15,16309999999.999998,N/A,1970000000.0,6.71,97.20,6.00,819000000.0,2.79,4930000000.0,N/A,46.5,2620000000.0,1.455,0.28,85.15,6400000.0,6.199,2.18,5470000.0,outperform
2000,2008-12-08 17:33:05,1228775585.0,hig,13.49,62.49,909.7000119999999,20.03,42.46,0.539,N/A,0.31,0.35,9.41,16.50,0.44,8.56,46.231,4860000000.0,29820000000.0,N/A,0.34,2.08,16.648,2.08,25920000000.0,16.648,1350000000.0,4.35,N/A,N/A,40970000000.0,136.409,6770000000.0,7.794,41.806999,4360000000.0,2.73,0.31,88.80,7190000.0,0.2,2.40,4430000.0,outperform
2001,2012-06-16 07:12:11,1339845131.0,hig,16.03,82.47,1314.880005,24.45,58.019999999999996,30.79,38.22,0.32,0.36,1.11,1.74,0.08,1.58,52.29,23990000000.0,23990000000.0,4.62,0.34,1.03,23.02,1.03,N/A,23.02,292000000.0,0.45,80.80,21.60,38040000000.0,86.28,6550000000.0,5.34,46.99,2940000000.0,2.38,8.57,83.00,26510000.0,3.70,6.70,30800000.0,outperform
2002,2008-11-02 23:35:07,1225686907.0,hig,8.99,153.62,968.75,7.65,145.97,0.421,1.53,0.14,0.17,10.39,14.49,0.55,12.03,65.521,3110000000.0,33869999999.999996,N/A,0.21,1.65,8.542,1.65,25920000000.0,8.542,2130000000.0,6.76,13.40,2.00,44060000000.0,146.249,7080000000.0,7.676,55.499001,5310000000.0,2.79,0.26,91.60,3730000.0,0.4,1.20,3240000.0,outperform
2003,2011-09-01 02:38:09,1314859089.0,hig,17.21,0.23,1204.420044,16.78,-16.55,32.42,5.48,0.35,0.41,7.41,9.95,0.48,8.08,55.26,27430000000.0,27430000000.0,4.87,0.60,1.12,8.82,1.12,10130000000.0,8.82,1600000000.0,3.49,68.40,65.40,43040000000.0,96.62,7030000000.0,7.20,47.43,27430000000.0,3.45,0.13,88.50,22010000.0,2.60,4.90,20340000.0,underperform
2004,2006-08-22 00:52:03,1156222323.0,hig,68.27,12.3,1298.819946,12.72,-0.41999999999999993,0.31,11.74,0.97,1.67,8.33,11.67,0.69,14.27,88.026,25470000000.0,482920000.0,N/A,0.83,0.02,0.128,0.02,27080000000.0,0.128,2210000000.0,7.13,20.90,18.00,29990000000.0,98.581,4760000000.0,5.533,50.580002,4830000000.0,1.52,0.22,90.20,7150000.0,4.7,2.40,7180000.0,underperform
2005,2008-12-04 06:07:36,1228388856.0,hig,6.54,247.4,845.2199710000001,30.85,216.55,0.539,N/A,0.14,0.16,9.41,16.50,0.44,8.56,46.231,2080000000.0,32119999999.999996,N/A,0.15,2.24,17.934,2.24,25920000000.0,17.934,1350000000.0,4.35,N/A,N/A,40970000000.0,136.409,6770000000.0,7.794,41.806999,4360000000.0,2.73,0.31,88.80,7190000.0,0.2,2.40,4430000.0,outperform
2006,2006-08-22 09:53:58,1156254838.0,hig,68.27,12.3,1298.819946,12.72,-0.41999999999999993,0.31,11.74,0.96,1.65,8.33,11.67,0.69,14.27,88.026,25470000000.0,236480000.0,N/A,0.83,0.01,0.063,0.01,27080000000.0,0.063,2210000000.0,7.13,20.90,18.00,29990000000.0,98.581,4760000000.0,5.533,50.580002,4830000000.0,1.52,0.22,90.20,7150000.0,4.7,2.40,7180000.0,underperform
2007,2013-05-21 10:08:44,1369145324.0,hig,30.1,12.59,1669.160034,13.11,-0.5199999999999996,30.88,N/A,0.54,0.66,1.42,5.03,0.27,1.76,60.36,14010000000.0,14010000000.0,8.79,1.15,0.53,8.02,0.53,N/A,8.02,413000000.0,0.96,N/A,0.70,34670000000.0,76.06,6460000000.0,7.57,46.78,1730000000.0,2.09,3.61,96.80,31400000.0,4.20,7.20,32200000.000000004,underperform
2008,2009-02-13 07:58:26,1234529906.0,hig,11.31,87.89,826.840027,29.18,58.71,N/A,N/A,0.28,0.32,9.41,16.50,0.44,8.56,46.231,3770000000.0,30430000000.0,N/A,0.22,2.12,16.99,2.12,25920000000.0,16.99,1350000000.0,4.35,N/A,N/A,40970000000.0,136.311,6770000000.0,7.794,41.806999,4360000000.0,2.96,0.31,85.70,15470000.0,1.1,5.20,13680000.0,outperform
2009,2009-01-24 03:51:29,1232787089.0,hig,12.24,92.32,840.23999,32.88,59.43999999999999,0.539,N/A,0.26,0.29,9.41,16.50,0.44,8.56,46.231,4240000000.0,30540000000.0,N/A,0.26,2.13,17.051,2.13,25920000000.0,17.051,1350000000.0,4.35,N/A,N/A,40970000000.0,136.311,6770000000.0,7.794,41.806999,4360000000.0,2.95,0.31,89.10,14800000.0,4.90,4.90,14110000.0,outperform
2010,2005-03-06 22:14:18,1110165258.0,hig,58.61,14.5,1210.469971,5.6,8.9,0.346,10.13,0.95,1.50,9.42,11.12,0.88,16.36,76.407,21570000000.0,25350000000.0,9.05,0.82,1.12,N/A,1.12,16309999999.999998,N/A,2140000000.0000002,7.20,97.20,6.00,1150000000.0,3.88,4930000000.0,N/A,48.394001,2620000000.0,1.405,0.27,89.34,7910000.0,5.554,2.68,6400000.0,outperform
2011,2006-06-26 13:57:36,1151344656.0,hig,67.81,22.59,1250.560059,19.38,3.210000000000001,0.309,10.89,0.90,1.62,8.46,11.98,0.74,15.77,92.126,25040000000.0,73590000.0,N/A,0.78,0.00,0.019,0.00,27080000000.0,0.019,2340000000.0,7.58,9.30,9.00,29640000000.0,97.782,4770000000.0,6.168,50.865002,4430000000.0,1.51,0.22,90.10,7570000.0,4.1,2.50,7320000.0,outperform
2012,2012-08-19 15:42:41,1345405361.0,hig,17.01,74.25,1415.51001,16.29,57.96,33.73,N/A,0.35,0.36,0.55,5.62,0.25,0.55,50.63,21890000000.0,21890000000.0,4.87,0.40,0.98,12.21,0.98,N/A,12.21,79000000.0,0.04,N/A,15.30,37020000000.0,84.94,7410000000.0,4.70,49.14,2550000000.0,2.14,8.57,83.00,30330000.0,5.00,7.60,26980000.0,outperform
2013,2007-07-12 01:09:54,1184216994.0,hig,83.06,-40.08,1547.699951,-19.91,-20.169999999999998,0.26,10.68,1.15,1.62,10.83,15.36,0.82,16.89,85.314,30680000000.0,1020000000.0,N/A,0.91,0.04,0.213,0.04,26500000000.0,0.213,2890000000.0,9.07,20.30,3.30,34520000000.0,108.999,4910000000.0,7.146,59.584999,5580000000.0,1.36,0.21,87.10,2069999.9999999998,1.6,0.70,2340000.0,underperform
2014,2004-08-03 23:10:59,1091589059.0,hig,51.29,29.44,1099.689941,13.22,16.22,0.381,9.64,0.94,1.39,9.41,12.38,0.88,16.49,70.93,18790000000.0,23370000000.0,8.92,0.82,1.16,N/A,1.16,16309999999.999998,N/A,1900000000.0,6.674,97.20,6.00,638000000.0,2.18,5150000000.0,N/A,46.41,3330000000.0,1.5,0.28,85.60,5800000.0,4.307,1.99,4840000.0,outperform
2015,2011-04-30 18:17:31,1304201851.0,hig,26.1,-24.29,1355.660034,3.27,-27.56,34.53,11.63,0.57,0.65,7.51,13.18,0.59,8.80,51.87,23510000000.0,23510000000.0,7.19,0.87,1.05,6.63,1.05,10130000000.0,6.63,1160000000.0,2.49,11.10,6.00,43410000000.0,97.61,7010000000.0,9.41,44.44,23510000000.0,3.24,0.13,88.50,18600000.0,3.50,4.20,18620000.0,underperform
2016,2007-07-14 00:06:19,1184385979.0,hig,81.55,-34.25,1518.76001,-17.47,-16.78,0.26,10.85,1.17,1.66,10.83,15.36,0.82,16.89,85.314,31160000000.0,1650000000.0,N/A,0.93,0.06,0.344,0.06,26500000000.0,0.344,2890000000.0,9.07,20.30,3.30,34520000000.0,108.999,4910000000.0,7.146,59.584999,5580000000.0,1.36,0.21,87.10,2069999.9999999998,1.6,0.70,2340000.0,underperform
2017,2004-12-10 06:11:52,1102677112.0,hig,52.85,32.56,1188.0,5.84,26.720000000000002,0.361,9.83,0.90,1.40,9.23,10.82,0.85,15.79,72.705,19370000000.0,23280000000.0,9.00,0.88,1.09,N/A,1.09,16309999999.999998,N/A,1970000000.0,6.711,97.20,6.00,819000000.0,2.79,4930000000.0,N/A,46.5,2620000000.0,1.404,0.28,86.29,5280000.0,1.683,1.80,5030000.0,outperform
2018,2011-11-04 18:46:19,1320446779.0,hig,16.77,24.51,1253.22998,12.68,11.830000000000002,32.42,5.13,0.32,0.38,7.41,9.95,0.48,8.08,55.26,28040000000.0,28040000000.0,4.83,0.86,1.14,9.02,1.14,10130000000.0,9.02,1600000000.0,3.49,68.40,65.40,43040000000.0,96.62,7030000000.0,7.20,47.43,28040000000.0,2.90,0.13,88.50,26160000.0,2.60,5.90,26430000.0,outperform
2019,2008-12-18 00:42:43,1229578963.0,hig,15.59,38.74,885.2800289999999,24.53,14.21,0.539,N/A,0.36,0.41,9.41,16.50,0.44,8.56,46.231,5270000000.0,29010000000.0,N/A,0.37,2.02,16.195,2.02,25920000000.0,16.195,1350000000.0,4.35,N/A,N/A,40970000000.0,136.311,6770000000.0,7.794,41.806999,4360000000.0,2.73,0.31,88.80,12290000.0,0.6,4.10,7190000.0,outperform
2020,2011-10-31 17:39:26,1320097166.0,hig,18.11,,1253.300049,-12.03,,32.42,5.65,0.37,0.43,7.41,9.95,0.48,8.08,55.26,26990000000.0,26990000000.0,5.32,0.85,1.10,8.68,1.10,10130000000.0,8.68,1600000000.0,3.49,68.40,65.40,43040000000.0,96.62,7030000000.0,7.20,47.43,26990000000.0,3.40,0.13,88.50,26160000.0,2.60,5.90,26430000.0,underperform
2021,2006-12-09 19:51:28,1165711888.0,hig,72.01,14.86,1412.900024,6.68,8.18,0.23,11.21,1.03,1.55,9.12,12.84,0.73,14.70,87.408,27550000000.0,368600000.0,N/A,0.84,0.01,0.092,0.01,27080000000.0,0.092,2430000000.0,7.76,40.60,1.40,31260000000.0,98.638,4080000000.0,5.999,56.009998,4570000000.0,1.51,0.21,89.40,3290000.0,1.9,1.00,3420000.0,outperform
2022,2005-01-19 09:01:16,1106143276.0,mu,11.01,30.15,1184.630005,8.48,21.669999999999998,0.188,24.72,1.51,1.19,6.82,8.84,4.05,5.61,6.628,6870000000.0,6910000000.0,14.93,0.96,1.52,4.26,1.52,1310000000.0,4.26,311000000.0,0.453,N/A,42.50,1050000000.0,1.71,1080000000.0,2.386,9.433,1200000000.0,2.376,1.99,90.32,49220000.0,6.056,8.18,49200000.0,outperform
2023,2004-08-22 17:59:21,1093211961.0,mu,11.47,-1.92,1091.22998,11.96,-13.88,0.201,N/A,1.71,1.27,1.45,0.46,0.80,1.17,6.326,7310000000.0,7290000000.0,13.59,1.14,1.78,5.95,1.78,20700000.0,5.95,62000000.0,0.115,N/A,19.40,1130000000.0,1.85,1110000000.0,2.647,9.023,855500000.0,2.387,11.00,95.00,50500000.0,5.764,9.28,43690000.0,underperform
2024,2007-05-20 17:58:22,1179698302.0,mu,11.5,-23.83,1512.75,-5.69,-18.139999999999997,0.1,40.39,1.54,1.05,3.81,7.02,2.37,2.83,7.542,8680000000.0,7300000000.0,N/A,N/A,1.30,3.808,1.30,1200000000.0,3.808,215000000.0,0.28,N/A,16.50,2190000000.0,2.899,822000000.0,2.548,10.914,1430000000.0,2.06,5.34,75.10,33140000.0,1.5,4.40,24270000.0,underperform
2025,2013-05-07 10:21:07,1367936467.0,mu,9.97,164.89,1625.959961,15.51,149.38,45.87,N/A,1.23,1.37,13.97,5.12,1.84,12.95,7.99,11340000000.0,11340000000.0,15.02,1.47,1.41,7.52,1.41,968000000.0,7.52,1120000000.0,1.12,N/A,3.40,2230000000.0,2.16,3650000000.0,2.53,7.04,1610000000.0,1.70,0.67,84.80,85420000.0,2.40,8.40,77700000.0,outperform
2026,2006-05-25 14:38:15,1148582295.0,mu,16.17,-25.97,1272.880005,19.08,-45.05,0.066,60.23,2.13,1.50,3.49,1.68,0.59,2.66,7.51,10630000000.0,8400000000.0,N/A,2.42,1.71,7.326,1.71,1150000000.0,7.326,171000000.0,0.26,63.90,6.30,2580000000.0,3.823,460600000.0,3.557,10.293,1940000000.0,3.14,0.37,87.40,30560000.0,2.8,4.60,29120000.0,underperform
2027,2008-12-27 17:57:34,1230418654.0,mu,2.59,292.28,868.150024,29.76,262.52,0.523,N/A,0.35,0.37,36.14,29.29,7.69,31.78,7.386,2000000000.0,3840000000.0,N/A,N/A,0.67,9.626,0.67,55000000.0,9.626,2060000000.0,2.67,N/A,8.70,1030000000.0,1.329,2870000000.0,1.857,7.092,N/A,0.69,11.27,81.70,93760000.0,3.6,12.40,84050000.0,outperform
2028,2003-10-27 03:08:55,1067242135.0,mu,14.01,-16.56,1031.130005,7.75,-24.31,0.218,N/A,2.62,1.63,41.19,38.38,17.40,23.11,5.088,8050000000.000001,8220000000.000001,18.66,2.04,2.66,351.2,2.66,20700000.0,351.2,1280000000.0,2.107,N/A,19.40,921800000.0,1.51,1090000000.0,2.051,8.15,N/A,2.303,11.01,82.00,45470000.0,3.072,8.37,46050000.0,underperform
2029,2008-12-19 18:15:20,1229728520.0,mu,2.99,194.31,887.8800050000001,24.92,169.39,0.441,N/A,0.34,0.32,27.72,20.17,5.21,23.25,7.561,2210000000.0,3360000000.0,N/A,N/A,0.57,3.807,0.57,55000000.0,3.807,1620000000.0,2.10,N/A,0.80,1360000000.0,1.783,2730000000.0,2.365,8.117,1020000000.0,0.69,11.27,81.70,93760000.0,3.6,12.40,84050000.0,outperform
2030,2007-02-20 17:59:57,1172012397.0,mu,12.1,-35.45,1459.680054,-6.83,-28.620000000000005,0.069,19.52,1.71,1.12,8.46,7.13,2.49,6.48,7.543,9180000000.0,7230000000.0,N/A,1.23,1.33,4.066,1.33,1200000000.0,4.066,460000000.0,0.62,82.50,12.30,2640000000.0,3.495,568000000.0,2.521,10.973,2020000000.0,2.26,5.34,85.60,29090000.0,2.3,3.90,28050000.0,underperform
2031,2012-03-29 16:52:46,1333054366.0,mu,8.42,,1403.280029,11.44,,24.58,N/A,1.01,1.06,5.58,1.21,0.45,4.83,8.53,8710000000.0,8710000000.0,13.43,1.32,1.03,4.06,1.03,1760000000.0,4.06,471000000.0,0.47,N/A,8.40,2089999999.9999998,2.13,2320000000.0,2.77,8.19,N/A,2.02,11.21,69.90,48530000.0,1.50,6.20,52060000.0,underperform
2032,2007-03-29 10:25:47,1175178347.0,mu,11.84,-53.89,1422.530029,-7.54,-46.35,0.069,19.28,1.67,1.09,8.46,7.13,2.49,6.48,7.543,9070000000.0,7000000000.0,N/A,5.72,1.29,3.934,1.29,1200000000.0,3.934,460000000.0,0.62,82.50,12.30,2640000000.0,3.495,568000000.0,2.521,10.973,2020000000.0,2.33,5.34,81.70,24270000.0,1.6,3.20,27410000.0,underperform
2033,2005-03-05 23:26:06,1110083166.0,mu,11.42,38.79,1210.079956,6.53,32.26,0.188,23.75,1.51,1.19,6.82,8.84,4.05,5.61,6.628,6600000000.0,6640000000.0,14.74,0.90,1.46,4.09,1.46,1310000000.0,4.09,311000000.0,0.45,N/A,42.50,1050000000.0,1.71,1080000000.0,2.386,9.433,1200000000.0,2.361,1.99,88.30,40370000.0,6.002,6.71,42200000.0,outperform
2034,2011-09-05 15:52:46,1315252366.0,mu,,,1173.969971,19.67,,15.67,8.70,0.63,0.67,7.05,12.82,5.06,7.01,9.30,4700000000.0,4700000000.0,9.17,1.67,0.51,1.42,0.51,2710000000.0,1.42,644000000.0,0.63,92.00,6.50,2400000000.0,2.39,1570000000.0,2.34,8.55,4700000000.0,1.04,2.50,88.00,66010000.00000001,1.60,7.70,61390000.0,underperform
2035,2008-01-08 10:06:15,1199804775.0,mu,6.18,-46.93,1390.189941,-34.78,-12.149999999999999,0.296,N/A,0.87,0.66,12.24,9.08,2.34,8.83,7.39,4930000000.0,5120000000.0,N/A,N/A,0.90,4.093,0.90,1080000000.0,4.093,697000000.0,0.91,N/A,0.30,2029999999.9999998,2.631,2220000000.0,2.512,9.718,N/A,2.11,0.47,91.60,67410000.0,4.1,8.90,65660000.0,underperform
2036,2005-04-04 22:24:19,1112667859.0,mu,10.09,55.0,1176.119995,11.04,43.96,0.202,15.17,1.29,1.12,9.38,11.01,5.88,8.10,6.942,6190000000.0,6360000000.0,15.29,0.95,1.30,3.58,1.30,1310000000.0,3.58,457200000.0,0.67,N/A,42.50,1130000000.0,1.85,1190000000.0,2.643,9.132,1200000000.0,2.456,1.99,85.28,40380000.0,4.277,6.71,40370000.0,outperform
2037,2005-08-30 17:32:56,1125437576.0,mu,11.31,54.91,1208.410034,8.02,46.89,0.223,30.80,1.43,1.18,4.96,5.14,1.97,4.22,7.441,6850000000.0,6870000000.0,N/A,N/A,1.43,4.565,1.43,1310000000.0,4.565,237500000.0,0.361,240.70,5.60,1300000000.0,2.103,1290000000.0,2.671,9.419,1350000000.0,2.439,0.67,82.40,31870000.0,5.7,5.20,34060000.0,outperform
2038,2011-11-13 08:01:16,1321189276.0,mu,5.18,7.53,1239.699951,11.32,-3.79,20.31,31.94,0.58,0.60,1.90,7.61,2.84,1.93,8.90,5200000000.0,5200000000.0,9.05,3.10,0.59,1.88,0.59,1760000000.0,1.88,167000000.0,0.17,N/A,14.20,2160000000.0,2.19,2000000000.0,2.35,8.61,5200000000.0,1.60,2.50,88.00,49760000.0,1.40,N/A,49720000.0,underperform
2039,2007-02-16 01:02:17,1171605737.0,mu,12.32,-40.02,1455.540039,-6.07,-33.95,0.069,20.08,1.74,1.14,8.46,7.13,2.49,6.48,7.543,9440000000.0,7410000000.0,N/A,1.25,1.36,4.168,1.36,1200000000.0,4.168,460000000.0,0.62,82.50,12.30,2640000000.0,3.495,568000000.0,2.521,10.973,2020000000.0,2.26,5.34,85.60,29090000.0,2.3,3.90,28050000.0,underperform
2040,2013-03-15 01:18:13,1363324693.0,mu,9.37,165.1,1560.699951,19.7,145.4,41.96,N/A,1.22,1.30,14.04,8.04,2.83,12.51,7.98,11070000000.0,11070000000.0,16.70,1.30,1.39,7.94,1.39,968000000.0,7.94,1120000000.0,1.12,N/A,12.20,2270000000.0,2.22,3440000000.0,2.49,7.32,1950000000.0,1.68,0.67,84.80,73230000.0,2.50,7.20,66129999.99999999,outperform
2041,2011-11-05 05:22:25,1320484945.0,mu,5.43,6.63,1237.900024,15.32,-8.690000000000001,20.31,34.65,0.66,0.68,1.90,7.61,2.84,1.93,8.90,5610000000.0,5610000000.0,9.82,3.50,0.64,2.02,0.64,1760000000.0,2.02,167000000.0,0.17,N/A,14.20,2160000000.0,2.19,2000000000.0,2.35,8.61,5610000000.0,1.60,2.50,88.00,49720000.0,1.10,N/A,49540000.0,underperform
2042,2012-03-21 08:29:37,1332332977.0,mu,8.74,3.78,1402.890015,10.19,-6.41,21.83,N/A,0.98,1.02,2.03,2.34,0.88,1.72,8.71,8670000000.0,8670000000.0,15.04,2.23,1.00,3.66,1.00,1760000000.0,3.66,175000000.0,0.17,N/A,7.20,1920000000.0,1.94,2120000000.0,2.72,8.37,2160000000.0,2.02,11.21,69.90,52060000.0,1.70,6.60,50920000.0,underperform
2043,2007-04-20 11:04:08,1177081448.0,mu,11.19,-35.75,1484.349976,-8.06,-27.689999999999998,0.1,39.19,1.49,1.02,3.81,7.02,2.37,2.83,7.542,8420000000.0,7050000000.0,N/A,N/A,1.25,3.674,1.25,1200000000.0,3.674,215000000.0,0.28,N/A,16.50,2190000000.0,2.899,822000000.0,2.548,10.914,1430000000.0,2.6,5.34,81.80,24270000.0,1.6,3.20,27410000.0,underperform
2044,2007-04-07 23:45:35,1176003935.0,txt,43.51,26.84,1439.369995,-4.87,31.71,0.68,20.07,1.01,4.41,5.23,9.27,3.91,23.83,88.234,11600000000.0,N/A,N/A,1.26,N/A,N/A,N/A,2580000000.0,N/A,706000000.0,4.62,65.30,166.30,733000000.0,5.843,1800000000.0,1.503,21.011999,N/A,0.78,7.73,72.50,1100000.0,1.3,0.90,1360000.0,outperform
2045,2013-04-23 09:33:34,1366724014.0,txt,25.61,56.54,1578.780029,18.79,37.75,127.51,12.83,0.61,2.38,4.82,7.72,4.57,19.00,43.86,10960000000.0,10960000000.0,10.40,0.93,0.90,8.22,0.90,2220000000.0,8.22,576000000.0,2.01,0.80,N/A,701000000.0,2.42,4010000000.0,1.58,10.85,782000000.0,1.90,0.15,79.50,15030000.0,6.60,6.30,16579999.999999998,outperform
2046,2013-05-23 18:29:55,1369348195.0,txt,27.04,43.2,1650.51001,15.15,28.050000000000004,118.81,13.50,0.62,2.39,4.82,7.78,4.61,19.00,43.94,10890000000.0,10890000000.0,11.30,0.91,0.89,8.12,0.89,2220000000.0,8.12,576000000.0,2.01,0.80,N/A,701000000.0,2.52,3740000000.0,2.18,11.40,782000000.0,1.87,0.15,79.50,12650000.0,3.40,5.30,13940000.0,outperform
2047,2008-10-21 03:32:40,1224574360.0,txt,15.41,20.96,955.0499880000001,13.23,7.73,3.09,4.99,0.32,1.33,6.41,13.20,6.26,29.17,60.005,4640000000.0,15430000000.0,N/A,0.40,1.04,6.522,1.04,3510000000.0,6.522,975000000.0,3.77,19.20,8.30,221000000.0,0.896,10940000000.0,1.293,14.356,N/A,2.19,0.12,71.40,2720000.0,0.6,1.10,2940000.0,outperform
2048,2007-03-25 10:29:08,1174832948.0,txt,42.92,18.73,1434.540039,-5.9,24.630000000000003,3.27,20.13,1.00,4.35,5.23,12.30,5.30,23.83,90.083,11640000000.0,19580000000.0,N/A,1.17,1.70,11.298,1.70,2960000000.0,11.298,706000000.0,4.62,65.30,18.50,733000000.0,5.851,8660000000.0,2.003,21.011999,969000000.0,0.78,15.35,68.50,1470000.0,0.9,1.20,1100000.0,outperform
2049,2005-04-20 05:48:00,1113990480.0,txt,32.8,32.68,1137.5,15.29,17.39,1.8,26.99,0.94,2.65,3.64,5.16,2.37,10.08,73.068,9710000000.0,15490000000.0,15.03,1.47,1.51,13.72,1.51,2350000000.0,13.72,373000000.0,2.66,40.90,3.90,732000000.0,5.42,6570000000.0,3.372,26.903999,981000000.0,1.235,1.01,67.72,1070000.0,1.801,0.80,N/A,outperform
2050,2008-04-23 22:14:28,1209003268.0,txt,57.25,-80.4,1379.930054,-38.26,-42.14000000000001,3.098,16.09,1.11,4.24,6.91,13.49,6.04,30.39,55.191,15300000000.0,26070000000.0,N/A,1.11,1.89,11.825,1.89,3510000000.0,11.825,953000000.0,3.738,17.90,18.70,314000000.0,1.235,11140000000.0,1.187,14.13,N/A,1.38,0.15,71.90,2140000.0,0.9,0.90,4099999.9999999995,underperform
2051,2005-12-05 04:55:12,1133776512.0,txt,36.47,26.13,1262.089966,12.1,14.03,2.093,52.29,0.91,3.23,1.80,9.41,4.36,4.65,86.647,10560000000.0,16879999999.999998,N/A,1.68,1.45,11.475,1.45,2350000000.0,11.475,164000000.0,1.53,N/A,12.30,562000000.0,4.246,6880000000.0,4.093,24.777,885000000.0,N/A,0.08,68.80,1290000.0,1.6,1.00,1320000.0,outperform
2052,2008-12-25 19:42:02,1230252122.0,txt,,,871.6300050000001,28.27,,2.807,3.39,0.20,0.83,6.41,12.72,6.03,29.17,59.929,3080000000.0,12800000000.0,N/A,0.29,0.86,5.59,0.86,3510000000.0,5.59,975000000.0,3.77,19.20,13.60,221000000.0,0.917,9930000000.0,2.7,14.682,1080000000.0,2.23,0.13,69.70,N/A,N/A,N/A,6680000.0,underperform
2053,2006-12-07 13:38:05,1165516685.0,txt,44.4,56.15,1407.290039,6.92,49.23,2.766,24.15,1.10,3.97,4.77,12.38,5.10,21.44,85.199,12050000000.0,19700000000.0,N/A,1.53,1.79,11.918,1.79,2580000000.0,11.918,678000000.0,3.98,N/A,18.00,771000000.0,6.146,8410000000.0,4.423,24.187,815000000.0,1.02,7.68,72.10,1520000.0,1.6,1.20,1370000.0,outperform
2054,2004-02-15 06:56:40,1076846200.0,txt,25.97,32.61,1152.109985,4.69,27.919999999999998,0.549,27.31,0.79,2.14,2.98,4.07,1.89,7.84,71.66,7600000000.0,9160000000.0,0.00,1.58,0.93,18.35,0.93,2440000000.0,18.35,281000000.0,2.047,174.70,13.50,486000000.0,3.57,2029999999.9999998,1.592,26.67,1150000000.0,1.086,1.12,64.75,2130000.0,2.893,1.58,2270000.0,outperform
2055,2005-03-06 16:12:28,1110143548.0,txt,36.26,12.24,1210.469971,5.6,6.640000000000001,1.8,29.99,1.04,2.93,3.64,5.16,2.37,10.08,73.068,10790000000.0,16640000000.0,16.87,1.65,1.62,14.74,1.62,2350000000.0,14.74,373000000.0,2.66,40.90,3.90,732000000.0,5.42,6570000000.0,3.372,26.903999,981000000.0,1.118,1.01,67.81,N/A,1.581,0.67,N/A,outperform
2056,2004-06-28 06:46:48,1088419608.0,txt,26.55,32.69,1133.349976,6.02,26.669999999999998,1.721,32.13,0.82,2.21,2.64,3.58,1.68,7.00,70.917,8090000000.0,13710000000.0,15.85,1.54,1.40,16.3,1.40,2190000000.0,16.3,252000000.0,1.83,N/A,7.50,689000000.0,5.01,6300000000.0,3.181,26.507999,1310000000.0,1.072,1.10,66.77,2260000.0,4.375,1.66,2770000.0,outperform
2057,2003-11-20 22:07:06,1069384026.0,txt,22.27,48.94,1033.650024,13.22,35.72,1.954,25.23,0.69,1.89,2.95,4.27,1.80,7.68,70.532,6670000000.0,13370000000.0,17.52,1.44,1.38,10.79,1.38,2440000000.0,10.79,266000000.0,1.945,174.70,13.50,232000000.0,1.71,6920000000.0,3.925,25.94,N/A,1.007,1.12,58.82,2320000.0,2.489,1.72,1540000.0,outperform
2058,2005-02-05 14:43:43,1107632623.0,txt,33.81,13.72,1193.189941,6.51,7.210000000000001,1.693,32.25,0.99,2.67,3.18,4.41,2.10,8.79,72.705,10250000000.0,15640000000.0,15.85,1.52,1.54,15.47,1.54,2190000000.0,15.47,323000000.0,2.31,N/A,7.50,810000000.0,5.89,6380000000.0,3.499,27.349001,1410000000.0,1.182,0.02,66.65,N/A,1.82,0.66,1280000.0,outperform
2059,2004-09-24 18:21:21,1096064481.0,txt,28.23,8.11,1110.109985,9.02,-0.9100000000000001,1.694,32.12,0.86,2.27,2.72,3.81,1.73,7.36,70.724,8550000000.000001,13990000000.0,15.69,1.58,1.42,17.22,1.42,2190000000.0,17.22,267000000.0,1.92,N/A,7.50,873000000.0,6.3,6350000000.0,3.177,27.042,1370000000.0,1.129,1.15,67.01,1680000.0,2.288,1.22,1370000.0,underperform
2060,2004-11-16 01:34:10,1100586850.0,txt,32.55,8.63,1175.430054,4.75,3.880000000000001,1.693,30.79,0.97,2.61,3.18,4.41,2.11,8.80,72.705,9780000000.0,15420000000.0,17.87,1.80,1.52,15.25,1.52,2190000000.0,15.25,323000000.0,2.31,N/A,7.50,810000000.0,5.89,6380000000.0,3.499,27.349001,1370000000.0,1.168,0.02,65.43,1100000.0,2.33,0.80,1490000.0,outperform
2061,2006-09-22 17:08:55,1158959335.0,txt,38.16,48.53,1314.780029,16.3,32.230000000000004,2.686,56.97,1.00,3.50,1.81,11.99,4.76,19.59,80.786,10290000000.0,18380000000.0,N/A,1.27,1.74,11.773,1.74,2580000000.0,11.773,649000000.0,1.43,43.90,5.70,302000000.0,2.392,8119999999.999999,3.774,23.858,790000000.0,1.66,1.02,72.40,1390000.0,1.7,1.10,1660000.0,outperform
2062,2011-05-13 15:13:47,1305314027.0,txt,24.34,-1.31,1337.77002,1.26,-2.5700000000000003,186.89,64.03,0.63,2.25,1.14,5.19,2.11,4.31,39.22,11570000000.0,11570000000.0,13.54,0.96,1.07,12.08,1.07,1920000000.0,12.08,127000000.0,0.39,N/A,12.20,986000000.0,3.57,5700000000.0,3.31,11.04,11570000000.0,2.89,0.13,84.50,23190000.0,6.80,9.60,26360000.0,underperform
2063,2007-02-10 04:22:28,1171099348.0,etfc,245.5,-80.37,1450.02002,-7.8,-72.57000000000001,4.04,16.72,4.62,2.50,27.73,44.66,1.27,16.50,5.385,10270000000.0,25750000000.0,N/A,0.95,11.36,N/A,11.36,1760000000.0,N/A,626810000.0,1.44,36.60,37.40,1670000000.0,3.923,16960000000.0,1.965,9.847,N/A,1.77,N/A,79.80,11170000.0,2.3,2.60,N/A,underperform
2064,2008-11-01 11:25:55,1225553155.0,etfc,16.2,-4.32,930.090027,14.62,-18.939999999999998,5.723,N/A,N/A,0.38,N/A,162.86,3.94,67.59,3.956,978780000.0,12310000000.0,N/A,N/A,6.48,N/A,6.48,3570000000.0,N/A,2240000000.0,4.06,N/A,N/A,3190000000.0,5.926,14520000000.0,5.694,4.718,N/A,1.29,0.95,53.00,80670000.0,4.2,15.30,91610000.0,underperform
2065,2008-12-20 19:23:45,1229819025.0,etfc,12.3,30.89,904.419983,21.19,9.7,5.723,N/A,N/A,0.25,N/A,164.80,3.94,67.59,3.956,639920000.0,11830000000.0,N/A,N/A,6.23,N/A,6.23,3570000000.0,N/A,2240000000.0,4.06,N/A,N/A,3330000000.0,6.186,14520000000.0,2.78,4.718,1440000000.0,1.64,0.95,46.60,95570000.0,6.2,18.10,88390000.0,outperform
2066,2008-01-25 16:45:14,1201297514.0,etfc,37.6,-67.82,1330.609985,-36.85,-30.96999999999999,5.323,3.62,0.70,0.36,21.20,37.68,0.77,10.99,4.982,1580000000.0,21430000000.0,N/A,2.34,10.17,N/A,10.17,2069999999.9999998,N/A,447000000.0,1.03,N/A,47.80,1890000000.0,4.457,21850000000.0,5.682,9.687,367470000.0,2.97,5.39,77.30,81350000.0,3.4,19.50,53700000.0,underperform
2067,2011-12-30 02:41:39,1325230899.0,etfc,7.96,8.79,1257.599976,12.9,-4.110000000000001,195.42,15.63,1.57,0.44,9.98,12.85,0.30,3.05,5.54,8820000000.0,8820000000.0,11.23,1.28,6.33,N/A,6.33,2080000000.0,N/A,138930000.0,0.51,741.20,23.20,3040000000.0,10.72,9670000000.0,2.09,17.43,510700000.0,2.36,1.94,67.00,7930000.0,0.90,3.60,8720000.0,underperform
2068,2013-04-22 02:41:06,1366612866.0,etfc,9.75,122.05,1562.5,20.29,101.75999999999999,125.72,N/A,2.04,0.55,10.44,16.30,0.29,2.80,4.69,2740000000.0,2740000000.0,14.89,0.60,2.04,N/A,2.04,1360000000.0,N/A,140050000.0,0.49,43.90,6.40,11780000000.0,41.09,6230000000.0,2.84,17.27,N/A,2.34,0.38,88.60,17070000.0,2.30,6.00,20090000.0,outperform
2069,2008-03-20 00:12:39,1205986359.0,etfc,37.2,-68.28,1329.51001,-42.19,-26.090000000000003,6.884,N/A,0.88,0.59,75.91,29.74,2.61,41.04,4.475,1590000000.0,18550000000.0,N/A,N/A,9.77,N/A,9.77,3570000000.0,N/A,1440000000.0,3.40,N/A,63.70,2590000000.0,5.609,19480000000.0,3.04,6.138,795240000.0,1.25,18.36,53.80,87660000.0,3.3,19.30,96520000.0,underperform
2070,2013-04-25 16:53:28,1366923208.0,etfc,10.27,118.11,1585.160034,17.55,100.56,125.72,N/A,2.18,0.59,10.44,16.30,0.29,2.80,4.69,2740000000.0,2740000000.0,15.64,0.60,2.04,N/A,2.04,1360000000.0,N/A,140050000.0,0.49,43.90,6.40,11780000000.0,41.09,6230000000.0,2.84,17.27,N/A,2.34,0.38,88.60,17070000.0,2.30,6.00,20090000.0,outperform
2071,2007-05-28 00:31:06,1180326666.0,etfc,,,1515.72998,-8.6,,4.731,15.09,4.17,2.22,28.30,45.10,1.22,16.39,5.473,9650000000.0,28470000000.0,N/A,1.01,12.29,N/A,12.29,2069999999.9999998,N/A,653240000.0,1.50,18.90,8.80,1760000000.0,4.116,20580000000.0,5.577,10.186,965430000.0,1.41,1.14,81.50,10970000.0,2.2,2.60,11920000.0,underperform
2072,2011-09-27 02:39:55,1317105595.0,etfc,9.92,-12.3,1175.380005,21.95,-34.25,199.65,32.11,1.98,0.54,5.79,13.72,0.17,1.71,5.63,9930000000.0,9930000000.0,10.35,1.41,7.51,N/A,7.51,2080000000.0,N/A,76640000.0,0.30,34.30,13.00,2290000000.0,8.51,9610000000.0,2.20,17.88,9930000000.0,2.22,1.94,67.00,8010000.0,0.90,3.60,8470000.0,underperform
2073,2012-03-09 19:58:48,1331341128.0,etfc,9.67,13.75,1370.869995,12.44,1.3100000000000005,205.83,17.96,1.95,0.56,11.05,13.47,0.33,3.49,5.31,9140000000.0,9140000000.0,13.66,1.20,6.45,N/A,6.45,1420000000.0,N/A,156700000.0,0.54,N/A,9.20,3760000000.0,13.19,10140000000.0,1.64,17.27,1100000000.0,2.63,0.27,82.70,7660000.0,1.00,3.40,7350000.0,outperform
2074,2011-11-04 10:12:59,1320415979.0,etfc,10.57,-20.91,1253.22998,12.68,-33.59,187.95,20.88,2.17,0.61,9.98,12.41,0.30,3.05,5.54,9390000000.0,9390000000.0,14.01,1.54,6.74,N/A,6.74,2080000000.0,N/A,138930000.0,0.51,741.20,23.20,2930000000.0,10.34,9300000000.0,3.91,17.43,9390000000.0,2.39,1.94,67.00,8400000.0,1.30,N/A,8150000.0,underperform
2075,2007-02-27 11:27:01,1172593621.0,etfc,230.0,-78.65,1399.040039,-1.36,-77.29,4.04,16.71,4.53,2.45,27.73,44.66,1.27,16.50,5.385,10270000000.0,25550000000.0,N/A,0.87,11.27,N/A,11.27,1760000000.0,N/A,626810000.0,1.44,36.60,37.40,1670000000.0,3.923,16960000000.0,1.965,9.847,N/A,1.77,1.14,80.80,11170000.0,2.3,2.60,N/A,underperform
2076,2007-03-07 23:27:28,1173328048.0,etfc,224.6,-83.21,1391.969971,-6.3,-76.91,4.052,15.59,4.22,2.28,27.73,44.66,1.27,16.50,5.385,9590000000.0,24910000000.0,N/A,0.85,10.99,N/A,10.99,2069999999.9999998,N/A,626810000.0,1.44,36.60,33.70,1670000000.0,3.915,17000000000.0,2.22,9.844,881080000.0,1.81,1.15,81.00,9790000.0,2.5,2.30,11170000.0,underperform
2077,2008-12-18 00:42:43,1229578963.0,etfc,11.8,50.85,885.2800289999999,24.53,26.32,5.723,N/A,N/A,0.28,N/A,164.80,3.94,67.59,3.956,661430000.0,11890000000.0,N/A,N/A,6.26,N/A,6.26,3570000000.0,N/A,2240000000.0,4.06,N/A,N/A,3330000000.0,6.186,14520000000.0,2.78,4.718,1440000000.0,1.64,0.95,46.60,95570000.0,6.2,18.10,88390000.0,outperform
2078,2007-10-11 21:06:12,1192151172.0,etfc,137.5,-83.78,1554.410034,-42.15,-41.63,5.105,9.12,2.49,1.37,27.81,45.82,1.17,16.03,5.587,5820000000.0,26470000000.0,N/A,0.90,11.18,N/A,11.18,2069999999.9999998,N/A,655680000.0,1.51,1.70,8.80,1550000000.0,3.668,22130000000.0,5.931,10.192,491650000.0,1.6,1.22,80.70,21700000.0,1.3,5.20,20650000.0,underperform
2079,2007-03-09 02:37:38,1173425858.0,etfc,227.2,-82.31,1402.839966,-4.93,-77.38,4.052,15.58,4.23,2.28,27.73,44.66,1.27,16.50,5.385,9590000000.0,24920000000.0,N/A,0.87,10.99,N/A,10.99,2069999999.9999998,N/A,626810000.0,1.44,36.60,33.70,1670000000.0,3.915,17000000000.0,2.22,9.844,881080000.0,1.81,1.15,81.00,9790000.0,2.5,2.30,11170000.0,underperform
2080,2007-04-10 06:18:20,1176200300.0,pdco,34.02,-2.35,1448.390015,-6.48,4.130000000000001,0.165,24.40,1.84,3.78,7.45,12.03,11.47,16.55,20.044,5030000000.0,5090000000.0,N/A,1.43,1.85,14.043,1.85,914430000.0,14.043,205230000.0,1.48,8.50,4.00,152460000.0,1.096,215030000.0,2.185,9.615,165040000.0,0.03,7.71,69.40,4980000.0,3.1,3.80,5450000.0,outperform
2081,2005-04-15 09:34:02,1113572042.0,pdco,47.89,-34.04,1142.619995,12.73,-46.769999999999996,0.451,39.64,3.01,7.33,7.66,12.60,10.98,20.95,16.813,7010000000.0,7100000000.0,31.91,1.78,3.05,22.2,3.05,702340000.0,22.2,178580000.0,1.29,24.90,18.90,341570000.0,2.49,431570000.0,2.623,6.966,295670000.0,0.172,17.84,66.01,7400000.0,9.09,6.55,8720000.0,underperform
2082,2005-02-07 02:29:55,1107761395.0,pdco,45.82,-31.93,1201.719971,4.42,-36.35,0.483,40.56,3.04,7.44,7.61,12.59,10.79,21.00,15.994,6780000000.0,6930000000.0,30.28,1.69,3.13,22.79,3.13,702340000.0,22.79,168500000.0,1.22,24.90,18.90,286200000.0,2.08,436570000.0,2.697,6.573,252070000.0,0.104,17.83,65.35,7710000.0,10.727,6.83,7040000.0,underperform
2083,2004-09-10 17:12:28,1094850748.0,pdco,34.38,8.99,1123.920044,10.0,-1.0099999999999998,0.578,31.71,2.40,5.95,7.61,12.54,11.43,21.31,30.593,5060000000.0,5280000000.0,22.78,1.20,2.50,18.37,2.50,702340000.0,18.37,160890000.0,2.328,24.90,18.90,298260000.0,4.35,491580000.0,2.868,12.453,197740000.0,0.258,19.68,56.36,4450000.0,7.788,8.07,3510000.0,underperform
2084,2013-05-12 19:33:44,1368401624.0,pdco,37.78,8.87,1626.670044,16.6,-7.730000000000002,57.39,19.42,1.10,2.93,5.79,9.78,8.32,15.46,34.64,4260000000.0,4260000000.0,17.32,1.59,1.18,10.72,1.18,1160000000.0,10.72,208850000.0,2.00,1.00,2.30,472450000.0,4.63,775160000.0,2.82,13.23,271830000.0,0.77,21.58,70.20,3880000.0,5.60,4.60,3520000.0,underperform
2085,2012-01-09 08:48:00,1326116880.0,pdco,28.23,20.76,1280.699951,13.78,6.980000000000002,38.89,16.05,0.96,2.33,6.32,10.61,9.15,14.85,29.44,3570000000.0,3570000000.0,13.82,1.63,1.05,8.89,1.05,1140000000.0,8.89,215670000.0,1.84,8.30,0.10,250070000.0,2.26,546100000.0,2.92,12.67,396140000.0,0.68,23.46,76.60,5700000.0,5.70,7.60,5110000.0,outperform
2086,2004-10-10 11:50:00,1097423400.0,pdco,34.91,6.07,1130.650024,5.01,1.0600000000000005,0.578,32.61,2.44,6.08,7.61,12.54,11.43,21.31,30.593,5210000000.0,5400000000.0,23.43,1.23,2.55,18.79,2.55,702340000.0,18.79,160890000.0,2.328,24.90,18.90,298260000.0,4.35,491580000.0,2.868,12.393,206880000.0,0.221,19.68,56.26,4670000.0,10.781,8.47,4450000.0,outperform
2087,2008-01-23 19:25:40,1201134340.0,apd,72.06,-38.65,1338.599976,-38.18,-0.46999999999999886,0.669,18.02,1.81,3.30,10.32,13.62,7.17,20.01,46.428,18010000000.0,21760000000.0,N/A,1.28,2.17,9.856,2.17,2680000000.0,9.856,1040000000.0,4.64,128.00,15.10,42300000.0,0.196,3680000000.0,1.18,25.518999,1500000000.0,0.55,0.06,82.50,1760000.0,1.1,0.80,2670000.0,underperform
2088,2007-02-20 18:33:26,1172014406.0,apd,63.28,24.45,1459.680054,-6.83,31.28,0.616,22.78,1.79,3.25,8.34,11.31,6.93,16.23,42.052,16829999999.999998,19340000000.0,N/A,1.80,2.09,9.63,2.09,2290000000.0,9.63,796800000.0,3.412,27.40,20.70,64500000.0,0.298,3150000000.0,1.101,23.615,1260000000.0,0.84,0.19,82.60,1610000.0,1.7,0.70,1730000.0,outperform
2089,2012-11-06 21:25:11,1352255111.0,apd,75.11,42.05,1428.390015,23.95,18.099999999999998,75.54,14.65,1.74,2.58,12.14,15.96,6.14,15.84,45.51,21520000000.0,21520000000.0,12.40,1.90,2.24,9.06,2.24,2770000000.0,9.06,999200000.0,5.44,57.30,0.20,454400000.0,2.14,5290000000.0,1.27,30.52,1800000000.0,1.12,0.17,86.00,2520000.0,3.50,1.20,2800000.0,outperform
2090,2004-04-11 04:17:28,1081671448.0,apd,39.55,24.7,1139.319946,3.68,21.02,0.646,28.63,1.79,2.93,6.41,9.28,4.58,10.71,29.097,11670000000.0,14150000000.0,17.17,1.94,2.16,11.22,2.16,1680000000.0,11.22,403300000.0,1.793,24.40,16.60,92900000.0,0.41,2570000000.0,1.536,17.523001,978500000.0,0.833,5.93,84.40,1200000.0,1.251,0.56,1810000.0,outperform
2091,2006-06-27 20:28:39,1151454519.0,apd,49.99,33.77,1239.199951,21.56,12.210000000000004,0.564,18.86,1.66,2.86,8.81,11.50,6.46,15.27,38.365,13940000000.0,16950000000.0,N/A,1.78,1.98,9.056,1.98,2130000000.0,9.056,754300000.0,3.30,16.40,15.70,73900000.0,0.33,2800000000.0,1.353,22.202,1260000000.0,0.87,6.82,86.10,2080000.0,1.6,0.80,1880000.0,outperform
2092,2004-11-29 02:19:46,1101712786.0,apd,44.28,7.9,1178.569946,6.7,1.2000000000000002,0.579,22.80,1.83,3.05,8.26,11.83,6.08,14.24,31.077,12910000000.0,15280000000.0,16.46,1.80,2.16,10.08,2.16,1680000000.0,10.08,567300000.0,2.491,24.40,16.60,89500000.0,0.39,2460000000.0,1.405,18.679001,1000000000.0,0.742,5.94,85.60,1490000.0,1.324,0.70,1580000.0,outperform
2093,2007-07-14 16:42:56,1184445776.0,apd,67.87,19.98,1518.76001,-17.47,37.45,0.628,24.55,1.96,3.53,8.38,12.07,7.26,16.16,43.468,18810000000.0,22090000000.0,N/A,1.72,2.32,10.383,2.32,2290000000.0,10.383,827900000.0,3.54,11.60,10.90,37300000.0,0.172,3310000000.0,1.286,24.362,1170000000.0,0.78,0.07,82.80,3120000.0,2.7,1.40,2470000.0,outperform
2094,2005-03-15 11:14:35,1110903275.0,apd,49.69,5.29,1197.75,8.79,-3.499999999999999,0.541,23.13,1.88,3.05,8.55,11.91,6.55,14.83,33.522,14620000000.0,16910000000.0,18.19,2.01,2.19,10.32,2.19,1950000000.0,10.32,639100000.0,2.78,52.10,17.70,272700000.0,1.2,2570000000.0,1.447,20.856001,1240000000.0,0.678,5.80,85.13,1910000.0,2.199,0.89,2320000.0,underperform
2095,2011-07-21 11:46:56,1311263216.0,apd,86.6,-13.2,1343.800049,1.4,-14.6,72.72,18.67,2.10,3.42,11.56,16.63,7.32,19.65,44.53,24070000000.0,24070000000.0,14.50,1.40,2.53,9.85,2.53,2520000000.0,9.85,1100000000.0,5.04,20.80,11.20,277200000.0,1.31,4400000000.0,1.35,27.49,24070000000.0,1.24,0.08,85.10,2400000.0,1.80,1.10,2770000.0,underperform
2096,2005-12-08 20:13:48,1134090828.0,apd,48.43,19.72,1255.839966,12.26,7.459999999999999,0.558,19.80,1.64,2.92,8.74,11.91,6.57,15.78,36.081,13530000000.0,15870000000.0,N/A,1.73,1.95,8.802,1.95,2130000000.0,8.802,711700000.0,3.08,6.50,4.70,55800000.0,0.251,2550000000.0,1.243,20.620001,1380000000.0,N/A,6.97,87.80,1610000.0,1.5,0.70,2200000.0,outperform
2097,2007-07-12 08:34:18,1184243658.0,apd,70.81,14.38,1547.699951,-19.91,34.29,0.628,23.28,1.88,3.38,8.38,12.07,7.26,16.16,43.468,17840000000.0,21110000000.0,N/A,1.67,2.22,9.924,2.22,2290000000.0,9.924,827900000.0,3.54,11.60,10.90,37300000.0,0.172,3310000000.0,1.286,24.362,1170000000.0,0.78,0.07,82.80,3120000.0,2.7,1.40,2470000.0,outperform
2098,2013-05-15 13:09:58,1368637798.0,apd,88.4,30.1,1658.780029,12.78,17.32,86.63,16.41,1.91,3.00,11.93,15.41,5.98,16.36,47.48,24590000000.0,24590000000.0,15.06,1.87,2.46,10.17,2.46,2560000000.0,10.17,1060000000.0,5.58,1.90,6.00,401600000.0,1.93,5990000000.0,1.05,30.56,1660000000.0,1.10,0.18,86.80,4270000.0,3.90,2.00,4050000.0,outperform
2099,2004-01-07 20:36:17,1073525777.0,apd,40.47,10.9,1126.329956,5.47,5.430000000000001,0.664,29.40,1.92,3.11,6.64,9.60,4.71,10.93,28.163,11950000000.0,14510000000.0,18.26,2.01,2.30,11.66,2.30,1680000000.0,11.66,400200000.0,1.789,24.40,16.60,76200000.0,0.34,2510000000.0,1.308,17.08,N/A,0.805,5.92,85.65,2300000.0,2.164,1.08,1900000.0,outperform
2100,2004-09-30 16:49:17,1096577357.0,apd,42.35,3.57,1114.579956,10.25,-6.68,0.579,21.76,1.76,2.93,8.26,11.83,6.08,14.24,31.077,12320000000.0,14800000000.0,17.54,2.00,2.09,9.76,2.09,1680000000.0,9.76,567300000.0,2.491,24.40,16.60,89500000.0,0.39,2460000000.0,1.405,18.679001,1000000000.0,0.715,5.94,85.27,1870000.0,2.084,0.87,2060000.0,underperform
2101,2005-01-04 19:29:19,1104884959.0,hd,33.15,-3.92,1188.050049,7.19,-11.11,0.091,19.43,1.33,3.98,6.88,10.88,13.22,21.68,31.974,94030000000.0,93430000000.0,16.66,1.29,1.31,10.35,1.31,20580000000.0,10.35,4910000000.0,2.204,N/A,N/A,3380000000.0,1.54,2160000000.0,1.332,10.819,N/A,1.323,0.75,63.29,24660000.0,3.343,1.13,31330000.0,underperform
2102,2006-09-01 17:37:38,1157146658.0,hd,27.47,8.52,1311.01001,11.65,-3.130000000000001,0.249,11.94,0.81,2.67,7.03,11.63,13.50,23.56,41.623,72010000000.0,76990000000.0,N/A,0.78,0.88,6.443,0.88,27320000000.0,6.443,6170000000.0,2.92,5.30,16.70,659000000.0,0.319,6780000000.0,1.184,12.836,N/A,1.3,1.10,67.50,32030000.0,2.4,1.60,65780000.0,underperform
2103,2007-10-22 08:44:40,1193057080.0,hd,25.19,-31.32,1506.329956,-36.6,5.280000000000001,0.428,12.17,0.68,2.24,5.63,9.87,10.18,18.89,45.046,60840000000.0,69460000000.0,N/A,1.03,0.78,6.455,0.78,29780000000.0,6.455,5140000000.0,2.53,14.80,1.80,3020000000.0,1.529,11640000000.0,1.44,13.739,6910000000.0,0.97,0.47,77.60,63840000.0,3.30,3.30,61780000.0,outperform
2104,2005-05-15 08:32:52,1116160372.0,hd,28.3,13.0,1159.359985,11.66,1.3399999999999999,0.089,16.07,1.07,3.28,6.84,10.84,13.21,21.71,32.992,78340000000.0,78330000000.0,12.56,0.96,1.07,8.47,1.07,24430000000.0,8.47,5000000000.0,2.26,16.20,12.80,2170000000.0,2160000000.0,2160000000.0,1.348,11.056,6900000000.0,1.271,1.87,65.13,21970000.0,2.585,1.04,18530000.0,outperform
2105,2004-06-21 08:35:27,1087821327.0,hd,27.71,12.13,1130.300049,7.37,4.760000000000001,0.073,17.93,1.18,3.56,6.68,10.62,12.76,20.49,29.537,78620000000.0,75950000000.0,14.44,1.11,1.13,9.17,1.13,20580000000.0,9.17,4500000000.0,1.973,17.50,11.30,4300000000.0,1.93,1640000000.0,1.281,10.032,6920000000.0,1.434,0.84,62.26,19170000.0,2.769,0.87,22890000.0,outperform
2106,2009-02-03 01:50:25,1233643825.0,hd,18.67,34.82,838.51001,30.86,3.960000000000001,0.618,12.15,0.49,1.98,4.01,7.95,8.23,16.66,44.323,36570000000.0,47000000000.0,N/A,1.28,0.63,6.011,0.63,26000000000.0,6.011,2990000000.0,1.78,30.70,6.20,874000000.0,0.515,11370000000.0,1.212,10.853,5360000000.0,0.51,1.30,70.20,65069999.99999999,3.7,3.90,59440000.0,outperform
2107,2013-04-26 08:59:21,1366981161.0,hd,70.7,9.32,1582.23999,18.53,-9.21,60.81,24.46,1.46,6.12,6.07,10.57,12.10,25.42,49.87,118220000000.0,118220000000.0,17.85,1.38,1.58,12.33,1.58,25840000000.0,12.33,4540000000.0,3.00,31.90,13.90,2520000000.0,1.70,10810000000.0,1.34,11.98,6980000000.0,1.01,0.12,74.20,12320000.0,1.90,0.90,14200000.0,underperform
2108,2007-06-22 20:16:06,1182557766.0,hd,31.9,-30.38,1502.560059,-10.96,-19.419999999999998,0.454,15.02,0.87,3.07,5.85,10.13,10.64,19.91,45.136,78000000000.0,88440000000.0,N/A,1.08,0.97,7.914,0.97,29780000000.0,7.914,5320000000.0,2.63,29.50,0.60,2080000000.0,1.054,11660000000.0,1.358,13.012,6430000000.0,1.25,0.23,67.00,45660000.0,3.9,2.30,37520000.0,underperform
2109,2008-12-19 18:15:20,1229728520.0,hd,20.63,24.09,887.8800050000001,24.92,-0.8300000000000018,0.618,13.53,0.56,2.25,4.01,7.95,8.23,16.66,44.323,40710000000.0,51950000000.0,N/A,1.45,0.70,6.644,0.70,26000000000.0,6.644,2990000000.0,1.775,30.70,6.20,874000000.0,0.515,11370000000.0,1.212,10.853,5360000000.0,0.5,1.30,70.10,56970000.0,2.1,3.40,56030000.0,underperform
2110,2007-09-23 22:48:00,1190602080.0,hd,28.81,-25.03,1518.75,-20.52,-4.510000000000002,0.428,13.64,0.78,2.57,5.63,9.87,10.18,18.89,45.046,68180000000.00001,76800000000.0,N/A,1.23,0.86,7.137,0.86,29780000000.0,7.137,5140000000.0,2.53,14.80,1.80,3020000000.0,1.529,11640000000.0,1.44,13.739,6910000000.0,1.28,1.24,67.40,61780000.0,2.8,3.20,41020000.0,underperform
2111,2012-04-29 01:26:24,1335677184.0,hd,48.96,45.04,1399.97998,13.83,31.21,60.43,21.04,1.12,4.45,5.52,9.46,10.33,21.11,45.07,87960000000.0,87960000000.0,15.94,1.23,1.25,10.54,1.25,24260000000.0,10.54,3880000000.0,2.47,31.90,5.90,1990000000.0,1.30,10820000000.0,1.55,11.65,6650000000.0,0.95,0.12,72.70,19970000.0,2.20,1.60,19580000.0,outperform
2112,2004-11-06 23:33:05,1099801985.0,hd,32.04,-0.06,1143.199951,6.71,-6.77,0.073,20.07,1.33,4.10,6.85,10.88,13.12,21.26,30.699,92850000000.0,90810000000.0,16.78,1.28,1.31,10.39,1.31,20580000000.0,10.39,4740000000.0,2.107,17.50,11.30,3670000000.0,1.67,1630000000.0,1.196,10.232,7660000000.0,1.446,0.84,62.50,27980000.0,4.324,1.28,25130000.0,underperform
2113,2006-09-01 12:26:38,1157127998.0,hd,27.47,8.52,1311.01001,11.65,-3.130000000000001,0.249,11.76,0.81,2.67,7.03,11.63,13.50,23.56,41.623,70880000000.0,76990000000.0,N/A,0.78,0.88,6.443,0.88,27320000000.0,6.443,6170000000.0,2.92,5.30,16.70,659000000.0,0.319,6780000000.0,1.184,12.836,N/A,1.3,1.10,67.50,32030000.0,2.4,1.60,65780000.0,underperform
2114,2012-10-14 16:37:10,1350247030.0,hd,56.31,32.05,1432.839966,19.35,12.699999999999996,61.27,21.41,1.24,5.04,5.96,10.08,10.72,23.84,47.00,97780000000.0,97780000000.0,17.62,1.33,1.36,10.99,1.36,24260000000.0,10.99,4280000000.0000005,2.78,12.40,1.70,2810000000.0,1.86,10800000000.0,1.45,11.70,6420000000.0,1.06,0.13,74.40,21270000.0,2.90,1.70,22030000.0,outperform
2115,2013-02-06 07:59:09,1360155549.0,hd,63.91,16.63,1512.119995,17.28,-0.6500000000000021,60.96,23.59,1.37,5.60,5.91,10.26,11.19,24.15,47.97,107520000000.0,107520000000.0,19.08,1.36,1.48,11.79,1.48,24260000000.0,11.79,4290000000.0,2.81,1.40,4.60,2550000000.0,1.71,10810000000.0,1.50,11.86,6340000000.0,1.01,0.13,74.40,11990000.0,1.80,1.00,10640000.0,underperform
2116,2004-08-10 02:14:26,1092118466.0,hd,25.89,25.99,1079.040039,13.91,12.079999999999998,0.073,16.68,1.09,3.28,6.68,10.62,12.76,20.49,29.537,73150000000.0,70460000000.0,13.38,1.03,1.05,8.51,1.05,20580000000.0,8.51,4500000000.0,1.973,17.50,11.30,4300000000.0,1.93,1640000000.0,1.281,10.032,6920000000.0,1.404,0.84,62.08,24730000.0,3.246,1.12,24770000.0,outperform
2117,2012-06-17 05:46:11,1339926371.0,hd,49.52,48.95,1329.099976,23.32,25.630000000000003,60.22,19.54,1.12,4.44,5.75,9.74,10.10,22.70,46.27,87030000000.0,87030000000.0,15.62,1.18,1.22,10.10,1.22,24260000000.0,10.10,4110000000.0000005,2.65,27.50,5.90,3190000000.0,2.09,10820000000.0,1.43,11.75,7040000000.0,1.02,0.13,74.60,18710000.0,1.50,1.50,19330000.0,outperform
2118,2007-02-18 15:42:35,1171831355.0,hd,33.38,,1456.810059,-7.33,,0.294,14.16,0.94,3.07,6.80,11.20,13.01,22.86,43.2,84570000000.0,92110000000.0,N/A,1.14,1.02,7.678,1.02,27320000000.0,7.678,6120000000.0,2.93,3.10,11.30,617000000.0,0.302,8160000000.0,1.168,13.58,6560000000.0,1.3,0.22,58.40,91200000.0,5.2,4.50,35300000.0,underperform
2119,2005-03-02 11:59:30,1109782770.0,hd,31.15,6.84,1210.079956,6.53,0.3099999999999996,0.089,17.74,1.20,3.62,6.84,10.84,13.21,21.71,32.992,87950000000.0,87930000000.0,13.81,1.06,1.20,11.09,1.20,20580000000.0,11.09,5000000000.0,2.26,17.50,11.30,2170000000.0,0.99,2150000000.0,1.348,11.041,6780000000.0,1.282,0.75,65.94,17440000.0,3.093,0.80,20080000.0,outperform
2120,2008-01-23 16:23:20,1201123400.0,hd,24.63,-24.04,1338.599976,-38.18,14.14,0.71,12.14,0.54,2.73,5.23,9.43,10.68,21.57,46.043,49130000000.0,59430000000.0,N/A,0.99,0.67,5.785,0.67,29780000000.0,5.785,4880000000.0,2.40,26.80,3.50,550000000.0,0.326,12390000000.0,1.125,10.335,6620000000.0,1.08,1.29,66.20,63260000.0,3.5,3.80,65510000.00000001,outperform
2121,2005-01-26 07:39:50,1106743190.0,hd,31.73,0.19,1174.069946,8.5,-8.31,0.091,18.41,1.24,3.73,6.88,10.88,13.22,21.68,31.974,89090000000.0,87480000000.0,15.85,1.22,1.23,9.69,1.23,20580000000.0,9.69,4910000000.0,2.204,17.50,11.30,3380000000.0,1.54,2160000000.0,1.332,10.819,6780000000.0,1.323,0.75,63.32,20080000.0,3.521,0.92,24660000.0,underperform
2122,2011-12-23 19:30:30,1324686630.0,hd,39.48,49.97,1265.329956,13.47,36.5,60.68,18.11,0.93,3.64,5.32,9.21,9.61,20.04,43.87,73170000000.0,73170000000.0,15.39,1.24,1.05,9.04,1.05,23300000000.0,9.04,3700000000.0,2.32,12.00,4.40,2230000000.0,1.45,10780000000.0,1.46,11.53,6290000000.0,0.88,0.11,71.30,26340000.0,2.40,1.90,29530000.0,outperform
2123,2006-08-13 12:55:12,1155488112.0,hd,26.65,7.17,1271.810059,14.24,-7.07,0.24,11.69,0.83,2.56,7.23,11.62,12.92,23.54,39.51,68770000000.0,72850000000.0,N/A,0.77,0.87,6.361,0.87,27320000000.0,6.361,6080000000.0,2.85,19.00,13.10,2590000000.0,1.251,6670000000.0,1.246,13.107,7000000000.0,1.3,1.10,64.70,65780000.0,5.1,3.20,77760000.0,underperform
2124,2004-04-13 07:31:15,1081855875.0,hd,27.75,6.67,1129.439941,3.93,2.7399999999999998,0.038,19.39,1.27,3.65,6.64,10.56,12.80,20.10,28.316,82950000000.0,80370000000.0,15.19,1.26,1.24,11.74,1.24,18110000000.0,11.74,4300000000.0,1.88,20.40,8.80,2850000000.0,1.25,856000000.0,1.395,9.906,6250000000.0,1.406,0.84,60.61,21040000.0,2.745,0.93,23130000.0,outperform
2125,2007-05-19 12:30:39,1179592239.0,hd,30.92,-20.76,1514.140015,-5.98,-14.780000000000001,0.454,14.78,0.83,3.01,5.85,10.13,10.93,19.91,45.136,76580000000.0,86150000000.0,N/A,1.10,0.95,7.544,0.95,29780000000.0,7.544,5320000000.0,2.63,29.50,0.60,2080000000.0,1.057,11660000000.0,1.358,12.706,N/A,1.26,0.23,65.30,37520000.0,2.9,1.90,36860000.0,underperform
2126,2006-07-18 15:34:09,1153251249.0,hd,26.27,23.52,1236.859985,25.01,-1.490000000000002,0.24,11.56,0.83,2.56,7.23,11.62,12.92,23.54,39.51,67980000000.00001,73530000000.0,N/A,0.76,0.88,6.421,0.88,27320000000.0,6.421,6080000000.0,2.85,19.00,13.10,2590000000.0,1.251,6670000000.0,1.246,13.107,7000000000.0,1.26,1.10,66.90,77760000.0,5.8,3.80,21430000.0,underperform
2127,2011-11-08 00:02:21,1320728541.0,hd,35.33,67.45,1275.920044,9.3,58.150000000000006,59.10,16.82,0.83,3.13,5.23,9.06,9.19,19.09,42.79,65150000000.00001,65150000000.00001,13.93,1.12,0.95,8.21,0.95,23300000000.0,8.21,3600000000.0,2.22,14.30,4.20,2550000000.0,1.63,10780000000.0,1.45,11.62,65150000000.00001,0.87,0.11,71.30,32750000.0,2.50,N/A,33970000.0,outperform
2128,2008-10-28 17:55:49,1225230949.0,hd,18.19,21.55,940.51001,10.86,10.690000000000001,0.626,10.04,0.43,1.72,4.40,8.40,7.78,14.40,44.188,33040000000.0,42720000000.0,N/A,1.01,0.57,5.183,0.57,26000000000.0,5.183,3300000000.0,1.938,24.30,5.40,1060000000.0,0.625,11670000000.0,1.253,10.976,4950000000.0,0.54,1.30,70.30,54520000.0,1.9,3.30,58840000.0,outperform
2129,2011-09-25 08:33:58,1316954038.0,hd,30.77,84.21,1129.560059,28.98,55.22999999999999,59.10,15.19,0.75,2.84,5.23,9.02,9.14,19.09,42.79,60970000000.0,60970000000.0,12.54,1.04,0.89,7.72,0.89,23300000000.0,7.72,3600000000.0,2.22,14.30,4.20,2550000000.0,1.63,10780000000.0,1.45,11.62,60970000000.0,0.82,0.11,71.30,37740000.0,1.90,N/A,33290000.0,outperform
2130,2007-01-11 22:35:20,1168572920.0,hd,32.11,-36.72,1423.819946,-1.6,-35.12,0.294,13.70,0.90,2.93,6.80,11.20,13.01,22.86,43.2,81800000000.0,88730000000.0,N/A,1.14,0.99,7.396,0.99,27320000000.0,7.396,6120000000.0,2.93,3.10,11.30,617000000.0,0.302,8160000000.0,1.168,13.58,6560000000.0,1.28,1.12,65.60,35300000.0,1.80,1.80,32790000.0,underperform
2131,2006-06-16 08:13:39,1150460019.0,hd,29.27,4.48,1251.540039,21.1,-16.62,0.24,13.13,0.92,2.85,7.23,11.62,12.92,23.54,39.51,77240000000.0,81320000000.0,N/A,0.81,0.97,7.101,0.97,27320000000.0,7.101,6080000000.0,2.85,19.00,13.10,2590000000.0,1.251,6670000000.0,1.246,13.107,7000000000.0,1.24,1.10,66.60,21430000.0,2.7,1.10,23240000.0,underperform
2132,2013-04-25 00:07:11,1366862831.0,hd,70.72,10.49,1585.160034,17.55,-7.0600000000000005,60.81,24.43,1.46,6.13,6.07,10.57,12.10,25.42,49.87,118220000000.0,118220000000.0,17.83,1.38,1.58,12.33,1.58,25840000000.0,12.33,4540000000.0,3.00,31.90,13.90,2520000000.0,1.70,10810000000.0,1.34,11.98,6980000000.0,1.01,0.12,74.20,12320000.0,1.90,0.90,14200000.0,underperform
2133,2012-01-07 14:19:13,1325963953.0,hd,40.09,51.36,1277.300049,14.25,37.11,60.68,18.62,0.96,3.74,5.32,9.21,9.61,20.04,43.87,75140000000.0,75140000000.0,15.77,1.27,1.08,9.29,1.08,23300000000.0,9.29,3700000000.0,2.32,12.00,4.40,2230000000.0,1.45,10780000000.0,1.46,11.53,6290000000.0,0.88,0.12,72.70,27630000.0,2.30,2.00,26340000.0,outperform
2134,2009-04-13 16:57:54,1239656274.0,fis,18.03,27.62,858.7299800000001,39.43,-11.809999999999999,N/A,17.48,1.08,1.06,6.23,11.08,2.76,3.21,17.985,6030000000.0,6030000000.0,N/A,0.89,1.75,7.489,1.75,809100000.0,7.489,117400000.0,1.11,73.50,N/A,220900000.0,1.157,2510000000.0,1.384,18.506001,596400000.0,0.54,6.17,83.90,4179999.9999999995,1.4,2.20,3220000.0,underperform
2135,2012-03-01 06:50:48,1330602648.0,fis,30.15,20.86,1374.089966,10.49,10.37,72.38,20.73,1.59,1.42,8.17,18.95,4.86,7.65,19.11,13590000000.0,13590000000.0,11.25,0.95,2.36,8.18,2.36,1630000000.0,8.18,493800000.0,1.53,N/A,N/A,415500000.0,1.44,4810000000.0,1.24,22.20,1170000000.0,0.57,14.59,2.60,1650000.0,0.90,0.60,2600000.0,outperform
2136,2010-05-14 12:23:46,1273854226.0,fis,27.69,9.68,1135.680054,18.17,-8.490000000000002,N/A,51.46,2.67,1.34,3.94,13.61,3.38,2.74,14.97,13890000000.0,13890000000.0,13.47,1.30,3.29,13.61,3.29,968900000.0,13.61,163000000.0,0.58,183.60,57.40,463900000.0,1.23,3090000000.0,1.27,22.31,13890000000.0,0.59,11.91,70.00,3630000.0,1.40,1.10,4300000.0,underperform
2137,2007-02-22 20:39:18,1172194758.0,fis,23.52,-11.27,1456.380005,-7.09,-4.18,N/A,34.22,N/A,N/A,6.27,15.03,N/A,13.85,22.227,N/A,8950000000.0,N/A,N/A,2.17,8.727,2.17,325560000.0,8.727,259089999.99999997,1.37,N/A,N/A,N/A,N/A,N/A,N/A,N/A,N/A,0.63,38.52,26.00,2550000.0,3.3,1.40,3310000.0,underperform
2138,2007-05-28 04:33:33,1180341213.0,fis,,,1515.72998,-8.6,,0.933,34.98,2.21,2.97,6.41,15.09,5.74,8.98,22.757,9650000000.0,12460000000.0,N/A,1.54,2.86,11.219,2.86,1200000000.0,11.219,279230000.0,1.43,51.20,24.80,222000000.0,1.154,3030000000.0,1.577,16.882,469250000.0,0.72,56.91,74.80,3530000.0,3.1,1.90,3140000.0,underperform
2139,2013-05-12 05:27:18,1368350838.0,fis,42.61,27.76,1626.670044,16.6,11.16,67.84,25.11,2.19,1.93,8.82,19.27,5.13,9.13,20.10,16860000000.0,16860000000.0,13.86,1.29,2.87,10.05,2.87,1860000000.0,10.05,596900000.0,1.74,65.40,4.60,590600000.0,2.02,4610000000.0,1.50,22.69,1050000000.0,0.81,7.55,73.40,2140000.0,0.80,0.70,2190000.0,outperform
2140,2012-01-18 09:17:29,1326896249.0,ipg,9.95,15.28,1308.040039,13.22,2.0599999999999987,64.56,12.49,0.71,2.29,6.72,9.11,3.34,18.82,14.76,5380000000.0,5380000000.0,14.07,0.87,0.77,6.89,0.77,6530000000.0,6.89,456700000.0,0.86,365.80,11.10,1800000000.0,3.90,1720000000.0,1.02,4.68,535200000.00000006,1.79,0.73,93.40,9790000.0,1.90,2.00,10580000.0,outperform
2141,2010-03-03 11:47:07,1267634827.0,ipg,7.5,59.2,1118.790039,18.97,40.230000000000004,N/A,22.76,0.65,2.21,3.30,7.47,2.48,8.53,13.14,4680000000.0,4680000000.0,N/A,1.88,0.76,7.466,0.76,2620000000.0,7.466,172700000.0,0.36,47.30,18.00,1770000000.0,3.645,1960000000.0,1.121,3.696,520700000.00000006,1.58,0.61,99.60,19790000.0,6.20,6.20,20770000.0,outperform
2142,2012-01-13 14:12:49,1326481969.0,ipg,9.9,12.83,1289.089966,13.34,-0.5099999999999998,64.56,12.37,0.70,2.26,6.72,9.11,3.34,18.82,14.76,5330000000.0,5330000000.0,13.93,0.85,0.77,6.83,0.77,6530000000.0,6.83,456700000.0,0.86,365.80,11.10,1800000000.0,3.90,1720000000.0,1.02,4.68,535200000.00000006,1.79,0.73,93.40,9790000.0,1.90,2.00,10580000.0,underperform
2143,2011-04-29 11:08:39,1304089719.0,ipg,10.83,-3.05,1363.609985,1.99,-5.04,60.78,24.96,0.88,2.49,4.00,8.46,2.73,9.91,13.79,5310000000.0,5310000000.0,14.66,1.24,0.81,7.58,0.81,6530000000.0,7.58,271200000.0,0.47,45.10,11.70,2690000000.0,5.50,1740000000.0,1.09,4.72,5310000000.0,1.79,0.73,94.20,14630000.0,1.60,3.00,13420000.0,underperform
2144,2003-10-26 23:47:28,1067230048.0,ipg,12.43,-11.75,1028.910034,7.99,-19.740000000000002,1.221,N/A,0.90,2.41,1.29,2.08,0.66,4.83,15.699,5300000000.0,7320000000.0,18.29,4.73,1.22,52.89,1.22,2650000000.0,52.89,103500000.0,0.274,N/A,7.70,700100000.0,1.79,2720000000.0,1.026,5.69,N/A,1.784,0.28,95.00,28820000.0,12.323,7.38,31480000.0,underperform
2145,2004-10-13 13:26:01,1097688361.0,ipg,10.17,0.1,1113.650024,5.67,-5.57,0.854,N/A,0.78,2.12,8.61,3.35,4.33,25.54,14.933,4640000000.0,5770000000.0,16.67,3.50,0.96,N/A,0.96,2410000000.0,N/A,550800000.0,1.42,554.00,5.50,1430000000.0,3.4,2190000000.0,1.08,5.186,422000000.0,1.665,0.34,95.00,22510000.0,6.826,5.35,28480000.0,underperform
2146,2011-10-09 15:54:37,1318190077.0,ipg,7.27,50.21,1164.969971,24.97,25.240000000000002,63.82,13.69,0.55,1.66,4.45,8.29,2.94,12.36,14.32,4099999999.9999995,4099999999.9999995,10.27,0.80,0.60,5.77,0.60,6530000000.0,5.77,291000000.0,0.56,26.80,8.00,1820000000.0,3.81,1770000000.0,1.01,4.69,4099999999.9999995,1.82,0.73,94.20,12860000.0,1.40,2.60,14200000.0,outperform
2147,2013-05-23 16:16:32,1369340192.0,ipg,13.85,32.06,1650.51001,15.15,16.910000000000004,82.17,15.69,0.88,2.78,6.20,9.66,3.52,16.83,16.39,7440000000.0,7440000000.0,13.14,1.71,1.06,9.00,1.06,6960000000.0,9.00,421800000.0,0.92,N/A,2.40,1650000000.0,3.85,2230000000.0,1.16,5.20,80600000.0,2.05,0.62,92.30,15330000.0,2.60,3.60,14390000.0,outperform
2148,2006-09-12 01:09:09,1158037749.0,ipg,8.83,6.34,1313.0,12.08,-5.74,1.189,N/A,0.68,2.22,3.66,2.09,0.78,13.68,14.55,4160000000.0,4840000000.0,N/A,N/A,0.78,15.195,0.78,2280000000.0,15.195,276100000.0,0.63,648.90,4.80,1580000000.0,3.58,2240000000.0,1.085,4.273,300000000.0,1.25,10.44,119.40,46270000.0,13.4,10.60,43340000.0,underperform
2149,2012-10-05 15:10:26,1349464226.0,ipg,10.96,52.37,1460.930054,15.94,36.43,61.76,11.00,0.71,2.26,7.57,9.98,3.63,20.42,15.71,5640000000.0,5640000000.0,12.00,1.16,0.80,6.64,0.80,7010000000.0,6.64,520200000.00000006,1.05,2.60,1.40,1510000000.0,3.47,1650000000.0,1.03,5.04,534600000.0,2.15,0.61,94.00,14040000.0,2.20,3.20,13520000.0,outperform
2150,2007-04-15 23:01:38,1176692498.0,ipg,11.18,-32.92,1447.800049,-8.25,-24.67,1.201,N/A,0.92,4.04,1.91,4.26,1.61,7.87,14.568,5930000000.0,6570000000.0,N/A,N/A,1.06,14.241,1.06,2280000000.0,14.241,179400000.0,0.39,N/A,1.00,1470000000.0,3.33,2250000000.0,1.081,3.021,231300000.0,1.33,20.91,122.00,38920000.0,8.90,8.90,36020000.0,underperform
2151,2013-04-22 03:09:54,1366614594.0,ipg,13.1,30.61,1562.5,20.29,10.32,91.27,14.66,0.76,2.45,6.20,9.66,N/A,N/A,16.39,6100000000.0,6100000000.0,12.36,1.68,0.87,7.39,0.87,6960000000.0,7.39,421800000.0,0.92,N/A,2.40,N/A,N/A,N/A,N/A,5.27,N/A,2.05,0.62,92.30,18600000.0,3.60,4.20,16900000.0,outperform
2152,2007-06-14 22:24:15,1181874255.0,ipg,10.48,-18.03,1522.969971,-10.7,-7.330000000000002,1.263,N/A,0.86,2.94,0.20,3.54,1.76,0.42,14.286,5350000000.0,6170000000.0,N/A,5.74,0.99,12.751,0.99,2250000000.0,12.751,35000000.0,0.069,N/A,2.40,1520000000.0,3.238,2310000000.0,1.003,3.901,154600000.0,1.15,0.74,110.80,39390000.0,8.8,8.40,34690000.0,underperform
2153,2003-12-15 02:03:41,1071471821.0,ipg,12.74,-6.75,1068.040039,12.67,-19.42,1.297,N/A,0.94,2.86,6.80,2.23,3.44,20.55,15.395,5620000000.0,7440000000.0,21.16,N/A,1.26,N/A,1.26,2650000000.0,N/A,430100000.0,1.115,N/A,7.70,695500000.0,1.77,2520000000.0,0.953,4.96,N/A,1.763,0.29,95.00,30050000.0,9.359,7.68,28820000.0,underperform
2154,2007-01-11 00:37:47,1168493867.0,ipg,11.96,-43.23,1423.819946,-1.6,-41.629999999999995,1.201,N/A,0.88,2.91,1.91,4.26,1.61,7.87,14.568,5640000000.0,6230000000.0,N/A,N/A,1.00,13.514,1.00,2280000000.0,13.514,179400000.0,0.39,N/A,1.00,1470000000.0,3.33,2250000000.0,1.081,4.243,231300000.0,1.33,20.91,118.40,36020000.0,7.4,8.20,45660000.0,underperform
2155,2005-05-09 19:56:44,1115683004.0,ipg,11.83,-22.57,1178.839966,12.41,-34.980000000000004,1.093,N/A,0.89,3.34,11.39,4.96,5.91,35.57,14.883,5430000000.0,6560000000.0,17.83,2.42,1.08,N/A,1.08,2410000000.0,N/A,724500000.0,1.76,554.00,5.50,1440000000.0,3.4,2190000000.0,1.092,3.854,513799999.99999994,1.563,0.73,95.00,33660000.0,7.217,8.02,26740000.0,underperform
2156,2005-01-04 19:33:01,1104885181.0,ipg,12.12,-25.33,1188.050049,7.19,-32.519999999999996,1.093,N/A,0.94,3.49,11.38,4.96,5.91,35.57,14.883,5600000000.0,6440000000.0,21.70,N/A,1.06,N/A,1.06,2410000000.0,N/A,724500000.0,1.761,N/A,N/A,1440000000.0,3.4,2190000000.0,1.092,3.854,N/A,1.645,0.33,95.00,26340000.0,13.945,6.25,25400000.0,underperform
2157,2004-06-20 21:02:39,1087779759.0,ipg,13.3,-10.38,1132.050049,7.42,-17.8,0.892,N/A,1.02,2.76,8.93,3.65,4.48,26.22,15.107,6080000000.0,7350000000.0,17.48,2.36,1.24,N/A,1.24,2410000000.0,N/A,563400000.0,1.455,554.00,5.50,1400000000.0,3.33,2290000000.0,1.099,5.249,427600000.0,1.786,0.34,95.00,31740000.0,15.98,7.60,30520000.0,underperform
2158,2004-09-09 16:22:44,1094761364.0,ipg,10.14,0.59,1118.380005,11.01,-10.42,0.868,N/A,0.74,2.03,8.61,3.35,4.33,25.54,14.933,4470000000.0,5640000000.0,16.06,3.37,0.94,N/A,0.94,2410000000.0,N/A,550800000.0,1.42,554.00,5.50,1430000000.0,3.4,2220000000.0,1.08,5.186,422000000.0,1.647,0.34,95.00,28480000.0,9.879,6.77,34830000.0,underperform
2159,2004-11-10 19:48:37,1100134117.0,esv,24.39,49.82,1162.910034,5.85,43.97,0.261,49.01,5.79,2.05,12.06,20.36,2.85,4.35,5.029,4490000000.0,4670000000.0,22.00,2.97,6.15,15.75,6.15,337900000.0,15.75,91400000.0,0.606,82.60,13.30,280700000.0,1.86,558700000.0,2.404,14.191,295400000.0,1.195,1.21,88.73,6660000.0,3.634,4.46,6970000.0,outperform
2160,2009-07-01 04:22:30,1246436550.0,esv,29.0,16.24,923.330017,11.27,4.969999999999999,N/A,4.48,2.10,1.03,45.89,56.93,15.12,24.95,17.002,4390000000.0,4390000000.0,N/A,0.33,1.83,2.764,1.83,1650000000.0,2.764,1110000000.0,7.79,18.90,9.60,927300000.0,6.539,291500000.0,3.541,34.527,1330000000.0,1.26,0.16,90.50,9800000.0,2.5,7.00,8640000.0,outperform
2161,2008-06-26 01:01:34,1214456494.0,esv,66.09,-55.68,1283.150024,-28.39,-27.29,0.077,11.33,5.23,2.86,46.68,57.13,16.26,27.98,15.249,11600000000.0,11200000000.0,N/A,0.70,5.07,7.654,5.07,1460000000.0,7.654,1030000000.0,7.09,17.10,12.90,669900000.0,4.641,311700000.0,2.717,27.992001,1110000000.0,1.06,0.22,97.80,13950000.0,4.3,9.80,13410000.0,underperform
2162,2007-03-20 12:17:37,1174407457.0,esv,43.79,14.8,1410.939941,-7.97,22.77,0.148,10.56,4.43,2.51,42.44,56.09,16.33,26.36,11.915,8029999999.999999,7940000000.0,N/A,0.20,4.38,6.503,4.38,1240000000.0,6.503,758600000.0,5.04,103.10,52.10,565800000.0,3.75,475600000.0,2.565,21.186001,947500000.0,1.65,1.04,84.30,8600000.0,2.6,5.80,9190000.0,outperform
2163,2005-08-30 06:33:43,1125398023.0,esv,32.54,8.39,1208.410034,8.02,0.370000000000001,0.217,33.12,6.70,2.55,20.02,29.75,4.94,7.61,5.835,5870000000.0,6080000000.0,N/A,0.53,6.91,14.466,6.91,342500000.0,14.466,168400000.0,1.17,300.00,45.50,296900000.0,1.953,501100000.0,2.214,15.186,301800000.0,N/A,1.44,83.90,5610000.0,2.3,3.70,6210000.0,outperform
2164,2011-10-26 05:05:46,1319619946.0,esv,43.31,21.22,1242.0,13.77,7.449999999999999,47.79,16.98,6.54,1.09,24.39,29.97,2.70,5.31,11.88,16020000000.0,16020000000.0,8.17,0.73,9.09,19.68,9.09,928700000.0,19.68,422600000.0,2.86,19.30,37.10,554000000.0,2.41,5050000000.0,1.31,45.93,16020000000.0,1.40,N/A,N/A,5010000.0,1.50,N/A,5080000.0,outperform
2165,2012-10-25 01:38:14,1351143494.0,esv,52.5,0.21,1412.969971,24.54,-24.33,42.99,12.80,3.33,1.17,25.92,33.04,4.65,9.52,17.54,18050000000.0,18050000000.0,8.10,0.69,4.50,9.99,4.50,1370000000.0,9.99,1030000000.0,4.49,234.90,90.00,226700000.0,0.98,4910000000.0,1.27,49.14,1570000000.0,1.40,0.46,88.00,10770000.0,3.60,N/A,9440000.0,underperform
2166,2007-04-07 06:27:04,1175941624.0,esv,45.61,16.27,1439.369995,-4.87,21.14,0.148,10.99,4.60,2.61,42.44,56.09,16.33,26.36,11.915,8350000000.0,8260000000.0,N/A,0.24,4.56,6.77,4.56,1240000000.0,6.77,758600000.0,5.04,103.10,52.10,565800000.0,3.75,475600000.0,2.565,21.186001,947500000.0,1.63,1.04,79.70,12060000.0,3.8,8.10,8600000.0,outperform
2167,2012-02-28 05:42:02,1330425722.0,esv,51.01,6.14,1372.180054,10.48,-4.340000000000001,46.40,19.06,4.77,1.25,21.12,28.26,4.03,7.19,14.79,18190000000.0,18190000000.0,8.79,0.59,6.40,14.88,6.40,928700000.0,14.88,593500000.0,3.08,72.60,145.10,430700000.0,1.89,5050000000.0,1.24,47.65,732300000.0,1.34,0.14,85.70,3880000.0,1.50,N/A,4190000.0000000005,underperform
2168,2006-05-24 18:52:01,1148511121.0,esv,38.69,23.73,1258.569946,19.78,3.9499999999999993,0.183,17.49,6.05,2.74,33.13,45.59,9.67,15.82,8.025,7120000000.0,7690000000.0,N/A,0.24,6.30,10.636,6.30,592500000.0,10.636,390000000.0,2.65,281.20,82.90,251100000.0,1.633,492600000.0,2.139,17.528,470700000.0,1.51,7.81,80.30,6470000.0,2.4,4.30,4840000.0,outperform
2169,2010-01-11 06:29:21,1263209361.0,esv,36.64,21.29,1146.97998,11.12,10.17,N/A,7.22,2.95,1.18,41.30,52.08,11.52,18.83,15.038,5670000000.0,5670000000.0,N/A,N/A,2.69,4.264,2.69,1650000000.0,4.264,911400000.0,6.22,47.00,31.30,1020000000.0,7.138,283000000.0,3.848,37.082001,1320000000.0,1.17,10.26,86.00,11100000.0,3.8,9.00,8369999.999999999,outperform
2170,2005-01-28 12:42:17,1106934137.0,esv,27.65,58.7,1171.359985,7.97,50.730000000000004,0.261,56.52,6.76,2.39,12.06,20.36,2.85,4.35,5.029,5170000000.0,5450000000.0,24.64,3.09,7.19,18.4,7.19,337900000.0,18.4,91400000.0,0.606,82.60,13.30,280700000.0,1.86,558700000.0,2.404,14.182,286300000.0,1.148,1.18,85.82,5620000.0,2.723,3.76,5200000.0,outperform
2171,2013-04-22 01:36:15,1366608975.0,esv,48.96,-2.98,1562.5,20.29,-23.27,40.89,10.61,2.88,1.05,27.20,36.39,5.37,10.75,18.75,16719999999.999998,16719999999.999998,6.84,0.27,3.89,7.97,3.89,2270000000.0,7.97,1200000000.0,5.03,N/A,N/A,537100000.0,2.31,4850000000.0,1.74,50.96,2190000000.0,1.53,0.49,90.10,4280000.0,1.70,1.80,4270000.0,underperform
2172,2013-05-10 05:03:29,1368176609.0,esv,55.08,-11.38,1633.699951,14.97,-26.35,40.03,11.68,3.26,1.20,27.57,36.64,5.55,10.90,19.28,18220000000.0,18220000000.0,7.87,0.30,4.11,8.39,4.11,2270000000.0,8.39,1240000000.0,5.25,19.50,12.70,611800000.0,2.63,4830000000.0,2.11,51.80,1980000000.0,1.51,0.49,90.10,4040000.0,1.90,1.70,4280000.0,underperform
2173,2011-12-26 08:37:14,1324906634.0,esv,,,1265.329956,48.44,,47.82,16.70,4.97,1.04,22.40,28.59,3.25,6.10,13.21,15890000000.0,15890000000.0,8.19,0.87,7.06,15.74,7.06,928700000.0,15.74,494200000.0,2.92,56.70,113.80,479900000.0,2.08,5120000000.0,1.21,46.46,720400000.0,1.26,N/A,N/A,4080000.0,1.60,N/A,4590000.0,underperform
2174,2013-04-25 00:40:45,1366864845.0,unp,71.7,29.19,1585.160034,17.55,11.64,48.95,17.30,3.27,3.42,19.13,32.54,9.14,20.76,44.85,76170000000.0,76170000000.0,13.65,1.02,3.61,8.82,3.61,15180000000.0,8.82,4040000000.0,8.52,10.90,3.50,1920000000.0,4.10,9860000000.0,1.29,43.06,6280000000.0,1.04,0.29,81.50,3650000.0,2.00,0.80,3880000.0,outperform
2175,2004-09-04 18:53:12,1094338392.0,unp,12.16,20.72,1105.910034,10.46,10.259999999999998,0.652,15.62,1.26,1.19,8.07,15.66,2.83,7.93,45.159,14840000000.0,22370000000.0,13.44,1.77,1.89,7.6,1.89,3200000000.0,7.6,956000000.0,3.665,18.20,7.50,657000000.0,2.53,8189999999.999999,0.948,48.473999,2290000000.0,0.36,5.52,79.70,1850000.0,1.936,0.76,1430000.0,outperform
2176,2011-08-16 01:34:54,1313472894.0,unp,42.65,38.15,1192.76001,17.84,20.31,48.83,15.62,2.49,2.47,16.39,28.61,7.51,16.71,36.99,53140000000.0,53140000000.0,11.89,0.84,2.93,7.88,2.93,12640000000.0,7.88,2980000000.0,6.01,10.40,16.20,1060000000.0,2.16,8940000000.0,1.17,37.52,53140000000.0,1.14,0.24,85.10,4580000.0,1.60,0.90,4400000.0,outperform
2177,2013-04-23 03:57:01,1366703821.0,unp,71.32,32.73,1578.780029,18.79,13.939999999999998,48.95,17.32,3.23,3.39,19.13,32.54,9.14,20.76,44.85,76170000000.0,76170000000.0,13.66,1.06,3.61,8.82,3.61,15180000000.0,8.82,4040000000.0,8.52,10.90,3.50,1920000000.0,4.10,9860000000.0,1.29,43.06,6280000000.0,1.04,0.29,81.50,3650000.0,2.00,0.80,3880000.0,outperform
2178,2004-12-14 06:56:14,1103025374.0,unp,13.53,22.32,1203.380005,5.76,16.560000000000002,0.643,18.90,1.33,1.26,7.17,14.04,2.53,6.96,45.765,16120000000.000002,23200000000.0,16.39,1.99,1.94,8.34,1.94,3200000000.0,8.34,858000000.0,3.286,18.20,7.50,914000000.0,3.52,8160000000.0,0.95,48.951,2370000000.0,0.326,0.84,79.90,2710000.0,2.348,1.05,2870000.0,outperform
2179,2008-05-15 01:31:52,1210829512.0,unp,33.39,-37.59,1423.569946,-37.98,0.38999999999999346,0.522,20.83,2.31,2.47,11.45,20.62,5.72,12.33,63.501,38740000000.0,45800000000.0,N/A,1.13,2.74,9.582,2.74,7110000000.0,9.582,1910000000.0,7.20,14.80,10.90,827000000.0,3.201,8119999999.999999,0.845,60.230999,3380000000.0,1.22,0.14,88.10,7060000.0,3.2,2.70,7000000.0,outperform
2180,2007-03-13 18:02:10,1173823330.0,unp,21.39,26.69,1377.949951,-5.02,31.71,0.443,16.71,1.76,1.79,10.31,18.51,5.06,11.07,57.825,26710000000.0,32689999999.999996,N/A,1.04,2.10,7.865,2.10,5220000000.0,7.865,1610000000.0,5.90,63.90,9.40,827000000.0,3.054,6780000000.0,0.681,56.674999,2880000000.0,1.6,0.08,79.30,2770000.0,1.1,1.10,2400000.0,outperform
2181,2009-01-03 23:00:55,1231041655.0,unp,21.24,36.58,903.25,23.45,13.129999999999999,0.538,12.04,1.35,1.54,12.13,21.24,6.13,13.93,34.68,25390000000.0,32990000000.000004,N/A,0.68,1.85,6.383,1.85,7110000000.0,6.383,2170000000.0,4.165,32.10,15.60,857000000.0,1.692,8460000000.000001,0.84,31.070999,3950000000.0,1.12,0.34,86.20,7640000.0,1.1,1.50,8980000.0,outperform
2182,2006-06-25 11:16:58,1151248618.0,unp,19.47,28.71,1245.599976,20.24,8.470000000000002,0.505,19.70,1.71,1.71,8.55,14.76,3.70,9.00,53.318,23880000000.0,30730000000.0,N/A,1.31,2.17,9.38,2.17,3520000000.0,9.38,1210000000.0,4.51,143.00,17.70,258000000.0,0.959,7110000000.0,0.622,52.354,2550000000.0,1.56,5.98,83.60,1510000.0,0.9,0.60,1680000.0,outperform
2183,2007-04-06 08:21:07,1175862067.0,unp,22.49,26.59,1437.77002,-4.89,31.48,0.443,17.48,1.79,1.82,10.31,18.51,5.06,11.07,57.825,27940000000.0,33850000000.0,N/A,1.09,2.17,8.144,2.17,5220000000.0,8.144,1610000000.0,5.90,63.90,9.40,827000000.0,3.054,6780000000.0,0.681,56.674999,2880000000.0,1.54,0.08,79.40,3390000.0,1.4,1.30,2770000.0,outperform
2184,2013-08-19 06:03:49,1376906629.0,unp,76.03,36.06,1646.060059,20.38,15.680000000000003,47.79,17.98,3.41,3.55,19.39,32.89,9.20,20.91,45.58,81220000000.0,81220000000.0,14.42,1.20,3.80,9.24,3.80,15180000000.0,9.24,4139999999.9999995,8.78,10.40,4.80,1840000000.0,3.98,9810000000.0,1.19,44.20,6600000000.0,1.08,0.30,81.20,3600000.0,2.40,0.80,4210000.0,outperform
2185,2004-06-21 18:44:53,1087857893.0,unp,12.26,15.5,1130.300049,7.37,8.129999999999999,0.636,14.05,1.28,1.20,9.16,17.75,3.19,9.14,44.219,14970000000.0,22590000000.0,12.61,1.51,1.93,7.19,1.93,3200000000.0,7.19,1070000000.0000001,4.11,18.20,7.50,275000000.0,1.06,7940000000.0,0.768,48.160999,2420000000.0,0.361,5.53,78.85,2520000.0,1.542,1.03,1480000.0,outperform
2186,2008-01-24 15:49:36,1201207776.0,unp,26.52,-28.81,1352.069946,-38.47,9.66,0.51,17.99,1.91,2.00,11.52,20.84,5.63,12.26,59.869,32280000000.0,37550000000.0,N/A,1.08,2.34,8.087,2.34,5220000000.0,8.087,1850000000.0,6.83,26.70,5.20,1020000000.0,3.891,7840000000.0,0.91,58.617001,3270000000.0,1.42,0.21,82.40,6030000.0,2.4,2.40,6500000.0,outperform
2187,2012-01-02 08:04:30,1325509470.0,unp,,,1257.599976,-33.85,,50.67,16.84,2.70,2.74,16.45,28.50,7.63,17.24,38.57,58940000000.0,58940000000.0,13.60,1.07,3.13,8.47,3.13,12640000000.0,8.47,3100000000.0,6.29,16.20,15.70,1650000000.0,3.41,9410000000.0,1.13,38.41,5720000000.0,1.29,0.24,85.10,4770000.0,1.80,1.00,4770000.0,underperform
2188,2003-10-27 11:14:24,1067271264.0,unp,12.69,4.89,1031.130005,7.75,-2.8600000000000003,0.681,14.33,1.30,1.32,9.37,18.07,3.30,10.00,43.86,15290000000.0,23290000000.0,12.10,1.16,1.98,9.59,1.98,4059999999.9999995,9.59,1100000000.0,4.19,38.80,4.30,223000000.0,0.88,8220000000.000001,0.72,45.52,N/A,0.444,5.55,79.36,1950000.0,2.088,0.81,2240000.0,underperform
2189,2005-02-05 16:23:38,1107638618.0,unp,12.7,46.46,1193.189941,6.51,39.95,0.643,25.67,1.28,1.20,4.94,10.60,1.78,4.81,46.587,15360000000.0,22510000000.0,13.06,1.88,1.84,9.36,1.84,3200000000.0,9.36,604000000.0,2.30,18.20,7.50,977000000.0,3.76,8130000000.000001,0.91,48.951,2370000000.0,0.378,0.84,80.21,3080000.0,2.205,1.20,2760000.0,outperform
2190,2012-04-24 04:51:29,1335257489.0,unp,52.36,36.1,1371.969971,15.07,21.03,47.11,15.09,2.53,2.73,17.42,30.22,8.57,19.11,41.80,58920000000.0,58920000000.0,11.78,0.85,2.92,7.61,2.92,13970000000.0,7.61,3520000000.0,7.23,35.10,13.90,995000000.0,2.09,8840000000.0,0.91,39.33,5980000000.0,1.27,0.30,83.60,6120000.0,2.00,1.30,6550000.0,outperform
2191,2012-03-19 15:36:23,1332185783.0,unp,53.54,26.11,1409.75,9.83,16.28,47.94,16.81,2.78,2.92,16.83,29.27,8.11,18.12,40.27,62010000000.0,62010000000.0,12.23,0.86,3.17,8.45,3.17,13970000000.0,8.45,3290000000.0,6.72,24.40,15.80,1220000000.0,2.54,8910000000.0,1.12,38.71,5870000000.0,1.27,0.30,83.60,5140000.0,1.70,1.00,5130000.0,outperform
2192,2009-03-26 00:17:33,1238041053.0,unp,19.9,66.43,832.8599849999999,40.07,26.360000000000007,N/A,9.02,1.18,1.37,13.01,22.68,6.55,15.07,35.194,28890000000.0,28890000000.0,N/A,0.91,1.61,5.29,1.61,6300000000.0,5.29,2340000000.0,4.54,34.60,2.10,1250000000.0,2.482,8930000000.0,0.977,30.695999,4070000000.0000005,1.15,0.21,85.90,5730000.0,0.8,1.10,6870000.0,outperform
2193,2011-10-31 14:26:11,1320085571.0,unp,46.64,,1253.300049,-6.92,,50.67,16.07,2.61,2.66,16.45,28.50,7.63,17.24,38.57,57040000000.0,57040000000.0,13.03,1.08,3.03,8.20,3.03,12640000000.0,8.20,3100000000.0,6.29,16.20,15.70,1650000000.0,3.41,9410000000.0,1.13,38.41,57040000000.0,1.15,0.24,85.10,5700000.0,1.60,1.20,5100000.0,underperform
2194,2007-07-18 09:25:57,1184765157.0,unp,27.51,17.19,1546.170044,-18.49,35.68,0.436,20.08,2.12,2.16,10.70,19.08,5.25,11.39,58.216,33380000000.000004,39050000000.0,N/A,1.02,2.49,9.099,2.49,5220000000.0,9.099,1680000000.0,6.17,24.10,3.70,598000000.0,2.219,6730000000.0,0.761,57.372002,3200000000.0,1.73,0.08,83.50,4500000.0,2.4,1.80,4420000.0,outperform
2195,2005-01-28 04:07:58,1106903278.0,do,26.5,86.6,1171.359985,7.97,78.63,0.742,N/A,7.25,3.42,2.25,0.30,0.54,1.04,5.912,5610000000.0,5870000000.0,29.48,N/A,7.67,33.46,7.67,167050000.0,33.46,17220000.0,0.133,177.40,9.50,883160000.0,6.87,1200000000.0,1.917,12.602,230190000.0,1.203,55.81,95.00,9410000.0,8.747,16.57,7790000.0,outperform
2196,2010-12-30 21:23:57,1293762237.0,do,55.07,-11.93,1257.880005,-0.02,-11.91,40.01,9.26,2.72,2.46,29.35,44.41,15.33,26.86,24.26,9550000000.0,9550000000.0,10.17,1.22,2.83,5.07,2.83,2310000000.0,5.07,989830000.0,7.12,45.50,12.00,985960000.0,7.09,1500000000.0,3.50,26.89,9550000000.0,0.78,0.01,98.40,11070000.0,5.00,20.50,11040000.0,underperform
2197,2008-10-06 12:34:12,1223310852.0,do,60.85,21.81,1056.890015,-0.21,22.02,0.157,12.10,4.27,4.06,35.31,50.43,21.78,36.43,21.976,13030000000.0,12790000000.0,N/A,0.34,4.19,7.105,4.19,1500000000.0,7.105,1080000000.0,7.74,65.20,47.10,745680000.0,5.365,503160000.0,2.49,23.101999,1220000000.0,1.05,0.01,97.80,5280000.0,2.9,3.80,5500000.0,outperform
2198,2008-12-25 05:01:22,1230199282.0,do,,,871.6300050000001,28.27,,0.151,6.52,2.38,2.36,35.75,52.70,23.97,37.97,23.81,7710000000.0,7740000000.0,N/A,0.34,2.34,3.836,2.34,1500000000.0,3.836,1180000000.0,8.50,51.20,39.80,640520000.0,4.608,503220000.0,3.212,23.971001,1370000000.0,1.07,0.01,97.30,5160000.0,1.9,3.70,5520000.0,underperform
2199,2008-12-12 00:44:01,1229060641.0,do,48.02,55.98,879.7299800000001,24.58,31.4,0.151,7.97,2.89,2.87,35.75,52.70,23.97,37.97,23.81,9420000000.0,9420000000.0,N/A,0.41,2.85,4.667,2.85,1500000000.0,4.667,1180000000.0,8.50,51.20,39.80,640520000.0,4.608,503220000.0,3.212,23.971001,1370000000.0,1.07,0.01,97.30,5520000.0,2.2,4.00,5500000.0,outperform
2200,2011-12-22 15:11:32,1324584692.0,do,49.43,29.58,1254.0,14.05,15.529999999999998,35.11,7.70,2.28,1.83,29.74,40.03,12.81,25.40,24.56,8130000000.000001,8130000000.000001,11.75,0.76,2.38,4.60,2.38,3230000000.0,4.60,1020000000.0,7.31,29.40,9.80,1150000000.0,8.28,1500000000.0,5.18,30.65,1410000000.0,0.96,0.01,92.30,11560000.0,6.80,16.80,11880000.0,outperform
2201,2012-02-26 03:37:48,1330245468.0,do,59.82,7.84,1363.459961,9.12,-1.2799999999999994,34.52,9.71,2.81,2.16,28.97,37.64,11.42,23.49,23.90,9600000000.0,9600000000.0,13.30,2.71,2.89,5.80,2.89,3230000000.0,5.80,962540000.0,6.92,22.00,11.00,1240000000.0,8.89,1500000000.0,4.66,31.17,N/A,1.14,0.01,98.80,10440000.0,6.40,15.10,10650000.0,underperform
2202,2012-10-25 01:21:58,1351142518.0,do,64.13,-8.34,1412.969971,24.54,-32.879999999999995,32.94,12.86,3.31,2.13,25.71,30.92,8.08,17.12,21.07,9690000000.0,9690000000.0,13.20,1.09,3.31,7.46,3.31,3260000000.0,7.46,753310000.0,5.41,30.60,17.10,1490000000.0,10.73,1500000000.0,4.85,32.67,N/A,1.37,0.02,98.00,9910000.0,7.70,14.40,9070000.0,underperform
2203,2013-05-15 17:09:32,1368652172.0,do,66.93,-25.82,1658.780029,12.78,-38.6,32.32,13.80,3.40,2.11,24.69,31.78,8.01,15.75,20.72,9790000000.0,9790000000.0,9.78,0.86,3.40,7.51,3.40,2940000000.0,7.51,711300000.0,5.12,5.00,7.30,1460000000.0,10.49,1500000000.0,4.53,33.30,1240000000.0,1.43,0.02,101.20,7620000.0,7.30,11.10,6910000.0,underperform
2204,2007-06-25 00:00:19,1182744019.0,do,68.24,33.38,1497.73999,-12.25,45.63,0.215,18.77,6.55,5.93,35.50,47.39,17.96,37.03,16.933,14820000000.0,14790000000.0,N/A,0.49,6.68,11.754,6.68,1180000000.0,11.754,785680000.0,5.71,54.20,35.80,553780000.0,4.003,524409999.99999994,3.656,17.667999,1010000000.0,1.59,0.16,92.60,6610000.0,2.9,4.80,6150000.0,outperform
2205,2007-03-11 16:20:48,1173644448.0,do,50.43,58.36,1401.890015,-9.17,67.53,0.416,14.98,5.17,4.28,34.44,45.85,15.25,33.88,15.896,10610000000.0,10740000000.0,N/A,0.31,5.23,9.387,5.23,1180000000.0,9.387,706850000.0,5.12,107.10,57.00,825860000.0,5.969,964310000.0,4.442,17.950001,760090000.0,1.81,0.16,95.40,7900000.0,5.70,5.70,10380000.0,outperform
2206,2007-10-30 17:28:45,1193779725.0,do,73.0,-19.68,1531.02002,-39.25,19.57,0.19,17.89,6.78,5.90,36.68,49.03,18.77,36.92,17.663,15500000000.0,15840000000.0,N/A,0.78,6.74,11.581,6.74,1180000000.0,11.581,861880000.0,6.25,43.40,26.70,618310000.0,4.458,512470000.0,4.646,19.496,1100000000.0,1.49,50.72,94.90,6990000.0,3.1,5.00,6330000.0,outperform
2207,2011-08-03 00:40:40,1312346440.0,do,56.86,5.24,1260.339966,8.3,-3.0600000000000005,36.13,9.53,2.80,2.26,28.69,39.03,12.29,24.56,24.00,9940000000.0,9940000000.0,12.77,0.96,2.98,5.85,2.98,3230000000.0,5.85,957410000.0,6.89,18.80,8.10,981090000.0,7.06,1500000000.0,4.78,29.78,9940000000.0,0.81,0.01,92.30,12220000.0,6.70,17.70,10940000.0,underperform
2208,2007-05-02 06:43:47,1178102627.0,do,57.41,47.13,1495.920044,-5.79,52.92,0.215,15.22,5.35,4.53,35.50,47.39,17.96,37.03,16.933,11970000000.0,11940000000.0,N/A,0.37,5.40,9.533,5.40,1180000000.0,9.533,785680000.0,5.69,54.20,35.80,553780000.0,4.003,524409999.99999994,3.656,18.917,N/A,1.54,0.16,94.70,6150000.0,3.1,4.40,6050000.0,outperform
2209,2011-05-20 03:42:34,1305877354.0,do,61.47,-12.38,1333.27002,-0.64,-11.74,37.46,10.95,3.09,2.53,27.99,39.19,12.01,23.97,23.52,10620000000.0,10620000000.0,13.32,0.90,3.25,6.32,3.25,3230000000.0,6.32,915220000.0,6.58,13.80,6.20,994740000.0,7.16,1500000000.0,4.34,28.72,10620000000.0,0.76,0.01,92.30,9370000.0,5.40,13.60,9190000.0,underperform
2210,2006-05-29 10:20:26,1148912426.0,do,,,1280.160034,18.59,,0.539,30.75,7.56,5.92,26.64,34.08,8.64,21.79,10.947,10800000000.0,11160000000.0,N/A,0.38,7.92,16.698,7.92,546910000.0,16.698,375540000.0,2.72,382.50,73.00,608370000.0,4.712,969310000.0,4.181,13.939,478060000.0,1.87,0.02,101.40,9150000.0,3.5,7.10,9770000.0,underperform
2211,2011-10-02 21:47:45,1317606465.0,do,49.22,23.28,1160.400024,24.48,-1.1999999999999993,36.13,7.95,2.37,1.91,28.69,39.03,12.29,24.56,24.00,8119999999.999999,8119999999.999999,10.95,0.80,2.44,4.78,2.44,3230000000.0,4.78,957410000.0,6.89,18.80,8.10,981090000.0,7.06,1500000000.0,4.78,29.78,8119999999.999999,0.87,0.01,92.30,11730000.0,6.30,17.00,11340000.0,underperform
2212,2004-10-10 13:44:22,1097430262.0,do,21.05,62.71,1130.650024,5.01,57.7,0.577,N/A,5.98,2.70,4.27,1.77,1.00,1.88,5.709,4380000000.0,5160000000.0,37.19,N/A,6.96,31.71,6.96,167050000.0,31.71,31630000.0,0.244,177.40,9.50,165080000.0,1.28,947960000.0,8.473,12.703,195950000.0,1.079,56.00,95.00,11360000.0,9.863,19.97,9600000.0,outperform
2213,2011-03-03 18:57:37,1299196657.0,do,66.34,-7.63,1330.969971,2.9,-10.53,38.73,11.41,3.30,2.84,28.75,41.85,13.38,25.51,23.90,11400000000.0,11400000000.0,13.98,1.57,3.43,6.39,3.43,3230000000.0,6.39,955460000.0,6.87,12.50,5.60,1080000000.0,7.75,1500000000.0,2.98,27.78,11400000000.0,0.78,0.01,98.40,11290000.0,5.10,20.90,10700000.0,underperform
2214,2013-02-03 03:21:23,1359879683.0,do,69.44,-33.15,1498.109985,16.27,-49.42,32.94,14.10,3.56,2.30,25.71,30.92,8.08,17.12,21.07,10610000000.0,10610000000.0,14.84,1.15,3.62,8.16,3.62,3260000000.0,8.16,753310000.0,5.41,30.60,17.10,1490000000.0,10.73,1500000000.0,4.85,32.67,1350000000.0,1.39,0.02,98.00,8690000.0,8.70,12.60,8210000.000000001,underperform
2215,2007-06-23 01:47:24,1182577644.0,do,65.84,35.48,1512.839966,-11.24,46.72,0.215,18.77,6.55,5.93,35.50,47.39,17.96,37.03,16.933,14820000000.0,14470000000.0,N/A,0.45,6.54,11.5,6.54,1180000000.0,11.5,785680000.0,5.71,54.20,35.80,553780000.0,4.003,524409999.99999994,3.656,17.667999,1010000000.0,1.59,0.16,92.60,6610000.0,2.9,4.80,6150000.0,outperform
2216,2005-03-13 02:33:36,1110699216.0,do,29.85,66.16,1209.25,6.19,59.97,0.734,N/A,7.64,3.83,0.89,1.88,0.22,0.44,6.312,6320000000.0,6590000000.0,20.07,0.81,8.08,33.92,8.08,217140000.0,33.92,7240000.0,0.06,N/A,19.60,927860000.0,7.22,1190000000.0,1.948,12.646,208280000.0,1.203,55.82,95.00,8890000.0,5.939,15.64,9410000.0,outperform
2217,2013-04-22 02:17:08,1366611428.0,do,62.12,-22.38,1562.5,20.29,-42.67,32.69,12.61,3.12,2.00,24.54,32.15,8.31,16.17,21.12,9090000000.0,9090000000.0,8.84,0.82,3.10,6.80,3.10,2940000000.0,6.80,720480000.0,5.18,17.40,0.90,1490000000.0,10.69,1500000000.0,4.39,32.92,1310000000.0,1.43,0.02,101.20,7560000.0,6.60,11.00,7780000.0,underperform
2218,2013-04-26 00:41:19,1366951279.0,amat,13.61,39.53,1582.23999,18.53,21.0,27.25,673.81,2.02,2.29,0.32,11.38,4.55,0.33,6.53,15710000000.0,15710000000.0,13.35,2.41,1.94,11.74,1.94,3310000000.0,11.74,26000000.0,0.02,70.90,28.10,1750000000.0,1.46,1950000000.0,2.42,5.95,1690000000.0,1.54,0.41,78.60,15050000.0,1.30,1.30,15710000.0,outperform
2219,2008-12-17 23:59:04,1229576344.0,amat,9.25,27.68,904.419983,21.19,6.489999999999998,0.027,15.26,1.76,1.89,11.82,16.90,7.92,12.50,6.003,14180000000.0,12390000000.0,N/A,3.32,1.52,7.314,1.52,4490000000.0,7.314,960750000.0,0.70,45.20,13.70,2100000000.0,1.581,202640000.0,2.262,5.673,1710000000.0,0.81,0.34,78.00,29260000.0,1.1,2.20,29360000.0,outperform
2220,2006-08-29 06:26:38,1156847198.0,amat,14.04,25.5,1304.280029,12.23,13.27,0.047,19.84,2.99,2.89,15.71,23.45,10.48,14.82,5.285,25320000000.0,22900000000.0,N/A,0.92,2.74,10.252,2.74,3090000000.0,10.252,1310000000.0,0.82,38.50,55.90,2830000000.0,1.827,409520000.0,3.046,5.588,N/A,2.76,0.50,61.20,24890000.0,1.1,1.60,26740000.0,outperform
2221,2006-07-22 02:40:25,1153550425.0,amat,13.29,39.05,1259.810059,23.28,15.769999999999996,0.048,20.36,3.13,2.73,15.72,21.09,8.51,13.17,4.645,23080000000.0,21870000000.0,N/A,0.89,2.93,11.677,2.93,3090000000.0,11.677,1170000000.0,0.73,35.40,20.80,3330000000.0,2.129,409450000.0,3.353,5.467,1460000000.0,2.86,0.50,73.00,26740000.0,1.70,1.70,27250000.0,outperform
2222,2013-04-25 00:13:15,1366863195.0,amat,13.62,34.8,1585.160034,17.55,17.249999999999996,27.25,649.05,1.99,2.26,0.32,11.38,4.55,0.33,6.53,15710000000.0,15710000000.0,12.86,2.41,1.94,11.74,1.94,3310000000.0,11.74,26000000.0,0.02,70.90,28.10,1750000000.0,1.46,1950000000.0,2.42,5.95,1690000000.0,1.54,0.41,78.60,15050000.0,1.30,1.30,15710000.0,outperform
2223,2007-04-06 22:28:30,1175912910.0,amat,15.52,13.6,1437.77002,-4.89,18.49,0.058,15.92,2.72,3.74,18.54,25.25,15.64,22.74,6.389,26090000000.0,24420000000.0,N/A,1.04,2.55,8.443,2.55,4290000000.0,8.443,1780000000.0,1.17,182.60,22.60,2080000000.0,1.491,407210000.0,2.621,4.987,1900000000.0,2.4,0.07,76.90,43050000.0,1.6,3.10,40650000.0,outperform
2224,2004-10-18 20:51:33,1098147093.0,amat,13.17,9.04,1114.02002,5.76,3.2799999999999994,0.061,29.98,3.79,2.93,12.97,17.50,8.46,10.88,4.074,26930000000.0,20620000000.0,15.25,1.03,2.93,13.01,2.93,1600000000.0,13.01,911750000.0,0.529,155.40,11.60,6600000000.0,3.88,558320000.0,4.595,5.361,1390000000.0,2.305,0.87,68.73,41100000.0,1.231,2.44,36690000.0,outperform
2225,2013-02-06 14:04:58,1360177498.0,amat,12.81,30.6,1512.119995,17.28,13.32,26.90,156.05,1.84,2.22,1.25,12.55,5.27,1.36,6.89,16079999999.999998,16079999999.999998,13.84,2.73,1.84,10.61,1.84,3310000000.0,10.61,109000000.0,0.09,N/A,24.50,1940000000.0,1.62,1950000000.0,2.25,6.04,1850000000.0,1.57,0.25,77.50,11950000.0,1.10,1.00,12390000.0,outperform
2226,2006-08-15 23:19:02,1155698342.0,amat,13.2,31.21,1285.579956,9.42,21.79,0.048,21.64,3.22,2.81,15.72,21.09,8.51,13.17,4.645,24540000000.0,21160000000.0,N/A,0.87,2.84,11.301,2.84,3090000000.0,11.301,1170000000.0,0.73,35.40,20.80,3330000000.0,2.129,409450000.0,3.353,5.467,1460000000.0,2.76,0.50,70.10,24890000.0,1.1,1.60,26740000.0,outperform
2227,2011-09-25 19:13:07,1316992387.0,amat,9.53,13.01,1129.560059,28.98,-15.97,22.77,7.30,1.22,1.60,17.28,24.58,13.89,24.50,8.48,10140000000.0,10140000000.0,10.59,0.85,0.90,3.36,0.90,3720000000.0,3.36,1940000000.0,1.45,287.00,10.70,5760000000.0,4.37,1950000000.0,3.13,6.49,10140000000.0,1.27,0.13,79.30,23480000.0,1.20,2.10,23810000.0,underperform
2228,2007-01-11 13:05:56,1168538756.0,amat,16.47,-15.0,1423.819946,-1.6,-13.4,0.061,20.17,2.97,4.09,16.55,24.51,14.83,19.47,5.909,27210000000.0,25720000000.0,N/A,1.09,2.81,9.418,2.81,4290000000.0,9.418,1520000000.0,0.97,82.00,46.60,1900000000.0,1.362,407240000.0,2.496,4.779,1940000000.0,2.52,0.56,79.00,75080000.0,3.1,5.40,104700000.0,underperform
2229,2007-03-28 08:57:09,1175086629.0,amat,15.78,8.43,1417.22998,-6.45,14.879999999999999,0.058,16.06,2.75,3.78,18.54,25.25,15.64,22.74,6.389,26320000000.0,24640000000.0,N/A,1.05,2.57,8.52,2.57,4290000000.0,8.52,1780000000.0,1.17,182.60,22.60,2080000000.0,1.491,407210000.0,2.621,4.987,1900000000.0,2.31,0.07,76.90,40650000.0,1.4,2.90,55440000.0,outperform
2230,2004-12-09 07:35:16,1102595716.0,amat,14.25,10.18,1189.23999,5.9,4.279999999999999,0.049,21.94,3.72,3.19,16.86,22.01,12.03,15.61,4.652,29330000000.0,23700000000.0,17.62,1.63,2.96,13.44,2.96,1600000000.0,13.44,1350000000.0,0.787,155.40,11.60,6580000000.0,3.87,456300000.0,4.494,5.501,1390000000.0,2.292,0.31,68.22,37640000.0,1.054,2.22,37710000.0,outperform
2231,2004-04-23 20:12:59,1082765579.0,amat,16.6,-26.14,1140.599976,-0.27,-25.87,0.068,N/A,6.68,4.05,0.02,1.99,0.01,0.01,2.943,33670000000.0,28130000000.0,17.37,1.06,5.65,105.19,5.65,1600000000.0,105.19,1100000.0,0.003,155.40,11.60,5700000000.0,3.38,561110000.0,4.853,4.875,931600000.0,2.252,0.87,69.08,31880000.0,0.856,1.91,24430000.0,underperform
2232,2006-08-16 08:26:44,1155731204.0,amat,13.22,30.86,1295.430054,8.94,21.92,0.048,21.64,3.29,2.87,15.72,21.09,8.51,13.17,4.645,24540000000.0,21620000000.0,N/A,0.87,2.90,11.543,2.90,3090000000.0,11.543,1170000000.0,0.73,35.40,20.80,3330000000.0,2.129,409450000.0,3.353,5.467,1460000000.0,2.76,0.50,70.10,24890000.0,1.1,1.60,26740000.0,outperform
2233,2008-01-23 23:08:48,1201147728.0,amat,15.45,-48.67,1338.599976,-38.18,-10.490000000000002,0.026,15.11,2.56,3.19,17.57,25.26,15.27,23.63,6.92,25030000000.0,22720000000.0,N/A,1.24,2.33,8.333,2.33,N/A,8.333,1710000000.0,1.20,6.10,6.00,2370000000.0,1.714,204840000.0,2.783,5.644,2210000000.0,1.12,0.53,77.10,29190000.0,1.5,2.10,25990000.0,underperform
2234,2012-09-18 07:09:26,1347966566.0,amat,11.1,42.43,1459.319946,18.24,24.19,23.34,14.33,1.60,1.77,11.66,16.09,6.79,12.78,7.18,14560000000.0,14560000000.0,14.74,2.03,1.57,7.77,1.57,4360000000.0,7.77,1080000000.0,0.83,54.20,15.90,2160000000.0,1.75,1950000000.0,2.44,6.74,2140000000.0000002,1.56,0.20,79.30,18500000.0,1.60,1.40,17560000.0,outperform
2235,2007-06-08 15:37:58,1181331478.0,amat,15.94,3.7,1507.670044,-8.65,12.350000000000001,0.058,15.44,2.58,3.64,18.00,25.63,15.99,22.69,6.784,25760000000.0,23820000000.0,N/A,1.01,2.41,7.969,2.41,4290000000.0,7.969,1780000000.0,1.21,0.30,12.50,2020000000.0,1.46,406880000.0,2.587,5.059,1900000000.0,2.05,0.07,67.70,41600000.0,1.7,3.00,41880000.0,outperform
2236,2004-09-16 23:22:07,1095391327.0,amat,13.94,7.17,1123.5,10.18,-3.01,0.061,31.72,4.05,3.13,12.97,17.50,8.46,10.88,4.074,28500000000.0,22870000000.0,14.72,0.94,3.25,14.43,3.25,1600000000.0,14.43,911750000.0,0.529,155.40,11.60,6600000000.0,3.88,558320000.0,4.595,5.361,1390000000.0,2.276,0.87,69.02,36690000.0,1.204,2.18,34350000.0,underperform
2237,2008-04-13 01:08:31,1208063311.0,amat,17.28,-41.9,1360.550049,-36.88,-5.019999999999996,0.028,17.31,2.86,3.66,16.44,24.46,14.47,21.75,6.814,25870000000.0,24170000000.0,N/A,1.47,2.53,9.223,2.53,4490000000.0,9.223,1570000000.0,1.10,35.00,8.30,1910000000.0,1.408,205150000.0,2.631,5.51,2220000000.0,0.52,11.26,72.30,35730000.0,1.2,2.70,28830000.0,underperform
2238,2007-03-29 14:18:22,1175192302.0,amat,15.65,6.84,1422.530029,-7.54,14.379999999999999,0.058,15.90,2.72,3.74,18.54,25.25,15.64,22.74,6.389,26050000000.0,24380000000.0,N/A,1.05,2.54,8.429,2.54,4290000000.0,8.429,1780000000.0,1.17,182.60,22.60,2080000000.0,1.491,407210000.0,2.621,4.987,1900000000.0,2.31,0.07,76.90,40650000.0,1.4,2.90,55440000.0,outperform
2239,2004-06-20 10:05:12,1087740312.0,amat,15.24,-8.99,1132.050049,7.42,-16.41,0.065,72.27,5.28,3.60,7.38,9.00,4.18,5.33,3.444,30740000000.0,25390000000.0,15.12,0.88,4.31,28.54,4.31,1600000000.0,28.54,434370000.0,0.251,155.40,11.60,5910000000.0,3.49,558920000.0,4.769,5.097,838450000.0,2.347,0.87,70.02,27280000.0,0.72,1.62,32270000.000000004,underperform
2240,2012-10-17 10:51:48,1350485508.0,amat,10.58,66.73,1460.910034,18.63,48.10000000000001,23.34,13.45,1.50,1.66,11.66,16.09,6.79,12.78,7.18,13340000000.0,13340000000.0,15.14,1.90,1.44,7.12,1.44,4360000000.0,7.12,1080000000.0,0.83,54.20,15.90,2160000000.0,1.75,1950000000.0,2.44,6.74,2140000000.0000002,1.56,0.25,77.50,18290000.0,1.40,1.40,19210000.0,outperform
2241,2009-02-02 17:33:19,1233613999.0,amat,8.15,35.83,825.4400019999999,33.66,2.1700000000000017,0.027,13.23,1.53,1.65,11.82,16.90,7.92,12.50,6.003,12290000000.0,10550000000.0,N/A,4.21,1.30,6.231,1.30,3440000000.0,6.231,960750000.0,0.70,45.20,13.70,2100000000.0,1.581,202640000.0,2.262,5.673,1710000000.0,0.8,0.45,77.70,31440000.0,1.9,2.40,28670000.0,outperform
2242,2007-05-29 05:28:37,1180430917.0,lly,42.69,-16.7,1518.109985,-8.38,-8.319999999999999,0.465,27.65,4.14,5.82,14.42,26.13,11.28,20.12,14.917,67319999999.99999,69310000000.0,N/A,2.36,4.28,13.425,4.28,12140000000.0,13.425,2340000000.0,2.15,39.10,13.80,3360000000.0,2.966,5360000000.0,2.227,10.171,4610000000.0,0.68,13.15,59.80,10950000.0,2.5,1.00,9380000.0,underperform
2243,2008-12-19 19:29:16,1229732956.0,lly,29.13,-1.3,887.8800050000001,24.92,-26.220000000000002,0.336,17.31,2.06,3.05,11.85,25.95,12.54,18.07,18.616,43390000000.0,40410000000.0,N/A,1.49,1.99,6.314,1.99,14380000000.0,6.314,2410000000.0,2.21,N/A,13.60,6120000000.0,5.382,4610000000.0,1.989,12.086,7140000000.0,0.74,5.23,72.60,11330000.0,1.4,1.00,11220000.0,underperform
2244,2008-04-25 09:19:20,1209129560.0,lly,36.33,-30.47,1397.839966,-39.65,9.18,0.366,15.26,2.99,4.07,18.26,25.78,N/A,N/A,17.605,55760000000.0,53820000000.0,N/A,1.88,2.80,8.942,2.80,14380000000.0,8.942,3510000000.0,3.21,109.20,13.80,4830000000.0,4.417,5010000000.0,N/A,12.046,N/A,0.43,0.16,76.40,11990000.0,1.9,1.10,13680000.0,outperform
2245,2012-04-19 21:47:57,1334886477.0,lly,36.14,50.75,1376.920044,12.95,37.8,51.62,10.19,1.81,3.25,17.90,26.01,12.21,33.51,21.80,44060000000.0,44060000000.0,10.86,1.49,1.81,5.73,1.81,7690000000.0,5.73,4350000000.0,3.90,26.60,2.30,6900000000.0,6.23,6990000000.0,1.60,12.22,7230000000.0,0.32,0.06,75.50,17430000.0,3.50,1.70,16230000.0,outperform
2246,2006-06-17 18:01:25,1150581685.0,lly,37.05,11.2,1230.040039,23.81,-12.61,0.543,28.51,4.11,5.22,13.98,25.75,10.21,18.03,13.655,61310000000.0,63150000000.0,N/A,1.73,4.25,13.601,4.25,11170000000.0,13.601,2100000000.0,1.90,13.30,6.20,4500000000.0,3.985,6350000000.0,2.289,10.348,1360000000.0,0.91,0.16,72.00,10460000.0,2.5,0.90,11080000.0,underperform
2247,2004-11-06 23:40:52,1099802452.0,lly,37.58,-9.05,1143.199951,6.71,-15.760000000000002,0.546,24.48,4.74,5.50,18.71,24.75,11.44,24.80,12.579,65120000000.00001,67190000000.0,18.40,1.63,4.91,16.8,4.91,9910000000.0,16.8,2560000000.0,2.353,5.40,13.60,4170000000.0,3.69,6180000000.0,1.465,10.426,3750000000.0,0.362,14.58,69.22,11120000.0,3.279,1.15,9260000.0,underperform
2248,2005-01-31 12:53:36,1107194016.0,lly,36.22,7.32,1181.27002,8.36,-1.0399999999999991,0.596,32.26,4.60,5.56,13.06,21.23,7.81,17.06,12.733,60630000000.0,59680000000.0,15.71,1.48,4.31,19.94,4.31,9910000000.0,19.94,1810000000.0,1.661,5.40,13.60,7460000000.0,6.6,6510000000.0,1.69,9.994,3490000000.0,0.367,14.58,67.83,9980000.0,2.485,1.03,9260000.0,underperform
2249,2011-11-29 00:51:45,1322545905.0,lly,32.45,39.17,1195.189941,17.97,21.200000000000003,47.02,8.67,1.62,2.63,19.07,27.06,13.13,33.93,21.96,39910000000.0,39910000000.0,9.99,1.87,1.63,4.99,1.63,18710000000.0,4.99,4660000000.0,4.18,5.10,8.70,6800000000.0,6.10,7080000000.0,1.77,13.52,39910000000.0,0.62,16.68,58.70,20310000.0,2.60,2.00,21770000.0,outperform
2250,2008-10-29 04:05:50,1225267550.0,lly,24.04,12.77,930.090027,14.62,-1.8499999999999996,0.313,15.14,1.70,2.35,11.85,25.95,N/A,N/A,18.617,37950000000.0,34009999999.999996,N/A,1.39,1.67,5.312,1.67,14380000000.0,5.312,2410000000.0,2.205,N/A,13.60,5170000000.0,4.547,4610000000.0,N/A,12.963,N/A,0.44,0.17,76.90,14750000.0,1.30,1.30,14600000.0,underperform
2251,2012-09-17 20:49:17,1347929357.0,lly,43.57,19.3,1461.189941,16.67,2.629999999999999,38.51,12.98,2.23,3.65,17.22,23.31,10.56,28.19,20.96,52510000000.0,52510000000.0,12.42,1.63,2.24,7.63,2.24,19220000000.0,7.63,4030000000.0000005,3.61,22.90,10.40,5260000000.0,4.70,5510000000.0,1.86,12.79,6180000000.0,0.39,0.11,74.10,19270000.0,2.30,1.90,19890000.0,outperform
2252,2007-03-25 11:50:31,1174837831.0,lly,38.61,-4.51,1434.540039,-5.9,1.3900000000000006,0.338,21.98,3.92,5.58,16.97,26.29,11.34,24.46,14.457,61020000000.0,60850000000.0,N/A,1.86,3.88,12.112,3.88,12140000000.0,12.112,2660000000.0,2.45,81.10,9.40,3890000000.0,3.431,3710000000.0,1.906,9.703,3980000000.0,0.38,13.15,59.30,10110000.0,2.3,0.90,8440000.0,outperform
2253,2007-06-04 17:05:32,1180991132.0,lly,42.47,-15.52,1539.180054,-10.49,-5.029999999999999,0.465,27.47,4.13,5.79,14.42,26.13,11.28,20.12,14.917,66890000000.0,69500000000.0,N/A,2.38,4.29,13.462,4.29,12140000000.0,13.462,2340000000.0,2.15,39.10,13.80,3360000000.0,2.966,5360000000.0,2.227,10.171,4610000000.0,0.68,13.15,59.80,10950000.0,2.5,1.00,9380000.0,underperform
2254,2003-10-27 03:29:02,1067243342.0,lly,43.34,-19.7,1031.130005,7.75,-27.45,0.548,28.15,6.05,7.39,21.12,26.85,12.95,29.35,11.149,74410000000.0,75750000000.0,22.07,1.80,6.27,22.84,6.27,8900000000.0,22.84,2550000000.0,2.355,2.60,4.00,3870000000.0,3.44,5200000000.0,1.831,8.81,N/A,0.31,14.57,68.94,8390000.0,2.352,0.87,8650000.0,underperform
2255,2012-06-21 20:25:14,1340324714.0,lly,38.42,24.34,1325.51001,20.14,4.199999999999999,36.52,10.82,1.95,3.17,17.89,24.84,11.68,29.93,21.57,47450000000.0,47450000000.0,11.32,1.70,1.97,6.42,1.97,19220000000.0,6.42,4300000000.0,3.86,4.20,4.10,4920000000.0,4.41,5410000000.0,1.92,13.28,6910000000.0,0.34,0.11,74.10,16719999.999999998,2.50,1.60,18100000.0,outperform
2256,2005-03-16 21:12:02,1111025522.0,lly,35.16,12.54,1188.069946,9.87,2.67,0.596,31.37,4.31,5.46,13.06,21.23,7.81,17.06,12.733,59030000000.0,58740000000.0,16.18,1.72,4.24,16.36,4.24,10630000000.0,16.36,1810000000.0,1.66,29.30,10.10,7460000000.0,6.59,6510000000.0,1.69,9.647,2870000000.0,0.37,13.67,69.01,10080000.0,2.956,1.03,9990000.0,outperform
2257,2011-09-26 09:00:22,1317042022.0,lly,32.47,35.97,1162.949951,23.96,12.009999999999998,47.13,8.49,1.68,2.81,19.75,28.21,13.95,38.56,21.55,40560000000.0,40560000000.0,9.75,2.01,1.69,4.99,1.69,18710000000.0,4.99,4730000000.0,4.25,11.20,8.80,6350000000.0,5.70,6730000000.0,1.73,12.82,40560000000.0,0.85,16.68,58.70,26390000.0,2.40,2.60,26780000.0,outperform
2258,2012-01-28 21:52:36,1327805556.0,lly,35.81,39.57,1326.060059,12.73,26.84,47.02,9.38,1.80,2.92,19.07,27.06,13.13,33.93,21.96,43940000000.0,43940000000.0,12.29,1.09,1.80,5.49,1.80,18710000000.0,5.49,4660000000.0,4.18,5.10,8.70,6800000000.0,6.10,7080000000.0,1.77,13.52,7520000000.0,0.67,0.06,75.50,19850000.0,2.60,1.90,18700000.0,outperform
2259,2013-04-26 01:11:39,1366953099.0,lly,53.57,9.39,1582.23999,18.53,-9.14,37.44,15.42,2.71,4.15,18.09,22.19,9.21,28.89,20.31,61150000000.0,61150000000.0,20.15,7.33,2.71,9.44,2.71,17810000000.0,9.44,4090000000.0,3.66,3.60,1.50,5680000000.0,5.20,5530000000.0,1.55,13.50,5300000000.0,0.42,0.15,73.10,13740000.0,3.00,1.40,14010000.0,underperform
2260,2013-03-17 09:41:31,1363527691.0,lly,52.25,10.85,1563.22998,18.91,-8.06,37.44,15.06,2.66,4.08,18.09,22.19,9.21,28.89,20.31,60140000000.0,60140000000.0,19.69,2.38,2.66,9.28,2.66,17810000000.0,9.28,4090000000.0,3.66,3.60,1.50,5680000000.0,5.20,5530000000.0,1.55,13.50,5300000000.0,0.43,0.15,73.10,13670000.0,1.90,N/A,12420000.0,underperform
2261,2008-12-03 23:35:40,1228365340.0,jnpr,16.6,61.45,870.73999,26.32,35.13,N/A,18.71,2.48,1.49,14.52,19.34,6.20,9.18,6.505,8810000000.0,6560000000.0,N/A,0.73,1.90,7.735,1.90,1910000000.0,7.735,502180000.0,0.89,74.50,28.80,2020000000.0,3.824,N/A,2.648,10.93,904430000.0,1.36,3.68,97.40,21190000.0,4.20,4.20,24290000.0,outperform
2262,2013-05-10 17:01:24,1368219684.0,jnpr,17.28,42.13,1633.699951,14.97,27.160000000000004,14.16,34.64,1.99,1.24,5.95,10.55,2.93,3.67,8.52,7090000000.0,7090000000.0,13.43,0.95,1.62,10.77,1.62,2710000000.0,10.77,261200000.0,0.50,459.30,2.60,2660000000.0,5.26,999200000.0,2.49,13.98,531200000.00000006,2.15,2.92,89.40,10780000.0,1.40,2.60,10500000.0,outperform
2263,2007-01-13 16:32:27,1168723947.0,jnpr,20.19,51.21,1414.849976,0.39,50.82,0.058,35.00,5.36,1.69,16.24,20.52,3.84,5.43,3.895,11640000000.0,10630000000.0,N/A,1.55,4.87,17.208,4.87,1410000000.0,17.208,354360000.0,0.59,0.40,26.20,1410000000.0,2.501,399940000.0,2.936,12.231,591560000.0,1.79,8.00,81.30,20190000.0,2.5,3.70,22950000.0,outperform
2264,2007-02-08 07:02:22,1170936142.0,jnpr,19.99,26.81,1448.310059,-8.08,34.89,0.058,32.67,4.83,1.52,16.24,20.52,3.99,5.43,3.895,10870000000.0,9850000000.0,N/A,1.42,4.52,15.51,4.52,1410000000.0,15.51,354360000.0,0.59,0.40,26.20,1410000000.0,2.501,399940000.0,2.936,12.231,591560000.0,1.36,8.00,80.10,22450000.0,2.4,4.10,20190000.0,outperform
2265,2009-04-19 22:48:56,1240195736.0,jnpr,19.1,62.51,865.2999880000001,38.39,24.119999999999997,N/A,19.92,2.80,1.69,14.33,19.99,6.34,9.09,6.736,7460000000.0,7460000000.0,N/A,1.35,2.09,8.466,2.09,2410000000.0,8.466,511750000.0,0.93,7.80,14.10,2190000000.0,4.198,N/A,2.665,11.348,875180000.0,1.29,3.72,98.40,51660000.0,3.2,10.20,34910000.0,outperform
2266,2007-02-10 04:22:38,1171099358.0,jnpr,19.12,28.61,1450.02002,-7.8,36.41,0.058,32.67,5.21,1.64,16.24,20.52,3.99,5.43,3.895,10870000000.0,9850000000.0,N/A,1.55,4.52,15.51,4.52,1410000000.0,15.51,354360000.0,0.59,0.40,26.20,1410000000.0,2.501,399940000.0,2.936,12.231,591560000.0,1.36,8.00,80.10,22450000.0,2.4,4.10,20190000.0,outperform
2267,2012-11-07 17:26:33,1352327193.0,jnpr,17.69,5.14,1394.530029,25.29,-20.15,14.11,49.49,N/A,N/A,4.30,9.51,2.63,2.67,8.27,N/A,6940000000.0,15.87,1.64,1.60,11.67,1.60,2870000000.0,11.67,186970000.0,0.36,79.90,1.10,3150000000.0,6.04,999150000.0,2.63,0.00,731180000.0,2.15,2.85,91.70,19380000.0,3.40,4.40,20270000.0,underperform
2268,2012-01-01 23:13:40,1325477620.0,jnpr,20.4,-4.02,1263.02002,12.92,-16.939999999999998,14.40,21.51,2.39,1.55,11.49,16.46,5.28,7.83,8.54,8380000000.000001,8380000000.000001,14.27,1.08,1.86,9.18,1.86,2740000000.0,9.18,519210000.00000006,0.95,37.80,9.20,3350000000.0,6.38,999000000.0,3.02,13.20,1110000000.0,2.00,2.87,91.70,7000000.0,0.80,1.50,9980000.0,underperform
2269,2003-12-15 02:56:38,1071474998.0,jnpr,17.04,59.62,1068.040039,12.67,46.949999999999996,0.618,210.84,10.72,4.57,5.07,7.41,1.21,2.26,1.644,6810000000.0,6990000000.0,77.83,9.18,10.75,115.05,10.75,316440000.0,115.05,32920000.0,0.083,N/A,38.40,766650000.0,1.97,942080000.0,3.215,3.92,N/A,3.687,20.38,64.00,35630000.0,4.588,11.50,39540000.0,outperform
2270,2011-09-02 19:42:44,1315006964.0,jnpr,20.11,-8.5,1173.969971,20.15,-28.65,14.35,19.20,2.55,1.62,12.89,17.79,5.61,8.67,8.40,8800000000.0,8800000000.0,12.59,0.98,1.99,9.24,1.99,2740000000.0,9.24,570090000.0,1.05,11.50,14.50,3470000000.0,6.51,998960000.0,3.00,13.07,8800000000.0,1.48,2.87,91.70,10160000.0,0.60,2.20,11040000.0,underperform
2271,2013-03-14 20:46:38,1363308398.0,jnpr,20.42,24.88,1563.22998,17.78,7.099999999999998,14.28,58.60,2.40,1.49,4.27,9.39,2.59,2.65,8.38,8690000000.0,8690000000.0,15.42,1.20,1.99,14.56,1.99,2710000000.0,14.56,186500000.0,0.35,0.40,1.80,2850000000.0,5.59,999200000.0,2.53,13.77,642400000.0,2.22,2.92,89.40,12270000.0,1.80,2.80,13490000.0,outperform
2272,2003-11-08 12:12:31,1068311551.0,jnpr,18.92,43.5,1051.810059,10.44,33.06,0.618,225.30,11.22,4.80,5.07,7.41,1.21,2.26,1.644,7170000000.0,7460000000.0,82.61,9.75,11.49,122.89,11.49,316440000.0,122.89,32920000.0,0.083,N/A,38.40,766650000.0,N/A,942080000.0,3.215,3.96,N/A,3.69,20.35,60.62,39540000.0,3.348,12.94,40990000.0,outperform
2273,2013-04-23 07:52:30,1366717950.0,jnpr,17.28,43.23,1578.780029,18.79,24.439999999999998,14.28,48.91,2.00,1.24,4.27,9.39,2.59,2.65,8.38,6860000000.0,6860000000.0,12.97,0.98,1.57,11.50,1.57,2710000000.0,11.50,186500000.0,0.35,0.40,1.80,2850000000.0,5.59,999200000.0,2.53,13.77,642400000.0,2.16,2.92,89.40,10500000.0,1.40,2.40,9260000.0,outperform
2274,2008-01-20 09:40:44,1200840044.0,jnpr,26.48,,1333.25,-36.24,,0.077,49.72,5.29,2.68,11.78,12.61,3.02,5.52,4.772,13820000000.0,12600000000.0,N/A,1.50,4.80,24.301,4.80,1550000000.0,24.301,308910000.0,0.53,46.00,28.20,1620000000.0,3.11,399760000.0,1.708,9.918,784110000.0,1.06,4.27,90.00,26290000.0,3.2,5.20,25250000.0,underperform
2275,2005-12-22 09:50:45,1135263045.0,jnpr,22.04,-15.2,1268.119995,11.25,-26.45,0.072,41.44,6.51,1.85,16.39,22.10,3.63,5.02,3.505,12500000000.0,11600000000.0,N/A,1.50,6.05,19.277,6.05,925450000.0,19.277,314500000.0,0.53,72.40,45.70,1390000000.0,2.454,485640000.0,2.984,11.945,587880000.0,N/A,9.02,73.30,21040000.0,2.7,3.90,21490000.0,underperform
2276,2004-04-13 11:28:09,1081870089.0,jnpr,26.05,-19.08,1129.439941,3.93,-23.009999999999998,0.357,284.02,15.53,6.88,5.59,7.97,1.47,2.63,1.74,10890000000.0,10870000000.0,55.10,3.82,15.50,138.26,15.50,444040000.0,138.26,39200000.0,0.097,N/A,28.30,581510000.0,1.47,557840000.0,2.375,4.003,178550000.0,3.622,20.42,62.84,62220000.0,4.28,19.77,48650000.0,underperform
2277,2005-03-06 04:17:50,1110100670.0,jnpr,21.19,-7.65,1210.469971,5.6,-13.25,0.067,83.70,8.57,1.91,10.16,14.68,2.67,3.27,2.57,11430000000.0,10840000000.0,26.57,1.58,8.11,41.22,8.11,444040000.0,41.22,135750000.0,0.25,N/A,28.30,1120000000.0,2.06,400000000.0,2.812,11.136,359940000.0,3.608,16.67,75.71,30020000.0,2.431,6.63,29580000.0,underperform
2278,2008-01-31 15:35:03,1201811703.0,jnpr,27.03,-47.84,1378.550049,-40.09,-7.75,0.075,42.60,4.95,2.62,12.72,14.35,3.57,6.29,5.274,13850000000.0,12480000000.0,N/A,1.15,4.40,20.791,4.40,1550000000.0,20.791,360830000.0,0.62,73.10,35.80,1960000000.0,3.75,399500000.0,1.852,10.261,797620000.0,1.06,4.27,88.60,24900000.0,3.9,5.00,26290000.0,underperform
2279,2011-11-02 09:27:19,1320240439.0,jnpr,23.43,-26.63,1237.900024,15.32,-41.95,14.40,24.53,2.73,1.78,11.49,16.46,5.28,7.83,8.54,9970000000.0,9970000000.0,16.17,1.27,2.21,10.92,2.21,2740000000.0,10.92,519210000.00000006,0.95,37.80,9.20,3350000000.0,6.34,999000000.0,3.02,13.11,9970000000.0,1.93,2.87,91.70,9370000.0,0.80,N/A,12120000.0,underperform
2280,2007-04-07 19:09:24,1175987364.0,jnpr,20.56,18.04,1439.369995,-4.87,22.91,0.065,N/A,5.10,1.92,43.47,13.55,3.21,15.17,4.06,11710000000.0,10070000000.0,N/A,1.41,4.37,17.567,4.37,1550000000.0,17.567,1000000000.0,1.77,32.30,3.50,2040000000.0,3.584,399940000.0,3.307,10.743,755600000.0,1.3,9.56,81.90,22380000.0,3.5,4.10,25060000.0,outperform
2281,2008-12-26 18:54:05,1230335645.0,jnpr,16.85,54.9,872.7999880000001,28.39,26.509999999999998,N/A,18.89,2.60,1.56,14.52,19.34,6.20,9.18,6.505,8890000000.0,6970000000.0,N/A,0.75,2.02,8.215,2.02,1910000000.0,8.215,502180000.0,0.89,74.50,28.80,2020000000.0,3.828,N/A,2.648,10.93,904430000.0,1.36,3.68,97.40,19330000.0,1.8,3.80,21190000.0,outperform
2282,2012-09-09 13:12:20,1347210740.0,jnpr,18.15,14.49,1432.119995,16.73,-2.24,13.86,39.06,2.22,1.33,5.86,10.17,2.78,3.58,8.21,7410000000.0,7410000000.0,16.71,1.77,1.71,12.00,1.71,2870000000.0,12.00,253820000.0,0.48,50.10,4.20,3440000000.0,6.53,999110000.0,2.91,13.70,743100000.0,2.21,2.80,92.40,25440000.0,2.20,5.80,19290000.0,underperform
2283,2012-03-22 19:45:50,1332459950.0,jnpr,20.86,-10.64,1392.780029,11.78,-22.42,14.09,26.51,2.51,1.57,9.56,14.75,4.45,6.21,8.40,8600000000.0,8600000000.0,16.89,1.69,1.93,10.40,1.93,2870000000.0,10.40,425140000.0,0.79,49.40,5.80,3550000000.0,6.75,999030000.0,3.03,13.47,986730000.0,2.33,2.89,87.90,13180000.0,1.30,2.90,10720000.0,underperform
2284,2005-01-28 04:26:25,1106904385.0,jnpr,24.44,-12.36,1171.359985,7.97,-20.33,0.067,98.43,11.87,2.27,10.16,14.68,2.67,3.27,2.57,13440000000.0,12490000000.0,31.25,1.83,9.35,47.49,9.35,444040000.0,47.49,135750000.0,0.254,N/A,28.30,1120000000.0,2.08,400000000.0,2.812,10.806,359940000.0,3.478,16.65,67.29,30820000.0,3.898,6.88,32900000.0,underperform
2285,2007-04-01 22:58:37,1175482717.0,jnpr,19.82,25.58,1422.530029,-7.02,32.599999999999994,0.065,N/A,4.92,1.85,43.47,13.55,3.21,15.17,4.06,11200000000.0,9560000000.0,N/A,1.35,4.15,16.683,4.15,1550000000.0,16.683,1000000000.0,1.77,32.30,3.50,2040000000.0,3.584,399940000.0,3.307,10.743,755600000.0,1.23,9.56,81.90,22380000.0,3.5,4.10,25060000.0,outperform
2286,2005-04-04 09:41:26,1112622086.0,jnpr,21.87,-14.13,1176.119995,11.04,-25.17,0.067,84.76,8.76,1.94,10.16,14.68,2.67,3.27,2.57,11710000000.0,10990000000.0,26.58,1.60,8.22,41.78,8.22,925450000.0,41.78,135750000.0,0.25,246.30,90.50,1120000000.0,2.06,400000000.0,2.812,11.087,439450000.0,3.727,16.67,74.57,24230000.0,2.709,5.35,30020000.0,underperform
2287,2012-06-27 02:46:17,1340779577.0,jnpr,15.51,22.24,1331.849976,21.12,1.1199999999999974,13.93,26.64,1.89,1.15,7.12,11.99,3.34,4.43,8.28,5820000000.0,5820000000.0,13.67,1.32,1.33,8.35,1.33,2870000000.0,8.35,311660000.0,0.58,87.50,6.30,3430000000.0,6.48,999070000.0,3.11,13.55,849340000.0,2.18,2.80,92.40,15090000.0,1.60,3.40,14600000.0,outperform
2288,2007-03-31 22:14:54,1175393694.0,jnpr,19.53,26.93,1417.22998,-6.45,33.38,0.065,N/A,4.92,1.85,43.47,13.55,3.21,15.17,4.06,11200000000.0,9560000000.0,N/A,1.37,4.15,16.683,4.15,1550000000.0,16.683,1000000000.0,1.77,32.30,3.50,2040000000.0,3.584,399940000.0,3.307,10.743,755600000.0,1.23,9.56,81.90,25060000.0,2.5,4.60,22450000.0,outperform
2289,2007-10-29 10:06:36,1193666796.0,jnpr,35.8,-48.07,1540.97998,-38.97,-9.100000000000001,0.077,63.70,6.65,3.34,11.78,12.56,3.00,5.52,4.772,17450000000.0,N/A,N/A,1.94,N/A,N/A,N/A,1550000000.0,N/A,308910000.0,0.53,46.00,28.20,1620000000.0,3.155,399760000.0,1.708,10.16,784110000.0,0.71,10.58,72.30,27700000.0,3.3,5.60,25620000.0,underperform
2290,2009-10-17 09:40:14,1255786814.0,jnpr,27.08,15.07,1092.02002,7.49,7.58,N/A,48.80,4.18,2.41,8.52,17.11,5.05,4.93,6.467,11910000000.0,11910000000.0,N/A,1.85,3.48,16.154,3.48,2410000000.0,16.154,291290000.0,0.54,87.70,10.50,1980000000.0,3.773,N/A,2.444,11.317,732280000.0,1.52,3.17,99.60,36820000.0,7.20,7.20,41160000.0,outperform
2291,2008-10-28 03:02:40,1225177360.0,jnpr,18.59,34.21,940.51001,10.86,23.35,N/A,18.88,2.58,1.55,14.52,19.37,6.20,9.18,6.505,9100000000.0,6910000000.0,N/A,0.77,2.00,8.082,2.00,1910000000.0,8.082,502180000.0,0.89,74.50,28.80,2020000000.0,3.736,N/A,2.648,10.678,904430000.0,1.78,3.57,97.50,37290000.0,2.6,7.10,32229999.999999996,outperform
2292,2006-06-21 08:48:59,1150894139.0,jnpr,15.76,59.9,1252.199951,21.56,38.34,0.058,27.07,4.13,1.30,16.24,20.52,3.84,5.43,3.895,9010000000.0,7970000000.0,N/A,1.02,3.66,12.912,3.66,1410000000.0,12.912,354360000.0,0.59,0.40,26.20,1410000000.0,2.501,399940000.0,2.936,12.231,591560000.0,1.89,8.28,76.90,20660000.0,1.6,3.80,21400000.0,outperform
2293,2013-05-07 08:58:19,1367931499.0,rrc,75.17,19.98,1625.959961,15.51,4.470000000000001,130.08,N/A,8.10,5.25,1.42,9.04,1.26,0.90,9.17,14840000000.0,14840000000.0,33.56,2.88,10.14,19.23,10.14,1040000000.0,19.23,21260000.0,0.13,N/A,30.10,0.00,0.00,2940000000.0,0.61,14.12,692370000.0,0.96,2.22,N/A,8289999.999999999,5.60,6.10,8950000.0,outperform
2294,2005-02-04 09:56:50,1107529010.0,rrc,14.57,95.06,1203.030029,6.6,88.46000000000001,1.232,49.26,5.57,4.34,11.55,18.34,3.32,10.52,4.447,1580000000.0,2130000000.0,17.20,1.48,7.62,N/A,7.62,182970000.0,163980000.0,29370000.0,0.46,37.40,25.70,0.01,0.01,503490000.0,0.519,5.164,174820000.0,1.039,2.88,89.82,1520000.0,1.947,2.25,7320000.0,outperform
2295,2011-08-17 23:13:29,1313637209.0,rrc,62.26,10.17,1193.890015,18.56,-8.389999999999999,79.62,N/A,9.57,4.39,29.09,33.18,3.86,13.51,6.54,11350000000.0,11350000000.0,39.20,1.80,11.02,18.86,11.02,N/A,18.86,321450000.0,1.90,466.60,47.10,288840000.0,1.83,1790000000.0,1.26,14.21,11350000000.0,0.45,2.31,97.50,13150000.0,4.70,9.70,12780000.0,underperform
2296,2005-03-06 12:52:51,1110131571.0,rrc,16.01,45.85,1210.469971,5.6,40.25,1.096,45.36,6.27,3.54,13.17,20.82,3.68,10.72,4.856,2029999999.9999998,2680000000.0,15.21,1.12,8.37,13.92,8.37,182970000.0,13.92,37070000.0,0.55,37.40,25.70,18380000.0,0.23,620560000.0,0.77,6.973,174820000.0,0.969,2.99,95.00,2280000.0,3.612,2.89,1520000.0,outperform
2297,2006-10-28 22:01:29,1162087289.0,rrc,26.99,60.73,1382.219971,9.56,51.169999999999995,0.823,21.02,6.04,3.53,27.42,50.64,9.58,19.64,4.937,3770000000.0,4660000000.0,N/A,1.19,7.33,9.376,7.33,408370000.0,9.376,173730000.0,1.30,136.70,33.80,6790000.0,0.049,894700000.0,1.089,7.881,442030000.0,1.39,1.77,87.90,5410000.0,4.6,3.90,5510000.0,outperform
2298,2004-08-28 09:55:33,1093701333.0,rrc,9.6,122.08,1104.959961,9.72,112.36,1.274,25.39,3.74,2.80,13.33,20.96,4.14,13.78,4.598,1020000000.0,1580000000.0,12.94,0.96,5.83,9.54,5.83,182970000.0,9.54,33900000.0,0.581,37.40,25.70,7570000.0,0.11,525419999.99999994,0.697,5.234,149330000.0,0.778,6.66,83.78,3760000.0,5.316,5.82,5570000.0,outperform
2299,2007-04-09 15:24:30,1176146670.0,rrc,34.17,97.31,1444.609985,-5.47,102.78,0.835,30.51,6.94,3.82,22.91,54.62,9.71,20.24,5.179,4860000000.0,5850000000.0,N/A,1.36,8.45,10.189,8.45,605340000.0,10.189,197610000.0,1.14,99.00,16.20,2380000.0,0.017,1050000000.0,1.379,9.042,479880000.0,1.15,1.84,89.30,6310000.0,4.60,4.60,6600000.0,outperform
2300,2012-04-18 22:53:44,1334804024.0,rrc,56.38,31.84,1385.140015,11.3,20.54,82.55,158.80,7.59,3.73,4.93,18.74,2.43,1.85,7.45,10910000000.0,10910000000.0,32.39,1.47,9.26,16.03,9.26,939540000.0,16.03,41670000.0,0.36,N/A,52.90,0.00,0.00,1970000000.0,0.62,15.16,631640000.0,0.73,10.07,5.90,5060000.0,2.60,3.20,3810000.0,outperform
2301,2004-12-01 10:59:37,1101916777.0,rrc,13.01,91.7,1191.369995,6.15,85.55,1.232,44.99,5.07,3.95,11.55,18.34,3.32,10.52,4.447,1440000000.0,1990000000.0,15.48,1.29,7.13,12.16,7.13,182970000.0,12.16,29370000.0,0.461,37.40,25.70,0.01,0.01,503490000.0,0.519,5.164,174820000.0,0.897,6.76,87.65,4940000.0,8.695,7.62,4139999.9999999995,outperform
2302,2003-11-15 11:32:33,1068913953.0,rrc,5.01,115.97,1058.530029,10.86,105.11,0.984,14.54,1.87,1.92,13.02,20.00,4.43,14.78,4.202,448000000.0,773700000.0,14.72,1.68,3.23,4.97,3.23,136520000.0,4.97,31110000.0,0.548,45.90,9.70,1640000.0,0.03,278460000.0,0.751,4.15,N/A,0.918,6.42,65.77,N/A,2.526,1.00,N/A,outperform
2303,2004-06-22 02:24:34,1087885474.0,rrc,9.09,89.22,1134.410034,7.01,82.21,1.303,25.92,3.09,3.65,12.68,19.80,4.18,14.51,4.428,795540000.0,1190000000.0,15.70,1.96,4.64,7.48,4.64,182970000.0,7.48,31040000.0,0.539,37.40,25.70,0.02,0.02,348610000.0,0.651,3.823,139560000.0,0.858,6.40,75.33,2820000.0,7.183,5.30,1730000.0,outperform
2304,2012-06-24 10:15:06,1340547306.0,rrc,56.65,38.53,1325.51001,18.68,19.85,99.80,234.11,7.26,3.77,3.32,18.34,2.40,1.50,7.85,11660000000.0,11660000000.0,38.71,7.01,9.38,15.62,9.38,939540000.0,15.62,33299999.999999996,0.25,N/A,25.90,122900000.0,0.78,2390000000.0,0.84,15.09,646990000.0,0.83,2.26,3.60,11000000.0,3.30,7.00,10890000.0,outperform
2305,2009-02-02 07:02:28,1233576148.0,ntap,14.83,103.91,825.4400019999999,33.66,70.25,0.864,18.31,1.46,3.40,7.73,8.71,4.54,17.81,10.691,4900000000.0,3930000000.0,N/A,1.05,1.09,8.276,1.09,2009999999.9999998,8.276,278500000.0,0.81,41.30,15.10,2300000000.0,6.962,1330000000.0,2.18,4.695,1040000000.0,1.41,12.16,84.70,24820000.0,3.3,7.60,22470000.0,outperform
2306,2007-04-07 14:32:41,1175970761.0,ntap,35.4,-39.29,1439.369995,-4.87,-34.42,0.077,53.30,5.17,6.79,10.28,11.06,8.31,13.96,6.983,13550000000.0,12400000000.0,N/A,1.12,4.77,23.955,4.77,1260000000.0,23.955,267329999.99999997,0.69,12.90,35.80,1300000000.0,3.491,151130000.0,1.895,5.336,825640000.0,2.34,4.50,84.90,12710000.0,2.7,3.60,10980000.0,underperform
2307,2013-04-22 02:33:27,1366612407.0,ntap,33.32,7.26,1562.5,20.29,-13.03,48.38,23.80,1.93,2.63,8.11,9.95,3.99,11.82,17.42,7400000000.0,7400000000.0,12.99,1.27,1.17,8.63,1.17,3710000000.0,8.63,512200000.00000006,1.39,32.20,4.10,6720000000.0,18.66,2240000000.0,2.22,12.84,1510000000.0,1.68,0.69,91.20,16570000.0,3.30,4.50,17680000.0,underperform
2308,2004-05-16 20:27:28,1084753648.0,ntap,20.51,40.03,1096.439941,6.32,33.71,0.004,52.64,6.79,6.20,13.07,13.44,10.11,13.49,2.982,7130000000.0,6360000000.0,38.02,1.61,5.92,31.35,5.92,480520000.0,31.35,140460000.0,0.39,95.90,20.70,778100000.0,2.24,4450000.0,3.726,3.39,270040000.0,3.19,9.85,76.21,18000000.0,4.738,5.75,16090000.0,outperform
2309,2007-06-27 03:05:33,1182927933.0,ntap,30.79,-29.88,1506.339966,-14.82,-15.059999999999999,0.043,40.44,4.14,5.82,10.62,9.90,7.96,15.22,7.555,11500000000.0,10380000000.0,N/A,1.10,3.70,18.829,3.70,1260000000.0,18.829,297730000.0,0.77,51.30,34.00,1310000000.0,3.527,85110000.0,1.887,5.374,864460000.0,1.64,4.50,86.20,12220000.0,2.9,3.40,12140000.0,underperform
2310,2011-09-08 14:08:01,1315505281.0,ntap,35.6,-1.8,1185.900024,21.25,-23.05,33.07,22.05,2.46,3.50,12.20,15.34,6.89,19.83,14.85,9930000000.0,9930000000.0,12.88,0.81,1.83,10.15,1.83,3330000000.0,10.15,661900000.0,1.65,7.40,26.40,4710000000.0,12.80,1260000000.0,1.84,10.37,9930000000.0,1.45,1.14,96.10,16660000.0,2.00,4.50,17570000.0,underperform
2311,2004-11-24 22:57:38,1101355058.0,ntap,29.78,,1181.76001,6.18,,0.003,63.41,7.81,7.13,13.07,14.98,10.11,13.50,3.673,10910000000.0,9760000000.0,40.67,1.76,7.14,36.66,7.14,704520000.0,36.66,178790000.0,0.481,98.90,31.20,921730000.0,2.58,4770000.0,3.165,4.188,332130000.0,3.352,9.89,83.58,19020000.0,5.526,5.90,25550000.0,underperform
2312,2004-03-29 17:41:25,1080600085.0,ntap,21.08,22.01,1122.469971,3.82,18.19,0.004,55.85,6.84,6.24,13.07,13.44,10.11,13.49,2.982,7570000000.0,6580000000.0,40.33,1.66,6.12,32.44,6.12,480520000.0,32.44,140460000.0,0.39,95.90,20.70,778100000.0,2.24,4450000.0,3.726,3.39,270040000.0,3.133,9.85,73.82,16090000.0,2.467,5.14,14790000.0,outperform
2313,2003-10-26 19:38:10,1067215090.0,ntap,23.96,-4.34,1033.77002,5.9,-10.24,0.003,98.03,8.87,8.27,9.24,10.62,6.98,9.23,2.685,8350000000.0,7700000000.0,49.08,2.13,8.14,48.19,8.14,480520000.0,48.19,87380000.0,0.249,95.90,20.70,650100000.0,1.9,3250000.0,3.381,2.97,N/A,3.22,9.82,76.98,23750000.0,2.849,7.70,24140000.0,underperform
2314,2006-08-22 06:01:15,1156240875.0,ntap,33.44,-19.86,1298.819946,12.72,-32.58,0.145,49.61,5.65,6.81,11.66,13.72,8.11,14.66,6.009,12410000000.0,11410000000.0,N/A,1.10,5.10,25.396,5.10,1260000000.0,25.396,261000000.0,0.67,9.10,38.60,1270000000.0,3.407,272130000.0,2.177,4.976,579890000.0,2.38,4.14,87.90,14020000.0,3.4,3.90,13210000.0,underperform
2315,2012-03-09 07:22:13,1331295733.0,ntap,41.93,-19.53,1370.869995,12.44,-31.97,29.42,27.86,2.51,3.71,9.82,12.63,5.67,15.50,16.34,11300000000.0,11300000000.0,15.33,1.13,1.90,11.68,1.90,3330000000.0,11.68,585300000.0,1.50,30.70,23.50,4870000000.0,13.51,1190000000.0,2.86,11.22,1340000000.0,1.63,0.75,98.50,17180000.0,2.10,4.70,17360000.0,underperform
2316,2012-05-19 12:28:39,1337444919.0,ntap,33.82,11.03,1324.800049,24.58,-13.549999999999999,29.42,22.01,2.09,3.07,9.82,12.63,5.67,15.50,16.34,8320000000.0,8320000000.0,12.20,0.95,1.40,8.89,1.40,3330000000.0,8.89,585300000.0,1.50,35.80,21.40,4870000000.0,13.41,1190000000.0,2.86,11.16,1340000000.0,1.63,0.75,98.50,16830000.0,2.90,4.60,16780000.0,underperform
2317,2011-11-19 20:17:57,1321751877.0,ntap,39.78,-25.87,1236.910034,9.41,-35.28,33.07,21.09,2.43,3.45,12.20,15.34,6.89,19.83,14.85,9350000000.0,9350000000.0,12.59,0.90,1.72,9.56,1.72,3330000000.0,9.56,661900000.0,1.65,7.40,26.40,4710000000.0,12.80,1260000000.0,1.84,10.37,9350000000.0,1.29,1.14,96.10,15690000.0,2.30,N/A,16360000.0,underperform
2318,2013-05-20 09:21:08,1369056068.0,ntap,36.31,-7.3,1666.290039,12.4,-19.7,48.38,27.30,2.16,2.95,8.11,9.95,3.99,11.82,17.42,9150000000.0,9150000000.0,14.96,1.45,1.45,10.67,1.45,3710000000.0,10.67,512200000.00000006,1.39,32.20,4.10,6720000000.0,18.66,2240000000.0,2.22,12.84,1510000000.0,1.67,0.69,91.20,20150000.0,2.50,5.40,20630000.0,underperform
2319,2007-05-26 10:36:27,1180190187.0,ntap,37.16,-35.36,1522.280029,-8.4,-26.96,0.077,46.42,4.53,5.95,10.28,11.06,8.31,13.96,6.983,11800000000.0,10660000000.0,N/A,0.85,4.10,20.579,4.10,1260000000.0,20.579,267329999.99999997,0.69,12.90,35.80,1300000000.0,3.491,151130000.0,1.895,5.336,825640000.0,1.96,4.50,84.50,12140000.0,2.5,3.40,12710000.0,underperform
2320,2011-11-26 14:30:13,1322335813.0,ntap,33.84,,1161.790039,20.02,,30.92,20.87,2.20,3.29,11.47,14.46,6.52,18.60,15.53,8920000000.0,8920000000.0,12.41,0.90,1.57,8.88,1.57,3330000000.0,8.88,652100000.0,1.64,0.60,24.80,4640000000.0,12.84,1180000000.0,2.75,10.52,8920000000.0,1.29,1.14,96.10,15690000.0,2.30,N/A,16360000.0,underperform
2321,2004-06-28 09:48:50,1088430530.0,ntap,20.24,39.97,1133.349976,6.02,33.95,0.003,50.79,6.25,5.29,13.00,13.54,10.05,13.39,3.196,7340000000.0,6540000000.0,31.54,1.65,5.59,41.27,5.59,480520000.0,41.27,152090000.0,0.416,95.90,20.70,807960000.0,2.32,4860000.0,3.164,3.976,270040000.0,3.181,9.85,80.11,17980000.0,4.526,5.74,18000000.0,outperform
2322,2009-02-17 21:48:38,1234925318.0,ntap,15.22,105.78,789.169983,39.32,66.46000000000001,N/A,52.14,1.48,3.47,2.82,7.44,3.73,6.35,10.784,5130000000.0,4150000000.0000005,N/A,1.28,1.16,9.498,1.16,2009999999.9999998,9.498,101280000.0,0.30,N/A,1.10,2580000000.0,7.841,1430000000.0,2.099,4.642,986940000.0,1.41,12.16,88.10,25980000.0,2.9,8.00,24820000.0,outperform
2323,2011-05-01 06:16:19,1304244979.0,ntap,51.18,-25.91,1360.47998,2.75,-28.66,32.38,32.05,4.03,5.48,13.04,15.35,6.69,21.37,13.46,15550000000.0,15550000000.0,23.16,1.34,3.25,17.32,3.25,2520000000.0,17.32,624100000.0,1.63,59.90,25.30,4760000000.0,12.93,1140000000.0,2.88,9.56,15550000000.0,1.39,1.14,96.10,18900000.0,2.80,5.40,17270000.0,underperform
2324,2011-07-10 02:59:39,1310281179.0,ntap,52.63,-45.94,1353.219971,-0.06,-45.879999999999995,33.91,31.27,3.90,5.33,13.14,16.24,6.94,21.50,14.19,15940000000.0,15940000000.0,18.13,1.16,3.11,16.61,3.11,3330000000.0,16.61,673100000.0,1.71,33.70,28.80,5170000000.0,13.94,1260000000.0,1.89,10.11,15940000000.0,1.35,1.14,96.10,18410000.0,3.30,N/A,17690000.0,underperform
2325,2004-12-05 09:43:16,1102257796.0,ntap,32.94,-14.72,1190.329956,6.03,-20.75,0.003,66.96,8.82,8.05,13.07,14.98,10.11,13.50,3.673,11520000000.0,10600000000.0,41.83,1.76,7.75,39.83,7.75,704520000.0,39.83,178790000.0,0.481,98.90,31.20,921730000.0,2.58,4770000.0,3.165,4.188,332130000.0,3.352,9.89,83.49,17560000.0,4.763,5.45,19020000.0,underperform
2326,2013-04-22 02:49:32,1366613372.0,hcn,67.67,-10.83,1562.5,20.29,-31.119999999999997,80.83,73.43,10.16,2.00,16.31,30.19,2.00,2.02,8.12,26740000000.0,26740000000.0,17.98,3.23,14.68,24.73,14.68,1210000000.0,24.73,107570000.0,0.99,140.80,32.80,1030000000.0,3.97,8529999999.999999,5.25,35.61,818130000.0,0.68,0.37,87.10,11870000.0,6.80,5.10,12650000.0,underperform
2327,2004-09-07 05:20:10,1094548810.0,hcn,18.92,17.34,1121.300049,10.26,7.08,0.872,0.00,N/A,1.69,N/A,N/A,0.00,0.00,N/A,1770000000.0,2870000000.0,11.31,2.48,N/A,N/A,N/A,201030000.0,N/A,0.00,0.00,22.30,23.20,33990000.0,0.66,1010000000.0,N/A,20.221001,138130000.0,0.011,1.05,51.11,N/A,3.588,1.48,N/A,outperform
2328,2005-05-18 22:57:57,1116471477.0,hcn,20.05,4.39,1185.560059,6.43,-2.04,0.905,25.36,7.05,1.75,33.64,33.64,3.67,6.84,4.944,1850000000.0,3310000000.0,11.28,2.69,12.74,13.94,12.74,201030000.0,13.94,71600000.0,1.36,22.30,23.20,17430000.0,0.33,1210000000.0,N/A,19.643999,150150000.0,0.29,1.47,49.38,1480000.0,7.634,2.81,1270000.0,underperform
2329,2008-09-21 22:45:54,1222051554.0,hcn,35.67,-8.02,1206.51001,-11.76,3.74,1.161,17.51,8.35,1.82,52.14,54.85,3.45,6.01,6.318,4960000000.0,8330000000.0,N/A,2.36,15.57,18.177,15.57,448550000.0,18.177,122880000.0,2.99,408.50,20.50,25080000.0,0.264,3060000000.0,7.505,25.823,311380000.0,1.01,0.75,70.70,8730000.0,10.4,9.30,8350000.0,outperform
2330,2011-11-28 21:40:15,1322534415.0,hcn,42.52,28.13,1192.550049,17.31,10.82,101.02,46.22,6.94,1.53,17.72,40.07,2.84,2.60,7.62,15540000000.0,15540000000.0,12.88,1.22,12.61,17.85,12.61,597410000.0,17.85,95760000.0,1.05,767.50,127.80,136680000.0,0.76,6790000000.0,2.32,31.15,15540000000.0,0.97,0.54,71.60,14000000.0,5.80,8.00,14210000.0,outperform
2331,2005-03-24 06:44:52,1111664692.0,hcn,18.36,24.46,1171.420044,11.23,13.23,0.888,23.04,6.81,1.62,33.71,33.71,3.67,6.92,4.835,1700000000.0,3170000000.0,10.43,2.42,12.59,13.76,12.59,201030000.0,13.76,72150000.0,1.39,22.30,23.20,19760000.0,0.37,1190000000.0,N/A,19.868,150150000.0,0.146,1.02,50.90,1270000.0,5.056,2.41,1250000.0,outperform
2332,2013-05-12 00:43:02,1368333782.0,hcn,70.2,-10.54,1626.670044,16.6,-27.14,80.83,76.32,10.68,2.10,16.31,30.19,2.00,2.02,8.12,27330000000.0,27330000000.0,18.78,3.36,15.00,25.28,15.00,1210000000.0,25.28,107570000.0,0.99,140.80,32.80,1030000000.0,3.97,8529999999.999999,5.25,35.61,818130000.0,0.69,0.37,87.10,12800000.0,7.30,5.50,11870000.0,underperform
2333,2012-07-06 05:37:55,1341567475.0,msi,44.71,24.22,1354.680054,19.25,4.969999999999999,37.23,19.58,1.70,3.46,9.83,14.72,5.28,10.25,25.44,11880000000.0,11880000000.0,13.76,1.01,1.43,7.65,1.43,4150000000.0000005,7.65,539000000.0,2.45,68.40,6.70,3770000000.0,12.90,1530000000.0,2.06,13.99,523000000.0,1.01,0.32,83.30,5850000.0,2.60,2.00,4670000.0,outperform
2334,2004-04-04 11:12:56,1081091576.0,msi,91.23,-14.49,1132.170044,3.88,-18.37,8.495,7.15,0.39,1.31,5.17,8.74,13.17,19.24,3.969,23090000.0,21850000.0,0.00,N/A,0.34,3.67,0.34,20570000.0,3.67,3280000.0,0.207,527.20,19.40,1240000.0,0.08,8.495,8.495,1.197,7060000.0,1.179,26.92,1.76,N/A,N/A,N/A,N/A,underperform
2335,2011-01-14 15:15:57,1295036157.0,msi,35.75,21.65,1293.23999,-0.06,21.709999999999997,32.53,26.78,0.57,1.22,2.16,5.76,3.15,3.50,67.20,7430000000.0,7430000000.0,15.54,2.90,0.33,3.76,0.33,7060000000.0,3.76,354000000.0,1.41,808.30,12.80,8890000000.0,26.50,3400000000.0,2.00,31.11,7430000000.0,1.77,N/A,N/A,48460000.0,1.60,2.10,48060000.0,outperform
2336,2005-04-20 21:06:53,1114045613.0,msi,78.33,55.85,1137.5,15.29,40.56,0.656,N/A,0.22,0.75,2.47,3.85,5.72,8.08,3.749,12960000.0,23820000.0,N/A,N/A,0.41,N/A,0.41,16110000.0,N/A,1450000.0,0.09,96.30,17.30,0.05,0.05,11460000.0,2.135,1.119,8199999.999999999,1.31,27.02,3.03,N/A,0.353,0.11,N/A,outperform
2337,2004-03-14 20:57:01,1079315821.0,msi,84.25,-3.54,1106.780029,9.04,-12.579999999999998,0.221,7.20,0.38,1.32,5.17,9.39,12.72,19.72,4.122,23710000.0,28770000.0,0.00,N/A,0.45,4.36,0.45,20570000.0,4.36,3280000.0,0.211,527.20,19.40,0.01,0.01,4040000.0,3.354,1.171,7060000.0,1.179,26.92,1.76,N/A,0.273,0.08,N/A,underperform
2338,2004-10-14 22:01:54,1097805714.0,msi,94.27,13.98,1103.290039,7.55,6.430000000000001,7.224,188.33,0.35,1.06,0.24,0.54,0.57,0.72,3.372,17650000.0,16370000.000000002,N/A,N/A,0.30,23.49,0.30,16110000.0,23.49,0.006,0.006,96.30,17.30,2530000.0,0.16,7.224,7.224,1.138,4690000.0,1.191,27.02,2.66,N/A,0.643,0.08,N/A,outperform
2339,2011-08-19 23:22:06,1313810526.0,msi,36.16,25.06,1123.530029,25.1,-0.0400000000000027,31.57,10.65,1.63,1.97,15.34,13.25,3.34,6.90,24.13,8810000000.0,8810000000.0,13.83,1.57,1.08,6.16,1.08,6900000000.0,6.16,582000000.0,3.64,115.40,6.10,6630000000.0,19.31,2150000000.0,2.49,19.64,8810000000.0,1.62,0.17,78.10,5870000.0,1.40,2.00,5330000.0,underperform
2340,2013-04-25 08:13:59,1366892039.0,msi,54.45,13.02,1585.160034,17.55,-4.530000000000001,56.63,18.93,1.78,4.74,10.13,14.83,6.06,20.50,29.78,15290000000.0,15290000000.0,13.09,1.25,1.76,10.21,1.76,4350000000.0,10.21,878000000.0,2.96,82.60,6.10,3600000000.0,13.06,1860000000.0,2.22,11.83,1070000000.0000001,0.92,0.25,87.70,5210000.0,3.60,2.10,6200000.0,underperform
2341,2012-01-01 03:45:48,1325407548.0,msi,43.95,21.82,1263.02002,12.92,8.9,34.80,12.52,1.82,2.49,15.18,13.70,3.51,9.03,24.76,10960000000.0,10960000000.0,16.02,2.61,1.31,7.30,1.31,6900000000.0,7.30,748000000.0,3.70,16.40,10.30,6250000000.0,19.20,2140000000.0000002,2.33,18.73,1520000000.0,1.32,0.17,78.10,4510000.0,2.00,1.50,4960000.0,outperform
2342,2011-05-01 18:55:06,1304290506.0,msi,43.58,10.95,1360.47998,2.75,8.2,25.48,24.52,0.81,1.44,3.28,5.39,2.54,2.60,57.85,9380000000.0,9380000000.0,18.28,1.54,0.49,5.82,0.49,6900000000.0,5.82,254000000.0,1.87,106.30,18.30,8860000000.0,26.32,2800000000.0,1.97,32.37,9380000000.0,1.66,0.17,78.10,7750000.0,2.40,2.60,8630000.0,outperform
2343,2004-06-23 14:46:19,1088016379.0,msi,93.66,6.64,1144.060059,4.95,1.6899999999999995,6.148,13.08,0.37,1.19,2.87,4.80,6.99,9.54,3.664,21220000.0,18690000.0,0.00,N/A,0.32,5.77,0.32,20570000.0,5.77,1680000.0,0.104,527.20,19.40,2840000.0,0.18,6.148,6.148,1.157,9130000.0,1.135,26.92,2.30,N/A,N/A,N/A,N/A,outperform
2344,2013-04-22 02:33:12,1366612392.0,msi,59.65,4.44,1562.5,20.29,-15.849999999999998,56.63,20.85,1.94,5.17,10.13,14.83,6.06,20.50,29.78,15290000000.0,15290000000.0,14.42,1.23,1.76,10.21,1.76,4350000000.0,10.21,878000000.0,2.96,82.60,6.10,3600000000.0,13.06,1860000000.0,2.22,11.83,1070000000.0000001,0.92,0.25,87.70,5210000.0,3.60,2.10,6200000.0,underperform
2345,2011-01-15 22:44:59,1295149499.0,msi,35.45,22.88,1285.959961,0.74,22.14,32.53,27.15,0.57,1.22,2.16,5.76,3.15,3.50,67.20,7430000000.0,7430000000.0,16.08,2.89,0.33,3.76,0.33,7060000000.0,3.76,354000000.0,1.41,808.30,12.80,8890000000.0,26.50,3400000000.0,2.00,31.11,7430000000.0,1.77,N/A,N/A,48460000.0,1.60,2.10,48060000.0,outperform
2346,2012-07-01 18:29:24,1341181764.0,akam,30.43,41.21,1329.040039,21.51,19.7,N/A,30.21,4.54,2.48,16.10,30.05,9.43,8.77,6.62,5280000000.0,5280000000.0,17.07,1.41,4.40,10.49,4.40,784000000.0,10.49,193510000.0,1.05,14.60,15.80,404490000.0,2.26,0.00,4.58,12.29,456550000.0,0.77,2.95,82.70,6980000.0,1.80,4.00,6800000.0,outperform
2347,2007-12-13 22:43:51,1197603831.0,akam,35.54,-59.09,1488.410034,-40.89,-18.200000000000003,0.157,73.28,10.03,4.55,14.81,20.75,5.77,8.51,3.568,5910000000.0,5570000000.0,N/A,1.03,9.62,30.337,9.62,334570000.0,30.337,85710000.0,0.49,73.10,44.60,436350000.0,2.626,199850000.0,6.04,7.677,193530000.0,1.4,3.20,89.60,14080000.0,2.6,8.80,12180000.0,underperform
2348,2007-07-02 18:05:36,1183413936.0,akam,48.2,-26.39,1519.430054,-15.43,-10.96,0.172,127.18,16.81,6.87,13.64,19.41,7.92,7.17,3.033,7950000000.0,7880000000.0,N/A,1.14,16.52,39.67,16.52,334570000.0,39.67,65080000.0,0.38,66.80,53.30,340960000.0,2.067,199960000.0,4.566,7.079,155080000.0,1.31,7.63,83.30,8840000.0,1.8,5.50,9280000.0,underperform
2349,2007-04-28 07:15:54,1177758954.0,akam,48.97,-29.9,1495.420044,-7.13,-22.77,0.209,131.38,17.49,7.82,13.39,19.39,7.75,7.27,2.759,7210000000.0,8570000000.0,N/A,1.19,19.99,49.468,19.99,334570000.0,49.468,57400000.0,0.34,19.90,52.10,268740000.0,1.669,200000000.0,4.197,5.956,131970000.0,2.2,7.82,80.40,9580000.0,2.1,6.20,9200000.0,underperform
2350,2004-01-15 08:25:52,1074173152.0,akam,14.59,-14.05,1132.050049,4.63,-18.68,N/A,N/A,10.75,N/A,54.68,44.53,39.69,N/A,1.297,1720000000.0,1940000000.0,96.64,N/A,12.80,N/A,12.80,59670000.0,N/A,82810000.0,0.716,N/A,11.20,86020000.0,0.72,300910000.0,2.476,1.53,N/A,4.923,12.71,35.02,9240000.0,1.378,8.80,10150000.0,underperform
2351,2008-12-19 20:41:49,1229737309.0,akam,15.58,63.86,887.8800050000001,24.92,38.94,0.133,20.54,3.36,1.70,18.45,30.75,8.67,10.11,4.603,2640000000.0,2460000000.0,N/A,0.60,3.23,7.576,3.23,468960000.0,7.576,140480000.0,0.76,37.50,22.40,297950000.0,1.762,199850000.0,5.556,8.904,320980000.0,1.68,3.62,83.50,9590000.0,2.1,5.90,10540000.0,outperform
2352,2008-01-23 20:39:10,1201138750.0,akam,27.79,-54.08,1338.599976,-38.18,-15.899999999999999,0.157,56.89,7.89,3.58,14.81,20.75,5.77,8.51,3.568,4580000000.0,4330000000.0,N/A,0.76,7.48,23.585,7.48,334570000.0,23.585,85710000.0,0.49,73.10,44.60,436350000.0,2.626,199850000.0,6.04,7.677,193530000.0,1.59,3.21,88.40,12470000.0,3.8,7.70,12100000.0,underperform
2353,2007-04-29 10:14:03,1177856043.0,akam,46.55,-23.63,1494.25,-6.55,-17.08,0.172,118.21,16.00,6.57,13.64,19.41,7.92,7.17,3.033,7350000000.0,7210000000.0,N/A,1.04,15.10,36.274,15.10,334570000.0,36.274,65080000.0,0.38,66.80,53.30,340960000.0,2.079,199960000.0,4.566,7.081,155080000.0,2.2,7.67,78.90,9580000.0,2.1,6.20,9200000.0,underperform
2354,2007-03-16 16:26:34,1174076794.0,akam,51.08,-34.93,1386.949951,-5.64,-29.29,0.209,149.47,19.32,8.63,13.39,19.39,7.75,7.27,2.759,8210000000.000001,8210000000.000001,N/A,1.13,19.16,47.405,19.16,334570000.0,47.405,57400000.0,0.34,19.90,52.10,268740000.0,1.669,200000000.0,4.197,5.956,131970000.0,2.41,7.86,80.90,9200000.0,2.2,5.90,8230000.0,underperform
2355,2008-11-02 19:38:10,1225672690.0,akam,13.8,62.68,954.090027,9.31,53.37,0.133,18.80,3.06,1.55,18.45,30.75,8.67,10.11,4.603,2430000000.0,2330000000.0,N/A,0.49,3.06,7.217,3.06,468960000.0,7.217,140480000.0,0.77,37.50,22.40,297950000.0,1.763,199850000.0,5.556,8.912,320980000.0,1.69,3.99,96.00,11710000.0,1.8,7.20,9010000.0,outperform
2356,2007-05-01 11:19:59,1178032799.0,akam,43.16,-17.12,1486.300049,-6.78,-10.34,0.172,116.31,15.15,6.23,13.64,19.41,7.92,7.17,3.033,7230000000.0,7210000000.0,N/A,1.04,15.10,36.274,15.10,334570000.0,36.274,65080000.0,0.38,66.80,53.30,340960000.0,2.079,199960000.0,4.566,7.081,155080000.0,2.2,7.67,78.90,9580000.0,2.1,6.20,9200000.0,underperform
2357,2012-08-31 23:53:40,1346471620.0,akam,37.51,23.73,1406.579956,16.24,7.490000000000002,N/A,36.38,5.27,3.00,15.11,28.25,9.15,8.55,6.99,6120000000.0,6120000000.0,19.34,1.62,4.87,12.13,4.87,784000000.0,12.13,189830000.0,1.03,7.70,19.60,496510000.0,2.80,0.00,4.56,12.45,494250000.0,0.96,2.95,82.70,6810000.0,1.90,3.90,6810000.0,outperform
2358,2012-03-20 09:56:00,1332251760.0,akam,36.75,-3.54,1405.52002,10.9,-14.440000000000001,N/A,34.62,5.68,3.05,17.34,30.85,9.51,9.27,6.30,5740000000.0,5740000000.0,20.02,1.64,4.95,11.58,4.95,784000000.0,11.58,200900000.0,1.07,14.40,13.70,849230000.0,4.78,0.00,7.56,12.15,452550000.0,0.72,2.94,76.20,4860000.0,1.10,2.70,7700000.0,underperform
2359,2009-02-07 12:52:24,1234029144.0,akam,14.17,80.03,832.22998,27.74,52.290000000000006,0.133,22.88,3.72,1.88,18.45,30.75,8.67,10.11,4.603,2940000000.0,2850000000.0,N/A,0.96,3.74,8.758,3.74,468960000.0,8.758,140480000.0,0.76,37.50,22.40,297950000.0,1.762,199850000.0,5.556,8.904,320980000.0,1.69,3.68,86.00,8450000.0,2.9,5.20,8600000.0,outperform
2360,2005-04-05 00:26:53,1112675213.0,akam,12.7,150.24,1181.390015,11.02,139.22,N/A,53.28,7.58,N/A,16.36,20.09,15.82,N/A,1.433,1630000000.0,1780000000.0,18.88,1.04,8.47,42.08,8.47,163870000.0,42.08,34360000.0,0.24,N/A,30.20,70630000.0,0.56,256850000.00000003,2.324,1.031,51240000.0,4.679,12.75,61.15,10030000.0,3.337,9.03,12490000.0,outperform
2361,2011-12-24 16:40:37,1324762837.0,akam,26.67,56.96,1243.719971,16.08,40.88,N/A,31.46,5.07,2.68,17.27,26.68,8.18,9.30,6.05,5040000000.0,5040000000.0,19.12,1.60,4.50,11.67,4.50,720180000.0,11.67,193330000.0,1.01,6.50,11.20,687520000.0,3.83,0.00,6.66,11.82,427010000.0,0.29,3.31,83.70,9290000.0,1.90,5.10,10150000.0,outperform
2362,2007-03-08 17:09:23,1173391763.0,akam,50.08,-31.73,1401.890015,-7.74,-23.990000000000002,0.209,147.71,18.07,8.08,13.39,19.39,7.75,7.27,2.759,8109999999.999999,7680000000.0,N/A,1.06,17.91,44.31,17.91,334570000.0,44.31,57400000.0,0.34,19.90,52.10,268740000.0,1.669,200000000.0,4.197,5.956,131970000.0,2.41,7.86,80.90,9200000.0,2.2,6.00,8230000.0,underperform
2363,2004-10-14 00:44:39,1097729079.0,akam,15.47,4.07,1103.290039,7.55,-3.4799999999999995,N/A,812.63,10.36,N/A,2.01,10.77,1.76,N/A,1.434,1940000000.0,2160000000.0,29.13,2.36,11.58,107.26,11.58,100140000.0,107.26,3740000.0,0.019,N/A,11.20,67450000.0,0.54,295110000.0,2.167,1.25,30060000.0,4.989,12.79,63.66,9310000.0,4.842,8.49,9440000.0,underperform
2364,2013-05-21 07:42:03,1369136523.0,akam,47.28,13.96,1669.160034,13.11,0.8500000000000014,N/A,37.71,5.98,3.57,16.33,25.35,8.91,10.13,8.00,7930000000.0,7930000000.0,22.07,1.82,5.57,15.21,5.57,942040000.0,15.21,232250000.0,1.27,65.40,15.20,513010000.0,2.89,0.00,3.93,13.41,540940000.0,0.79,3.06,85.80,18230000.0,4.50,12.00,18510000.0,outperform
2365,2007-04-30 10:46:44,1177944404.0,akam,44.08,-19.17,1482.369995,-6.17,-13.000000000000002,0.27,120.43,15.40,6.33,16.22,20.18,8.52,11.17,2.518,7350000000.0,8830000000.0,N/A,1.31,22.90,58.529,22.90,227460000.0,58.529,62540000.0,0.37,94.90,47.30,276650000.0,1.769,200000000.0,4.404,7.081,137070000.0,2.34,6.80,88.10,8230000.0,2.1,5.50,8029999.999999999,underperform
2366,2007-02-11 18:36:34,1171236994.0,akam,59.15,-42.52,1448.310059,-7.54,-34.980000000000004,0.209,172.80,22.09,9.92,13.39,19.39,7.75,7.27,2.759,8990000000.0,N/A,N/A,1.24,N/A,N/A,N/A,227460000.0,N/A,57400000.0,0.33,19.90,52.10,268740000.0,1.679,200000000.0,4.197,5.963,131970000.0,2.34,6.80,88.10,8230000.0,2.1,5.50,8029999.999999999,underperform
2367,2013-02-06 13:09:42,1360174182.0,akam,41.58,37.52,1512.119995,17.28,20.240000000000002,N/A,37.90,5.52,3.22,14.83,28.05,9.56,8.94,7.40,6820000000.0,6820000000.0,20.52,1.67,5.17,12.91,5.17,784000000.0,12.91,195780000.0,1.08,14.10,22.50,465170000.0,2.62,0.00,3.54,12.74,519460000.00000006,0.92,2.97,81.80,5640000.0,2.30,3.30,6060000.0,outperform
2368,2004-08-22 18:34:11,1093214051.0,akam,14.26,5.4,1091.22998,11.96,-6.5600000000000005,N/A,748.95,9.63,N/A,2.01,10.77,1.76,N/A,1.434,1790000000.0,2020000000.0,26.85,2.19,10.83,100.32,10.83,100140000.0,100.32,3740000.0,0.019,N/A,11.20,67450000.0,0.54,295110000.0,2.167,1.25,30060000.0,4.998,12.79,69.81,8380000.000000001,2.149,7.65,10150000.0,underperform
2369,2007-04-04 23:17:57,1175743077.0,akam,51.17,-38.75,1439.369995,-4.87,-33.88,0.209,150.06,19.15,8.56,13.39,19.39,7.75,7.27,2.759,8240000000.0,8140000000.000001,N/A,1.12,19.00,46.996,19.00,334570000.0,46.996,57400000.0,0.34,19.90,52.10,268740000.0,1.669,200000000.0,4.197,5.956,131970000.0,2.2,7.82,80.40,9580000.0,2.1,6.20,9200000.0,underperform
2370,2011-09-26 09:00:22,1317042022.0,akam,21.14,81.93,1162.949951,23.96,57.970000000000006,N/A,20.74,3.51,1.74,17.48,26.79,7.93,9.08,5.91,3340000000.0,3340000000.0,12.84,0.95,3.06,7.93,3.06,720180000.0,7.93,190760000.0,1.00,25.70,12.90,497230000.0,2.70,0.00,5.41,11.98,3340000000.0,0.45,3.31,83.70,7320000.0,1.40,N/A,8570000.0,outperform
2371,2007-06-01 00:57:17,1180673837.0,akam,43.62,-11.55,1536.339966,-9.47,-2.08,0.172,116.65,14.73,6.02,13.64,19.41,7.92,7.17,3.033,7290000000.0,6890000000.0,N/A,1.02,14.43,34.664,14.43,334570000.0,34.664,65080000.0,0.38,66.80,53.30,340960000.0,2.067,199960000.0,4.566,7.079,155080000.0,1.47,7.67,79.70,9660000.0,3.2,6.10,9580000.0,underperform
2372,2007-01-13 14:46:03,1168717563.0,akam,53.79,-47.89,1414.849976,0.39,-48.28,0.27,146.88,22.14,11.50,16.22,20.18,8.52,11.17,2.518,8550000000.000001,8470000000.000001,N/A,1.96,21.97,56.134,21.97,227460000.0,56.134,62540000.0,0.37,94.90,47.30,276650000.0,1.769,200000000.0,4.404,4.748,137070000.0,2.44,6.80,87.90,8029999.999999999,1.7,5.40,7530000.0,underperform
2373,2006-11-30 09:22:43,1164896563.0,akam,48.87,-22.12,1400.630005,5.75,-27.87,0.27,130.65,19.71,10.24,16.22,20.18,8.23,11.17,2.518,7600000000.0,7530000000.0,N/A,1.72,19.52,51.178,19.52,227460000.0,51.178,62540000.0,0.37,94.90,47.30,276650000.0,1.769,200000000.0,4.404,4.748,137070000.0,1.44,9.53,87.60,7530000.0,1.3,5.10,8620000.0,underperform
2374,2004-04-14 22:31:23,1081996283.0,akam,14.69,-13.68,1128.170044,3.0,-16.68,N/A,N/A,11.05,N/A,18.16,8.22,13.87,N/A,1.366,1800000000.0,2020000000.0,33.39,2.11,12.52,N/A,12.52,100140000.0,N/A,29280000.0,0.249,N/A,11.20,164980000.0,1.35,401780000.0,3.23,1.439,18000000.0,4.953,12.75,50.70,9570000.0,2.867,8.95,10450000.0,underperform
2375,2007-10-11 04:29:16,1192091356.0,akam,35.36,-60.07,1554.410034,-42.15,-17.92,0.163,86.15,11.15,4.78,14.26,20.05,5.33,7.84,3.311,6150000000.0,5740000000.0,N/A,0.93,10.86,35.707,10.86,334570000.0,35.707,75470000.0,0.43,92.20,51.70,355250000.0,2.145,199960000.0,5.784,7.446,164670000.0,1.01,10.19,87.30,10670000.0,2.2,6.70,10460000.0,underperform
2376,2004-06-20 08:20:55,1087734055.0,akam,15.41,-8.7,1132.050049,7.42,-16.119999999999997,N/A,N/A,10.95,N/A,10.24,1.60,8.27,N/A,1.414,1880000000.0,2109999999.9999998,28.37,2.00,12.17,N/A,12.17,100140000.0,N/A,17710000.0,0.153,N/A,11.20,140350000.0,1.14,363770000.0,3.756,1.383,3640000.0,4.977,12.73,58.21,8500000.0,2.701,7.92,9560000.0,underperform
2377,2006-06-29 20:45:30,1151628330.0,akam,35.85,35.68,1272.869995,18.11,17.57,0.305,17.86,16.47,7.88,103.69,23.81,9.03,119.53,2.197,5540000000.0,5090000000.0,N/A,1.76,16.20,45.904,16.20,227460000.0,45.904,325410000.0,2.01,18.40,51.10,284610000.0,1.842,200000000.0,4.943,4.247,97260000.0,3.43,12.97,72.20,4930000.0,1.5,3.40,4800000.0,outperform
2378,2007-02-19 17:28:06,1171924086.0,akam,,,1455.540039,-7.33,,0.209,172.28,21.06,9.46,13.39,19.39,7.75,7.27,2.759,8960000000.0,8900000000.0,N/A,1.24,20.75,51.43,20.75,227460000.0,51.43,57400000.0,0.33,19.90,52.10,268740000.0,1.679,200000000.0,4.197,5.963,131970000.0,2.34,8.04,72.00,8230000.0,2.1,5.50,8029999.999999999,underperform
2379,2005-03-06 00:05:14,1110085514.0,sndk,26.48,118.09,1210.469971,5.6,112.49000000000001,5.319,18.45,2.47,2.37,15.00,23.56,12.36,15.98,9.41,4320000000.0,2980000000.0,16.57,0.97,1.67,6.5,1.67,438610000.0,6.5,266620000.0,1.44,365.90,99.50,1340000000.0,8.25,5.319,5.319,11.355,321130000.0,3.431,2.89,75.21,8790000.0,1.203,5.56,11170000.0,outperform
2380,2012-07-22 02:55:46,1342940146.0,sndk,34.49,80.89,1376.51001,23.18,57.71,23.45,14.79,1.62,1.21,12.27,19.72,6.59,9.58,21.64,8490000000.0,8490000000.0,12.52,1.37,1.62,6.36,1.62,2440000000.0,6.36,641830000.0,2.62,94.80,24.90,2540000000.0,10.48,1650000000.0,2.27,29.07,472180000.0,1.42,1.58,88.30,11770000.0,2.10,4.90,12070000.0,outperform
2381,2005-02-18 23:19:44,1108786784.0,sndk,25.17,132.02,1201.589966,6.53,125.49000000000001,5.319,17.81,2.36,2.27,15.00,23.56,12.36,15.98,9.41,4170000000.0,2850000000.0,16.00,0.94,1.61,6.24,1.61,438610000.0,6.24,266620000.0,1.44,365.90,99.50,1340000000.0,8.25,5.319,5.319,11.355,321130000.0,3.431,2.89,77.46,11170000.0,1.942,7.06,13020000.0,outperform
2382,2007-05-31 03:06:45,1180595205.0,sndk,42.82,-34.98,1530.619995,-8.51,-26.47,0.255,56.55,2.79,1.99,4.77,12.91,6.80,4.22,16.482,9850000000.0,7800000000.0,N/A,2.26,2.28,10.7,2.28,1240000000.0,10.7,163210000.0,0.76,N/A,26.10,2980000000.0,13.062,1230000000.0,6.648,21.014999,800860000.0,0.79,1.48,81.50,22340000.0,2.4,9.90,21380000.0,underperform
2383,2007-10-13 03:28:46,1192260526.0,sndk,50.82,-67.04,1562.469971,-41.76,-25.28000000000001,0.255,110.23,3.14,2.31,2.72,9.26,3.50,2.41,16.362,10800000000.0,9410000000.0,N/A,1.99,2.67,17.627,2.67,1240000000.0,17.627,96050000.0,0.43,70.20,15.00,2910000000.0,12.777,1230000000.0,6.397,21.101999,651070000.0,0.56,6.97,92.70,21350000.0,2.5,9.50,24970000.0,underperform
2384,2006-07-18 06:45:28,1153219528.0,sndk,38.71,45.16,1236.859985,25.01,20.149999999999995,N/A,22.29,3.09,2.61,14.00,21.80,11.85,14.00,13.316,7710000000.0,5940000000.0,N/A,0.86,2.40,9.32,2.40,972730000.0,9.32,346980000.0,1.77,52.90,38.20,1770000000.0,9.063,N/A,5.345,15.007,399030000.0,0.94,1.93,86.50,16629999.999999998,1.7,8.70,15300000.0,outperform
2385,2007-02-19 17:28:45,1171924125.0,sndk,,,1455.540039,-7.33,,0.257,41.85,2.66,1.82,6.11,17.08,8.16,5.46,16.375,8460000000.000001,6880000000.0,N/A,1.05,2.11,8.676,2.11,972730000.0,8.676,198900000.0,0.96,N/A,55.00,2810000000.0,13.325,1230000000.0,4.708,22.593,594000000.0,0.83,1.72,93.10,20600000.0,2.4,10.70,21520000.0,underperform
2386,2007-04-30 10:48:01,1177944481.0,sndk,42.72,-37.87,1482.369995,-6.17,-31.699999999999996,0.257,45.89,3.07,2.09,6.11,17.08,8.16,5.46,16.375,10010000000.0,N/A,N/A,1.08,N/A,N/A,N/A,972730000.0,N/A,198900000.0,0.96,N/A,55.00,2810000000.0,13.325,1230000000.0,4.708,21.049999,594000000.0,0.83,12.60,97.90,20600000.0,2.4,10.70,21520000.0,underperform
2387,2006-07-18 12:35:04,1153240504.0,sndk,38.71,45.16,1236.859985,25.01,20.149999999999995,N/A,22.29,3.11,2.63,14.00,21.80,11.85,14.00,13.316,7710000000.0,5940000000.0,N/A,0.86,2.40,9.32,2.40,972730000.0,9.32,346980000.0,1.77,52.90,38.20,1770000000.0,9.063,N/A,5.345,15.007,399030000.0,0.94,1.93,86.50,16629999.999999998,1.7,8.70,15300000.0,outperform
2388,2007-02-08 01:53:15,1170917595.0,sndk,41.14,-36.41,1448.310059,-8.08,-28.33,0.257,43.44,2.67,1.82,6.11,17.08,8.16,5.46,16.375,8780000000.0,N/A,N/A,1.01,N/A,N/A,N/A,972730000.0,N/A,198900000.0,0.96,N/A,55.00,2810000000.0,13.325,1230000000.0,4.708,22.593,594000000.0,0.83,12.60,97.90,20600000.0,2.4,10.70,21520000.0,underperform
2389,2012-03-02 19:51:36,1330735896.0,sndk,50.06,-0.82,1369.630005,10.69,-11.51,22.73,12.56,2.16,1.73,17.43,27.05,10.10,15.37,23.64,11000000000.0,11000000000.0,9.31,0.65,1.94,6.08,1.94,2440000000.0,6.08,986990000.0,4.04,42.10,18.80,2850000000.0,11.75,1600000000.0,3.98,29.13,1050000000.0,1.58,1.60,82.60,6700000.0,1.00,2.80,6250000.0,underperform
2390,2012-01-01 23:13:40,1325477620.0,sndk,48.6,-12.0,1263.02002,12.92,-24.92,23.58,10.00,2.19,1.77,22.01,27.21,10.24,20.02,22.76,10850000000.0,10850000000.0,9.74,0.60,2.01,6.26,2.01,2260000000.0,6.26,1190000000.0,4.92,27.60,14.80,2550000000.0,10.63,1580000000.0,3.48,27.96,1200000000.0,1.46,6.40,83.00,7990000.0,1.50,3.40,7470000.0,underperform
2391,2011-11-19 17:00:04,1321740004.0,sndk,50.22,-23.1,1236.910034,9.41,-32.510000000000005,23.58,9.90,2.20,1.77,22.01,27.21,10.24,20.02,22.76,10740000000.0,10740000000.0,9.71,0.62,1.98,6.19,1.98,2260000000.0,6.19,1190000000.0,4.92,27.60,14.80,2550000000.0,10.63,1580000000.0,3.48,27.96,10740000000.0,1.47,6.40,83.00,9640000.0,1.10,4.10,8900000.0,underperform
2392,2011-09-02 19:42:44,1315006964.0,sndk,34.36,20.31,1173.969971,20.15,0.16000000000000014,27.66,6.56,1.66,1.36,24.47,29.51,11.89,23.43,22.13,7740000000.0,7740000000.0,7.60,0.60,1.48,4.32,1.48,2260000000.0,4.32,1280000000.0,5.30,3.70,16.60,2690000000.0,11.26,1760000000.0,3.81,26.60,7740000000.0,1.65,6.40,83.00,10130000.0,1.10,4.30,8410000.0,outperform
2393,2005-01-28 16:44:01,1106948641.0,sndk,24.49,182.44,1171.359985,7.97,174.47,0.09,17.17,2.24,2.17,15.00,24.82,12.65,16.73,9.437,4019999999.9999995,2400000000.0,19.12,0.80,1.35,5.52,1.35,438610000.0,5.52,266620000.0,1.436,365.90,99.50,1370000000.0,8.44,150000000.0,5.264,10.258,321130000.0,3.239,2.89,83.85,11170000.0,1.942,7.06,13020000.0,outperform
2394,2012-05-19 18:23:54,1337466234.0,sndk,32.9,74.89,1324.800049,24.58,50.31,23.15,8.81,1.41,1.12,15.74,24.57,9.05,13.48,23.14,6640000000.0,6640000000.0,10.07,1.05,1.19,3.99,1.19,2440000000.0,3.99,877250000.0,3.58,49.00,6.80,2670000000.0,10.96,1630000000.0,4.52,28.87,722310000.0,1.32,1.60,82.60,11230000.0,1.30,4.60,8680000.0,outperform
2395,2003-12-16 01:28:40,1071556120.0,sndk,27.16,-15.24,1075.130005,12.15,-27.39,0.188,47.14,5.10,5.58,11.56,21.92,9.62,14.90,10.603,4340000000.0,3910000000.0,24.71,1.36,4.49,18.43,4.49,188820000.0,18.43,100630000.0,1.291,N/A,47.80,681750000.0,9.56,150000000.0,3.687,11.17,N/A,3.439,3.38,95.00,10640000.0,2.795,15.44,10010000.0,underperform
2396,2007-04-29 10:12:54,1177855974.0,sndk,44.44,-40.32,1494.25,-6.55,-33.77,0.257,45.89,3.15,2.15,6.11,16.94,8.09,5.46,16.375,10010000000.0,8080000000.0,N/A,2.12,2.48,10.239,2.48,1240000000.0,10.239,198900000.0,0.96,N/A,55.00,2830000000.0,12.457,1230000000.0,4.732,21.049999,598060000.0,1.28,1.49,86.50,21380000.0,1.8,9.60,18030000.0,underperform
2397,2007-06-30 20:59:35,1183251575.0,sndk,47.7,-58.91,1506.339966,-14.82,-44.089999999999996,0.255,64.14,3.25,2.31,4.77,12.91,6.80,4.22,16.482,11170000000.0,9410000000.0,N/A,2.48,2.75,12.906,2.75,1240000000.0,12.906,163210000.0,0.76,N/A,26.10,2980000000.0,13.062,1230000000.0,6.648,21.014999,800860000.0,0.71,1.48,87.80,24580000.0,3.4,10.90,21590000.0,underperform
2398,2007-02-18 03:11:06,1171786266.0,sndk,40.46,,1456.810059,-7.33,,0.257,41.85,2.66,1.82,6.11,17.08,8.16,5.46,16.375,8460000000.000001,6880000000.0,N/A,1.07,2.11,8.676,2.11,972730000.0,8.676,198900000.0,0.96,N/A,55.00,2810000000.0,13.325,1230000000.0,4.708,22.593,594000000.0,0.83,1.72,93.10,20600000.0,2.4,10.70,21520000.0,underperform
2399,2007-07-05 04:41:12,1183624872.0,sndk,47.29,,1525.400024,-15.77,,0.255,62.39,3.23,2.30,4.77,12.91,6.80,4.22,16.482,10860000000.0,9110000000.0,N/A,2.45,2.66,12.486,2.66,1240000000.0,12.486,163210000.0,0.76,N/A,26.10,2980000000.0,13.062,1230000000.0,6.648,21.014999,800860000.0,0.62,1.48,87.80,24580000.0,3.4,10.90,21590000.0,underperform
2400,2009-02-03 22:31:03,1233718263.0,sndk,8.52,210.68,838.51001,30.86,179.82,0.253,N/A,0.68,0.53,2.66,5.11,1.68,2.02,16.556,1960000000.0,2200000000.0,N/A,N/A,0.59,32.208,0.59,1200000000.0,32.208,99380000.0,0.44,N/A,20.80,1570000000.0,6.964,1230000000.0,3.857,21.462,171340000.0,1.42,3.41,80.80,20500000.0,2.8,9.20,19630000.0,outperform
2401,2004-10-15 13:15:01,1097860501.0,sndk,20.09,135.24,1108.199951,6.27,128.97,0.09,13.81,2.05,2.04,17.07,24.82,14.28,19.25,8.547,3320000000.0,2100000000.0,12.44,0.92,1.30,4.83,1.30,438610000.0,4.83,276120000.0,1.486,365.90,99.50,1370000000.0,8.49,150000000.0,5.264,10.08,230810000.0,3.267,3.67,84.88,25040000.0,5.443,16.05,23540000.0,outperform
2402,2005-05-28 07:07:57,1117278477.0,sndk,25.9,123.4,1190.01001,6.96,116.44000000000001,4.953,17.50,2.59,2.35,15.08,23.55,12.01,15.44,10.899,4730000000.0,3290000000.0,15.35,0.86,1.79,6.878,1.79,438610000.0,6.878,277560000.0,1.49,17.20,16.60,1430000000.0,7.907,4.953,4.953,11.182,285910000.0,N/A,2.10,63.40,8020000.0,4.50,4.50,8170000.0,outperform
2403,2007-04-28 09:25:02,1177766702.0,sndk,43.19,-36.74,1495.420044,-7.13,-29.610000000000003,0.257,45.89,3.15,2.15,6.11,16.94,8.09,5.46,16.375,10010000000.0,8400000000.0,N/A,2.19,2.58,10.649,2.58,1240000000.0,10.649,198900000.0,0.96,N/A,55.00,2830000000.0,12.457,1230000000.0,4.732,21.049999,598060000.0,1.28,1.49,85.10,21380000.0,1.8,9.60,18030000.0,underperform
2404,2006-07-18 10:03:12,1153231392.0,sndk,38.71,45.16,1236.859985,25.01,20.149999999999995,N/A,22.29,3.11,2.63,14.00,21.80,11.85,14.00,13.316,7710000000.0,5940000000.0,N/A,0.86,2.40,9.32,2.40,972730000.0,9.32,346980000.0,1.77,52.90,38.20,1770000000.0,9.063,N/A,5.345,15.007,399030000.0,0.94,1.93,86.50,16629999.999999998,1.7,8.70,15300000.0,outperform
2405,2007-02-27 21:16:07,1172628967.0,sndk,36.29,-31.66,1399.040039,-1.36,-30.3,0.257,38.49,2.47,1.69,6.11,17.08,8.16,5.46,16.375,7780000000.0,6470000000.0,N/A,1.36,1.99,8.168,1.99,972730000.0,8.168,198900000.0,0.96,N/A,55.00,2810000000.0,13.325,1230000000.0,4.708,22.593,594000000.0,0.83,1.72,100.30,20600000.0,2.4,10.70,21520000.0,underperform
2406,2005-04-08 19:26:24,1113002784.0,sndk,28.27,117.12,1181.199951,11.04,106.08000000000001,5.319,20.02,2.92,2.66,15.00,23.56,12.36,15.98,9.41,5220000000.0,3850000000.0,17.48,1.02,2.17,8.41,2.17,438610000.0,8.41,266620000.0,1.44,365.90,99.50,1340000000.0,7.43,5.319,5.319,10.781,321130000.0,3.461,3.13,65.26,8170000.0,1.882,4.67,8790000.0,outperform
2407,2008-12-18 07:06:31,1229601991.0,sndk,9.1,170.99,885.2800289999999,24.53,146.46,0.253,N/A,0.56,0.43,2.66,5.11,1.68,2.02,16.556,2210000000.0,1860000000.0,N/A,N/A,0.50,27.279,0.50,1200000000.0,27.279,99380000.0,0.44,N/A,20.80,1570000000.0,6.964,1230000000.0,3.857,21.462,171340000.0,1.8,3.41,80.40,23960000.0,2.7,10.80,23740000.0,outperform
2408,2013-04-23 03:26:14,1366701974.0,sndk,52.53,60.08,1578.780029,18.79,41.29,23.51,27.15,2.45,1.73,9.05,14.52,4.62,6.54,21.44,11100000000.0,11100000000.0,11.12,0.45,2.14,9.34,2.14,1680000000.0,9.34,469250000.0,1.92,45.30,11.20,3310000000.0,13.65,1720000000.0,2.59,30.19,936330000.0,1.23,0.23,88.80,8090000.0,2.50,N/A,7880000.0,outperform
2409,2011-11-02 09:51:28,1320241888.0,sndk,48.34,-10.18,1237.900024,15.32,-25.5,23.58,9.97,2.17,1.75,22.01,27.19,10.23,20.02,22.76,10790000000.0,10790000000.0,9.86,0.63,1.99,6.22,1.99,2260000000.0,6.22,1190000000.0,4.92,27.60,14.80,2550000000.0,10.65,1580000000.0,3.48,28.01,10790000000.0,1.47,6.40,83.00,8900000.0,1.00,3.80,9320000.0,underperform
2410,2012-11-06 06:23:40,1352201020.0,sndk,44.06,53.11,1428.390015,23.95,29.16,23.21,22.47,2.06,1.46,9.53,15.28,4.81,6.97,21.01,9580000000.0,9580000000.0,12.88,1.71,1.88,8.77,1.88,2440000000.0,8.77,485080000.0,1.97,67.20,10.10,2600000000.0,10.74,1670000000.0,2.28,29.84,423780000.0,1.30,0.24,89.20,10090000.0,2.30,4.20,9890000.0,outperform
2411,2005-09-03 09:36:00,1125754560.0,sndk,38.18,51.6,1220.329956,6.84,44.760000000000005,4.585,25.50,3.63,3.31,14.43,22.33,11.33,14.86,11.06,6860000000.0,5390000000.0,N/A,1.24,2.80,11.209,2.80,438610000.0,11.209,277450000.0,1.48,0.20,18.80,1470000000.0,8.095,4.585,4.585,11.589,336740000.0,N/A,2.21,68.20,11570000.0,6.50,6.50,10610000.0,outperform
2412,2007-05-30 21:20:43,1180574443.0,sndk,42.43,-35.45,1530.22998,-8.62,-26.830000000000005,0.255,56.55,2.79,1.99,4.77,12.91,6.80,4.22,16.482,9850000000.0,7800000000.0,N/A,2.26,2.28,10.7,2.28,1240000000.0,10.7,163210000.0,0.76,N/A,26.10,2980000000.0,13.062,1230000000.0,6.648,21.014999,800860000.0,0.79,1.48,81.50,22340000.0,2.4,9.90,21380000.0,underperform
2413,2013-04-25 05:57:47,1366883867.0,sndk,52.79,58.74,1585.160034,17.55,41.19,23.51,28.26,2.50,1.77,9.05,14.52,4.62,6.54,21.44,11100000000.0,11100000000.0,11.57,0.48,2.14,9.34,2.14,1680000000.0,9.34,469250000.0,1.92,45.30,11.20,3310000000.0,13.65,1720000000.0,2.59,30.19,936330000.0,1.23,0.23,88.80,8090000.0,2.50,N/A,7880000.0,outperform
2414,2007-01-12 21:18:33,1168654713.0,sndk,43.29,-34.16,1430.72998,-1.51,-32.65,0.347,24.10,3.03,2.60,12.94,19.40,9.94,13.21,14.742,8660000000.0,7210000000.0,N/A,0.92,2.54,9.862,2.54,972730000.0,9.862,367950000.0,1.83,3.90,27.40,2550000000.0,12.972,1150000000.0,6.234,16.878,482030000.0,0.77,12.60,90.80,21520000.0,2.1,11.20,21370000.0,underperform
2415,2008-10-27 19:10:01,1225149001.0,sndk,7.4,201.49,848.919983,25.27,176.22,0.253,N/A,0.48,0.37,2.66,5.30,1.74,2.02,16.556,1740000000.0,1440000000.0,N/A,N/A,0.39,23.515,0.39,1200000000.0,23.515,99380000.0,0.439,N/A,20.80,1570000000.0,6.975,1230000000.0,3.857,21.496,171340000.0,0.64,15.23,75.50,16719999.999999998,1.4,7.60,27160000.0,outperform
2416,2009-09-22 14:08:38,1253642918.0,rsg,22.95,19.13,1071.660034,5.84,13.29,N/A,27.16,1.64,1.36,4.77,16.88,5.46,6.76,21.041,17200000000.0,17200000000.0,N/A,1.47,2.77,9.817,2.77,1270000000.0,9.817,295900000.0,1.00,455.00,149.70,67600000.0,0.178,7100000000.0,0.573,19.768,881400000.0,0.95,0.24,95.90,4840000.0,3.1,1.30,5060000.0,outperform
2417,2005-02-07 02:29:35,1107761375.0,rsg,17.18,20.2,1201.719971,4.42,15.78,0.717,22.12,1.89,2.73,8.88,16.90,5.31,12.62,16.924,5010000000.0,6220000000.0,18.89,1.65,2.34,8.84,2.34,912400000.0,8.84,236000000.0,1.50,25.90,6.50,115800000.0,0.77,1320000000.0,1.029,12.219,705400000.0,0.226,1.98,93.84,1360000.0,3.087,0.92,1000000.0,outperform
2418,2010-02-25 08:09:23,1267103363.0,rsg,24.33,6.7,1102.939941,19.67,-12.970000000000002,N/A,21.60,1.30,1.41,6.04,18.49,4.80,6.67,21.594,17600000000.0,17600000000.0,N/A,1.03,2.15,7.112,2.15,1270000000.0,7.112,495000000.0,1.30,N/A,60.60,48000000.0,0.126,6960000000.0,0.496,19.865,1400000000.0,0.97,15.16,77.60,1670000.0,0.50,0.50,1950000.0,underperform
2419,2005-04-27 12:55:01,1114620901.0,rsg,17.6,32.5,1156.380005,13.26,19.240000000000002,0.723,21.42,1.77,2.64,8.79,16.70,5.34,12.75,17.432,4810000000.0,6020000000.0,17.35,1.75,2.22,8.46,2.22,993700000.0,8.46,237900000.0,1.53,34.00,7.60,141500000.0,0.97,1350000000.0,1.112,12.435,666300000.0,0.147,0.74,95.00,2120000.0,3.178,1.46,1560000.0,outperform
2420,2013-05-07 11:40:22,1367941222.0,rsg,33.24,3.55,1625.959961,15.51,-11.96,90.93,22.96,1.54,1.62,6.80,16.98,4.42,7.16,22.30,19380000000.0,19380000000.0,16.51,3.05,2.38,8.41,2.38,3110000000.0,8.41,553500000.0,1.51,12.80,0.80,130100000.0,0.36,7030000000.0,0.73,21.39,1600000000.0,0.59,24.71,69.40,4720000.0,3.30,1.70,4560000.0,underperform
2421,2007-04-10 06:18:29,1176200309.0,rsg,21.86,12.58,1448.390015,-6.48,19.060000000000002,1.088,19.93,1.76,3.82,9.11,16.92,7.36,18.47,15.322,5320000000.0,6840000000.0,N/A,1.85,2.23,8.155,2.23,1150000000.0,8.155,279600000.0,1.38,11.50,3.80,29100000.0,0.15,1550000000.0,0.653,7.293,522100000.0,0.4,0.15,87.80,1230000.0,1.2,0.60,1470000.0,outperform
2422,2004-10-26 07:34:46,1098790486.0,rsg,15.6,15.51,1111.089966,7.23,8.28,0.706,21.59,1.72,2.45,8.37,16.11,4.94,11.59,16.374,4500000000.0,5730000000.0,16.65,1.59,2.20,8.6,2.20,912400000.0,8.6,218200000.0,1.373,25.90,6.50,65700000.0,0.43,1300000000.0,0.96,12.095,710100000.0,0.314,1.01,93.68,1380000.0,3.526,0.92,1240000.0,outperform
2423,2007-04-11 05:38:31,1176284311.0,ir,43.56,0.73,1438.869995,-5.44,6.17,0.367,13.95,1.18,2.95,9.05,12.63,7.71,19.13,35.665,13720000000.0,15340000000.0,N/A,1.06,1.35,9.221,1.35,2990000000.0,9.221,1070000000.0000001,3.20,23.90,6.50,363000000.0,1.179,1980000000.0,1.133,14.83,972200000.0,1.35,0.05,76.70,6600000.0,2.10,2.10,6600000.0,outperform
2424,2008-10-22 00:39:09,1224650349.0,ir,18.55,88.25,896.7800289999999,21.87,66.38,0.552,1.78,0.67,0.61,32.86,12.47,3.99,10.14,35.092,6440000000.0,11710000000.0,N/A,0.44,1.19,8.256,1.19,2490000000.0,8.256,842700000.0,11.36,73.40,38.50,787300000.0,2.472,5960000000.0,0.8,33.882999,159300000.0,1.22,0.08,95.30,5310000.0,1.3,1.70,6390000.0,outperform
2425,2011-11-15 11:02:46,1321372966.0,ir,31.4,42.48,1257.810059,7.77,34.709999999999994,47.42,34.62,0.65,1.28,2.08,10.01,4.74,5.05,45.55,11970000000.0,11970000000.0,9.96,0.89,0.80,6.25,0.80,3920000000.0,6.25,360100000.0,0.90,62.90,5.30,1400000000.0,4.50,3640000000.0,1.37,24.31,11970000000.0,1.70,0.12,90.90,14850000.0,2.00,4.50,15460000.0,outperform
2426,2005-01-27 11:42:26,1106844146.0,ir,36.47,5.65,1174.550049,9.29,-3.639999999999999,0.402,16.78,1.38,2.58,8.37,11.48,7.25,16.56,52.533,12720000000.0,14260000000.0,13.26,1.49,1.55,11.39,1.55,2120000000.0,11.39,772500000.0,4.402,170.50,7.50,440700000.0,2.56,1980000000.0,1.45,28.563,668400000.0,1.436,0.07,75.39,2089999.9999999998,1.84,1.22,2620000.0,underperform
2427,2013-05-17 04:27:46,1368779266.0,ir,57.34,0.8,1667.469971,13.26,-12.459999999999999,44.18,16.85,1.22,2.35,7.22,10.87,5.07,14.30,46.72,19270000000.0,19270000000.0,13.67,1.40,1.38,10.18,1.38,4280000000.0000005,10.18,1020000000.0,3.37,7.90,1.20,832900000.0,2.79,3250000000.0,1.23,24.24,1160000000.0,1.32,0.13,81.90,3270000.0,1.40,1.20,2270000.0,underperform
2428,2005-09-09 11:58:29,1126281509.0,ir,40.55,-5.82,1241.47998,4.73,-10.55,0.391,11.19,1.36,2.47,12.56,12.47,7.13,18.45,29.235,13700000000.0,14960000000.0,N/A,1.15,1.49,10.328,1.49,2120000000.0,10.328,952000000.0,3.63,0.30,12.90,915600000.0,2.714,2170000000.0,1.336,16.416,632700000.0,N/A,N/A,74.20,2860000.0,1.2,0.80,3790000.0,underperform
2429,2005-04-08 23:29:57,1113017397.0,ir,39.74,7.93,1181.199951,11.04,-3.1099999999999994,0.328,16.97,1.48,2.49,8.83,11.93,7.65,16.68,53.698,13910000000.0,14040000000.0,12.44,1.17,1.50,10.85,1.50,2120000000.0,10.85,829800000.0,4.74,170.50,7.50,1700000000.0,9.85,1880000000.0,1.602,32.144001,668400000.0,1.408,0.07,77.53,2410000.0,1.962,1.39,2180000.0,underperform
2430,2011-08-18 10:48:12,1313678892.0,ir,27.46,66.93,1140.650024,24.33,42.60000000000001,43.45,22.81,0.67,1.20,3.09,9.99,4.54,12.34,45.12,12310000000.0,12310000000.0,7.98,0.67,0.83,6.44,0.83,3920000000.0,6.44,931600000.0,1.32,53.00,11.80,1260000000.0,3.81,3630000000.0,1.48,25.01,12310000000.0,1.91,0.12,90.90,11690000.0,2.20,3.50,12600000.0,outperform
2431,2005-09-21 23:21:30,1127359290.0,ir,37.7,-2.68,1210.199951,8.91,-11.59,0.391,10.51,1.30,2.36,12.56,12.47,7.13,18.45,29.235,12870000000.0,14400000000.0,N/A,1.08,1.43,9.943,1.43,2120000000.0,9.943,952000000.0,3.63,0.30,12.90,915600000.0,2.714,2170000000.0,1.336,16.416,632700000.0,N/A,N/A,74.20,2860000.0,1.2,0.80,3790000.0,underperform
2432,2003-10-26 23:33:05,1067229185.0,ir,28.47,18.37,1028.910034,7.99,10.38,0.586,20.18,1.05,2.43,5.22,8.19,4.77,13.08,54.735,9870000000.0,11930000000.0,15.15,1.49,1.27,15.49,1.27,2120000000.0,15.49,491000000.0,2.856,170.50,7.50,336200000.0,1.96,2390000000.0,1.187,23.79,N/A,1.428,0.99,73.00,1650000.0,1.486,0.97,1180000.0,outperform
2433,2004-08-21 22:54:23,1093143263.0,ir,31.69,22.25,1095.170044,11.31,10.94,0.432,14.58,1.06,2.28,7.50,10.41,7.32,17.64,58.029,11000000000.0,12670000000.0,11.42,1.19,1.24,10.09,1.24,2120000000.0,10.09,764700000.0,4.354,170.50,7.50,390700000.0,2.25,2060000000.0,1.277,27.464001,540000000.0,1.38,0.99,75.84,N/A,0.792,0.50,1470000.0,outperform
2434,2009-01-06 21:50:56,1231296656.0,ir,18.73,87.93,934.7000119999999,21.66,66.27000000000001,0.515,1.75,0.51,0.56,26.80,10.97,4.27,11.06,41.113,6040000000.0,10790000000.0,N/A,0.47,0.91,6.45,0.91,2490000000.0,6.45,878700000.0,10.87,14.60,92.60,741500000.0,2.326,5520000000.0,0.982,33.571999,414500000.0,1.76,10.77,69.40,5390000.0,1.2,1.70,5740000.0,outperform
2435,2004-06-23 09:33:04,1087997584.0,ir,33.66,7.04,1144.060059,4.95,2.09,0.517,17.74,1.17,2.63,6.65,9.42,6.48,16.29,57.577,11770000000.0,13880000000.0,12.74,1.23,1.38,12.19,1.38,2120000000.0,12.19,668500000.0,3.828,170.50,7.50,211800000.0,1.22,2320000000.0,1.169,25.92,341700000.0,1.354,0.98,75.76,1470000.0,1.1,0.85,1100000.0,outperform
2436,2004-04-11 05:35:46,1081676146.0,ir,34.81,13.5,1139.319946,3.68,9.82,0.516,20.60,1.25,2.74,6.01,8.81,5.79,14.81,56.814,12360000000.0,14220000000.0,14.50,1.55,1.44,13.36,1.44,2120000000.0,13.36,593500000.0,3.421,170.50,7.50,459600000.0,2.62,2320000000.0,1.159,25.756001,435800000.0,1.453,1.01,75.76,1450000.0,1.156,0.84,1450000.0,outperform
2437,2009-03-23 21:34:03,1237858443.0,ir,15.09,136.65,822.919983,42.68,93.97,N/A,N/A,0.34,0.67,19.84,9.28,4.35,35.24,44.003,9010000000.0,9010000000.0,N/A,0.59,0.68,5.478,0.68,3480000000.0,5.478,2570000000.0,8.73,N/A,58.00,550200000.0,1.725,5120000000.0,0.98,20.895,330900000.0,1.63,0.12,74.50,9870000.0,1.6,3.10,7000000.0,outperform
2438,2012-03-30 20:49:25,1333154965.0,ir,40.85,31.46,1408.469971,10.96,20.5,51.95,40.82,0.83,1.77,2.32,10.36,4.94,5.65,45.51,14720000000.0,14720000000.0,11.39,1.21,1.00,7.61,1.00,4290000000.0,7.61,400000000.0,1.01,14.20,5.00,1160000000.0,3.90,3640000000.0,1.26,23.31,1190000000.0,1.88,2.15,86.10,14470000.0,3.50,4.40,15480000.0,outperform
2439,2008-12-03 23:21:32,1228364492.0,ir,15.01,133.91,870.73999,26.32,107.59,0.515,1.40,0.40,0.45,26.80,10.97,4.27,11.06,41.113,4840000000.0,9540000000.0,N/A,0.37,0.80,5.703,0.80,2490000000.0,5.703,878700000.0,10.87,14.60,92.60,741500000.0,2.326,5520000000.0,0.982,33.571999,414500000.0,1.74,0.07,77.50,3840000.0,0.9,1.20,4360000.0,outperform
2440,2008-02-03 20:47:14,1202089634.0,hal,30.67,-47.7,1378.550049,-40.12,-7.580000000000005,0.406,9.16,1.90,4.23,22.92,22.92,14.60,35.44,16.719,29510000000.0,30060000000.0,N/A,0.77,1.97,7.416,1.97,3870000000.0,7.416,2520000000.0,3.68,4.90,30.50,2240000000.0,2.554,2790000000.0,3.141,7.847,N/A,1.79,0.25,79.30,52330000.0,6.00,6.00,56590000.0,underperform
2441,2007-04-06 05:04:54,1175850294.0,hal,30.06,23.89,1437.77002,-4.89,28.78,0.384,14.78,1.46,4.44,10.43,14.88,13.42,33.05,22.193,32909999999.999996,31260000000.0,N/A,0.80,1.39,7.921,1.39,3870000000.0,7.921,2270000000.0,2.23,N/A,N/A,4380000000.0,4.383,2830000000.0,2.366,7.391,3660000000.0,1.44,0.07,81.70,59950000.0,3.3,6.00,38540000.0,outperform
2442,2004-10-10 12:41:35,1097426495.0,hal,15.84,74.75,1130.650024,5.01,69.74,2.275,60.57,0.77,8.88,1.48,3.27,1.98,9.22,45.861,15620000000.0,17340000000.0,21.57,2.21,0.86,14.72,0.86,1000000000.0,14.72,256000000.0,0.584,N/A,30.20,2230000000.0,5.05,3950000000.0,1.395,3.945,382000000.0,1.308,0.62,80.76,13780000.0,3.385,3.14,14080000.0,outperform
2443,2008-12-18 06:45:24,1229600724.0,hal,15.81,78.24,885.2800289999999,24.53,53.709999999999994,0.373,9.53,0.94,2.22,10.03,21.03,17.53,27.29,20.078,16450000000.0,18250000000.0,N/A,1.30,1.04,4.134,1.04,3740000000.0,4.134,1860000000.0,1.93,N/A,23.50,973000000.0,1.089,2770000000.0,2.911,8.308,2610000000.0,1.74,0.23,80.60,30550000.0,1.5,3.40,33560000.0,outperform
2444,2012-03-10 15:58:40,1331413120.0,hal,33.29,22.47,1352.630005,14.17,8.299999999999999,36.47,11.32,1.29,2.43,11.43,19.08,14.11,25.51,27.05,34170000000.0,34170000000.0,7.73,0.34,1.38,5.60,1.38,5020000000.0,5.60,3000000000.0,3.08,49.80,36.90,2850000000.0,3.09,4820000000.0,2.81,14.33,3680000000.0,1.72,0.22,82.60,15260000.0,0.90,1.70,15430000.0,outperform
2445,2011-11-05 04:41:30,1320482490.0,hal,35.42,-9.71,1237.900024,15.32,-25.03,30.90,13.47,1.52,2.82,11.07,18.66,13.57,24.56,25.04,36480000000.0,36480000000.0,9.11,0.43,1.59,6.55,1.59,3230000000.0,6.55,2720000000.0,2.76,25.60,40.40,2180000000.0,2.36,3820000000.0,2.82,13.43,36480000000.0,1.50,0.20,82.50,21450000.0,1.10,2.40,22570000.0,underperform
2446,2008-12-08 21:01:06,1228788066.0,hal,14.33,77.95,909.7000119999999,20.03,57.92,0.373,7.96,0.73,1.72,10.03,21.03,17.53,27.29,20.078,13750000000.0,14590000000.0,N/A,0.33,0.83,3.305,0.83,3740000000.0,3.305,1860000000.0,1.93,N/A,23.50,973000000.0,1.088,2770000000.0,2.911,8.308,2610000000.0,1.74,0.23,80.60,33560000.0,1.9,3.80,30040000.0,outperform
2447,2013-04-22 02:16:02,1366611362.0,hal,38.68,63.11,1562.5,20.29,42.82,30.53,13.09,1.23,2.22,9.24,15.64,10.91,17.84,30.78,36740000000.0,36740000000.0,9.52,0.73,1.29,6.04,1.29,4430000000.0,6.04,2580000000.0,2.84,26.20,3.20,2750000000.0,2.96,4820000000.0,2.75,16.97,3650000000.0,1.86,0.27,82.10,17620000.0,1.60,1.90,21400000.0,outperform
2448,2007-01-12 21:59:56,1168657196.0,hal,26.66,27.42,1430.72998,-1.51,28.930000000000003,0.4,11.06,1.24,4.01,12.22,14.02,13.63,43.86,22.377,29280000000.0,27710000000.0,N/A,0.64,1.21,7.385,1.21,2850000000.0,7.385,2730000000.0,2.633,22.40,17.40,3550000000.0,3.53,2830000000.0,2.172,7.054,3690000000.0,1.79,0.26,82.70,44290000.0,3.4,4.40,44420000.0,outperform
2449,2012-03-19 03:46:48,1332143208.0,hal,34.06,14.5,1409.75,9.83,4.67,36.47,11.21,1.26,2.37,11.43,19.08,14.11,25.51,27.05,33270000000.000004,33270000000.000004,7.64,0.33,1.34,5.46,1.34,5020000000.0,5.46,3000000000.0,3.08,49.80,36.90,2850000000.0,3.09,4820000000.0,2.81,14.33,3680000000.0,1.72,0.22,82.60,14480000.0,1.00,1.60,15260000.0,outperform
2450,2006-08-22 00:51:51,1156222311.0,hal,31.0,-3.26,1298.819946,12.72,-15.98,0.428,13.49,1.60,4.78,12.19,13.14,12.16,43.32,21.549,35160000000.0,34600000000.0,N/A,0.81,1.57,10.275,1.57,2850000000.0,10.275,2600000000.0,2.527,50.80,11.10,3670000000.0,3.562,3140000000.0,2.236,7.121,2950000000.0,1.66,0.25,87.10,42850000.0,2.9,4.20,43200000.0,underperform
2451,2007-03-11 11:44:21,1173627861.0,hal,29.12,17.72,1401.890015,-9.17,26.89,0.384,14.37,1.41,4.29,10.43,14.88,13.42,33.05,22.193,31990000000.0,30450000000.0,N/A,0.64,1.35,7.714,1.35,2850000000.0,7.714,2270000000.0,2.23,N/A,N/A,4380000000.0,4.383,2830000000.0,2.366,7.391,3660000000.0,1.51,0.07,81.70,38540000.0,2.1,3.90,41360000.0,outperform
2452,2006-06-18 02:01:53,1150610513.0,hal,33.88,-2.45,1256.160034,21.88,-24.33,0.46,15.75,1.79,5.58,11.57,12.91,11.85,44.23,42.227,38420000000.0,39300000000.0,N/A,0.90,1.83,12.079,1.83,2850000000.0,12.079,2480000000.0,4.726,33.70,9.10,2280000000.0,4.413,3160000000.0,2.34,13.318,1800000000.0,1.57,0.25,86.00,22570000.0,4.40,4.40,23510000.0,underperform
2453,2013-04-29 10:56:11,1367247371.0,hal,40.92,53.3,1593.609985,17.87,35.42999999999999,30.63,18.92,1.32,2.40,6.96,11.67,7.97,13.09,30.83,40270000000.0,40270000000.0,10.12,0.74,1.41,8.01,1.41,4430000000.0,8.01,1930000000.0,2.14,N/A,1.50,2320000000.0,2.50,4820000000.0,2.82,16.87,3270000000.0,1.86,0.27,82.10,17430000.0,1.50,1.90,17620000.0,outperform
2454,2012-11-07 16:56:36,1352325396.0,hal,31.03,71.96,1394.530029,25.29,46.669999999999995,31.73,10.28,N/A,N/A,10.16,17.36,12.91,21.05,30.60,N/A,32750000000.0,10.33,0.65,1.16,5.06,1.16,5020000000.0,5.06,2890000000.0,3.10,11.90,8.60,2029999999.9999998,2.19,4820000000.0,2.78,0.00,3230000000.0,1.68,0.25,76.90,22570000.0,1.90,2.50,26630000.0,outperform
2455,2012-06-20 20:44:19,1340239459.0,hal,28.86,43.0,1355.689941,17.15,25.85,34.77,9.24,1.03,1.96,11.19,18.72,14.16,25.29,28.70,29190000000.0,29190000000.0,8.01,0.47,1.11,4.58,1.11,5020000000.0,4.58,3130000000.0,3.20,22.70,30.00,2760000000.0,2.99,4820000000.0,2.79,15.00,3850000000.0,1.69,0.25,76.10,18990000.0,1.40,2.10,19340000.0,outperform
2456,2007-05-21 16:45:30,1179780330.0,hal,33.69,37.34,1525.099976,-7.32,44.660000000000004,0.354,15.90,1.45,4.62,10.49,15.02,13.43,31.86,22.851,33610000000.0,33080000000.0,N/A,0.89,1.44,8.136,1.44,3870000000.0,8.136,2350000000.0,2.31,13.10,16.50,3040000000.0,3.329,2800000000.0,2.307,7.892,4190000000.0000005,1.24,0.08,89.70,113770000.0,12.50,12.50,59950000.0,outperform
2457,2012-05-10 14:29:08,1336674548.0,hal,31.44,35.85,1357.98999,20.3,15.55,34.77,10.27,1.13,2.16,11.19,18.72,14.16,25.29,28.70,31990000000.0,31990000000.0,8.28,0.38,1.21,5.02,1.21,5020000000.0,5.02,3130000000.0,3.20,22.70,30.00,2760000000.0,2.99,4820000000.0,2.79,15.00,3850000000.0,1.70,0.22,82.60,17350000.0,1.10,1.90,15640000.0,outperform
2458,2007-05-22 10:06:25,1179842785.0,hal,33.31,34.79,1524.119995,-8.75,43.54,0.354,15.88,1.46,4.65,10.49,15.02,13.43,31.86,22.851,33549999999.999996,33310000000.000004,N/A,0.89,1.45,8.192,1.45,3870000000.0,8.192,2350000000.0,2.31,13.10,16.50,3040000000.0,3.329,2800000000.0,2.307,7.892,4190000000.0000005,1.24,0.08,89.70,113770000.0,12.50,12.50,59950000.0,outperform
2459,2003-12-14 15:51:27,1071435087.0,hal,11.09,58.43,1071.209961,11.9,46.53,0.674,179.30,0.76,3.02,0.71,2.80,0.78,1.64,32.373,11150000000.0,12340000000.0,18.70,1.98,0.87,13.98,0.87,193000000.0,13.98,61000000.0,0.142,223.40,3.60,1220000000.0,2.79,2410000000.0,2.139,8.17,N/A,1.346,0.61,76.98,9940000.0,2.592,2.28,12320000.0,outperform
2460,2011-09-05 23:32:50,1315279970.0,hal,,,1173.969971,19.67,,32.80,15.85,1.88,3.39,11.40,17.88,12.55,22.49,23.06,40140000000.0,40140000000.0,9.11,0.59,1.91,8.03,1.91,3230000000.0,8.03,2360000000.0,2.62,54.00,35.30,1890000000.0,2.05,3820000000.0,3.01,12.68,40140000000.0,1.62,0.20,82.50,24890000.0,1.60,2.70,25540000.0,underperform
2461,2005-01-25 01:43:17,1106635397.0,hal,19.28,75.1,1168.410034,8.24,66.86,2.349,52.90,0.89,11.00,1.89,3.83,2.53,14.57,47.192,18560000000.0,19420000000.0,22.58,2.40,0.94,14.92,0.94,1000000000.0,14.92,350000000.0,0.794,N/A,30.20,3000000000.0,6.78,3940000000.0,1.392,3.799,737000000.0,1.412,0.63,81.59,15360000.0,3.263,3.50,13600000.0,outperform
2462,2011-07-07 10:49:05,1310050145.0,hal,52.46,-45.48,1353.219971,0.11,-45.589999999999996,34.95,22.44,2.47,4.41,10.98,17.28,11.71,21.13,21.42,50130000000.0,50130000000.0,13.47,0.85,2.57,11.02,2.57,3230000000.0,11.02,2100000000.0,2.35,148.10,40.40,1880000000.0,2.06,3820000000.0,3.09,11.94,50130000000.0,1.60,0.20,82.50,23480000.0,2.10,2.60,23100000.0,underperform
2463,2004-05-16 19:21:17,1084749677.0,hal,13.2,39.7,1096.439941,6.32,33.38,1.601,35.85,0.69,5.22,2.10,4.02,2.72,11.32,42.787,12830000000.0,14850000000.0,18.69,1.46,0.79,11.64,0.79,1000000000.0,11.64,356000000.0,0.813,N/A,30.20,1930000000.0,4.39,3960000000.0,1.338,5.618,775000000.0,1.334,0.62,76.27,14620000.0,2.822,3.34,13190000.0,outperform
2464,2013-02-03 03:26:10,1359879970.0,hal,39.92,20.19,1498.109985,16.27,3.9200000000000017,30.53,14.45,1.32,2.39,9.24,14.76,10.29,17.84,30.78,40460000000.0,40460000000.0,10.37,0.93,1.42,6.93,1.42,5020000000.0,6.93,2580000000.0,2.84,26.20,3.20,2480000000.0,2.68,4820000000.0,2.75,16.99,3650000000.0,1.82,0.25,76.90,24600000.0,2.60,2.70,20900000.0,outperform
2465,2011-11-06 08:05:49,1320584749.0,hal,36.65,-13.78,1261.150024,12.38,-26.16,30.90,13.47,1.52,2.82,11.07,18.66,13.57,24.56,25.04,35840000000.0,35840000000.0,9.11,0.43,1.56,6.44,1.56,3230000000.0,6.44,2720000000.0,2.76,25.60,40.40,2180000000.0,2.36,3820000000.0,2.82,13.43,35840000000.0,1.50,0.20,82.50,21450000.0,1.10,2.40,22570000.0,underperform
2466,2012-01-09 00:06:27,1326085587.0,hal,34.34,3.44,1280.699951,13.78,-10.34,30.90,12.68,1.39,2.57,11.07,18.66,13.57,24.56,25.04,33840000000.000004,33840000000.000004,8.47,0.40,1.48,6.08,1.48,3230000000.0,6.08,2720000000.0,2.76,25.60,40.40,2180000000.0,2.36,3820000000.0,2.82,13.43,3220000000.0,1.50,0.22,82.60,21900000.0,1.10,2.40,23100000.0,underperform
2467,2012-10-25 02:28:20,1351146500.0,hal,32.22,58.81,1412.969971,24.54,34.27,31.73,10.57,1.10,2.05,10.16,16.26,12.09,21.05,30.60,33850000000.0,33850000000.0,10.55,0.75,1.20,5.49,1.20,5020000000.0,5.49,2890000000.0,3.10,11.90,8.60,2029999999.9999998,2.19,4820000000.0,2.78,16.34,3230000000.0,1.63,0.25,76.90,26630000.0,1.90,2.90,26370000.0,outperform
2468,2004-06-27 19:11:21,1088377881.0,hal,13.75,61.75,1140.650024,4.39,57.36,1.601,38.19,0.72,5.43,2.10,4.02,2.72,11.32,42.787,13670000000.0,15690000000.0,19.65,1.86,0.84,12.3,0.84,1000000000.0,12.3,356000000.0,0.813,N/A,30.20,1930000000.0,4.39,3960000000.0,1.338,5.618,740000000.0,1.329,0.62,80.08,14170000.0,4.413,3.24,15940000.0,outperform
2469,2003-10-26 17:52:15,1067208735.0,hal,10.77,44.1,1033.77002,5.9,38.2,0.718,162.03,0.81,2.96,0.78,2.95,0.81,1.64,29.757,10500000000.0,11200000000.0,16.94,1.95,0.86,12.81,0.86,193000000.0,12.81,63000000.0,0.148,223.40,3.60,1860000000.0,4.24,2560000000.0,2.043,8.13,N/A,1.35,0.62,76.33,12320000.0,3.81,2.83,12570000.0,outperform
2470,2006-08-22 09:53:46,1156254826.0,hal,31.0,-3.26,1298.819946,12.72,-15.98,0.428,13.49,1.60,4.79,12.19,13.14,12.16,43.32,21.549,35160000000.0,34630000000.0,N/A,0.81,1.58,10.284,1.58,2850000000.0,10.284,2600000000.0,2.53,50.80,11.10,3670000000.0,3.562,3140000000.0,2.236,7.121,2950000000.0,1.66,0.25,87.10,42850000.0,2.9,4.20,43200000.0,underperform
2471,2007-06-22 19:41:13,1182555673.0,hal,32.86,42.36,1502.560059,-10.96,53.32,0.354,15.40,1.43,4.55,10.49,15.02,13.43,31.86,22.851,32549999999.999996,32570000000.0,N/A,0.89,1.42,8.01,1.42,3870000000.0,8.01,2350000000.0,2.31,13.10,16.50,3040000000.0,3.329,2800000000.0,2.307,7.892,4190000000.0000005,1.37,0.08,97.60,47320000.0,2.3,5.20,113770000.0,outperform
2472,2004-11-01 16:50:29,1099345829.0,flws,7.97,-17.31,1130.51001,6.39,-23.7,0.046,12.76,0.88,2.93,7.15,3.53,18.41,27.18,8.881,530140000.0,469300000.0,22.86,0.87,0.77,12.91,0.77,252870000.0,12.91,43340000.0,0.627,234.20,6.80,74130000.0,1.12,8320000.0,2.302,2.757,42130000.0,1.084,65.90,36.95,N/A,6.932,3.59,N/A,underperform
2473,2003-10-26 19:14:46,1067213686.0,flws,9.4,-14.04,1033.77002,5.9,-19.939999999999998,0.088,46.68,1.08,4.50,2.52,2.14,6.83,11.29,8.482,629700000.0,580630000.0,19.58,0.82,1.02,21.11,1.02,241050000.0,21.11,14390000.0,0.205,N/A,13.80,61220000.0,0.93,12150000.0,1.415,2.09,N/A,1.075,66.26,34.17,N/A,3.894,2.49,N/A,underperform
2474,2012-10-20 15:20:52,1350760852.0,flws,3.8,37.89,1460.910034,18.63,19.26,18.09,13.13,0.33,1.47,2.46,2.71,4.63,8.63,11.07,227760000.0,227760000.0,12.14,1.00,0.32,5.84,0.32,293960000.0,5.84,13130000.0,0.27,N/A,1.40,28850000.0,0.45,29260000.0,1.35,2.51,40170000.0,1.91,7.71,68.70,3.30,3.30,2.70,N/A,outperform
2475,2009-02-07 19:07:49,1234051669.0,flws,2.39,-22.18,832.22998,27.74,-49.92,0.537,N/A,0.17,0.71,0.31,3.35,4.60,1.28,14.606,160990000.0,228550000.0,N/A,1.02,0.25,4.305,0.25,393750000.0,4.305,2830000.0,0.05,N/A,1.50,51100000.0,0.803,118670000.0,1.607,3.473,8130000.000000001,1.65,17.85,89.70,1970000.0,15.2,7.60,2069999.9999999998,underperform
2476,2005-01-26 02:35:10,1106724910.0,flws,7.32,-6.28,1174.069946,8.5,-14.780000000000001,0.046,13.02,0.80,2.64,6.16,3.53,15.80,23.08,9.199,480980000.0,416490000.0,24.27,1.00,0.67,11.45,0.67,252870000.0,11.45,38370000.0,0.559,234.20,6.80,74130000.0,1.12,8320000.0,2.302,2.762,37310000.0,1.303,64.88,38.42,N/A,3.887,3.12,N/A,underperform
2477,2009-08-19 23:55:24,1250740524.0,flws,3.0,-33.33,996.4600220000001,7.95,-41.28,N/A,N/A,0.21,1.20,8.17,2.07,3.28,37.91,13.851,273290000.0,273290000.0,N/A,2.48,0.31,6.602,0.31,393750000.0,6.602,71890000.0,1.13,N/A,21.20,31730000.0,0.5,118430000.0,1.512,2.449,16260000.000000002,2.39,4.08,89.30,1170000.0,11.6,3.30,1370000.0,underperform
2478,2007-03-14 16:23:22,1173903802.0,flws,7.2,14.72,1387.170044,-5.17,19.89,0.439,53.85,0.52,2.36,1.05,2.17,4.24,4.72,13.175,452250000.0,504450000.0,N/A,0.94,0.59,12.809,0.59,325640000.0,12.809,8980000.0,0.14,63.70,18.70,26000000.0,0.418,83170000.0,1.327,3.041,11300000.0,1.64,8.26,79.00,1630000.0,5.6,6.50,1470000.0,outperform
2479,2006-10-28 22:32:29,1162089149.0,flws,5.58,124.73,1382.219971,9.56,115.17,0.458,114.79,0.46,1.88,0.41,0.83,2.13,1.68,12.008,359220000.0,423040000.0,N/A,1.06,0.54,16.281,0.54,325640000.0,16.281,3190000.0,0.05,73.90,13.40,24600000.0,0.377,88420000.0,1.564,2.964,14740000.0,2.16,56.54,36.30,1590000.0,11.2,5.70,1650000.0,outperform
2480,2008-01-18 12:36:43,1200677803.0,flws,6.74,-52.97,1325.189941,-36.42,-16.549999999999997,0.585,23.39,0.46,2.15,2.04,4.08,6.18,9.75,14.589,425850000.0,537680000.0,N/A,0.92,0.58,9.681,0.58,392470000.0,9.681,18750000.0,0.29,N/A,6.30,3820000.0,0.061,115640000.0,1.441,3.15,35460000.0,2.21,6.55,127.70,3080000.0,9.9,11.80,3200000.0,underperform
2481,2013-04-25 05:44:22,1366883062.0,flws,5.66,-1.06,1585.160034,17.55,-18.61,12.77,27.38,0.48,2.05,1.79,3.02,4.88,7.95,11.32,341130000.0,341130000.0,19.75,1.50,0.47,8.35,0.47,293960000.0,8.35,13090000.0,0.20,3.80,5.50,26960000.0,0.42,21750000.0,1.26,2.63,41470000.0,2.21,7.62,65.30,3.90,3.90,2.00,N/A,underperform
2482,2013-04-22 06:29:54,1366626594.0,disca,78.22,-0.84,1562.5,20.29,-21.13,83.32,31.38,6.24,4.45,21.02,42.21,9.53,14.92,11.93,32380000000.000004,32380000000.000004,18.36,1.07,7.22,16.22,7.22,3270000000.0,16.22,954000000.0,2.48,33.30,8.50,1300000000.0,3.55,5240000000.0,2.89,17.22,1100000000.0,1.16,1.48,102.10,12680000.0,7.70,10.90,11790000.0,underperform
2483,2013-05-21 10:24:04,1369146244.0,disca,80.0,-7.13,1669.160034,13.11,-20.24,102.45,30.97,6.28,4.61,20.91,40.81,8.82,15.01,12.31,32580000000.0,32580000000.0,18.51,1.06,7.15,16.58,7.15,3270000000.0,16.58,963000000.0,2.55,4.50,6.50,2470000000.0,6.82,6430000000.0,3.65,17.09,982000000.0,1.14,1.48,102.10,11710000.0,8.40,10.10,12550000.0,underperform
2484,2006-06-29 14:18:44,1151605124.0,disca,14.85,54.81,1272.869995,18.11,36.7,N/A,143.80,5.98,0.88,4.17,1.17,0.82,0.63,2.411,4030000000.0000005,3880000000.0,N/A,4.15,5.75,25.788,5.75,248670000.0,25.788,28070000.0,0.10,31.00,11.90,150820000.0,0.538,N/A,3.255,16.385,84550000.0,N/A,N/A,N/A,13420000.0,9.7,5.10,13560000.0,outperform
2485,2007-04-07 06:28:36,1175941716.0,disca,20.08,6.62,1439.369995,-4.87,11.49,N/A,N/A,8.18,1.24,6.69,1.70,1.00,1.01,2.456,5600000000.0,5450000000.0,N/A,2.03,7.92,33.697,7.92,233610000.0,33.697,46010000.0,0.16,53.10,14.10,154770000.0,0.552,N/A,2.604,16.235001,73630000.0,1.65,0.03,82.60,13820000.0,9.8,5.20,10210000.0,outperform
2486,2013-05-10 11:49:26,1368200966.0,ew,67.87,23.41,1633.699951,14.97,8.44,12.10,21.10,3.92,4.77,19.26,22.32,12.56,25.01,16.86,7170000000.0,7170000000.0,18.23,1.33,3.70,14.60,3.70,1400000000.0,14.60,373000000.0,3.16,122.60,8.20,557900000.0,4.94,192700000.0,4.53,13.98,491800000.0,0.62,1.01,92.10,4740000.0,4.60,5.20,4680000.0,outperform
2487,2004-11-01 19:09:11,1099354151.0,ew,17.09,22.18,1130.51001,6.39,15.79,0.449,N/A,2.22,3.40,0.58,4.26,0.49,0.89,14.996,2040000000.0,2280000000.0,17.99,1.58,2.48,58.28,2.48,501100000.0,58.28,5300000.0,0.122,41.80,22.20,31000000.0,0.52,269200000.0,1.915,10.039,159600000.0,0.153,0.17,92.34,4670000.0,8.943,7.83,4179999.9999999995,outperform
2488,2007-04-04 17:15:22,1175721322.0,ew,25.75,-11.22,1439.369995,-4.87,-6.3500000000000005,0.315,24.41,2.87,3.95,12.58,16.90,10.19,18.13,17.726,2970000000.0,3020000000.0,N/A,1.57,2.92,11.697,2.92,663400000.0,11.697,130500000.0,2.11,46.40,6.40,182800000.0,3.158,235900000.0,2.35,12.988,230800000.0,0.72,0.13,87.60,3450000.0,7.3,6.00,2570000.0,underperform
2489,2013-04-23 08:19:45,1366719585.0,ew,82.81,-3.49,1578.780029,18.79,-22.28,12.80,33.72,5.02,6.46,15.44,21.53,12.16,20.82,16.53,9150000000.0,9150000000.0,21.12,1.27,4.82,19.63,4.82,1400000000.0,19.63,293200000.0,2.48,44.40,18.70,521400000.0,4.57,189300000.0,3.72,12.94,373800000.0,0.66,1.01,92.10,4680000.0,4.40,5.20,5060000.0,underperform
2490,2003-10-27 03:19:44,1067242784.0,ew,14.43,16.49,1031.130005,7.75,8.739999999999998,0.506,21.27,2.05,2.83,9.74,12.17,8.00,15.27,13.785,1770000000.0,2029999999.9999998,15.67,1.19,2.41,19.82,2.41,404900000.0,19.82,81800000.0,1.344,N/A,1.70,38300000.0,0.62,293100000.0,2.141,9.79,N/A,0.16,0.52,81.55,1720000.0,3.146,2.80,1360000.0,outperform
2491,2011-08-02 21:36:38,1312335398.0,ew,70.2,42.52,1254.050049,9.67,32.85,12.62,35.82,5.11,5.81,14.89,19.13,10.35,18.76,13.77,7900000000.0,7900000000.0,25.16,1.35,5.01,21.97,5.01,1040000000.0,21.97,234800000.0,1.96,1.00,18.10,468200000.0,4.08,174800000.0,3.88,12.07,7900000000.0,0.52,0.72,89.50,2770000.0,3.80,2.80,2160000.0,outperform
2492,2007-03-22 01:29:00,1174541340.0,ew,24.91,-7.67,1434.540039,-7.24,-0.4299999999999997,0.315,23.54,2.75,3.80,12.58,16.90,10.19,18.13,17.726,2870000000.0,2910000000.0,N/A,1.51,2.80,11.24,2.80,663400000.0,11.24,130500000.0,2.11,46.40,6.40,182800000.0,3.158,235900000.0,2.35,12.988,230800000.0,0.73,0.13,87.60,2570000.0,6.9,4.50,2020000.0,underperform
2493,2011-04-20 15:52:58,1303329178.0,ew,84.36,-13.55,1330.359985,3.5,-17.05,3.20,45.56,6.49,7.19,15.07,19.65,10.51,17.68,12.73,9040000000.0,9040000000.0,30.54,1.64,6.25,26.53,6.25,1040000000.0,26.53,218000000.0,1.83,36.10,13.20,396100000.0,3.45,41800000.0,3.06,11.38,9040000000.0,0.50,0.72,89.50,2220000.0,1.30,2.30,2029999.9999999998,underperform
2494,2012-06-25 17:03:25,1340658205.0,ew,102.15,-34.22,1313.719971,20.88,-55.099999999999994,12.90,50.69,6.71,8.33,13.73,17.76,9.78,17.31,15.16,11410000000.0,11410000000.0,29.45,1.39,6.58,31.25,6.58,1190000000.0,31.25,237900000.0,2.00,1.90,13.50,409500000.0,3.57,179400000.0,4.48,12.20,268900000.0,0.44,0.67,89.50,3440000.0,3.30,3.00,3670000.0,underperform
2495,2011-01-08 04:15:09,1294478109.0,ew,78.82,-8.72,1276.560059,0.35,-9.07,8.16,46.75,6.42,7.29,14.33,19.13,10.07,17.28,12.35,8740000000.0,8740000000.0,40.54,2.08,6.24,27.02,6.24,922300000.0,27.02,200800000.0,1.69,34.70,7.10,361000000.0,3.16,100600000.0,2.60,10.81,8740000000.0,0.53,0.75,92.00,2530000.0,3.50,2.60,2480000.0,underperform
2496,2007-03-20 13:03:14,1174410194.0,ew,24.65,-6.33,1410.939941,-7.97,1.6399999999999997,0.315,23.36,2.74,3.79,12.58,16.90,10.19,18.13,17.726,2850000000.0,2900000000.0,N/A,1.49,2.80,11.211,2.80,663400000.0,11.211,130500000.0,2.11,46.40,6.40,182800000.0,3.158,235900000.0,2.35,12.988,230800000.0,0.73,0.13,87.60,2570000.0,6.9,4.50,2020000.0,outperform
2497,2005-01-29 02:49:20,1106984960.0,ew,20.36,4.32,1174.069946,8.5,-4.18,0.449,N/A,2.66,4.10,0.18,4.26,0.16,0.28,15.179,2390000000.0,2680000000.0,21.14,1.88,2.88,29.23,2.88,501100000.0,29.23,1700000.0,0.011,41.80,22.20,31000000.0,0.52,269200000.0,1.915,10.036,198100000.0,0.198,0.07,92.03,4210000.0,10.876,7.09,4250000.0,underperform
2498,2004-09-23 16:21:25,1095970885.0,ew,17.8,21.69,1108.359985,9.65,12.040000000000001,0.534,452.28,2.37,3.65,0.76,3.89,0.62,1.16,14.751,2130000000.0,2430000000.0,18.81,1.66,2.70,28.8,2.70,501100000.0,28.8,6800000.0,0.079,41.80,22.20,40000000.0,0.67,312800000.0,2.137,9.803,159600000.0,0.163,0.34,92.38,4600000.0,9.637,7.73,4640000.0,outperform
2499,2011-12-30 03:42:18,1325234538.0,ew,70.7,27.79,1257.599976,12.9,14.889999999999999,12.92,35.91,4.88,5.91,14.53,17.93,9.92,18.42,14.30,7720000000.0,7720000000.0,25.69,1.29,4.71,21.89,4.71,1040000000.0,21.89,238400000.0,1.99,7.50,18.30,451100000.0,3.95,175000000.0,3.91,11.86,265399999.99999997,0.44,0.72,89.50,2750000.0,2.20,2.80,3560000.0,outperform
2500,2004-11-30 10:38:18,1101829098.0,lmt,45.29,1.3,1173.819946,6.45,-5.15,0.838,21.69,0.76,3.64,3.58,6.00,4.73,18.02,77.234,26580000000.0,29740000000.0,18.14,1.99,0.86,10.89,0.86,1980000000.0,10.89,1240000000.0,2.768,110.60,19.70,2910000000.0,6.57,6070000000.0,1.196,16.355,2970000000.0,0.105,41.00,95.00,5940000.0,3.38,2.27,5850000.0,underperform
2501,2007-02-12 04:29:41,1171272581.0,lmt,78.16,7.02,1433.369995,-5.9,12.92,0.651,17.46,1.07,6.24,6.38,9.98,9.07,34.45,92.548,42620000000.0,N/A,N/A,1.52,N/A,N/A,N/A,2540000000.0,N/A,2530000000.0,5.80,28.30,6.00,2290000000.0,5.443,4440000000.0,1.06,16.176001,3780000000.0,0.25,0.23,90.00,4210000.0,1.00,1.00,3890000.0,outperform
2502,2011-11-25 02:30:55,1322206255.0,lmt,65.97,25.86,1158.670044,20.05,5.809999999999999,239.14,8.65,0.51,8.13,6.32,8.32,6.84,82.23,137.08,26230000000.0,26230000000.0,9.42,1.07,0.56,5.54,0.56,3840000000.0,5.54,2820000000.0,8.55,25.00,6.80,4570000000.0,14.21,7040000000.0,1.21,9.16,26230000000.0,0.88,11.55,78.30,21320000.0,9.20,7.80,21670000.0,outperform
2503,2013-03-17 09:57:58,1363528678.0,lmt,87.06,84.06,1563.22998,18.91,65.15,174.36,11.09,0.63,764.79,5.82,8.91,6.87,527.89,145.76,34180000000.0,34180000000.0,10.21,1.31,0.72,6.58,0.72,4200000000.0,6.58,2740000000.0,8.36,16.70,0.90,1900000000.0,5.91,6310000000.0,1.14,0.12,1560000000.0,0.60,0.13,87.80,8520000.0,2.20,3.90,7190000.0,outperform
2504,2005-12-10 11:43:29,1134233009.0,lmt,47.17,49.42,1257.369995,11.92,37.5,0.657,17.30,0.74,3.50,4.41,6.48,5.70,21.76,83.515,27440000000.0,28950000000.0,N/A,1.50,0.78,9.215,0.78,1970000000.0,9.215,1630000000.0,3.64,39.10,9.00,3570000000.0,8.178,5080000000.0,1.158,17.818001,3230000000.0,N/A,0.23,106.70,5130000.0,2.3,1.20,4450000.0,outperform
2505,2012-01-26 05:13:16,1327572796.0,lmt,73.11,17.36,1318.430054,14.0,3.3599999999999994,239.14,9.56,0.56,8.98,6.32,8.32,6.84,82.23,137.08,28890000000.0,28890000000.0,10.52,1.29,0.61,6.10,0.61,3840000000.0,6.10,2820000000.0,8.55,25.00,6.80,4570000000.0,14.21,7040000000.0,1.21,9.16,3200000000.0,0.86,0.07,91.50,18900000.0,9.90,6.90,20800000.0,outperform
2506,2005-12-30 23:03:23,1136001803.0,lmt,48.18,48.36,1248.290039,14.3,34.06,0.657,17.50,0.75,3.56,4.41,6.48,5.70,21.76,83.515,27750000000.0,29340000000.0,N/A,1.45,0.79,9.338,0.79,1970000000.0,9.338,1630000000.0,3.64,39.10,9.00,3570000000.0,8.178,5080000000.0,1.158,17.818001,3230000000.0,N/A,0.23,106.70,4360000.0,2.1,1.00,5130000.0,outperform
2507,2004-04-14 16:56:30,1081976190.0,lmt,34.38,32.66,1128.170044,3.0,29.659999999999997,0.919,19.97,0.65,3.07,3.31,6.21,4.12,17.07,70.72,20910000000.0,25730000000.0,14.94,1.83,0.81,9.95,0.81,1980000000.0,9.95,1050000000.0,2.341,110.60,19.70,1250000000.0,2.79,6210000000.0,1.057,15.106,1810000000.0,0.233,47.01,95.00,7890000.0,1.974,3.33,5450000.0,outperform
2508,2005-01-24 03:34:32,1106555672.0,lmt,40.55,22.66,1163.75,8.86,13.8,0.838,19.78,0.70,3.36,3.58,6.01,4.73,18.02,77.234,24240000000.0,27400000000.0,16.49,1.91,0.79,10.04,0.79,1980000000.0,10.04,1240000000.0,2.768,110.60,19.70,2910000000.0,6.57,6070000000.0,1.196,16.355,2970000000.0,0.141,16.26,95.00,6420000.0,3.267,1.73,5940000.0,outperform
2509,2012-01-06 15:36:07,1325882167.0,lmt,70.9,22.17,1277.810059,14.45,7.720000000000002,239.14,9.34,0.55,8.74,6.32,8.32,6.84,82.23,137.08,28200000000.0,28200000000.0,10.24,1.25,0.60,5.95,0.60,3840000000.0,5.95,2820000000.0,8.55,25.00,6.80,4570000000.0,14.21,7040000000.0,1.21,9.16,3200000000.0,0.86,11.55,78.30,20800000.0,7.60,7.60,20610000.0,outperform
2510,2003-10-09 11:50:25,1065714625.0,lmt,33.3,23.36,1038.72998,8.03,15.33,1.024,46.34,0.71,3.40,1.55,6.57,1.69,6.84,64.405,20690000000.0,24730000000.0,18.21,1.98,0.85,9.96,0.85,26580000000.0,9.96,450000000.0,0.99,N/A,10.80,2140000000.0000002,4.74,6240000000.0,1.133,13.51,N/A,0.352,46.99,95.00,6460000.0,3.426,2.70,5900000.0,outperform
2511,2008-12-25 19:08:05,1230250085.0,lmt,,,871.6300050000001,28.27,,0.388,10.27,0.74,3.20,7.52,11.16,10.01,37.05,105.069,31740000000.0,33009999999.999996,N/A,0.89,0.78,5.899,0.78,4230000000.0000005,5.899,3190000000.0,7.71,2.10,4.70,2530000000.0,6.325,3810000000.0,1.017,24.483,3830000000.0,1.13,0.25,88.70,4280000.0,1.4,1.10,3960000.0,underperform
2512,2013-05-08 16:19:22,1368044362.0,lmt,95.77,67.64,1632.689941,14.88,52.76,073.68,11.79,0.70,107.62,6.04,9.15,6.89,302.40,145.34,35950000000.0,35950000000.0,11.32,1.40,0.77,6.80,0.77,4200000000.0,6.80,2840000000.0,8.66,13.90,2.00,3060000000.0,9.64,6300000000.0,1.18,0.96,3190000000.0,0.60,0.13,87.80,7010000.0,3.80,3.20,7120000.0,outperform
2513,2012-08-30 01:48:52,1346305732.0,lmt,83.41,40.87,1399.47998,16.68,24.189999999999998,294.60,10.69,0.63,13.52,5.96,8.33,6.68,102.40,146.18,32490000000.000004,32490000000.000004,10.96,1.87,0.68,6.57,0.68,3700000000.0,6.57,2810000000.0,8.60,5.30,3.30,3800000000.0,11.80,6490000000.0,1.21,6.84,2940000000.0,0.75,0.11,90.20,8029999.999999999,5.60,3.70,9150000.0,outperform
2514,2005-12-19 18:47:01,1135036021.0,lmt,47.42,48.97,1259.920044,13.15,35.82,0.657,17.25,0.75,3.58,4.41,6.48,5.70,21.76,83.515,27360000000.0,29340000000.0,N/A,1.46,0.79,9.338,0.79,1970000000.0,9.338,1630000000.0,3.64,39.10,9.00,3570000000.0,8.178,5080000000.0,1.158,17.818001,3230000000.0,N/A,0.23,106.70,5130000.0,2.3,1.20,4450000.0,outperform
2515,2008-10-26 21:52:01,1225072321.0,lmt,62.85,-7.49,908.1099849999999,17.49,-24.979999999999997,0.388,9.83,0.75,3.23,7.52,11.13,9.98,37.05,105.069,30200000000.0,31470000000.0,N/A,0.87,0.74,5.636,0.74,4510000000.0,5.636,3190000000.0,7.71,2.10,4.70,2530000000.0,6.364,3810000000.0,1.017,24.631001,3830000000.0,0.8,0.25,89.60,3930000.0,1.1,1.00,4420000.0,underperform
2516,2004-03-24 09:19:56,1080137996.0,lmt,33.52,33.41,1091.329956,7.34,26.069999999999997,0.919,19.18,0.63,2.95,3.31,6.21,4.12,17.07,70.72,20080000000.0,24890000000.0,14.44,1.79,0.78,9.63,0.78,26580000000.0,9.63,1050000000.0,2.341,N/A,10.80,1250000000.0,2.79,6210000000.0,1.057,15.106,1230000000.0,0.235,47.01,95.00,5450000.0,1.925,2.30,6280000.0,outperform
2517,2006-08-22 22:37:55,1156300675.0,pets,9.28,32.76,1298.819946,12.72,20.04,N/A,21.43,1.89,6.34,9.18,13.89,29.25,37.45,6.078,282480000.0,240440000.0,N/A,0.73,1.66,11.527,1.66,54340000.0,11.527,13270000.0,0.55,34.10,16.10,33119999.999999996,1.372,N/A,5.616,1.788,12050000.0,3.35,11.35,54.90,2960000.0,12.90,12.90,2900000.0,outperform
2518,2005-04-01 17:07:45,1112393265.0,pets,5.94,135.86,1172.920044,11.08,124.78000000000002,8.236,25.29,1.64,8.03,6.52,10.23,32.56,41.82,4.465,172640000.0,165990000.0,17.52,0.53,1.56,14.45,1.56,38170000.0,14.45,6930000.0,0.29,78.50,71.00,7830000.0,0.33,8.236,8.236,0.923,7740000.0,0.07,36.90,12.50,1290000.0,11.272,8.68,1170000.0,outperform
2519,2004-09-20 17:36:31,1095716191.0,pets,3.97,125.19,1122.199951,8.83,116.36,0.003,19.01,1.17,6.92,6.27,9.90,35.84,51.24,4.18,115100000.0,110910000.0,12.50,0.40,1.12,10.69,1.12,38170000.0,10.69,6200000.0,0.263,78.50,71.00,5160000.0,0.22,0.003,2.899,0.728,2910000.0,0.327,69.16,16.56,N/A,1.196,6.54,N/A,outperform
2520,2008-01-22 22:39:40,1201059580.0,pets,10.55,20.38,1310.5,-35.88,56.260000000000005,N/A,18.97,1.51,4.09,9.58,13.48,23.47,30.43,7.383,325540000.0,216290000.0,N/A,0.91,1.21,8.797,1.21,64569999.99999999,8.797,17090000.0,0.70,36.50,17.60,52240000.0,2.134,N/A,7.963,2.682,14410000.0,1.56,11.91,65.80,3460000.0,18.5,14.90,3450000.0,outperform
2521,2005-05-27 13:14:24,1117214064.0,pets,5.64,74.11,1198.780029,4.99,69.12,8.236,21.08,1.52,7.63,7.37,10.23,35.62,44.95,4.53,165130000.0,157310000.0,13.04,0.39,1.45,13.7,1.45,38170000.0,13.7,7990000.0,0.33,78.50,71.00,7830000.0,0.33,8.236,8.236,0.923,7740000.0,0.096,36.90,22.73,1400000.0,15.363,9.45,1280000.0,outperform
2522,2007-06-05 01:35:45,1181021745.0,pets,10.31,4.66,1530.949951,-10.04,14.7,N/A,21.73,1.95,5.87,8.90,13.25,25.88,31.57,6.73,314320000.0,276830000.0,N/A,0.85,1.71,12.566,1.71,54340000.0,12.566,14440000.0,0.60,15.50,23.80,39440000.0,1.622,N/A,7.882,2.215,16559999.999999998,3.48,23.51,63.70,2980000.0,11.5,13.00,3020000.0,outperform
2523,2006-09-06 15:58:08,1157572688.0,pets,7.64,59.55,1300.26001,13.71,45.839999999999996,N/A,18.17,1.76,5.90,9.18,13.89,29.25,37.45,6.078,239510000.0,221610000.0,N/A,0.81,1.53,10.624,1.53,54340000.0,10.624,13270000.0,0.55,34.10,16.10,33119999.999999996,1.372,N/A,5.616,1.788,12050000.0,3.35,11.35,55.00,2870000.0,8.2,12.50,2960000.0,outperform
2524,2011-05-15 06:32:39,1305455559.0,pets,10.77,-6.69,1348.650024,-0.76,-5.930000000000001,N/A,12.74,1.25,2.86,9.87,15.72,21.97,23.43,10.21,215830000.0,215830000.0,14.16,1.21,0.93,5.73,0.93,91860000.0,5.73,22800000.0,1.00,19.10,6.70,71330000.0,3.17,0.00,17.46,4.49,215830000.0,0.39,10.05,96.70,5350000.0,31.60,31.40,5350000.0,underperform
2525,2006-06-29 16:36:05,1151613365.0,pets,9.25,10.16,1272.869995,18.11,-7.949999999999999,N/A,22.89,2.02,7.38,8.77,13.19,32.06,39.01,5.815,273680000.0,254800000.0,N/A,0.59,1.85,13.633,1.85,54340000.0,13.633,12060000.0,0.50,29.50,25.00,23220000.0,0.967,N/A,8.015,1.57,10280000.0,3.55,14.04,51.70,2330000.0,5.6,10.70,2440000.0,underperform
2526,2011-08-08 17:42:54,1312839774.0,pets,8.13,5.29,1119.459961,25.18,-19.89,N/A,12.22,0.97,2.60,8.01,12.46,16.76,19.65,10.38,164650000.0,164650000.0,14.08,1.23,0.71,5.46,0.71,83960000.0,5.46,18480000.0,0.82,33.10,1.10,59630000.0,2.76,0.00,7.01,3.98,164650000.0,0.37,10.05,96.70,5440000.0,19.50,30.40,5250000.0,underperform
2527,2006-08-23 10:26:17,1156343177.0,pets,9.59,27.95,1292.98999,13.11,14.84,N/A,21.43,1.95,6.54,9.18,13.89,29.25,37.45,6.078,282480000.0,240440000.0,N/A,0.73,1.66,11.527,1.66,54340000.0,11.527,13270000.0,0.55,34.10,16.10,33119999.999999996,1.372,N/A,5.616,1.788,12050000.0,3.35,11.35,54.90,2960000.0,12.90,12.90,2900000.0,outperform
2528,2007-05-28 00:30:05,1180326605.0,pets,,,1515.72998,-8.6,,N/A,21.61,1.94,5.84,8.90,13.25,25.88,31.57,6.73,312610000.0,273190000.0,N/A,0.84,1.68,12.4,1.68,54340000.0,12.4,14440000.0,0.60,15.50,23.80,39440000.0,1.622,N/A,7.882,2.215,16559999.999999998,3.31,23.51,55.80,3020000.0,13.5,13.10,3650000.0,underperform
2529,2007-04-13 11:16:21,1176477381.0,pets,9.31,-4.4,1452.849976,-6.77,2.369999999999999,N/A,20.68,1.85,5.75,8.99,13.44,28.10,33.27,6.447,287000000.0,248840000.0,N/A,0.89,1.60,11.268,1.60,54340000.0,11.268,13960000.0,0.57,3.10,21.10,38170000.0,1.576,N/A,11.338,2.06,11840000.0,3.78,23.51,58.10,3650000.0,15.90,15.90,3570000.0,outperform
2530,2007-05-17 06:48:50,1179398930.0,pets,9.98,6.81,1512.75,-5.78,12.59,N/A,22.06,1.93,6.00,8.99,13.44,28.10,33.27,6.447,306130000.0,267970000.00000003,N/A,0.81,1.73,12.134,1.73,54340000.0,12.134,13960000.0,0.57,3.10,21.10,38170000.0,1.576,N/A,11.338,2.06,11840000.0,3.31,23.51,57.00,3020000.0,13.5,13.10,3650000.0,outperform
2531,2005-04-05 07:57:10,1112702230.0,pets,5.71,140.63,1181.390015,11.02,129.60999999999999,8.236,25.36,1.63,7.99,6.52,10.23,32.56,41.82,4.465,173080000.0,167630000.0,17.57,0.53,1.58,14.59,1.58,38170000.0,14.59,6930000.0,0.291,78.50,71.00,7830000.0,0.33,8.236,8.236,0.923,7740000.0,0.07,36.90,12.50,1290000.0,11.272,8.68,1170000.0,outperform
2532,2006-09-05 02:57:24,1157439444.0,pets,8.37,46.48,1313.25,12.11,34.37,N/A,22.75,N/A,N/A,9.18,13.89,29.25,37.45,6.078,N/A,266750000.0,N/A,0.81,1.84,12.789,1.84,54340000.0,12.789,13270000.0,0.55,34.10,16.10,33119999.999999996,1.372,N/A,5.616,N/A,12050000.0,3.35,11.35,55.00,2870000.0,8.2,12.50,2960000.0,outperform
2533,2005-08-31 02:54:33,1125471273.0,pets,8.29,19.66,1220.329956,6.84,12.82,4.582,25.61,2.13,8.90,8.34,12.90,32.29,44.29,5.025,245760000.0,227420000.0,N/A,0.54,1.95,14.586,1.95,43660000.0,14.586,9730000.0,0.41,94.80,23.60,20710000.0,0.88,4.582,4.582,1.186,14560000.0,N/A,8.64,22.80,1200000.0,2.3,5.80,1170000.0,outperform
2534,2005-02-27 08:23:35,1109510615.0,pets,6.49,135.44,1200.199951,7.83,127.61,8.236,27.87,1.81,8.86,6.52,10.23,32.56,41.82,4.465,190230000.0,182410000.0,19.31,0.58,1.72,15.88,1.72,38170000.0,15.88,6930000.0,0.29,78.50,71.00,7830000.0,0.33,8.236,8.236,0.923,7740000.0,0.102,36.90,13.30,N/A,5.162,4.74,N/A,outperform
2535,2008-09-26 20:48:02,1222476482.0,lm,40.61,-28.12,1213.27002,-12.56,-15.56,0.599,141.61,1.32,0.91,1.01,25.39,6.29,0.68,31.65,6360000000.0,6330000000.0,N/A,1.67,1.41,4.958,1.41,3360000000.0,4.958,45320000.0,0.32,N/A,12.60,3480000000.0,24.547,3910000000.0,2.107,46.019001,823040000.0,1.7,2.31,88.10,14150000.0,7.1,10.40,13280000.0,underperform
2536,2006-11-13 20:42:45,1163468565.0,lm,81.7,-19.12,1384.420044,6.98,-26.1,0.198,10.74,3.22,0.19,31.76,25.07,6.92,12.37,28.091,12310000000.0,12310000000.0,N/A,1.31,3.23,11.423,3.23,2650000000.0,11.423,552140000.0,8.59,18.70,121.00,1180000000.0,8.872,1230000000.0,1.756,472.609985,630070000.0,1.81,2.34,81.40,4650000.0,3.4,3.70,4970000.0,underperform
2537,2006-11-30 11:56:20,1164905780.0,lm,84.46,-19.19,1400.630005,5.75,-24.94,0.198,11.20,3.37,2.19,31.76,25.07,6.92,12.37,28.091,12840000000.0,12880000000.0,N/A,1.31,3.38,11.952,3.38,2650000000.0,11.952,552140000.0,8.59,18.70,121.00,1180000000.0,8.872,1230000000.0,1.756,43.948002,630070000.0,1.81,2.34,84.70,6080000.0,2.7,4.80,4650000.0,underperform
2538,2005-08-16 13:20:31,1124212831.0,lm,93.7,-17.4,1219.339966,6.24,-23.64,N/A,29.25,4.51,5.04,16.86,35.56,N/A,N/A,24.497,11640000000.0,11620000000.0,N/A,1.37,4.51,11.947,4.51,2490000000.0,11.947,433860000.0,3.70,30.50,21.10,1420000000.0,13.186,1400000000.0,N/A,21.495001,N/A,N/A,4.89,80.40,2760000.0,3.3,2.70,3210000.0,underperform
2539,2009-01-01 20:44:23,1230860663.0,lm,,,869.419983,29.53,,0.548,N/A,0.71,0.48,5.52,25.25,5.99,3.57,30.288,3110000000.0,3680000000.0,N/A,N/A,0.86,3.022,0.86,3360000000.0,3.022,235890000.0,1.67,N/A,17.60,2900000000.0,20.464,3480000000.0,2.215,44.769001,118240000.0,1.87,2.39,93.30,17420000.0,3.3,12.70,14720000.0,underperform
2540,2005-03-17 07:28:00,1111062480.0,lm,73.75,51.85,1190.209961,9.83,42.02,0.379,24.65,3.65,4.01,16.11,25.91,5.27,22.29,20.544,8740000000.0,6200000000.0,19.20,1.31,2.61,9.74,2.61,2000000000.0,9.74,382710000.0,3.35,56.00,24.10,3290000000.0,31.03,819980000.0,N/A,20.424,408680000.0,1.306,5.88,77.25,3100000.0,3.58,3.11,2330000.0,outperform
2541,2006-11-13 14:36:01,1163446561.0,lm,81.7,-19.12,1384.420044,6.98,-26.1,0.198,10.70,3.22,0.19,31.76,25.07,6.92,12.37,28.091,12270000000.0,12310000000.0,N/A,1.31,3.23,11.423,3.23,2650000000.0,11.423,552140000.0,8.59,18.70,121.00,1180000000.0,8.872,1230000000.0,1.756,472.609985,630070000.0,1.81,2.34,81.40,4650000.0,3.4,3.70,4970000.0,underperform
2542,2004-11-25 18:41:15,1101426075.0,lm,,,1177.23999,7.73,,0.492,21.78,2.98,3.85,15.68,25.37,5.00,22.44,19.427,6770000000.0,4790000000.0,16.97,1.17,2.14,8.13,2.14,2000000000.0,8.13,350830000.0,3.085,56.00,24.10,2830000000.0,28.07,849610000.0,N/A,17.152,570750000.0,1.242,5.03,74.08,2460000.0,2.682,2.58,1940000.0,underperform
2543,2005-04-29 20:57:46,1114822666.0,lm,62.12,76.46,1156.849976,12.84,63.61999999999999,0.379,21.16,3.16,3.47,16.11,25.91,5.27,22.29,20.544,7510000000.0,5040000000.0,16.71,1.20,2.12,7.92,2.12,2000000000.0,7.92,382710000.0,3.349,56.00,24.10,3290000000.0,31.03,819980000.0,N/A,20.424,408680000.0,1.351,5.88,77.25,3210000.0,3.804,3.22,2720000.0,outperform
2544,2007-04-06 18:34:01,1175898841.0,lm,85.48,-38.06,1437.77002,-4.89,-33.17,0.182,22.43,3.03,2.14,14.68,24.14,6.84,10.41,30.282,12950000000.0,12830000000.0,N/A,1.33,3.02,11.044,3.02,2650000000.0,11.044,625420000.0,4.32,77.00,64.40,1280000000.0,9.61,1160000000.0,1.884,45.082001,422310000.0,2.12,2.19,82.60,4920000.0,3.90,3.90,4530000.0,underperform
2545,2013-04-25 19:10:01,1366931401.0,lm,30.47,48.87,1585.160034,17.55,31.319999999999997,28.24,N/A,1.54,0.81,11.82,12.87,2.69,5.94,19.06,3970000000.0,3970000000.0,14.32,0.68,1.53,9.88,1.53,2570000000.0,9.88,306460000.0,2.25,N/A,7.50,1320000000.0,10.21,1390000000.0,3.53,38.14,252760000.0,1.20,5.88,85.40,12720000.0,7.30,11.70,12510000.0,outperform
2546,2006-09-06 14:52:28,1157568748.0,lm,81.32,-7.51,1300.26001,13.71,-21.22,0.202,10.39,3.76,2.01,36.58,26.38,6.28,11.71,25.307,12130000000.0,12160000000.0,N/A,1.03,3.75,12.822,3.75,2650000000.0,12.822,500600000.0,8.75,38.40,137.20,1260000000.0,9.462,1230000000.0,1.554,45.481998,410420000.0,2.1,2.34,81.60,4270000.0,2.2,3.40,4120000.0,underperform
2547,2008-05-13 05:30:44,1210671044.0,lm,49.84,-66.07,1403.040039,-37.0,-29.069999999999993,0.216,11.60,1.58,1.06,14.78,25.44,7.45,10.37,33.126,7530000000.0,7300000000.0,N/A,1.11,1.55,5.454,1.55,3150000000.0,5.454,695530000.0,4.81,11.50,4.70,1750000000.0,12.99,1520000000.0,1.435,52.171001,779840000.0,1.53,2.31,81.10,4200000.0,2.4,3.30,4500000.0,underperform
2548,2005-01-22 11:14:50,1106410490.0,lm,62.14,85.87,1184.630005,8.48,77.39,0.492,22.92,3.16,4.09,15.68,25.37,5.00,22.44,19.427,7120000000.0,5090000000.0,17.54,1.22,2.27,8.63,2.27,2000000000.0,8.63,350830000.0,3.085,56.00,24.10,2830000000.0,28.07,849610000.0,N/A,17.152,570750000.0,1.287,5.82,74.15,2550000.0,4.693,2.69,2460000.0,outperform
2549,2012-06-10 08:25:41,1339331141.0,lm,24.6,36.26,1314.98999,24.93,11.329999999999998,29.09,16.62,1.35,0.63,8.29,14.61,2.82,4.01,18.58,3420000000.0,3420000000.0,10.41,0.77,1.29,7.09,1.29,2570000000.0,7.09,220820000.0,1.54,10.20,9.10,1850000000.0,13.12,1660000000.0,2.52,40.59,496770000.0,1.27,0.60,88.60,8060000.000000001,4.40,5.90,7080000.0,outperform
2550,2004-11-15 19:26:08,1100564768.0,ci,23.35,61.97,1183.810059,3.82,58.15,0.312,7.32,0.51,2.04,7.32,11.09,1.48,30.15,131.192,9440000000.0,7900000000.0,11.38,1.05,0.43,N/A,0.43,19350000000.0,N/A,1340000000.0,9.606,140.20,0.30,2920000000.0,21.79,1440000000.0,N/A,34.278999,2650000000.0,0.411,1.97,88.90,2670000.0,2.638,2.03,2920000.0,outperform
2551,2011-06-30 20:09:37,1309478977.0,ci,51.32,-14.36,1320.640015,3.14,-17.5,45.96,9.46,0.65,1.98,6.95,10.49,3.11,23.29,78.97,15280000000.0,15280000000.0,9.41,1.10,0.71,6.20,0.71,9020000000.0,6.20,1490000000.0,5.44,51.60,4.00,1820000000.0,6.74,3230000000.0,0.89,25.94,15280000000.0,1.53,3.83,86.60,4510000.0,1.70,1.70,2860000.0,underperform
2552,2007-04-10 06:19:28,1176200368.0,ci,49.09,-13.26,1448.390015,-6.48,-6.779999999999999,0.407,14.36,0.86,3.36,6.94,11.68,2.78,23.92,150.726,14390000000.0,14670000000.0,N/A,1.15,0.88,6.822,0.88,16550000000.0,6.822,1160000000.0,10.28,10.50,0.30,1480000000.0,15.194,1760000000.0,1.208,43.890999,642000000.0,1.3,0.67,82.70,2470000.0,2.6,2.60,1350000.0,underperform
2553,2007-02-21 19:30:40,1172104240.0,ci,47.78,-2.13,1457.630005,-7.9,5.7700000000000005,0.367,14.07,0.90,3.51,6.98,6.08,N/A,24.10,147.238,14840000000.0,15160000000.0,N/A,1.16,0.92,12.5,0.92,16680000000.0,12.5,1160000000.0,10.28,N/A,N/A,1330000000.0,13.006,1560000000.0,N/A,41.515999,N/A,1.32,0.63,80.30,1700000.0,2.6,1.70,2140000.0,outperform
2554,2011-05-01 00:45:36,1304225136.0,ci,46.87,-1.47,1360.47998,2.75,-4.22,42.80,9.58,0.60,1.92,6.33,9.75,2.92,22.31,77.82,13760000000.0,13760000000.0,8.95,1.30,0.65,6.08,0.65,9020000000.0,6.08,1340000000.0,4.89,39.70,16.70,1800000000.0,6.62,2850000000.0,1.12,24.44,13760000000.0,1.52,3.83,86.60,2520000.0,1.10,0.90,2670000.0,underperform
2555,2011-12-29 05:06:29,1325153189.0,ci,42.2,25.09,1263.02002,11.04,14.05,41.50,7.68,0.54,1.52,6.83,10.32,3.02,21.06,81.45,12750000000.0,12750000000.0,7.48,0.80,0.58,5.09,0.58,9020000000.0,5.09,1500000000.0,5.50,34.90,6.60,2240000000.0,8.28,3220000000.0,0.91,28.71,1700000000.0,0.74,3.83,86.60,3180000.0,0.80,N/A,3470000.0,outperform
2556,2006-10-23 12:24:59,1161620699.0,ci,39.61,30.12,1377.02002,10.35,19.770000000000003,0.298,13.55,0.79,2.83,6.51,12.43,2.89,20.69,138.517,13300000000.0,13070000000.0,N/A,1.37,0.78,5.675,0.78,16680000000.0,5.675,1090000000.0,8.85,62.10,0.80,1480000000.0,13.328,1400000000.0,1.046,42.339001,380000000.0,1.89,0.79,87.60,1490000.0,1.3,1.40,1820000.0,outperform
2557,2013-06-04 23:43:20,1370403800.0,ci,67.49,33.96,1631.380005,18.17,15.79,55.35,14.90,0.63,1.98,4.29,10.22,3.62,14.31,107.38,21350000000.0,21350000000.0,9.70,0.99,0.70,6.11,0.70,11220000000.0,6.11,1310000000.0,4.53,84.60,21.20,3430000000.0,12.03,5410000000.0,0.97,33.81,604000000.0,0.70,2.77,89.50,3700000.0,2.10,1.30,4080000.0,outperform
2558,2012-01-04 02:27:50,1325662070.0,ci,43.12,25.9,1277.300049,14.25,11.649999999999999,41.50,7.87,0.52,1.46,6.83,10.32,3.02,21.06,81.45,12330000000.0,12330000000.0,7.66,0.78,0.56,4.92,0.56,9020000000.0,4.92,1500000000.0,5.50,34.90,6.60,2240000000.0,8.28,3220000000.0,0.91,28.71,1700000000.0,0.75,3.83,86.60,3380000.0,0.90,N/A,3180000.0,outperform
2559,2005-01-27 12:46:31,1106847991.0,ci,26.6,46.62,1174.550049,9.29,37.33,0.312,8.31,0.58,2.33,7.32,11.09,1.48,30.15,131.192,10720000000.0,9230000000.0,12.92,1.15,0.50,N/A,0.50,19350000000.0,N/A,1340000000.0,9.606,140.20,0.30,2920000000.0,21.79,1440000000.0,N/A,34.278999,2650000000.0,0.484,0.56,87.54,2750000.0,2.519,2.06,4270000.0,outperform
2560,2004-09-11 05:34:23,1094895263.0,ci,22.51,68.01,1116.27002,10.34,57.67,0.337,7.86,0.50,2.18,6.53,9.67,1.33,27.83,132.334,9350000000.0,7740000000.0,10.71,1.10,0.42,N/A,0.42,19350000000.0,N/A,1220000000.0,8.649,140.20,0.30,3030000000.0,22.05,1440000000.0,N/A,31.062,2930000000.0,0.411,1.98,85.77,2040000.0,2.017,1.51,1710000.0,outperform
2561,2007-06-11 03:09:38,1181545778.0,ci,54.32,-26.27,1509.119995,-9.98,-16.29,0.514,5.35,0.93,3.79,6.46,11.05,2.70,22.81,161.617,15800000000.0,16140000000.0,N/A,1.25,0.95,7.769,0.95,16550000000.0,7.769,1080000000.0,10.26,17.90,6.50,1690000000.0,17.606,2130000000.0,1.063,14.431,1110000000.0,1.5,0.68,85.60,3160000.0,3.7,3.30,2470000.0,underperform
2562,2011-10-29 08:55:23,1319892923.0,ci,45.18,11.35,1242.0,13.77,-2.42,42.79,7.93,0.59,1.67,7.43,11.25,3.32,23.75,80.03,13830000000.0,13830000000.0,8.30,0.84,0.64,5.20,0.64,9020000000.0,5.20,1600000000.0,5.88,38.80,2.90,2000000000.0,7.41,3230000000.0,0.91,27.93,13830000000.0,1.47,3.83,86.60,3030000.0,1.00,1.10,2630000.0,underperform
2563,2012-01-14 07:58:09,1326545889.0,ppl,24.71,8.09,1292.47998,13.9,-5.8100000000000005,167.37,10.65,1.56,1.49,13.45,26.52,5.08,14.11,19.71,33270000000.000004,33270000000.000004,11.51,1.27,3.21,8.60,3.21,2660000000.0,8.60,1370000000.0,2.64,79.00,43.20,1530000000.0,2.64,18600000000.0,1.19,18.77,2180000000.0,0.31,0.02,5.20,9810000.0,2.40,2.00,11200000.0,underperform
2564,2011-06-08 01:44:12,1307511852.0,ppl,23.19,7.16,1279.560059,2.77,4.390000000000001,154.92,11.69,1.89,1.57,12.93,25.67,4.69,15.07,18.40,28290000000.0,28290000000.0,11.23,106.80,3.36,9.31,3.36,2660000000.0,9.31,1110000000.0,2.36,60.40,3.20,1240000000.0,2.16,13630000000.0,1.17,17.60,28290000000.0,0.43,0.03,66.30,13600000.0,1.90,2.80,14510000.0,outperform
2565,2009-12-17 15:30:26,1261081826.0,ppl,25.58,-15.29,1096.079956,13.49,-28.78,N/A,22.83,1.46,2.18,6.34,15.84,3.91,10.68,22.3,19420000000.0,19420000000.0,N/A,1.58,2.32,10.411,2.32,4290000000.0,10.411,600000000.0,1.412,90.10,39.20,696000000.0,1.846,7870000000.0,1.133,14.916,1680000000.0,0.55,0.04,62.70,2810000.0,1.6,0.70,3490000.0,underperform
2566,2004-11-26 05:54:03,1101466443.0,ppl,17.71,14.29,1182.650024,7.01,7.279999999999999,1.885,12.47,1.79,2.42,13.96,24.42,4.61,21.75,31.004,10060000000.0,17290000000.0,13.18,2.82,3.06,8.49,3.06,2480000000.0,8.49,778000000.0,4.269,166.90,2.90,778000000.0,4.12,7950000000.0,1.009,22.038,1380000000.0,0.609,0.97,57.70,2290000.0,2.304,1.22,1980000.0,outperform
2567,2011-11-13 09:58:14,1321196294.0,ppl,25.88,-0.66,1239.699951,11.32,-11.98,162.85,11.46,1.66,1.59,13.45,27.22,5.22,14.11,19.71,34040000000.0,34040000000.0,12.29,3.08,3.28,8.64,3.28,2660000000.0,8.64,1370000000.0,2.64,79.00,43.20,1530000000.0,2.64,18100000000.0,1.19,18.78,34040000000.0,0.27,0.03,66.30,14570000.0,3.70,3.00,16530000.000000002,underperform
2568,2005-03-26 15:21:20,1111868480.0,ppl,17.32,20.38,1172.530029,11.01,9.37,1.816,14.11,1.69,2.31,12.22,23.86,4.07,18.27,31.398,10040000000.0,17270000000.0,11.96,2.60,2.97,8.4,2.97,4120000000.0,8.4,700000000.0,3.76,4.90,4.00,616000000.0,3.26,7790000000.0,1.004,22.42,1440000000.0,0.633,1.01,58.18,2870000.0,3.266,1.54,2270000.0,outperform
2569,2005-05-14 12:51:22,1116089482.0,ppl,18.96,9.44,1171.109985,11.51,-2.0700000000000003,1.782,15.00,1.79,2.45,11.88,22.91,3.96,17.07,31.294,10400000000.0,17650000000.0,12.40,2.72,2.99,8.73,2.99,4120000000.0,8.73,690000000.0,3.66,4.90,4.00,754000000.0,3.97,7790000000.0,0.964,22.756001,1440000000.0,0.705,0.98,59.19,2750000.0,3.66,1.46,2870000.0,underperform
2570,2009-08-14 21:44:51,1250300691.0,ppl,22.73,-7.08,1004.090027,8.5,-15.58,N/A,15.51,1.17,2.02,7.49,15.48,3.98,14.18,25.444,18520000000.0,18520000000.0,N/A,1.32,1.94,9.189,1.94,4290000000.0,9.189,760000000.0,1.90,N/A,65.00,973000000.0,2.584,8320000000.0,1.062,14.673,1220000000.0,0.6,0.04,62.90,N/A,N/A,N/A,4040000.0,underperform
2571,2009-01-06 13:08:22,1231265302.0,ppl,24.26,4.62,934.7000119999999,21.66,-17.04,1.431,11.15,1.66,2.13,15.01,23.39,5.17,15.97,19.114,11870000000.0,19430000000.0,N/A,1.20,2.72,8.74,2.72,3500000000.0,8.74,858000000.0,2.84,37.00,68.00,431000000.0,1.151,7990000000.0,0.956,14.891,1480000000.0,0.64,0.08,64.60,6250000.0,2.4,1.70,7110000.0,underperform
2572,2013-04-25 08:12:56,1366891976.0,ppl,30.6,7.29,1585.160034,17.55,-10.260000000000002,192.12,12.62,1.56,1.82,12.42,25.43,4.53,14.24,21.17,38250000000.0,38250000000.0,15.12,5.04,3.11,8.67,3.11,4130000000.0,8.67,1520000000.0,2.60,20.90,23.60,901000000.0,1.55,20170000000.0,0.90,18.01,2760000000.0,0.15,0.03,31.70,21830000.0,5.20,3.70,22470000.0,underperform
2573,2011-12-21 05:46:01,1324464361.0,wfm,33.19,35.85,1243.719971,16.08,19.770000000000003,0.60,35.60,1.17,3.95,3.39,5.51,8.41,12.77,57.69,11220000000.0,11220000000.0,26.53,1.60,1.11,13.29,1.11,3540000000.0,13.29,342610000.0,1.93,31.30,12.20,654320000.0,3.65,17910000.0,1.65,16.72,754840000.0,0.62,N/A,N/A,7050000.0,3.40,4.60,6740000.0,outperform
2574,2011-12-28 21:15:44,1325124944.0,wfm,33.69,31.49,1249.640015,13.48,18.009999999999998,0.60,36.01,1.22,4.12,3.39,5.51,8.41,12.77,57.69,11740000000.0,11740000000.0,26.83,1.66,1.16,13.90,1.16,3540000000.0,13.90,342610000.0,1.93,31.30,12.20,654320000.0,3.65,17910000.0,1.65,16.72,754840000.0,0.62,N/A,N/A,7050000.0,3.40,4.60,6740000.0,outperform
2575,2012-12-09 04:01:05,1355043665.0,wfm,44.83,22.89,1413.939941,27.9,-5.009999999999998,0.63,35.95,1.45,4.45,3.98,6.45,9.84,13.71,64.14,15610000000.0,15610000000.0,26.41,1.87,1.33,14.64,1.33,4160000000.0,14.64,465570000.0,2.52,49.40,23.60,1220000000.0,6.58,24120000.0,2.15,20.50,919720000.0,0.68,6.84,79.70,4330000.0,2.70,2.60,4530000.0,underperform
2576,2011-10-09 00:06:52,1318133212.0,wfm,32.65,49.65,1164.969971,24.97,24.68,0.63,36.19,1.21,4.19,3.30,5.48,8.43,12.62,56.72,11320000000.0,11320000000.0,29.69,1.88,1.15,13.74,1.15,3140000000.0,13.74,324640000.0,1.85,34.60,10.90,536910000.0,3.03,18040000.0,1.54,16.06,11320000000.0,1.18,N/A,N/A,8070000.0,3.50,5.30,6930000.0,outperform
2577,2011-08-08 06:42:24,1312800144.0,wfm,26.26,73.8,1119.459961,25.18,48.62,0.63,31.75,1.07,3.71,3.30,5.48,8.43,12.62,56.72,9870000000.0,9870000000.0,26.05,1.80,1.00,11.98,1.00,3140000000.0,11.98,324640000.0,1.85,34.60,10.90,536910000.0,3.03,18040000.0,1.54,16.06,9870000000.0,1.06,N/A,N/A,4950000.0,3.20,3.20,5450000.0,outperform
2578,2011-12-30 03:37:03,1325234223.0,wfm,33.73,31.87,1257.599976,12.9,18.97,0.60,36.24,1.23,4.16,3.39,5.51,8.41,12.77,57.69,11840000000.0,11840000000.0,27.00,1.66,1.17,14.02,1.17,3540000000.0,14.02,342610000.0,1.93,31.30,12.20,654320000.0,3.65,17910000.0,1.65,16.72,754840000.0,0.62,N/A,N/A,7050000.0,3.40,4.60,6740000.0,outperform
2579,2013-04-22 02:15:19,1366611319.0,wfm,42.93,14.19,1562.5,20.29,-6.1,0.71,32.47,1.30,4.45,4.06,6.58,10.42,14.68,66.15,15050000000.0,15050000000.0,25.31,1.59,1.24,13.42,1.24,4160000000.0,13.42,493570000.0,2.65,23.70,13.70,926000000.0,5.00,25000000.0,1.85,19.11,961720000.0,0.60,0.70,84.00,3890000.0,2.00,2.10,4130000.0,underperform
2580,2013-05-11 11:58:49,1368287929.0,wfm,50.37,-23.07,1632.689941,14.88,-37.95,0.74,36.41,1.49,5.14,4.13,6.71,10.45,14.61,67.77,17630000000.0,17630000000.0,29.33,1.86,1.41,15.08,1.41,4160000000.0,15.08,517570000.00000006,2.77,20.70,13.40,1080000000.0,5.82,27000000.0,1.94,19.61,992720000.0,0.60,0.70,84.00,3550000.0,1.70,1.90,3890000.0,underperform
2581,2012-08-23 00:29:48,1345696188.0,wfm,46.21,13.01,1402.079956,18.65,-5.639999999999999,0.53,41.36,1.59,4.86,3.84,6.26,9.47,13.21,61.71,16670000000.000002,16670000000.000002,33.45,2.24,1.50,16.67,1.50,3540000000.0,16.67,428320000.0,2.34,32.10,13.60,1070000000.0000001,5.79,19120000.0,2.01,19.73,887320000.0,0.51,0.83,86.40,4460000.0,2.00,2.70,5000000.0,underperform
2582,2004-09-09 13:13:57,1094750037.0,eqt,22.81,47.39,1118.380005,11.01,36.38,0.933,12.01,2.89,3.58,24.71,26.85,9.75,30.22,17.785,3260000000.0,4059999999.9999995,15.25,1.70,3.60,10.51,3.60,582880000.0,10.51,278580000.0,4.393,10.30,2.00,53980000.0,0.87,848970000.0,0.693,14.715,145970000.0,0.251,1.05,71.97,1440000.0,6.848,2.35,1740000.0,outperform
2583,2007-03-13 13:27:15,1173806835.0,eqt,38.84,46.73,1377.949951,-5.02,51.75,0.951,24.32,4.21,5.64,17.37,29.15,7.51,33.22,10.555,5340000000.0,6210000000.0,N/A,2.00,4.90,12.507,4.90,763580000.0,12.507,216020000.0,1.80,0.80,10.00,N/A,N/A,899500000.0,0.65,7.782,619290000.0,0.96,10.87,76.80,4490000.0,7.1,3.90,5000000.0,outperform
2584,2013-05-13 16:28:49,1368476929.0,eqt,74.75,39.71,1633.77002,16.14,23.57,63.81,53.87,6.52,3.13,12.09,29.98,3.71,6.12,11.68,13750000000.0,13750000000.0,23.96,1.29,7.86,12.90,7.86,1180000000.0,12.90,211620000.0,1.40,39.20,24.20,160320000.0,1.07,2510000000.0,1.32,24.18,903980000.0,1.11,1.29,82.70,2390000.0,1.50,1.60,2630000.0,outperform
2585,2005-02-07 15:31:53,1107808313.0,eqt,24.83,25.69,1201.719971,4.42,21.270000000000003,1.118,12.85,3.11,4.30,24.92,27.28,9.76,31.12,18.144,3560000000.0,4450000000.0,15.68,1.68,3.88,11.16,3.88,582880000.0,11.16,286050000.0,4.52,10.30,2.00,46170000.0,0.75,927300000.0,0.597,13.5,172950000.0,0.348,3.98,71.11,1510000.0,6.097,2.56,1470000.0,outperform
2586,2009-09-28 21:43:25,1254188605.0,eqt,39.56,-16.53,1062.97998,7.97,-24.5,N/A,24.17,3.82,2.51,16.15,31.67,5.35,13.01,10.841,7020000000.0,7020000000.0,N/A,3.30,4.97,11.465,4.97,931350000.0,11.465,228330000.0,1.74,51.90,28.70,335350000.0,2.562,1950000000.0,1.954,16.468,888530000.0,0.82,6.22,82.70,6440000.0,5.30,5.30,5930000.0,underperform
2587,2005-01-09 17:04:50,1105308290.0,eqt,25.49,30.95,1187.890015,8.61,22.34,1.118,13.03,3.18,4.41,24.92,27.28,9.76,31.12,18.142,3620000000.0,4500000000.0,17.01,1.89,3.92,11.28,3.92,582880000.0,11.28,286050000.0,4.516,10.30,2.00,46170000.0,0.75,927300000.0,0.597,13.5,172950000.0,0.348,3.98,71.76,1470000.0,4.946,2.49,1360000.0,outperform
2588,2006-06-27 19:35:00,1151451300.0,eqt,29.69,49.71,1239.199951,21.56,28.150000000000002,1.354,16.15,3.11,6.47,19.96,27.41,6.78,37.54,10.632,4050000000.0,4810000000.0,N/A,1.73,3.75,10.763,3.75,742560000.0,10.763,256140000.0,2.08,5.30,7.20,5020000.0,0.042,833430000.0,0.522,5.107,39610000.0,0.55,12.00,72.50,2570000.0,4.1,2.30,2400000.0,outperform
2589,2009-02-04 15:31:45,1233779505.0,eqt,33.73,21.11,832.22998,27.74,-6.629999999999999,0.71,18.38,2.99,2.48,16.21,29.48,N/A,17.07,12.39,4790000000.0,6050000000.0,N/A,1.52,3.84,10.174,3.84,616840000.0,10.174,255600000.0,2.00,44.70,6.30,10630000.0,0.081,1350000000.0,N/A,14.515,N/A,0.82,17.13,67.30,4360000.0,2.5,3.60,4530000.0,underperform
2590,2008-05-19 15:14:09,1211224449.0,eqt,66.59,-47.94,1426.630005,-36.34,-11.599999999999994,1.237,32.78,6.15,8.56,18.84,23.06,5.74,28.33,11.852,8850000000.0,10140000000.0,N/A,2.54,7.04,22.769,7.04,616840000.0,22.769,271390000.0,2.209,24.60,17.40,N/A,N/A,1280000000.0,0.552,8.465,307280000.0,0.83,6.31,72.60,3470000.0,3.5,3.10,3350000.0,underperform
2591,2005-03-06 10:49:09,1110124149.0,eqt,25.69,24.8,1210.469971,5.6,19.200000000000003,1.092,13.63,3.06,4.17,23.49,25.57,9.30,30.68,18.898,3690000000.0,4610000000.0,16.14,1.74,3.87,11.89,3.87,672470000.0,11.89,279850000.0,4.43,64.60,13.80,27590000.0,0.45,955180000.0,0.643,14.332,176360000.0,0.372,0.68,73.52,1200000.0,2.867,1.99,1510000.0,outperform
2592,2004-04-11 04:09:23,1081670963.0,slb,27.01,15.55,1139.319946,3.68,11.870000000000001,1.277,76.04,2.54,6.05,2.55,4.04,1.79,8.21,23.547,36080000000.0,40480000000.0,25.43,1.99,2.88,16.37,2.88,2640000000.0,16.37,472560000.0,0.806,N/A,3.30,3110000000.0,5.28,7510000000.0,1.526,10.037,2100000000.0,1.035,3.44,73.21,10040000.0,3.393,1.77,11230000.0,outperform
2593,2012-02-20 16:29:18,1329773358.0,slb,,,1361.22998,12.47,,31.64,21.17,2.62,3.32,12.64,16.90,7.81,15.26,29.31,108790000000.0,108790000000.0,13.59,0.67,2.75,10.92,2.75,8119999999.999999,10.92,4780000000.0,3.67,35.50,21.00,4830000000.0,3.62,9930000000.0,1.95,23.44,6170000000.0,1.50,0.23,78.60,13880000.0,1.50,1.00,14960000.0,underperform
2594,2012-09-25 00:42:14,1348548134.0,slb,70.11,23.81,1441.589966,17.42,6.389999999999997,31.77,18.45,2.33,3.03,12.66,17.46,8.41,16.71,32.00,106810000000.0,106810000000.0,14.53,1.00,2.50,9.83,2.50,8119999999.999999,9.83,5400000000.0,4.03,4.80,16.20,3500000000.0,2.64,10470000000.0,1.83,24.72,5500000000.0,1.66,0.28,77.00,15100000.0,2.70,1.10,15310000.0,outperform
2595,2013-04-22 02:10:49,1366611049.0,slb,69.24,45.57,1562.5,20.29,25.28,31.02,17.17,2.20,2.64,12.70,17.74,8.07,15.96,32.27,98570000000.0,98570000000.0,12.23,0.89,2.30,8.86,2.30,9090000000.0,8.86,5420000000.0,4.07,3.20,7.90,5560000000.0,4.18,11100000000.0,1.86,26.90,N/A,1.82,0.28,77.20,12140000.0,1.90,0.90,12140000.0,outperform
2596,2012-10-01 16:06:51,1349122011.0,slb,70.01,24.65,1444.48999,17.34,7.309999999999999,31.77,18.17,2.24,2.93,12.66,17.46,8.41,16.71,32.00,102960000000.0,102960000000.0,14.40,0.93,2.41,9.47,2.41,8119999999.999999,9.47,5400000000.0,4.03,4.80,16.20,3500000000.0,2.64,10470000000.0,1.83,24.72,5500000000.0,1.65,0.28,77.00,12940000.0,2.30,1.00,15100000.0,outperform
2597,2013-05-11 07:16:34,1368270994.0,slb,75.43,31.34,1632.689941,14.88,16.46,31.02,18.86,2.39,2.88,12.70,17.77,8.09,15.96,32.28,106200000000.0,106200000000.0,13.52,0.97,2.48,9.51,2.48,9090000000.0,9.51,5420000000.0,4.07,3.20,7.60,5560000000.0,4.18,11100000000.0,1.86,26.82,7070000000.0,1.81,0.28,77.20,11950000.0,1.70,0.90,12140000.0,outperform
2598,2011-04-03 11:33:38,1301844818.0,slb,88.06,-24.11,1325.829956,7.03,-31.14,25.82,27.71,4.62,4.07,15.55,16.51,6.65,16.84,21.96,120500000000.0,120500000000.0,18.67,1.09,4.39,16.53,4.39,5950000000.0,16.53,4269999999.9999995,3.38,N/A,N/A,4990000000.0,3.67,8119999999.999999,1.67,22.94,120500000000.0,1.30,0.20,71.10,14320000.0,1.80,1.10,14280000.0,underperform
2599,2008-12-26 01:46:04,1230273964.0,slb,36.1,67.87,872.7999880000001,28.39,39.480000000000004,0.322,8.28,1.70,2.54,21.35,26.10,14.96,35.39,22.189,45720000000.0,47960000000.0,N/A,3.08,1.81,5.248,1.81,8230000000.0,5.248,5630000000.0,4.62,12.70,22.50,3490000000.0,2.921,5740000000.0,1.516,14.879,7100000000.0,1.51,2.89,78.90,15130000.0,0.8,1.30,15780000.0,outperform
2600,2011-06-09 01:07:37,1307596057.0,slb,81.29,-23.71,1289.0,2.84,-26.55,27.23,24.01,3.68,3.58,14.85,16.17,7.25,17.73,23.67,116910000000.0,116910000000.0,16.35,1.19,3.83,14.86,3.83,5950000000.0,14.86,4540000000.0,3.49,40.50,55.70,4160000000.0,3.07,8610000000.0,1.75,23.15,116910000000.0,1.26,0.23,78.50,11190000.0,1.30,0.80,10350000.0,underperform
2601,2011-08-09 00:38:46,1312864726.0,slb,73.52,-3.73,1172.530029,19.59,-23.32,29.82,19.53,3.19,3.43,14.77,16.10,7.92,18.64,25.73,113770000000.0,113770000000.0,13.49,1.08,3.32,13.22,3.32,5950000000.0,13.22,4840000000.0,3.77,63.70,62.10,4930000000.0,3.66,9560000000.0,1.61,23.60,113770000000.0,1.35,0.23,78.50,18300000.0,2.30,1.30,13360000.0,underperform
2602,2008-10-18 16:19:25,1224361165.0,slb,49.51,28.66,907.840027,20.79,7.870000000000001,0.316,11.20,2.53,3.76,21.80,26.53,15.26,36.61,21.095,59970000000.0,62430000000.0,N/A,0.53,2.48,7.085,2.48,8230000000.0,7.085,5460000000.0,4.46,12.80,19.60,2900000000.0,2.417,5370000000.0,1.645,14.152,6570000000.0,1.14,2.88,79.30,14560000.0,1.2,1.30,14950000.0,outperform
2603,2011-12-22 07:09:32,1324555772.0,slb,64.77,4.18,1254.0,14.05,-9.870000000000001,36.33,20.02,2.43,2.90,12.30,16.47,7.35,14.08,27.77,96920000000.0,96920000000.0,13.79,0.79,2.58,10.28,2.58,5950000000.0,10.28,4410000000.0,3.38,25.00,49.40,6060000000.0,4.52,11490000000.0,1.88,23.47,6140000000.0,1.40,0.23,78.50,16980000.0,1.80,1.30,21310000.0,underperform
2604,2012-05-01 20:00:00,1335916800.0,slb,71.89,-0.22,1405.819946,12.58,-12.8,31.30,19.06,2.39,3.06,12.92,17.23,8.20,16.10,30.86,104950000000.0,104950000000.0,14.17,0.71,2.53,10.01,2.53,8119999999.999999,10.01,5130000000.0,3.96,37.80,21.70,4080000000.0,3.06,10170000000.0,1.97,24.26,6060000000.0,1.67,0.23,78.60,10470000.0,1.10,0.80,10010000.0,underperform
2605,2011-10-08 10:49:16,1318085356.0,slb,58.51,18.15,1144.030029,27.74,-9.59,29.82,16.60,2.52,2.71,14.77,16.10,7.92,18.64,25.73,89150000000.0,89150000000.0,11.64,0.76,2.60,10.36,2.60,5950000000.0,10.36,4840000000.0,3.77,63.70,62.10,4930000000.0,3.66,9560000000.0,1.61,23.60,89150000000.0,1.42,0.23,78.50,23960000.0,2.30,1.80,21980000.0,underperform
2606,2007-03-12 22:13:46,1173752026.0,slb,58.41,34.36,1406.599976,-6.11,40.47,0.574,21.59,3.99,7.36,19.29,25.65,15.07,41.19,16.274,76610000000.0,79710000000.0,N/A,0.75,4.14,12.274,4.14,6020000000.0,12.274,3710000000.0,3.01,71.20,33.00,3000000000.0,2.545,5990000000.0,1.423,8.846,4780000000.0,1.33,2.85,78.80,23000000.0,2.1,N/A,23090000.0,outperform
2607,2008-12-31 12:44:27,1230745467.0,slb,38.72,56.17,903.25,23.45,32.72,0.322,9.12,1.90,2.83,21.35,26.10,14.96,35.39,22.189,50380000000.0,52630000000.0,N/A,3.40,1.98,5.759,1.98,8230000000.0,5.759,5630000000.0,4.62,12.70,22.50,3490000000.0,2.921,5740000000.0,1.516,14.879,7100000000.0,1.51,2.89,78.80,15130000.0,0.8,1.30,15780000.0,outperform
2608,2004-11-15 23:25:30,1100579130.0,slb,28.17,46.75,1183.810059,3.82,42.93,0.74,42.35,3.14,6.52,7.36,9.98,5.16,15.30,20.114,37520000000.0,40490000000.0,25.49,1.99,3.29,13.29,3.29,2640000000.0,13.29,890080000.0,1.505,N/A,3.30,2540000000.0,4.31,4380000000.0,1.438,10.063,1820000000.0,1.065,3.44,75.00,8780000.0,2.377,1.54,7920000.0,outperform
2609,2011-11-18 11:15:37,1321632937.0,slb,67.76,-3.44,1215.650024,11.5,-14.94,36.33,21.20,2.56,3.06,12.30,16.47,7.35,14.08,27.77,101670000000.0,101670000000.0,14.52,0.83,2.70,10.78,2.70,5950000000.0,10.78,4410000000.0,3.38,25.00,49.40,6060000000.0,4.52,11490000000.0,1.88,23.47,101670000000.0,1.34,0.23,78.50,20470000.0,1.50,1.50,18820000.0,underperform
2610,2013-02-03 03:21:43,1359879703.0,slb,75.58,12.21,1498.109985,16.27,-4.059999999999999,33.36,19.45,2.46,2.97,13.03,17.84,8.05,16.51,31.69,111200000000.0,111200000000.0,13.62,0.94,2.64,10.16,2.64,8119999999.999999,10.16,5440000000.0,4.10,3.60,1.80,6270000000.0,4.72,11630000000.0,1.95,26.25,N/A,1.79,0.28,76.40,11900000.0,2.10,0.90,11770000.0,underperform
2611,2005-04-20 01:26:23,1113974783.0,slb,29.97,102.37,1137.5,15.29,87.08000000000001,0.762,40.12,3.42,6.47,9.05,11.44,6.64,16.84,18.942,40240000000.0,41310000000.0,21.54,1.69,3.56,14.21,3.56,2570000000.0,14.21,1010000000.0,1.70,219.50,17.40,3000000000.0,5.09,4660000000.0,1.502,10.394,1900000000.0,1.298,2.67,74.13,10760000.0,2.256,1.88,10190000.0,outperform
2612,2007-10-22 04:23:22,1193041402.0,slb,86.02,-43.11,1506.329956,-36.6,-6.509999999999998,0.412,26.77,6.22,10.36,21.35,27.46,16.33,41.67,18.124,118400000000.0,120800000000.0,N/A,1.13,5.64,15.868,5.64,6020000000.0,15.868,4570000000.0,3.71,46.90,20.30,2880000000.0,2.42,5290000000.0,1.577,10.77,5470000000.0,0.78,2.87,79.90,22760000.0,2.8,2.00,28230000.0,underperform
2613,2005-02-04 07:38:39,1107520719.0,slb,31.25,75.46,1203.030029,6.6,68.86,0.762,41.35,3.36,6.97,8.90,11.44,6.54,16.98,18.942,41440000000.0,42950000000.0,22.70,1.79,3.70,26.84,3.70,2640000000.0,26.84,1010000000.0,1.70,N/A,3.30,3000000000.0,5.09,4660000000.0,1.494,10.063,1820000000.0,1.127,2.45,73.97,10500000.0,2.951,1.83,8220000.000000001,outperform
2614,2012-10-25 01:18:19,1351142299.0,slb,68.23,33.45,1412.969971,24.54,8.910000000000004,32.61,16.97,2.16,2.76,12.63,17.45,8.32,16.87,32.89,101060000000.0,101060000000.0,14.27,0.90,2.30,9.12,2.30,8119999999.999999,9.12,5530000000.0,4.13,9.50,3.70,4760000000.0,3.58,11190000000.0,1.99,25.84,N/A,1.65,0.28,76.40,12550000.0,2.00,0.90,12940000.0,outperform
2615,2009-02-03 17:42:48,1233700968.0,win,4.93,30.22,838.51001,30.86,-0.6400000000000006,9.981,4.32,1.18,7.07,28.37,36.46,8.99,185.32,7.193,3860000000.0,9100000000.0,N/A,2.79,2.82,5.452,2.82,2080000000.0,5.452,927900000.0,2.04,10.00,3.00,111600000.0,0.254,5400000000.0,0.915,1.23,1080000000.0,1.06,0.57,71.60,8760000.0,3.3,2.00,9760000.0,underperform
2616,2011-09-04 00:00:41,1315108841.0,win,8.7,,1204.420044,16.78,,934.32,22.81,1.61,8.06,6.86,29.08,6.79,38.04,8.11,13810000000.0,13810000000.0,14.56,20.00,3.45,7.13,3.45,3640000000.0,7.13,271000000.0,0.55,18.00,12.30,52100000.0,0.10,7480000000.0,0.75,1.57,13810000000.0,0.87,0.49,49.50,27220000.0,3.00,N/A,20680000.0,underperform
2617,2008-01-23 10:53:46,1201103626.0,win,5.57,-13.46,1338.599976,-38.18,24.72,12.367,11.52,1.60,11.35,13.84,35.96,8.90,84.84,6.885,5230000000.0,10860000000.0,N/A,2.36,3.33,6.459,3.33,1890000000.0,6.459,451200000.0,0.95,40.00,6.60,67900000.0,0.142,5700000000.0,0.899,0.966,922800000.0,0.89,0.40,68.80,14400000.0,3.9,3.00,12570000.0,outperform
2618,2011-12-30 07:59:47,1325249987.0,win,8.43,-20.88,1257.599976,12.9,-33.78,908.05,23.05,1.49,7.34,6.42,28.79,6.78,36.24,8.11,13480000000.0,13480000000.0,14.45,14.34,3.32,6.86,3.32,3640000000.0,6.86,257300000.0,0.51,16.10,6.00,34300000.0,0.07,7470000000.0,0.94,1.60,1300000000.0,0.71,0.49,49.50,45380000.0,6.20,9.00,37920000.0,underperform
2619,2013-04-25 04:41:52,1366879312.0,win,7.15,14.55,1585.160034,17.55,-3.0,825.19,31.00,0.84,4.65,2.73,15.92,4.32,12.98,10.53,14090000000.0,14090000000.0,17.08,1.73,2.29,6.18,2.29,3250000000.0,6.18,165100000.0,0.28,N/A,N/A,132000000.0,0.22,9120000000.0,0.60,1.88,1780000000.0,0.72,0.65,37.70,77470000.0,8.50,13.20,70270000.0,underperform
2620,2007-03-09 10:51:29,1173455489.0,win,6.74,-10.53,1402.839966,-4.93,-5.6,11.682,11.64,2.29,14.78,17.98,31.26,9.14,22.51,6.97,6950000000.0,12050000000.0,N/A,15.10,3.97,8.619,3.97,398310000.0,8.619,445600000.0,1.25,39.10,11.00,386800000.0,0.811,5490000000.0,1.281,0.986,1130000000.0,1.15,2.04,72.10,10080000.0,4.4,2.10,8150000.0,underperform
2621,2004-09-18 21:29:39,1095557379.0,win,,,1120.369995,9.58,,0.346,N/A,0.05,0.64,0.48,0.69,1.92,5.44,75.59,536930000.0,777890000.0,N/A,N/A,0.07,8.15,0.07,2810000000.0,8.15,50800000.0,0.361,175.40,1.30,76090000.0,0.54,317060000.0,1.439,6.459,292320000.0,0.533,42.98,54.77,31710000.0,33.659,39.14,36200000.0,underperform
2622,2006-06-19 03:00:38,1150700438.0,el,18.47,18.35,1240.130005,23.67,-5.32,0.361,31.69,1.27,5.32,4.13,10.52,11.04,19.61,29.605,8140000000.000001,8420000000.0,N/A,1.54,1.31,9.597,1.31,4720000000.0,9.597,338500000.0,1.21,44.00,3.50,268300000.0,1.264,555400000.0,1.486,7.25,652800000.0,0.8,63.86,51.60,5020000.0,6.1,2.50,4300000.0,underperform
2623,2009-08-19 00:18:05,1250655485.0,el,16.85,66.77,996.4600220000001,7.95,58.81999999999999,N/A,19.33,0.90,4.20,4.66,8.58,8.07,22.22,39.106,7440000000.0,7440000000.0,N/A,1.73,0.97,8.139,0.97,5910000000.0,8.139,356500000.0,1.80,N/A,16.40,864500000.0,4.395,1420000000.0,2.008,8.338,478300000.0,1.31,5.55,100.50,7500000.0,6.9,4.00,7420000.0,outperform
2624,2007-01-28 18:35:04,1170027304.0,el,19.31,-1.66,1423.900024,-4.91,3.25,0.405,35.72,1.30,5.36,3.72,10.78,11.17,19.31,30.853,8460000000.000001,8930000000.0,N/A,1.70,1.36,9.818,1.36,4780000000.0,9.818,320700000.0,1.14,0.30,6.40,180700000.0,0.866,643000000.0,1.385,7.604,704200000.0,0.69,43.83,56.40,5340000.0,7.1,2.70,5720000.0,outperform
2625,2007-02-18 18:55:51,1171842951.0,el,22.51,,1456.810059,-7.33,,0.389,27.52,1.45,6.08,5.48,11.63,12.71,24.41,32.073,9870000000.0,10240000000.0,N/A,1.76,1.51,10.324,1.51,4780000000.0,10.324,378800000.0,1.74,155.10,11.60,251800000.0,1.219,629200000.0,1.355,7.82,632400000.0,0.75,13.54,48.50,5340000.0,7.1,2.70,5720000.0,underperform
2626,2004-06-22 09:05:21,1087909521.0,el,22.04,-17.7,1134.410034,7.01,-24.71,0.513,31.02,1.91,6.53,6.53,10.72,9.95,23.01,24.227,10690000000.0,10670000000.0,24.63,2.12,1.90,13.55,1.90,3780000000.0,13.55,351300000.0,1.517,66.60,7.90,867800000.0,3.82,841600000.0,1.928,7.222,682200000.0,0.82,47.06,40.83,4840000.0,5.667,4.02,4460000.0,underperform
2627,2003-11-25 06:12:45,1069758765.0,el,17.48,18.08,1053.890015,12.13,5.9499999999999975,0.56,28.74,1.63,5.67,6.31,9.74,9.42,21.18,22.437,8600000000.0,8890000000.0,22.13,1.93,1.70,12.93,1.70,3780000000.0,12.93,305900000.0,1.312,66.60,7.90,482700000.0,2.12,842100000.0,1.91,6.59,N/A,0.893,43.69,40.08,4280000.0,5.925,3.33,4470000.0,outperform
2628,2011-11-12 22:43:12,1321155792.0,el,55.92,0.21,1229.099976,12.07,-11.86,48.74,29.30,2.43,9.07,8.57,14.30,13.96,34.25,46.76,22650000000.0,22650000000.0,22.34,1.71,2.46,14.07,2.46,6870000000.0,14.07,788300000.0,3.93,45.80,18.40,719500000.0,3.74,1210000000.0,1.81,12.79,22650000000.0,1.44,1.88,57.10,4250000.0,3.40,3.60,4520000.0,underperform
2629,2013-05-15 18:18:47,1368656327.0,el,70.25,3.13,1658.780029,12.78,-9.649999999999999,42.07,28.96,2.78,8.72,9.74,14.99,13.72,32.33,25.84,27470000000.0,27470000000.0,24.32,1.92,2.74,15.00,2.74,7720000000.0,15.00,977000000.0,2.48,37.10,1.90,1440000000.0,3.71,1350000000.0,2.24,8.24,1190000000.0,1.28,2.54,93.80,6210000.0,3.40,3.00,5480000.0,underperform
2630,2011-08-15 00:22:48,1313382168.0,el,45.87,28.19,1204.48999,16.56,11.630000000000003,48.54,29.74,2.25,7.72,7.96,13.69,12.26,29.62,43.51,19950000000.0,19950000000.0,23.08,2.24,2.32,13.71,2.32,5970000000.0,13.71,683600000.0,3.39,116.90,16.40,1100000000.0,5.59,1230000000.0,1.88,12.73,19950000000.0,1.46,1.88,57.10,2680000.0,2.70,2.30,2840000.0,outperform
2631,2004-12-10 07:21:02,1102681262.0,el,21.52,-26.91,1188.0,5.84,-32.75,0.317,26.77,1.69,5.79,6.75,11.26,10.52,23.94,25.668,10240000000.0,10220000000.0,20.91,1.79,1.72,11.84,1.72,4310000000.0,11.84,392700000.0,1.695,7.00,13.10,387100000.0,1.71,550100000.0,1.661,7.693,612800000.0,0.738,42.02,46.03,1910000.0,1.526,1.46,N/A,underperform
2632,2009-03-08 01:06:14,1236492374.0,wfc,7.3,258.63,682.549988,66.8,191.82999999999998,N/A,11.42,1.33,0.50,10.83,13.66,0.30,3.88,7.769,36490000000.0,298770000000.0,N/A,1.13,11.38,N/A,11.38,45440000000.0,N/A,2560000000.0,0.75,N/A,81.80,128080000000.00002,30.289,375230000000.0,N/A,16.153,N/A,0.99,0.16,70.60,124490000.0,3.80,3.80,111680000.0,outperform
2633,2013-04-05 12:13:03,1365178383.0,wfc,35.6,37.84,1553.280029,21.74,16.100000000000005,N/A,11.14,2.48,1.35,23.78,39.65,1.42,12.89,15.03,175710000000.0,175710000000.0,9.62,1.06,2.21,N/A,2.21,N/A,N/A,18000000000.0,3.36,23.90,8.10,206530000000.0,39.18,184550000000.0,N/A,27.66,58540000000.0,1.19,0.06,78.10,44930000.0,1.80,0.90,46940000.0,outperform
2634,2004-06-20 03:14:16,1087715656.0,wfc,22.83,7.27,1132.050049,7.42,-0.15000000000000036,N/A,15.43,5.04,2.79,33.13,N/A,1.69,19.60,11.468,98890000000.0,179160000000.0,12.60,1.17,9.17,N/A,9.17,30190000000.0,N/A,6480000000.0,3.798,14.10,7.60,13970000000.0,8.28,93790000000.0,N/A,20.902,43470000000.0,0.396,1.00,67.04,14530000.0,2.811,0.87,14800000.0,underperform
2635,2007-12-13 02:27:00,1197530820.0,wfc,25.85,-8.78,1488.410034,-40.89,32.11,N/A,11.60,2.90,2.14,25.29,37.88,1.74,19.41,10.57,102880000000.0,217650000000.0,N/A,1.17,6.13,N/A,6.13,40820000000.0,N/A,8990000000.0,2.64,4.10,7.70,23430000000.0,6.986,137320000000.0,N/A,14.368,14020000000.0,0.48,0.18,69.70,53670000.0,1.8,1.60,47700000.0,outperform
2636,2006-07-21 00:00:21,1153454421.0,wfc,28.75,2.16,1240.290039,24.66,-22.5,N/A,15.37,3.81,2.83,25.07,56.89,1.69,19.48,18.57,118930000000.0,197370000000.0,N/A,1.25,6.32,N/A,6.32,36680000000.0,N/A,7830000000.0,4.605,8.70,8.20,28110000000.0,16.731,105850000000.0,N/A,25.021,2380000000.0,0.46,0.17,68.30,19420000.0,3.9,1.20,16000000.0,underperform
2637,2010-01-05 23:01:09,1262750469.0,wfc,25.39,16.15,1136.52002,12.32,3.8299999999999983,N/A,26.16,2.49,1.40,13.09,24.06,0.73,7.95,12.075,296260000000.0,296260000000.0,N/A,1.36,5.77,N/A,5.77,47870000000.0,N/A,4580000000.0,1.07,97.60,107.50,77280000000.0,16.495,245090000000.0,N/A,19.462999,8220000000.000001,1.42,0.15,74.50,79690000.0,1.6,1.90,77210000.0,outperform
2638,2004-11-21 18:32:57,1101079977.0,wfc,24.61,2.89,1183.550049,6.02,-3.1299999999999994,N/A,15.38,5.23,2.88,33.95,N/A,1.70,19.64,11.787,104130000000.0,186810000000.0,13.35,1.24,9.25,N/A,9.25,30190000000.0,N/A,6850000000.0,4.001,14.10,7.60,13250000000.0,7.83,95600000000.0,N/A,21.712999,46820000000.0,0.265,1.00,67.98,15110000.0,4.914,0.90,15500000.0,underperform
2639,2011-09-02 19:42:43,1315006963.0,wfc,22.32,44.27,1173.969971,20.15,24.120000000000005,N/A,9.36,1.84,1.06,19.95,34.58,1.19,11.42,13.77,164790000000.0,164790000000.0,6.92,0.65,2.27,N/A,2.27,N/A,N/A,13680000000.0,2.58,28.90,6.60,165620000000.0,31.37,196750000000.0,N/A,23.86,164790000000.0,1.51,0.06,77.00,51110000.0,1.00,1.00,36810000.0,outperform
2640,2012-09-20 12:57:29,1348160249.0,wfc,33.27,25.25,1460.26001,17.1,8.149999999999999,N/A,11.67,2.47,1.35,22.56,38.47,1.34,12.09,14.29,214020000000.0,214020000000.0,9.63,1.26,2.84,N/A,2.84,N/A,N/A,16149999999.999998,3.02,17.10,5.10,154630000000.0,29.28,181010000000.0,N/A,26.06,20480000000.0,1.13,0.05,77.50,45710000.0,2.50,0.90,37840000.0,outperform
2641,2004-08-10 23:36:10,1092195370.0,wfc,22.37,7.55,1079.040039,13.91,-6.36,N/A,14.62,4.82,2.68,33.73,N/A,1.70,19.61,11.563,96250000000.0,177660000000.0,12.26,1.12,8.99,N/A,8.99,30190000000.0,N/A,6660000000.0,3.899,14.10,7.60,13450000000.0,7.96,95440000000.0,N/A,21.034,43470000000.0,0.353,1.00,66.64,15120000.0,4.444,0.90,17930000.0,underperform
2642,2011-11-04 10:15:12,1320416112.0,wfc,23.53,35.36,1253.22998,12.68,22.68,N/A,9.56,1.87,1.07,20.83,35.65,1.23,11.74,13.82,154610000000.0,154610000000.0,7.92,0.70,2.12,N/A,2.12,N/A,N/A,14370000000.0,2.70,21.40,2.20,165900000000.0,31.47,183990000000.0,N/A,24.14,154610000000.0,1.99,0.06,77.00,62000000.0,1.40,N/A,64330000.0,outperform
2643,2007-02-23 12:15:55,1172250955.0,wfc,29.34,-10.74,1451.189941,-6.28,-4.46,N/A,14.56,3.65,2.66,25.33,56.45,1.76,19.60,9.942,122290000000.0,196010000000.0,N/A,1.21,5.85,N/A,5.85,36680000000.0,N/A,8480000000.0,2.49,13.00,10.70,26710000000.0,7.91,99970000000.0,N/A,13.592,N/A,0.24,0.07,68.30,28230000.0,3.1,0.80,26160000.0,underperform
2644,2005-04-08 15:45:00,1112989500.0,wfc,23.56,11.21,1181.199951,11.04,0.1700000000000017,N/A,14.64,4.84,2.68,33.45,N/A,1.71,19.48,12.238,101640000000.0,184450000000.0,11.82,1.09,8.80,N/A,8.80,32060000000.000004,N/A,7010000000.0,4.09,13.10,6.60,12900000000.0,7.61,95540000000.0,N/A,22.356001,20090000000.0,0.154,0.13,67.27,14120000.0,3.508,0.83,11510000.0,outperform
2645,2013-05-18 11:19:35,1368890375.0,wfc,37.96,28.27,1658.780029,12.78,15.49,N/A,11.30,2.60,1.39,24.82,40.56,1.46,13.07,15.11,175740000000.0,175740000000.0,10.44,1.31,2.20,N/A,2.20,N/A,N/A,18910000000.0,3.53,21.70,2.00,221580000000.0,41.84,194550000000.0,N/A,28.26,51770000000.0,1.18,0.06,78.10,42110000.0,2.00,0.80,39560000.0,outperform
2646,2012-01-01 23:06:14,1325477174.0,wfc,25.72,26.44,1263.02002,12.92,13.520000000000001,N/A,10.21,2.01,1.15,20.83,35.65,1.23,11.74,13.82,165430000000.0,165430000000.0,8.53,0.75,2.27,N/A,2.27,N/A,N/A,14370000000.0,2.70,21.40,2.20,164350000000.0,31.16,183990000000.0,N/A,24.14,33759999999.999996,2.00,0.06,77.00,46530000.0,1.50,0.90,54390000.0,outperform
2647,2009-02-03 17:07:41,1233698861.0,wfc,16.35,55.96,838.51001,30.86,25.1,N/A,9.23,1.97,1.36,20.79,30.57,1.15,14.26,9.795,62220000000.0,227640000000.0,N/A,1.87,7.01,N/A,7.01,45440000000.0,N/A,6750000000.0,2.03,24.70,12.00,29300000000.0,8.81,192540000000.0,N/A,14.151,20380000000.0,0.66,0.16,58.60,125870000.0,3.80,3.80,144380000.0,outperform
2648,2012-03-09 20:40:39,1331343639.0,wfc,29.45,17.32,1370.869995,12.44,4.880000000000001,N/A,11.25,2.27,1.27,21.73,36.70,1.26,12.03,13.84,207050000000.0,207050000000.0,8.79,1.03,2.84,N/A,2.84,N/A,N/A,15020000000.0,2.82,20.30,0.90,133430000000.0,25.30,174440000000.0,N/A,24.65,13660000000.0,1.57,0.06,76.80,34220000.0,1.10,0.60,33910000.0,outperform
2649,2009-05-12 19:22:50,1242170570.0,wfc,23.16,31.91,908.349976,28.99,2.9200000000000017,N/A,34.49,3.34,1.63,10.93,16.49,0.39,4.99,9.369,348930000000.0,348930000000.0,N/A,1.70,10.30,N/A,10.30,47870000000.0,N/A,2750000000.0,0.76,52.30,92.80,87310000000.0,20.488,322730000000.0,N/A,16.290001,N/A,1.39,0.17,69.60,149770000.0,3.50,3.50,168230000.0,outperform
2650,2005-09-04 13:58:18,1125856698.0,wfc,23.82,,1221.589966,7.32,,N/A,13.90,3.41,2.56,24.72,58.36,1.71,19.53,17.461,100080000000.0,173660000000.0,N/A,1.19,5.88,N/A,5.88,32060000000.000004,N/A,7300000000.0,4.26,11.40,6.10,27640000000.0,16.375,100760000000.0,N/A,23.304001,37530000000.0,N/A,0.17,67.90,14800000.0,4.2,0.90,16890000.0,underperform
2651,2011-12-29 18:35:29,1325201729.0,wfc,25.72,25.47,1263.02002,11.04,14.43,N/A,10.25,1.96,1.12,20.83,35.65,1.23,11.74,13.82,163060000000.0,163060000000.0,8.57,0.75,2.24,N/A,2.24,N/A,N/A,14370000000.0,2.70,21.40,2.20,164350000000.0,31.16,183990000000.0,N/A,24.14,33759999999.999996,2.00,0.06,77.00,54390000.0,1.60,1.00,48910000.0,outperform
2652,2005-09-27 13:27:55,1127842075.0,wfc,23.37,25.55,1215.660034,9.95,15.600000000000001,N/A,13.75,3.35,2.52,24.72,58.36,1.71,19.53,17.461,98970000000.0,172550000000.0,N/A,1.18,5.84,N/A,5.84,32060000000.000004,N/A,7300000000.0,4.26,11.40,6.10,27640000000.0,16.375,100760000000.0,N/A,23.304001,37530000000.0,N/A,0.17,67.90,14800000.0,4.2,0.90,16890000.0,outperform
2653,2005-03-08 20:26:14,1110331574.0,wfc,24.05,7.73,1219.430054,4.84,2.8900000000000006,N/A,14.84,4.91,2.72,33.45,N/A,1.71,19.48,12.238,102950000000.0,185880000000.0,11.98,1.14,8.87,N/A,8.87,30190000000.0,N/A,7010000000.0,4.09,14.10,7.60,12900000000.0,7.61,95540000000.0,N/A,22.356001,46820000000.0,0.313,0.36,67.91,11510000.0,3.018,0.68,13690000.0,outperform
2654,2012-03-09 07:00:14,1331294414.0,wfc,29.45,17.32,1370.869995,12.44,4.880000000000001,N/A,11.13,2.20,1.23,21.73,36.70,1.26,12.03,13.84,201830000000.0,201830000000.0,8.70,0.99,2.76,N/A,2.76,N/A,N/A,15020000000.0,2.82,20.30,0.90,133430000000.0,25.30,174440000000.0,N/A,24.65,13660000000.0,1.57,0.06,76.80,34220000.0,1.10,0.60,33910000.0,outperform
2655,2008-11-01 21:08:41,1225588121.0,wfc,28.03,-7.99,930.090027,14.62,-22.61,N/A,16.80,3.26,2.25,20.79,30.57,1.15,14.26,9.795,113090000000.0,276020000000.0,N/A,2.01,8.50,N/A,8.50,45440000000.0,N/A,6750000000.0,2.03,28.30,12.00,30050000000.0,9.048,192540000000.0,N/A,14.151,N/A,0.14,0.20,73.80,132090000.0,4.00,4.00,126370000.0,underperform
2656,2006-09-02 12:06:03,1157213163.0,wfc,28.13,6.4,1305.369995,11.66,-5.26,N/A,14.77,3.64,2.79,24.89,56.71,1.72,19.74,9.575,117250000000.0,188390000000.0,N/A,1.39,5.85,N/A,5.85,36680000000.0,N/A,8010000000.0,2.357,9.40,12.80,26780000000.0,7.953,97380000000.0,N/A,12.473,4890000000.0,0.43,0.17,68.50,47920000.0,4.3,1.40,35250000.0,underperform
2657,2005-08-28 13:08:00,1125248880.0,wfc,23.76,19.87,1212.369995,7.37,12.5,N/A,13.79,3.41,2.56,24.72,58.36,1.71,19.53,17.461,99240000000.0,175110000000.0,N/A,1.22,5.93,N/A,5.93,32060000000.000004,N/A,7300000000.0,4.26,11.40,6.10,27640000000.0,16.382,100760000000.0,N/A,23.304001,N/A,N/A,0.17,67.90,13110000.0,3.2,0.80,13880000.0,outperform
2658,2011-04-29 04:19:07,1304065147.0,wfc,26.62,16.9,1363.609985,1.99,14.909999999999998,N/A,13.24,2.06,1.30,16.51,37.29,1.01,10.46,14.32,225150000000.0,225150000000.0,8.41,1.89,3.01,N/A,3.01,N/A,N/A,11630000000.0,2.21,20.90,11.50,139770000000.0,26.53,212380000000.0,N/A,22.50,225150000000.0,1.51,0.06,77.00,36790000.0,1.20,0.70,37670000.0,outperform
2659,2011-11-02 09:51:29,1320241889.0,wfc,23.47,37.2,1237.900024,15.32,21.880000000000003,N/A,9.17,1.78,1.02,20.83,35.65,1.23,11.74,13.82,149130000000.0,149130000000.0,7.60,0.71,2.05,N/A,2.05,N/A,N/A,14370000000.0,2.70,21.40,2.20,165900000000.0,31.47,183990000000.0,N/A,24.14,149130000000.0,1.99,0.06,77.00,62000000.0,1.40,N/A,64330000.0,outperform
2660,2008-10-11 19:04:43,1223766283.0,wfc,27.85,-5.82,984.9400019999999,8.18,-14.0,N/A,12.98,2.69,1.88,21.72,32.34,1.27,15.30,10.103,93680000000.0,257610000000.0,N/A,1.68,7.68,N/A,7.68,45440000000.0,N/A,7290000000.0,2.18,23.10,7.90,26580000000.0,8.033,190070000000.0,N/A,14.497,14770000000.0,0.14,0.20,73.90,174930000.0,3.7,5.30,176110000.0,underperform
2661,2003-11-03 15:46:34,1067892394.0,wfc,21.97,6.83,1059.02002,6.76,0.07000000000000028,N/A,15.94,4.83,2.92,30.84,N/A,1.67,19.42,11.561,95360000000.0,167390000000.0,13.77,1.26,8.54,N/A,8.54,26880000000.0,N/A,6040000000.0,3.563,58.70,1.00,15420000000.0,9.18,88170000000.0,N/A,19.27,N/A,0.368,1.00,68.07,24870000.0,5.255,1.50,19180000.0,outperform
2662,2008-12-18 05:29:07,1229596147.0,wfc,26.16,-7.42,885.2800289999999,24.53,-31.950000000000003,N/A,14.79,3.05,2.10,20.79,30.57,1.15,14.26,9.795,99690000000.0,262720000000.00003,N/A,1.74,8.09,N/A,8.09,45440000000.0,N/A,6750000000.0,2.03,24.70,12.00,29300000000.0,8.81,192540000000.0,N/A,14.151,20380000000.0,0.3,0.17,65.40,123760000.0,1.4,3.70,124910000.0,underperform
2663,2005-10-31 08:29:34,1130765374.0,wfc,24.01,22.57,1207.01001,14.16,8.41,N/A,13.79,3.30,2.51,24.69,57.73,1.72,19.67,18.03,102400000000.0,176420000000.0,N/A,1.22,5.79,N/A,5.79,32060000000.000004,N/A,7530000000.0,4.40,13.00,11.80,28270000000.0,16.747,101840000000.0,N/A,23.739,N/A,N/A,0.17,67.90,17080000.0,3.3,1.00,14580000.0,outperform
2664,2008-12-27 12:26:38,1230398798.0,wfc,24.25,1.03,868.150024,29.76,-28.73,N/A,13.57,2.81,1.94,20.79,30.57,1.15,14.26,9.795,91480000000.0,255170000000.0,N/A,1.61,7.86,N/A,7.86,45440000000.0,N/A,6750000000.0,2.03,24.70,12.00,29300000000.0,8.81,192540000000.0,N/A,14.151,20380000000.0,0.3,0.17,65.50,123760000.0,1.4,3.70,124910000.0,underperform
2665,2005-04-05 08:05:12,1112702712.0,aro,14.28,-10.22,1181.390015,11.02,-21.240000000000002,2.881,21.82,1.86,7.54,8.72,14.10,24.17,41.98,16.841,1790000000.0,1610000000.0,14.11,0.70,1.67,11.83,1.67,229720000.0,11.83,84110000.0,1.47,73.40,33.40,182350000.0,3.28,2.881,2.881,4.266,143970000.0,1.54,6.59,95.00,3640000.0,3.37,6.99,3510000.0,underperform
2666,2009-12-08 04:41:14,1260265274.0,aro,20.71,18.54,1091.939941,12.49,6.049999999999999,N/A,10.20,0.91,4.32,9.49,16.08,29.02,54.83,31.603,1650000000.0,1650000000.0,N/A,0.59,0.78,4.23,0.78,654180000.0,4.23,201120000.0,2.96,46.90,17.80,285630000.0,4.271,N/A,2.064,6.705,N/A,0.95,0.32,109.60,10100000.0,2.9,15.20,11680000.0,outperform
2667,2005-01-24 16:39:03,1106602743.0,aro,11.87,11.2,1163.75,8.86,2.34,2.36,19.89,1.64,7.12,8.39,13.62,23.20,40.81,15.771,1460000000.0,1370000000.0,14.54,0.74,1.51,9.85,1.51,229720000.0,9.85,76370000.0,1.323,73.40,33.40,120660000.0,2.17,2.36,2.36,3.762,143970000.0,1.508,6.59,95.00,3080000.0,2.69,5.91,3060000.0,outperform
2668,2013-04-23 04:20:20,1366705220.0,aro,13.01,-62.87,1578.780029,18.79,-81.66,N/A,30.33,0.43,2.49,1.46,3.86,7.80,8.52,29.80,790890000.0,790890000.0,17.62,2.61,0.33,5.01,0.33,589360000.0,5.01,34920000.0,0.43,N/A,1.30,231500000.0,2.96,0.00,2.16,5.24,144810000.0,1.54,0.90,96.20,10250000.0,4.30,15.00,8580000.0,underperform
2669,2012-11-26 22:33:46,1353987226.0,aro,13.77,-27.16,1406.290039,28.19,-55.35,N/A,18.34,0.49,2.78,2.55,4.77,9.43,15.62,29.49,1000000000.0,1000000000.0,11.38,1.29,0.42,5.66,0.42,608340000.0,5.66,60850000.0,0.75,97.60,3.70,169640000.0,2.09,0.00,2.09,5.19,161340000.0,1.51,0.87,96.80,6000000.0,2.60,8.80,6060000.0,underperform
2670,2007-02-18 19:32:12,1171845132.0,aro,16.95,,1456.810059,-7.33,,N/A,22.47,1.49,6.89,6.80,11.19,17.88,33.60,24.958,1980000000.0,1780000000.0,N/A,0.87,1.33,9.786,1.33,362480000.0,9.786,91160000.0,1.68,24.90,18.70,203340000.0,3.868,N/A,2.101,5.536,174200000.0,1.62,6.12,91.40,4640000.0,3.4,9.00,5000000.0,underperform
2671,2004-08-10 05:04:43,1092128683.0,aro,13.34,-11.69,1079.040039,13.91,-25.6,2.996,29.01,2.02,9.08,7.39,12.01,20.46,35.92,13.559,1610000000.0,1500000000.0,17.03,0.68,1.89,13.81,1.89,229720000.0,13.81,58400000.0,0.998,73.40,33.40,104070000.0,1.88,2.996,2.996,3.176,97720000.0,1.74,14.94,86.11,4019999.9999999995,2.894,8.52,4540000.0,underperform
2672,2012-11-04 03:27:48,1352017668.0,aro,13.21,-29.9,1427.589966,23.84,-53.739999999999995,N/A,17.68,0.45,2.54,2.55,4.77,9.43,15.62,29.49,909580000.0,909580000.0,10.89,1.21,0.38,5.12,0.38,608340000.0,5.12,60850000.0,0.75,97.60,3.70,169640000.0,2.09,0.00,2.09,5.19,161340000.0,1.51,0.87,96.80,6060000.0,2.90,8.90,5040000.0,underperform
2673,2013-05-09 09:57:10,1368107830.0,aro,14.87,,1626.670044,15.48,,N/A,34.53,0.49,2.83,1.46,3.86,7.80,8.52,29.80,937400000.0,937400000.0,20.34,3.07,0.39,5.94,0.39,589360000.0,5.94,34920000.0,0.43,N/A,1.30,231500000.0,2.96,0.00,2.16,5.24,144810000.0,1.55,0.90,96.20,11470000.0,5.10,N/A,10250000.0,underperform
2674,2007-05-17 10:55:19,1179413719.0,aro,20.74,11.04,1512.75,-5.78,16.82,N/A,23.11,1.68,7.59,7.55,12.29,20.68,35.73,26.522,2370000000.0,2089999999.9999998,N/A,0.83,1.48,9.982,1.48,455420000.0,9.982,106650000.0,1.98,37.00,16.40,276290000.0,5.349,N/A,2.42,6.043,177450000.0,1.36,6.19,101.90,6340000.0,5.2,12.50,5840000.0,outperform
2675,2007-01-19 21:19:59,1169259599.0,aro,15.92,-1.7,1430.5,-4.01,2.3099999999999996,N/A,21.31,1.42,6.53,6.80,11.19,17.88,33.60,24.958,1880000000.0,1680000000.0,N/A,0.87,1.25,9.225,1.25,362480000.0,9.225,91160000.0,1.68,24.90,18.70,203340000.0,3.868,N/A,2.101,5.536,174200000.0,1.59,5.36,105.30,5000000.0,3.2,9.70,4210000.0,outperform
2676,2009-02-14 21:23:00,1234664580.0,aro,14.59,58.33,833.73999,29.35,28.979999999999997,N/A,10.33,0.85,5.31,8.17,13.53,24.74,54.05,26.669,1490000000.0,1380000000.0,N/A,0.68,0.77,4.874,0.77,553200000.0,4.874,145930000.0,2.16,18.40,16.80,107200000.0,1.604,N/A,1.604,4.267,192910000.0,1.18,20.43,111.10,8380000.000000001,3.4,12.60,7960000.0,outperform
2677,2007-01-26 00:13:15,1169788395.0,wynn,72.78,6.55,1422.180054,-5.88,12.43,1.038,16.95,9.85,4.89,59.25,3.19,0.72,34.92,11.451,10860000000.0,12190000000.0,N/A,N/A,10.71,57.18,10.71,309580000.0,57.18,674270000.0,6.31,N/A,26.50,1400000000.0,13.81,2380000000.0,3.36,22.58,205960000.0,2.76,26.01,60.00,7750000.0,2.8,10.50,8050000.000000001,outperform
2678,2007-04-06 08:50:41,1175863841.0,wynn,66.32,19.6,1437.77002,-4.89,24.490000000000002,1.45,15.81,6.98,6.08,43.90,6.89,1.71,39.19,14.323,10060000000.0,11600000000.0,N/A,1.22,8.10,39.569,8.10,589540000.0,39.569,628730000.0,6.24,N/A,109.20,789410000.0,7.747,2390000000.0,2.144,16.150999,240770000.0,2.91,49.37,58.30,6640000.0,3.7,8.90,7260000.0,outperform
2679,2008-12-04 06:23:47,1228389827.0,wynn,26.73,86.76,845.2199710000001,30.85,55.910000000000004,3.51,10.24,1.27,2.79,14.11,14.97,4.67,26.32,28.004,4160000000.0,7110000000.0,N/A,0.60,2.31,9.957,2.31,1060000000.0,9.957,435290000.0,3.91,14.30,17.70,1710000000.0,16.476,4920000000.0,2.132,13.472,605650000.0,2.15,48.14,59.90,14450000.0,18.70,18.70,13700000.0,outperform
2680,2007-06-12 15:57:36,1181678256.0,wynn,63.44,-1.61,1493.0,-10.55,8.940000000000001,1.361,14.18,5.37,5.64,39.02,11.20,3.16,42.64,17.785,9670000000.0,11140000000.0,N/A,1.30,6.22,27.487,6.22,589540000.0,27.487,698570000.0,6.68,N/A,129.20,801630000.0,7.861,2320000000.0,2.108,16.721001,382850000.0,2.81,49.37,58.20,6930000.0,5.1,9.30,6830000.0,outperform
2681,2004-07-31 14:29:39,1091298579.0,wynn,22.13,64.48,1095.420044,13.54,50.940000000000005,0.651,N/A,075.99,2.96,N/A,N/A,3.46,5.32,0.013,3190000000.0,3390000000.0,99.39,N/A,3316.08,N/A,3316.08,53190000.0,N/A,53130000.0,0.663,N/A,12.20,390680000.0,4.38,636290000.0,4.64,11.931,13460000.0,N/A,62.99,41.22,5240000.0,13.53,15.87,5880000.0,outperform
2682,2006-06-17 22:18:59,1150597139.0,wynn,42.43,50.51,1230.040039,23.81,26.7,1.397,N/A,7.03,4.45,7.24,4.92,0.86,4.54,10.151,6930000000.0,8650000000.0,N/A,3.27,8.66,44.209,8.66,309580000.0,44.209,72340000.0,0.74,N/A,N/A,477030000.0,4.743,2200000000.0,2.871,15.709,87700000.0,2.29,26.25,61.40,7490000.0,6.4,10.00,8510000.0,outperform
2683,2003-12-14 20:31:51,1071451911.0,wynn,16.61,149.67,1071.209961,11.9,137.76999999999998,0.628,N/A,252.67,2.14,N/A,N/A,3.80,5.20,0.013,2270000000.0,2560000000.0,N/A,N/A,2668.64,N/A,2668.64,N/A,N/A,47270000.0,0.622,N/A,N/A,346570000.0,4.21,634640000.0,5.753,12.3,N/A,N/A,65.03,42.26,4050000.0,12.042,14.05,4179999.9999999995,outperform
2684,2007-07-14 11:41:10,1184427670.0,wynn,63.61,-22.47,1518.76001,-17.47,-5.0,1.361,14.72,5.52,5.80,39.02,11.20,3.16,42.64,17.785,10030000000.0,11550000000.0,N/A,1.25,6.45,28.509,6.45,589540000.0,28.509,698570000.0,6.68,N/A,129.20,801630000.0,7.861,2320000000.0,2.108,16.721001,382850000.0,2.9,49.37,58.40,6410000.0,3.9,8.60,6930000.0,underperform
2685,2008-12-19 20:36:33,1229736993.0,wynn,30.36,53.19,887.8800050000001,24.92,28.269999999999996,3.51,10.80,1.50,3.31,14.11,14.97,4.67,26.32,28.004,4390000000.0,7850000000.0,N/A,0.71,2.54,10.982,2.54,1060000000.0,10.982,435290000.0,3.91,14.30,17.70,1710000000.0,16.476,4920000000.0,2.132,13.472,605650000.0,2.15,48.14,59.90,16420000.000000002,3.7,21.20,14450000.0,outperform
2686,2007-05-11 14:07:05,1178906825.0,wynn,65.1,10.52,1505.849976,-7.52,18.04,1.45,14.39,5.46,5.94,39.02,11.20,N/A,N/A,17.785,9800000000.0,11380000000.0,N/A,1.28,6.36,28.664,6.36,589540000.0,28.664,698570000.0,6.68,N/A,129.20,789410000.0,7.747,2390000000.0,N/A,16.150999,N/A,3.05,49.37,58.10,6830000.0,5.3,9.20,6640000.0,outperform
2687,2012-11-12 12:14:45,1352740485.0,wynn,99.87,60.32,1380.030029,28.09,32.230000000000004,916.59,20.61,2.08,31.64,11.16,20.49,N/A,N/A,47.73,14130000000.0,14130000000.0,17.91,1.94,2.71,9.73,2.71,1960000000.0,9.73,581140000.0,5.26,11.80,N/A,2150000000.0,21.55,5460000000.0,N/A,3.42,N/A,1.62,20.30,70.40,4600000.0,2.70,7.50,4310000.0,outperform
2688,2007-03-20 20:35:41,1174437341.0,wynn,65.89,4.39,1410.939941,-7.97,12.36,1.45,15.65,6.76,5.88,43.90,6.89,1.71,39.19,14.323,9950000000.0,11280000000.0,N/A,0.93,7.88,38.478,7.88,589540000.0,38.478,628730000.0,6.24,N/A,109.20,789410000.0,7.747,2390000000.0,2.144,16.150999,240770000.0,2.94,49.37,58.30,7260000.0,4.2,9.80,7720000.0,outperform
2689,2004-05-21 20:36:12,1085186172.0,wynn,25.5,16.39,1093.560059,8.41,7.98,0.651,N/A,243.35,3.38,N/A,N/A,3.46,5.32,0.013,3310000000.0,3560000000.0,130.06,N/A,3483.44,N/A,3483.44,53190000.0,N/A,53130000.0,0.663,N/A,12.20,390680000.0,4.75,636290000.0,4.64,11.931,13460000.0,N/A,64.95,43.19,5650000.0,10.541,19.62,5830000.0,outperform
2690,2005-04-03 22:38:45,1112582325.0,wynn,42.83,10.6,1180.589966,9.93,0.6699999999999999,0.974,N/A,459.86,4.08,N/A,N/A,8.44,16.15,0.002,6550000000.0,7710000000.0,56.93,8.05,39520.62,N/A,39520.62,205610000.0,N/A,205590000.0,2.25,N/A,80.80,445560000.0,4.49,1600000000.0,2.655,16.612,122300000.0,0.68,63.00,55.64,7480000.0,7.423,20.37,7180000.0,outperform
2691,2008-10-29 04:05:50,1225267550.0,wynn,28.95,37.13,930.090027,14.62,22.510000000000005,2.327,8.66,1.17,2.16,14.45,16.62,5.42,25.59,26.681,3410000000.0,6030000000.0,N/A,0.61,2.03,8.193,2.03,1060000000.0,8.193,428900000.0,3.80,203.70,20.00,1330000000.0,12.857,3900000000.0,1.855,15.503,660790000.0,2.2,48.27,65.80,13590000.0,6.2,17.60,15880000.0,outperform
2692,2013-05-12 11:27:17,1368372437.0,wynn,131.74,51.44,1626.670044,16.6,34.839999999999996,567.83,24.89,2.68,N/A,10.81,21.82,N/A,N/A,52.21,17860000000.0,17860000000.0,19.93,1.92,3.42,11.74,3.42,1900000000.0,11.74,564430000.0,5.59,44.40,5.00,1860000000.0,18.60,5790000000.0,N/A,2.59,N/A,1.62,20.29,74.20,4480000.0,3.20,6.80,4550000.0,outperform
2693,2005-02-07 02:53:23,1107762803.0,wynn,45.09,-14.93,1201.719971,4.42,-19.35,0.806,N/A,004.01,4.89,N/A,N/A,4.60,8.19,0.005,6890000000.0,7680000000.0,161.63,N/A,19538.54,N/A,19538.54,68650000.0,N/A,91120000.0,1.10,N/A,12.20,215130000.0,2.17,1000000000.0,1.633,13.783,32810000.000000004,0.579,62.98,45.32,6250000.0,3.662,17.02,5640000.0,underperform
2694,2011-09-05 15:47:02,1315252022.0,wynn,,,1173.969971,19.67,,115.43,49.02,3.89,7.55,7.73,18.13,7.63,18.27,39.44,19710000000.0,19710000000.0,23.66,0.43,4.05,15.36,4.05,1490000000.0,15.36,376570000.0,3.02,132.90,32.40,1780000000.0,14.39,3160000000.0,1.79,20.23,19710000000.0,2.55,35.66,59.80,3220000.0,1.10,5.30,3120000.0,underperform
2695,2013-04-23 14:51:25,1366743085.0,wynn,121.26,67.07,1578.780029,18.79,48.279999999999994,567.83,26.86,2.50,N/A,9.74,20.67,9.39,62.62,50.00,16710000000.0,16710000000.0,19.32,1.91,3.24,11.51,3.24,1900000000.0,11.51,502040000.0,4.82,41.50,4.10,1860000000.0,18.60,5790000000.0,1.95,2.59,1190000000.0,1.62,20.29,74.20,4230000.0,4.10,6.40,4530000.0,outperform
2696,2004-10-15 12:12:30,1097856750.0,wynn,33.03,-18.1,1108.199951,6.27,-24.37,0.579,N/A,545.17,3.80,N/A,N/A,4.83,7.87,0.01,4660000000.0,4940000000.0,121.63,N/A,5872.26,N/A,5872.26,59020000.0,N/A,82380000.0,0.996,N/A,12.20,433660000.0,4.86,708740000.0,3.648,13.755,32810000.000000004,N/A,62.99,48.91,5670000.0,16.203,17.18,5470000.0,underperform
2697,2011-11-19 18:24:18,1321745058.0,wynn,100.86,-3.63,1236.910034,9.41,-13.04,108.83,28.42,2.90,5.82,10.40,19.02,8.30,23.97,41.69,16320000000.0,16320000000.0,19.61,0.39,3.16,11.81,3.16,1490000000.0,11.81,537140000.0,4.28,N/A,29.10,1910000000.0,15.39,3110000000.0,1.66,20.74,16320000000.0,2.75,35.66,59.80,5050000.0,1.00,8.30,6840000.0,underperform
2698,2005-03-08 17:21:03,1110320463.0,wynn,45.71,-2.54,1219.430054,4.84,-7.38,0.806,N/A,732.16,5.39,N/A,N/A,4.60,8.19,0.005,7230000000.0,8150000000.0,165.80,N/A,20736.89,N/A,20736.89,68650000.0,N/A,91120000.0,1.10,N/A,12.20,215130000.0,2.17,1000000000.0,1.633,13.783,32810000.000000004,0.68,62.99,56.52,7180000.0,5.746,19.57,6250000.0,underperform
2699,2006-07-18 13:03:47,1153242227.0,wynn,44.48,49.73,1236.859985,25.01,24.719999999999995,1.397,N/A,7.07,4.47,7.24,4.92,0.86,4.54,10.151,7060000000.0,8780000000.0,N/A,3.15,8.79,44.877,8.79,309580000.0,44.877,72340000.0,0.74,N/A,N/A,477030000.0,4.743,2200000000.0,2.871,15.709,87700000.0,2.32,26.25,61.40,8090000.0,7.6,10.80,7490000.0,outperform
2700,2012-07-06 11:35:45,1341588945.0,wynn,86.89,37.05,1354.680054,19.25,17.799999999999997,247.43,21.59,2.16,46.16,10.90,18.95,8.89,52.16,43.89,14980000000.0,14980000000.0,14.65,1.28,2.82,10.63,2.82,1960000000.0,10.63,580130000.0,4.72,19.10,4.20,1990000000.0,17.68,5500000000.0,1.72,2.21,1530000000.0,2.06,20.15,73.70,4210000.0,1.80,6.90,3350000.0,outperform
2701,2013-04-25 02:25:59,1366871159.0,psx,59.86,36.32,1585.160034,17.55,18.77,33.52,9.55,0.23,1.84,2.48,2.82,6.41,18.74,264.25,39450000000.0,39450000000.0,8.69,0.68,0.24,7.05,0.24,20940000000.0,7.05,4120000000.0,6.48,64.80,9.00,3470000000.0,5.59,6970000000.0,1.44,33.32,4300000000.0,2.19,0.02,69.80,6260000.0,1.50,1.00,6730000.0,outperform
2702,2013-04-14 18:26:58,1365978418.0,psx,59.97,28.51,1593.369995,14.89,13.620000000000001,33.52,9.37,0.23,1.86,2.48,2.82,6.41,18.74,264.25,41210000000.0,41210000000.0,8.77,0.75,0.25,7.37,0.25,20940000000.0,7.37,4120000000.0,6.48,64.80,9.00,3470000000.0,5.59,6970000000.0,1.44,33.32,4300000000.0,2.19,0.02,69.80,6260000.0,1.50,1.00,6730000.0,outperform
2703,2007-01-15 16:36:18,1168896978.0,mrk,,,1430.72998,-3.48,,0.31,19.30,4.30,4.99,22.72,29.22,12.86,27.41,10.249,97240000000.0,94140000000.0,N/A,3.02,4.21,8.375,4.21,16860000000.0,8.375,5080000000.0,2.32,33.80,0.10,9090000000.0,4.186,5990000000.0,1.366,8.877,7250000000.0,0.81,0.11,71.90,32220000.0,2.9,1.50,35850000.0,underperform
2704,2013-05-13 21:44:03,1368495843.0,mrk,43.6,25.05,1633.77002,16.14,8.91,37.09,23.56,3.01,2.62,13.04,21.03,N/A,N/A,15.22,143310000000.0,143310000000.0,12.21,3.19,3.10,8.76,3.10,30820000000.0,8.76,6020000000.0,1.96,8.30,9.00,16140000000.0,5.34,20570000000.0,N/A,17.52,N/A,0.39,0.03,75.00,26570000.0,1.90,0.90,28500000.0,outperform
2705,2011-09-26 09:17:58,1317043078.0,mrk,28.05,48.98,1162.949951,23.96,25.019999999999996,31.60,33.46,2.04,1.72,6.13,21.25,5.87,5.19,15.23,99980000000.0,99980000000.0,8.09,1.84,2.13,6.04,2.13,27590000000.0,6.04,2870000000.0,0.93,169.10,7.10,13990000000.0,4.54,18310000000.0,2.05,18.00,99980000000.0,0.58,0.07,74.40,32200000.000000004,1.50,N/A,26370000.0,outperform
2706,2012-03-24 20:52:28,1332636748.0,mrk,34.22,20.86,1402.890015,10.19,10.67,30.76,18.81,2.38,2.10,13.05,21.99,6.26,11.24,15.65,118250000000.0,118250000000.0,10.24,2.79,2.46,6.80,2.46,31180000000.0,6.80,6260000000.0,2.02,N/A,1.70,14970000000.0,4.92,17520000000.0,2.04,17.93,12380000000.0,0.36,0.03,74.80,20740000.0,1.60,0.80,21920000.0,outperform
2707,2005-11-01 09:52:01,1130856721.0,mrk,19.59,67.43,1202.76001,13.72,53.71000000000001,N/A,13.50,2.82,3.57,20.97,30.24,N/A,N/A,9.997,61960000000.0,56100000000.0,N/A,0.92,2.55,5.804,2.55,17980000000.0,5.804,4610000000.0,2.09,7.20,2.20,13030000000.0,5.935,7170000000.0,N/A,7.909,N/A,N/A,0.07,62.60,21950000.0,2.4,1.00,20620000.0,outperform
2708,2012-03-30 03:54:23,1333094063.0,mrk,34.86,19.48,1408.469971,10.96,8.52,30.76,18.82,2.43,2.14,13.05,21.99,6.26,11.24,15.65,119160000000.0,119160000000.0,10.25,2.75,2.48,6.85,2.48,31180000000.0,6.85,6260000000.0,2.02,N/A,1.70,14970000000.0,4.92,17520000000.0,2.04,17.93,12380000000.0,0.36,0.03,74.80,16980000.0,1.00,0.60,20740000.0,outperform
2709,2005-09-01 11:21:44,1125588104.0,mrk,19.52,50.72,1221.589966,7.32,43.4,N/A,13.84,2.80,3.57,20.43,26.54,N/A,N/A,10.019,61980000000.0,65140000000.0,N/A,1.54,2.95,8.826,2.95,17980000000.0,8.826,4520000000.0,2.04,59.20,9.20,9440000000.0,4.284,7270000000.0,N/A,7.909,N/A,N/A,0.07,62.60,18450000.0,0.80,0.80,22980000.0,outperform
2710,2008-01-28 17:39:56,1201559996.0,mrk,36.76,-39.83,1353.959961,-37.54,-2.289999999999999,0.282,20.00,4.33,5.02,22.42,25.22,8.46,26.90,11.066,107090000000.0,102470000000.0,N/A,1.45,4.27,12.675,4.27,16629999999.999998,12.675,5380000000.0,2.46,62.20,12.30,7390000000.0,3.396,5850000000.0,1.348,9.52,6430000000.0,1.11,0.03,70.10,20810000.0,1.00,1.00,22350000.0,underperform
2711,2004-10-13 06:14:05,1097662445.0,mrk,19.64,-6.21,1113.650024,5.67,-11.879999999999999,0.389,10.39,2.96,4.02,28.85,39.70,15.92,42.12,10.296,68450000000.0,68629999999.99999,11.60,3.97,2.98,7.15,2.98,18170000000.0,7.15,6650000000.0,2.969,4.50,56.60,6180000000.0,2.78,6600000000.0,1.373,7.643,8680000000.0,0.323,1.00,59.59,13780000.0,2.761,0.63,15220000.0,underperform
2712,2006-06-19 09:33:46,1150724026.0,mrk,24.52,51.06,1240.130005,23.67,27.39,0.356,15.80,3.40,3.99,21.67,29.40,12.12,26.20,10.067,75100000000.0,69410000000.0,N/A,3.60,3.15,6.713,3.15,16860000000.0,6.713,4780000000.0,2.18,10.90,0.90,12400000000.0,5.682,6710000000.0,1.594,8.627,7580000000.0,0.51,0.11,68.50,22950000.0,3.1,1.10,26910000.0,outperform
2713,2005-04-03 23:35:34,1112585734.0,mrk,21.69,14.85,1180.589966,9.93,4.92,0.398,12.40,3.12,4.14,25.34,34.77,13.70,33.82,10.303,71340000000.0,71120000000.0,13.41,2.91,3.10,7.55,3.10,17980000000.0,7.55,5810000000.0,2.61,14.90,2.00,7090000000.0,3.21,6870000000.0,1.147,7.828,8800000000.0,0.374,1.00,58.80,23650000.0,1.862,1.08,17050000.0,outperform
2714,2008-01-23 16:04:26,1201122266.0,mrk,37.55,-42.98,1338.599976,-38.18,-4.799999999999997,0.282,20.16,4.66,5.39,22.42,25.22,8.46,26.90,11.066,107940000000.0,110220000000.0,N/A,1.56,4.59,13.634,4.59,16629999999.999998,13.634,5380000000.0,2.46,62.20,12.30,7390000000.0,3.396,5850000000.0,1.348,9.52,6430000000.0,1.11,0.03,70.80,20810000.0,1.00,1.00,22350000.0,underperform
2715,2007-05-14 08:10:26,1179144626.0,mrk,38.05,-22.5,1503.150024,-6.66,-15.84,0.35,24.61,4.90,6.09,20.08,25.33,12.28,24.75,10.582,112700000000.0,115120000000.0,N/A,1.78,5.01,10.823,5.01,16629999999.999998,10.823,4620000000.0,2.11,12.10,6.60,4059999999.9999995,1.872,6480000000.0,1.494,8.537,4130000000.0,1.13,0.14,70.60,18690000.0,2.2,0.90,20100000.0,underperform
2716,2012-01-27 14:56:29,1327694189.0,mrk,34.59,15.78,1316.329956,13.56,2.219999999999999,31.51,28.19,2.47,2.15,8.84,25.87,7.22,7.52,15.54,120760000000.0,120760000000.0,10.07,2.29,2.52,6.37,2.52,27590000000.0,6.37,4219999999.9999995,1.37,394.70,8.10,15580000000.0,5.11,18150000000.0,2.06,18.07,12690000000.0,0.54,0.03,74.80,31800000.0,2.10,1.20,27350000.0,outperform
2717,2008-12-22 20:38:36,1229996316.0,mrk,22.69,36.8,871.6300050000001,28.27,8.529999999999998,0.354,13.70,2.51,3.09,18.84,25.73,8.21,22.50,11.177,60490000000.0,60470000000.0,N/A,1.84,2.51,7.706,2.51,18060000000.0,7.706,4530000000.0,2.089,28.40,2.10,6840000000.0,3.236,6930000000.0,1.346,9.257,7910000000.0,0.92,0.03,72.50,21120000.0,1.2,1.00,19000000.0,outperform
2718,2012-09-29 04:29:12,1348907352.0,mrk,41.69,9.95,1433.319946,18.51,-8.560000000000002,32.91,20.59,2.85,2.49,13.93,22.97,6.56,11.86,15.86,139280000000.0,139280000000.0,12.12,2.80,2.88,7.79,2.88,31180000000.0,7.79,6730000000.0,2.19,11.40,1.30,17450000000.0,5.73,18980000000.0,2.11,18.16,12880000000.0,0.38,0.03,75.30,25040000.0,2.30,0.80,24030000.0,underperform
2719,2006-06-16 09:27:47,1150464467.0,mrk,24.48,52.33,1251.540039,21.1,31.229999999999997,0.356,15.76,3.40,3.98,21.67,29.40,12.12,26.20,10.067,74930000000.0,69240000000.0,N/A,3.52,3.14,6.696,3.14,16860000000.0,6.696,4780000000.0,2.18,10.90,0.90,12400000000.0,5.682,6710000000.0,1.594,8.627,7580000000.0,0.51,0.11,68.30,22950000.0,3.1,1.10,26910000.0,outperform
2720,2005-03-05 14:42:17,1110051737.0,mrk,21.17,15.45,1210.079956,6.53,8.919999999999998,0.38,10.92,3.02,4.04,27.92,38.92,15.38,38.46,10.397,70250000000.0,69660000000.0,13.15,3.20,3.00,7.62,3.00,18170000000.0,7.62,6480000000.0,2.901,4.50,56.60,6960000000.0,3.14,6590000000.0,1.285,7.809,9260000000.0,0.382,1.00,65.83,17050000.0,1.335,0.78,18860000.0,outperform
2721,2007-07-03 22:31:38,1183516298.0,mrk,36.68,-21.13,1524.869995,-17.27,-3.8599999999999994,0.35,23.58,4.67,5.81,20.08,25.33,12.28,24.75,10.582,108000000000.0,109850000000.0,N/A,1.75,4.78,10.328,4.78,16629999999.999998,10.328,4620000000.0,2.11,12.10,6.60,4059999999.9999995,1.872,6480000000.0,1.494,8.537,4130000000.0,1.16,0.14,72.00,22820000.0,1.10,1.10,22550000.0,underperform
2722,2012-10-24 01:52:29,1351057949.0,mrk,42.5,4.56,1408.75,24.37,-19.810000000000002,32.91,20.95,2.93,2.56,13.93,22.97,6.56,11.86,15.86,143090000000.0,143090000000.0,12.34,3.15,2.96,8.00,2.96,31180000000.0,8.00,6730000000.0,2.19,11.40,1.30,17450000000.0,5.73,18980000000.0,2.11,18.16,12880000000.0,0.40,0.03,75.30,21830000.0,1.80,0.70,25040000.0,underperform
2723,2012-07-28 11:44:22,1343490262.0,mrk,39.11,17.36,1337.890015,26.34,-8.98,31.68,20.12,2.73,2.40,14.46,22.32,6.36,12.42,15.75,139770000000.0,139770000000.0,12.09,2.85,2.90,7.96,2.90,31180000000.0,7.96,6950000000.0,2.24,66.60,1.30,15570000000.0,5.12,18160000000.0,2.07,18.03,12820000000.0,0.43,0.03,75.30,29380000.0,1.90,1.00,25900000.0,underperform
2724,2010-02-06 23:04:35,1265515475.0,mrk,31.84,-11.4,1097.280029,19.12,-30.520000000000003,N/A,9.65,3.35,3.42,34.45,26.63,8.00,37.90,11.08,64290000000.00001,64290000000.00001,N/A,2.45,2.75,8.236,2.75,18270000000.0,8.236,8050000000.000001,3.81,213.40,1.80,22260000000.0,10.552,9070000000.0,3.697,10.861,2160000000.0,0.88,0.02,23.30,25190000.0,1.8,1.20,23030000.0,underperform
2725,2012-12-01 00:09:29,1354338569.0,mrk,41.32,,1409.930054,-7.29,,33.67,20.14,2.84,2.44,14.16,23.41,6.58,11.90,15.71,137400000000.0,137400000000.0,12.04,3.71,2.87,7.73,2.87,31180000000.0,7.73,6770000000.0,2.20,2.20,4.40,18120000000.0,5.96,19600000000.0,2.33,18.31,11450000000.0,0.39,0.03,75.30,25550000.0,2.10,0.80,26980000.0,underperform
2726,2004-06-21 01:31:17,1087795877.0,mrk,31.05,-30.14,1130.300049,7.37,-37.51,0.423,16.32,4.76,6.60,29.56,40.71,15.44,41.22,10.035,107460000000.0,109030000000.0,14.44,4.16,4.84,11.29,4.84,18170000000.0,11.29,6660000000.0,2.964,4.50,56.60,5310000000.0,2.39,6880000000.0,1.281,7.321,8170000000.0,0.385,1.00,58.88,14430000.0,2.32,0.66,15000000.0,underperform
2727,2007-02-21 21:32:04,1172111524.0,mrk,31.83,8.17,1457.630005,-7.9,16.07,0.31,21.68,4.27,5.01,19.59,26.34,N/A,23.84,10.347,95420000000.0,93510000000.0,N/A,2.62,4.13,8.673,4.13,16860000000.0,8.673,4430000000.0,2.027,57.70,4.80,9090000000.0,4.186,5990000000.0,N/A,8.877,N/A,0.8,0.14,71.20,35390000.0,3.9,1.60,32220000.0,outperform
2728,2013-02-06 09:44:35,1360161875.0,mrk,38.44,35.72,1512.119995,17.28,18.439999999999998,33.67,19.15,2.66,2.26,14.09,22.60,N/A,11.80,15.37,N/A,N/A,10.87,2.97,N/A,N/A,N/A,31180000000.0,N/A,6660000000.0,2.16,7.30,4.50,18120000000.0,5.96,19600000000.0,N/A,18.31,N/A,0.35,0.03,75.30,22210000.0,1.50,0.70,18250000.0,outperform
2729,2007-07-18 00:23:48,1184732628.0,mrk,36.76,-23.53,1546.170044,-18.49,-5.040000000000003,0.35,23.79,4.79,5.95,20.08,25.33,12.28,24.75,10.582,108950000000.0,112580000000.0,N/A,1.81,4.90,10.584,4.90,16629999999.999998,10.584,4620000000.0,2.11,12.10,6.60,4059999999.9999995,1.872,6480000000.0,1.494,8.537,4130000000.0,1.16,0.14,72.00,22820000.0,1.10,1.10,22550000.0,underperform
2730,2004-03-31 13:01:52,1080756112.0,mrk,28.39,-23.6,1126.209961,4.83,-28.43,0.436,15.09,4.36,6.29,29.30,40.26,15.14,40.84,9.99,98090000000.0,100720000000.0,13.09,3.13,4.48,10.55,4.48,18170000000.0,10.55,6590000000.0,2.922,1.80,8.50,4170000000.0,1.88,6800000000.0,1.205,7.011,9410000000.0,0.345,1.00,59.01,13720000.0,2.051,0.62,12560000.0,underperform
2731,2012-05-30 04:19:20,1338365960.0,mrk,33.95,30.93,1313.319946,25.97,4.960000000000001,31.68,16.77,2.37,2.08,14.46,22.32,6.36,12.42,15.75,116950000000.0,116950000000.0,10.19,2.62,2.43,6.66,2.43,31180000000.0,6.66,6950000000.0,2.24,66.60,1.30,15570000000.0,5.12,18160000000.0,2.07,18.03,12820000000.0,0.44,0.03,75.30,18990000.0,1.50,0.60,19260000.0,outperform
2732,2013-04-22 01:16:24,1366607784.0,mrk,45.26,24.81,1562.5,20.29,4.52,37.09,23.75,2.98,2.66,13.05,22.60,6.32,11.21,15.54,147960000000.0,147960000000.0,12.43,3.42,3.13,8.49,3.13,30820000000.0,8.49,6160000000.0,2.00,40.00,4.50,16140000000.0,5.34,20570000000.0,1.90,17.52,10020000000.0,0.38,0.03,75.00,21330000.0,1.10,N/A,26180000.0,outperform
2733,2004-04-13 12:24:33,1081873473.0,mrk,28.65,-19.27,1129.439941,3.93,-23.2,0.436,15.36,4.44,6.40,29.30,40.26,15.14,40.84,9.99,99850000000.0,102470000000.0,13.32,3.58,4.56,10.74,4.56,18170000000.0,10.74,6590000000.0,2.922,4.50,56.60,4170000000.0,1.88,6800000000.0,1.205,7.011,9150000000.0,0.36,1.00,58.77,13720000.0,2.051,0.62,12560000.0,underperform
2734,2007-06-16 13:31:18,1182015078.0,mrk,37.29,-27.81,1515.670044,-11.6,-16.21,0.35,24.01,4.73,5.88,20.08,25.33,12.28,24.75,10.582,109950000000.0,112370000000.0,N/A,1.70,4.89,10.564,4.89,16629999999.999998,10.564,4620000000.0,2.11,12.10,6.60,4059999999.9999995,1.872,6480000000.0,1.494,8.537,4130000000.0,1.11,0.14,72.00,22550000.0,1.9,1.00,18690000.0,underperform
2735,2007-05-18 23:11:48,1179544308.0,jnj,49.68,8.11,1522.75,-7.49,15.6,0.164,18.08,3.28,4.44,18.64,25.56,13.09,25.16,18.986,183700000000.0,183230000000.0,N/A,1.87,3.31,11.151,3.31,38270000000.0,11.151,10320000000.0,3.51,22.10,15.70,5190000000.0,1.792,6690000000.0,1.255,14.142,14610000000.0,0.26,0.03,62.40,14470000.0,1.2,0.50,14870000.0,outperform
2736,2012-05-13 03:33:52,1336894432.0,jnj,59.34,37.73,1357.98999,20.31,17.419999999999998,31.69,17.64,2.73,2.89,15.55,24.93,9.03,16.67,23.76,162300000000.0,162300000000.0,11.81,2.15,2.50,8.38,2.50,44670000000.0,8.38,10110000000.0,3.65,12.50,0.20,33850000000.0,12.32,19450000000.0,2.69,22.35,14780000000.0,0.49,0.04,65.10,44550000.0,3.90,1.80,41200000.0,outperform
2737,2006-09-03 04:07:56,1157270876.0,jnj,50.08,,1303.819946,13.05,,0.065,17.43,3.69,4.66,21.67,25.86,14.34,29.27,17.271,189310000000.0,177220000000.0,N/A,1.75,3.46,11.541,3.46,36560000000.0,11.541,11110000000.0,3.71,9.00,4.70,14730000000.0,5.034,2640000000.0,2.585,13.886,13060000000.0,0.13,0.04,63.50,14970000.0,2.3,0.50,16390000.0,underperform
2738,2004-10-14 22:01:50,1097805710.0,jnj,41.97,14.87,1103.290039,7.55,7.319999999999999,0.115,19.10,3.75,5.58,19.82,27.40,18.50,32.70,14.908,167760000000.0,160390000000.0,17.13,1.51,3.58,11.06,3.58,29690000000.0,11.06,8870000000.0,2.959,9.10,15.30,10790000000.0,3.63,3450000000.0,2.044,10.126,11680000000.0,0.177,1.00,63.83,25280000.0,4.897,0.86,19830000.0,outperform
2739,2011-11-06 23:11:25,1320639085.0,jnj,57.87,14.52,1253.22998,13.09,1.4299999999999997,30.14,15.64,2.74,2.84,17.69,25.42,N/A,N/A,23.51,164760000000.0,164760000000.0,12.24,2.21,2.56,8.46,2.56,42800000000.0,8.46,11400000000.0,4.10,6.30,6.80,29680000000.0,10.83,18730000000.0,N/A,22.67,164760000000.0,0.56,0.04,64.20,46260000.0,4.00,N/A,48340000.0,outperform
2740,2012-03-12 01:40:49,1331530849.0,jnj,59.82,25.03,1371.089966,13.23,11.8,34.39,18.57,2.74,3.10,14.87,24.97,9.37,17.02,23.77,165080000000.0,165080000000.0,11.90,2.22,2.54,8.51,2.54,44670000000.0,8.51,9670000000.0,3.49,88.80,3.90,32259999999.999996,11.75,19630000000.0,2.38,20.95,14300000000.0,0.45,0.04,65.10,37190000.0,3.80,1.40,37610000.0,outperform
2741,2007-01-13 10:07:49,1168700869.0,jnj,51.52,5.28,1414.849976,0.39,4.890000000000001,0.058,17.55,3.70,4.78,21.69,26.08,14.46,29.27,17.681,193210000000.0,180890000000.0,N/A,1.85,3.46,11.491,3.46,36560000000.0,11.491,11330000000.0,3.798,8.70,7.90,14690000000.0,5.067,2370000000.0,2.594,13.97,13210000000.0,0.02,0.04,63.40,17010000.0,2.2,0.60,17080000.0,outperform
2742,2013-02-06 07:07:43,1360152463.0,jnj,71.2,21.29,1512.119995,17.28,4.009999999999998,26.43,19.35,3.06,N/A,16.15,25.34,N/A,17.40,23.90,202460000000.0,202460000000.0,12.92,2.13,3.01,9.86,3.01,44670000000.0,9.86,10850000000.0,3.86,077.50,8.00,19770000000.0,7.13,16850000000.000002,N/A,0.00,N/A,0.45,0.04,67.20,101010000.0,9.30,3.70,101100000.0,outperform
2743,2007-03-04 07:12:51,1173010371.0,jnj,48.92,2.27,1403.170044,-5.12,7.390000000000001,0.168,16.59,3.39,4.60,20.73,25.71,13.24,28.33,18.16,179290000000.0,181800000000.0,N/A,1.76,3.41,11.444,3.41,38270000000.0,11.444,11050000000.0,3.73,3.50,8.50,4080000000.0,1.411,6590000000.0,1.199,13.59,14250000000.0,0.12,0.03,63.30,11820000.0,1.5,0.40,15920000.0,outperform
2744,2004-03-11 14:46:03,1079034363.0,jnj,37.57,34.82,1106.780029,8.43,26.39,0.201,21.58,3.67,5.97,17.19,24.45,16.46,29.71,13.933,153660000000.0,149990000000.0,15.93,1.38,3.58,12.79,3.58,25850000000.0,12.79,7200000000.0,2.399,16.40,10.00,8850000000.0,2.98,5170000000.0,1.733,8.672,9170000000.0,0.263,1.00,63.16,19650000.0,2.365,0.67,20800000.0,outperform
2745,2013-09-03 05:46:30,1378201590.0,jnj,83.51,23.45,1639.77002,22.01,1.4399999999999977,21.51,19.18,3.49,3.50,18.38,26.68,9.72,19.26,25.16,233810000000.0,233810000000.0,14.85,2.53,3.34,10.28,3.34,45570000000.0,10.28,12860000000.0,4.51,172.20,8.50,25130000000.0,8.92,14980000000.0,2.16,24.75,15680000000.0,0.56,0.02,68.50,25840000.0,2.60,0.90,36320000.0,outperform
2746,2005-01-16 07:45:57,1105879557.0,jnj,46.24,,1177.449951,9.36,,0.108,20.57,4.01,5.84,19.93,27.45,18.57,32.02,15.272,186080000000.0,176400000000.0,18.72,1.70,3.85,11.93,3.85,29690000000.0,11.93,9140000000.0,3.048,9.10,15.30,13090000000.0,4.41,3420000000.0,2.175,10.616,12220000000.0,0.193,1.00,64.38,21820000.0,3.758,0.74,21880000.0,underperform
2747,2008-01-23 06:58:15,1201089495.0,jnj,51.28,-8.91,1338.599976,-38.18,29.27,0.181,18.39,3.23,4.37,17.63,25.45,13.38,24.65,20.326,186790000000.0,186360000000.0,N/A,1.77,3.17,10.683,3.17,38270000000.0,10.683,10370000000.0,3.55,7.70,12.70,8320000000.0,2.907,7900000000.0,1.497,15.166,15210000000.0,0.14,0.03,62.70,23060000.0,2.5,0.80,22490000.0,outperform
2748,2013-04-26 10:17:30,1366985850.0,jnj,81.03,21.21,1582.23999,18.53,2.6799999999999997,24.94,23.15,3.47,3.65,15.22,25.97,N/A,N/A,24.72,233290000000.0,233290000000.0,14.74,2.37,3.40,10.79,3.40,45570000000.0,10.79,10440000000.0,3.68,10.60,8.50,21090000000.0,7.54,16160000000.0,N/A,23.33,N/A,0.47,0.03,68.00,89450000.0,8.90,3.20,95700000.0,outperform
2749,2012-11-22 19:43:18,1353631398.0,jnj,,,1386.890015,30.13,,26.43,22.79,2.93,3.33,12.90,25.75,9.19,13.03,24.04,189930000000.0,189930000000.0,12.68,2.23,2.88,9.29,2.88,44670000000.0,9.29,8500000000.0,3.05,7.30,6.50,19770000000.0,7.13,16850000000.000002,1.87,20.95,15470000000.0,0.46,0.04,67.20,140700000.0,11.10,5.80,142200000.0,underperform
2750,2007-03-01 11:00:37,1172764837.0,jnj,48.92,1.84,1403.170044,-5.17,7.01,0.168,16.85,3.42,4.63,20.73,25.71,13.24,28.33,18.16,182120000000.0,184630000000.0,N/A,1.89,3.46,11.622,3.46,38270000000.0,11.622,11050000000.0,3.73,3.50,8.50,4080000000.0,1.411,6590000000.0,1.199,13.59,14250000000.0,9.14,0.03,63.50,15920000.0,0.60,0.60,17010000.0,outperform
2751,2005-02-04 07:37:03,1107520623.0,jnj,49.42,-10.93,1203.030029,6.6,-17.53,0.108,21.54,4.27,6.22,19.93,27.45,18.57,32.02,15.272,194830000000.0,186190000000.0,17.60,1.76,4.06,12.59,4.06,29690000000.0,12.59,9140000000.0,3.05,9.10,15.30,13090000000.0,4.41,3420000000.0,2.175,10.616,12220000000.0,0.193,1.00,63.32,25630000.0,3.326,0.87,21820000.0,underperform
2752,2011-09-03 05:29:07,1315042147.0,jnj,59.38,5.96,1218.890015,14.82,-8.86,30.14,15.33,2.82,2.88,18.32,26.00,10.08,20.20,23.11,168070000000.0,168070000000.0,12.11,2.35,2.65,8.62,2.65,42800000000.0,8.62,11610000000.0,4.18,19.50,8.30,29680000000.0,10.83,18730000000.0,2.51,22.67,168070000000.0,0.60,0.04,64.20,44690000.0,2.30,1.60,34920000.0,underperform
2753,2012-07-14 05:23:00,1342257780.0,jnj,63.0,36.52,1341.449951,24.87,11.650000000000002,31.69,18.81,2.86,3.03,15.55,24.93,9.03,16.67,23.76,171560000000.0,171560000000.0,12.43,2.20,2.64,8.85,2.64,44670000000.0,8.85,10110000000.0,3.65,12.50,0.20,33850000000.0,12.32,19450000000.0,2.69,22.35,14780000000.0,0.51,0.04,65.30,230940000.0,11.50,9.40,261910000.00000003,outperform
2754,2007-03-29 10:29:31,1175178571.0,jnj,47.27,9.16,1422.530029,-7.54,16.7,0.168,16.07,3.26,4.42,20.73,25.71,13.24,28.33,18.16,173640000000.0,176150000000.0,N/A,1.71,3.30,11.089,3.30,38270000000.0,11.089,11050000000.0,3.73,3.50,8.50,4080000000.0,1.411,6590000000.0,1.199,13.59,14250000000.0,0.12,0.03,63.40,14870000.0,1.2,0.50,11820000.0,outperform
2755,2012-03-13 12:40:32,1331656832.0,jnj,60.04,24.55,1395.949951,11.36,13.190000000000001,34.39,18.67,2.75,3.11,14.87,24.97,9.37,17.02,23.77,166070000000.0,166070000000.0,11.97,2.23,2.55,8.56,2.55,44670000000.0,8.56,9670000000.0,3.49,88.80,3.90,32259999999.999996,11.75,19630000000.0,2.38,20.95,14300000000.0,0.45,0.04,65.10,37190000.0,3.80,1.40,37610000.0,outperform
2756,2008-10-31 22:34:03,1225506843.0,jnj,49.98,0.38,968.75,7.63,-7.25,0.3,13.89,2.62,3.65,19.54,25.27,N/A,N/A,22.805,171410000000.0,170130000000.0,N/A,1.72,2.64,8.847,2.64,43340000000.0,8.847,12610000000.0,4.415,29.90,6.40,13060000000.0,4.673,13930000000.0,N/A,16.605,N/A,0.39,0.04,65.50,20980000.0,0.7,0.80,23280000.0,underperform
2757,2011-11-02 19:29:07,1320276547.0,jnj,57.44,16.54,1237.900024,15.32,1.2199999999999989,30.14,15.50,2.70,2.80,17.69,25.42,N/A,N/A,23.51,162730000000.0,162730000000.0,12.13,2.14,2.53,8.35,2.53,42800000000.0,8.35,11400000000.0,4.10,6.30,6.80,29680000000.0,10.83,18730000000.0,N/A,22.67,162730000000.0,0.56,0.04,64.20,46260000.0,4.00,N/A,48340000.0,outperform
2758,2006-06-17 14:22:14,1150568534.0,jnj,47.16,4.41,1230.040039,23.81,-19.4,0.068,17.02,3.59,4.44,21.47,26.24,14.26,29.09,17.036,182640000000.0,168260000000.0,N/A,1.67,3.32,10.927,3.32,36560000000.0,10.927,10880000000.0,3.62,16.40,1.20,17180000000.0,5.804,2810000000.0,2.559,13.835,12720000000.0,0.07,0.04,63.40,11990000.0,1.4,0.40,10680000.0,underperform
2759,2008-12-18 07:27:45,1229603265.0,jnj,48.45,12.78,885.2800289999999,24.53,-11.750000000000002,0.32,13.31,2.56,3.62,19.54,25.27,12.25,28.24,22.857,163090000000.0,162930000000.0,N/A,1.69,2.53,8.443,2.53,43340000000.0,8.443,12610000000.0,4.42,29.90,6.40,14800000000.0,5.334,14640000000.0,1.61,16.448999,15300000000.0,0.55,0.04,66.10,27930000.0,1.2,1.00,19670000.0,underperform
2760,2004-12-09 07:02:06,1102593726.0,jnj,45.74,-0.02,1189.23999,5.9,-5.92,0.108,20.06,3.91,5.69,19.93,27.45,18.57,32.02,15.272,181480000000.0,169600000000.0,18.31,1.68,3.70,11.47,3.70,29690000000.0,11.47,9140000000.0,3.048,9.10,15.30,13090000000.0,4.41,3420000000.0,2.175,10.616,12220000000.0,0.123,1.00,64.32,21880000.0,3.308,0.74,21380000.0,underperform
2761,2012-05-28 10:49:49,1338216589.0,jnj,,,1317.819946,25.97,,31.69,17.14,2.67,2.82,15.55,24.93,9.03,16.67,23.76,157280000000.0,157280000000.0,11.47,2.08,2.42,8.12,2.42,44670000000.0,8.12,10110000000.0,3.65,12.50,0.20,33850000000.0,12.32,19450000000.0,2.69,22.35,14780000000.0,0.49,0.04,65.30,43530000.0,3.20,1.80,44550000.0,underperform
2762,2006-09-03 03:52:23,1157269943.0,jnj,50.08,,1303.819946,13.05,,0.065,17.43,3.69,4.66,21.67,25.86,14.34,29.27,17.271,189310000000.0,177220000000.0,N/A,1.75,3.46,11.541,3.46,36560000000.0,11.541,11110000000.0,3.71,9.00,4.70,14730000000.0,5.034,2640000000.0,2.585,13.886,13060000000.0,0.13,0.04,63.50,14970000.0,2.3,0.50,16390000.0,underperform
2763,2011-02-03 07:49:15,1296737355.0,jnj,53.44,11.88,1307.099976,2.89,8.99,21.91,12.68,2.70,2.91,21.65,26.84,N/A,24.72,22.08,156930000000.0,156930000000.0,11.84,2.16,2.55,8.08,2.55,43450000000.0,8.08,13330000000.0,4.78,12.00,5.50,22130000000.0,8.06,12550000000.0,N/A,20.85,156930000000.0,0.58,0.04,64.50,27870000.0,3.00,1.00,26570000.0,outperform
2764,2007-10-15 09:35:39,1192455339.0,jnj,52.11,0.08,1548.709961,-35.56,35.64,0.15,18.27,3.34,4.43,18.52,25.62,13.49,25.24,19.687,190860000000.0,191380000000.0,N/A,2.07,3.35,11.224,3.35,38270000000.0,11.224,10580000000.0,3.61,9.30,13.20,5970000000.0,2.063,6480000000.0,1.359,14.901,15150000000.0,0.39,0.03,62.30,19150000.0,1.7,0.70,16840000.0,outperform
2765,2013-04-22 01:16:08,1366607768.0,jnj,80.76,21.57,1562.5,20.29,1.2800000000000011,24.94,22.95,3.39,3.57,15.22,25.97,N/A,N/A,24.72,231250000000.0,231250000000.0,14.59,2.33,3.37,10.70,3.37,45570000000.0,10.70,10440000000.0,3.68,10.60,8.50,21090000000.0,7.54,16160000000.0,N/A,23.33,N/A,0.47,0.03,68.00,95700000.0,9.80,3.40,101720000.0,outperform
2766,2005-04-03 23:16:45,1112584605.0,jnj,50.32,-10.02,1180.589966,9.93,-19.95,0.089,23.58,4.22,6.27,17.97,27.11,16.84,28.60,15.74,198790000000.0,188750000000.0,17.87,1.79,3.99,12.46,3.99,33930000000.0,12.46,8510000000.0,2.84,18.20,13.10,12880000000.0,4.33,2850000000.0,1.962,10.708,11130000000.0,0.137,1.00,64.39,33470000.0,5.126,1.14,31220000.0,underperform
2767,2012-11-16 02:29:36,1353050976.0,jnj,64.78,39.24,1359.880005,31.04,8.200000000000003,26.43,22.62,2.91,3.31,12.90,25.75,9.19,13.03,24.04,189050000000.0,189050000000.0,12.58,2.23,2.87,9.25,2.87,44670000000.0,9.25,8500000000.0,3.05,7.30,6.50,19770000000.0,7.13,16850000000.000002,1.87,20.95,15470000000.0,0.46,0.04,67.20,140700000.0,11.10,5.80,142200000.0,outperform
2768,2007-04-18 12:25:25,1176913525.0,jnj,50.48,4.73,1472.5,-7.26,11.99,0.168,17.29,3.50,4.75,20.73,25.71,13.24,28.33,18.16,186810000000.0,189320000000.0,N/A,1.80,3.55,11.918,3.55,38270000000.0,11.918,11050000000.0,3.73,3.50,8.50,4080000000.0,1.411,6590000000.0,1.199,13.59,14250000000.0,0.01,0.03,63.40,14870000.0,1.2,0.50,11820000.0,outperform
2769,2012-01-02 19:36:40,1325551000.0,jnj,,,1257.599976,15.3,,29.84,16.00,2.79,2.93,17.69,25.42,9.75,19.18,23.51,166610000000.0,166610000000.0,12.54,2.20,2.59,8.56,2.59,42800000000.0,8.56,11400000000.0,4.10,6.30,6.80,30930000000.0,11.32,18360000000.0,2.46,22.52,14670000000.0,0.55,0.04,64.20,39210000.0,3.30,1.40,41820000.0,underperform
2770,2007-07-11 06:09:21,1184148561.0,jnj,49.57,9.34,1518.76001,-17.47,26.81,0.164,17.74,3.28,4.44,18.64,25.56,13.09,25.16,18.986,180170000000.0,181670000000.0,N/A,1.87,3.28,11.056,3.28,38270000000.0,11.056,10320000000.0,3.51,22.10,15.70,5190000000.0,1.792,6690000000.0,1.255,14.142,14610000000.0,0.25,0.03,63.50,15380000.0,1.3,0.50,16170000.000000002,outperform
2771,2007-06-22 08:48:16,1182516496.0,jnj,47.89,8.94,1502.560059,-10.96,19.9,0.164,17.71,3.25,4.39,18.64,25.56,13.09,25.16,18.986,179910000000.0,181410000000.0,N/A,1.87,3.28,11.04,3.28,38270000000.0,11.04,10320000000.0,3.51,22.10,15.70,5190000000.0,1.792,6690000000.0,1.255,14.142,14610000000.0,0.21,0.03,63.50,16170000.000000002,1.3,0.60,14470000.0,outperform
2772,2007-04-27 09:12:52,1177679572.0,shld,191.93,-49.49,1494.069946,-7.64,-41.85,0.307,19.77,0.55,2.29,2.81,4.59,5.06,12.25,340.694,29100000000.0,29040000000.0,N/A,1.59,0.55,8.076,0.55,15190000000.0,8.076,1490000000.0,9.57,26.50,1.30,3970000000.0,25.798,3910000000.0,1.533,82.557999,1440000000.0,0.32,3.06,90.10,8070000.0,4.9,5.40,7810000.0,underperform
2773,2012-10-15 11:37:38,1350315458.0,shld,60.32,-10.58,1440.130005,17.91,-28.490000000000002,73.40,N/A,0.16,1.43,6.81,0.89,1.01,43.33,382.90,8950000000.0,8950000000.0,N/A,1.20,0.22,19.20,0.22,10600000000.0,19.20,2740000000.0,26.08,N/A,6.60,730000000.0,6.86,3300000000.0,1.13,41.86,115000000.0,2.65,25.50,78.80,7810000.0,5.20,38.80,7580000.0,underperform
2774,2007-12-13 01:29:55,1197527395.0,shld,109.34,-58.7,1488.410034,-40.89,-17.810000000000002,0.408,13.56,0.29,1.42,2.34,4.05,4.37,10.87,346.277,15140000000.0,18070000000.0,N/A,1.66,0.35,5.688,0.35,15190000000.0,5.688,1210000000.0,8.11,99.00,3.30,1480000000.0,10.717,4370000000.0,1.341,77.638,1540000000.0,0.98,3.36,99.60,15420000.0,5.4,11.60,15580000.0,underperform
2775,2008-12-19 23:54:48,1229748888.0,shld,39.14,93.48,887.8800050000001,24.92,68.56,0.48,17.61,0.10,0.50,0.60,1.57,1.65,2.81,373.785,4840000000.0,8340000000.0,N/A,6.25,0.17,4.698,0.17,14070000000.0,4.698,289000000.0,2.22,N/A,8.30,1270000000.0,10.239,4740000000.0,1.229,78.959999,863000000.0,1.68,3.83,107.20,19310000.0,7.7,16.20,18050000.0,outperform
2776,2013-04-22 07:22:11,1366629731.0,shld,46.62,,1562.5,20.29,,98.36,N/A,0.12,1.78,2.33,2.04,2.50,28.06,376.34,7420000000.0,7420000000.0,N/A,0.09,0.19,2.33,0.19,10510000000.0,2.33,930000000.0,8.78,N/A,1.80,609000000.0,5.72,3120000000.0,1.10,25.99,303000000.0,2.85,60.62,38.00,8220000.000000001,9.10,32.60,8660000.0,underperform
2777,2008-01-24 09:05:23,1201183523.0,shld,105.02,-57.98,1352.069946,-38.47,-19.509999999999998,0.408,13.24,0.29,1.38,2.34,4.05,4.37,10.87,346.277,14780000000.0,17670000000.0,N/A,2.48,0.34,5.563,0.34,15190000000.0,5.563,1210000000.0,8.11,99.00,3.30,1480000000.0,10.717,4370000000.0,1.341,77.638,1540000000.0,1.11,3.36,98.60,18770000.0,4.4,14.10,16980000.0,underperform
2778,2007-03-28 15:26:06,1175109966.0,shld,180.01,-41.4,1417.22998,-6.45,-34.949999999999996,0.28,18.83,0.53,2.19,2.81,4.66,5.09,12.25,340.475,27720000000.0,27460000000.0,N/A,1.56,0.52,7.642,0.52,13620000000.0,7.642,1490000000.0,9.57,26.50,1.30,3970000000.0,25.8,3560000000.0,1.539,82.666,N/A,0.2,3.06,90.00,7810000.0,4.5,5.30,10990000.0,underperform
2779,2007-05-27 15:38:17,1180294697.0,shld,,,1507.51001,-8.73,,0.307,18.75,0.52,2.17,2.81,4.59,5.06,12.25,340.694,27600000000.0,27560000000.0,N/A,1.53,0.52,7.665,0.52,15190000000.0,7.665,1490000000.0,9.57,26.50,1.30,3970000000.0,25.798,3910000000.0,1.533,82.557999,1440000000.0,0.39,3.06,44.80,8980000.0,6.2,6.10,8070000.0,underperform
2780,2012-01-06 22:33:59,1325907239.0,shld,29.2,42.81,1277.810059,14.45,28.360000000000003,58.99,N/A,0.08,0.42,0.85,0.10,0.11,4.49,397.55,7150000000.0,7150000000.0,N/A,0.08,0.17,7.61,0.17,11880000000.0,7.61,363000000.0,3.38,N/A,1.20,624000000.0,5.84,4550000000.0,1.15,71.34,11000000.0,1.81,3.91,86.40,10890000.0,11.90,44.50,10580000.0,outperform
2781,2013-05-14 04:29:47,1368520187.0,shld,57.13,-28.76,1650.339966,14.43,-43.19,98.36,N/A,0.15,2.19,2.33,2.04,2.50,28.06,376.34,8560000000.000001,8560000000.000001,N/A,0.13,0.22,2.33,0.22,10510000000.0,2.33,930000000.0,8.78,N/A,1.80,609000000.0,5.72,3120000000.0,1.10,25.99,303000000.0,2.84,60.62,38.00,7810000.0,14.20,30.90,7970000.0,underperform
2782,2006-08-13 14:55:08,1155495308.0,shld,141.0,-0.32,1271.810059,14.24,-14.56,0.339,21.86,0.41,1.93,1.96,3.84,4.25,9.29,331.245,22120000000.0,22800000000.0,N/A,1.25,0.43,7.182,0.43,13620000000.0,7.182,1050000000.0,6.47,N/A,57.30,3180000000.0,20.341,3860000000.0,1.46,72.910004,2220000000.0,0.16,46.64,88.70,9880000.0,6.1,6.50,10210000.0,underperform
2783,2011-09-06 05:42:23,1315302143.0,shld,53.8,-3.14,1165.23999,20.44,-23.580000000000002,45.88,N/A,0.15,0.78,0.37,0.40,0.44,1.80,395.57,8910000000.0,8910000000.0,N/A,0.52,0.21,8.35,0.21,11880000000.0,8.35,160000000.0,1.49,N/A,1.20,658000000.0,6.16,3740000000.0,1.27,75.34,8910000000.0,1.83,3.91,86.40,11020000.0,21.20,45.00,10840000.0,underperform
2784,2012-06-18 18:19:27,1340057967.0,shld,51.66,-8.9,1344.780029,22.83,-31.729999999999997,70.53,N/A,0.13,1.20,6.73,1.07,1.20,42.49,388.40,7890000000.0,7890000000.0,N/A,0.54,0.19,20.02,0.19,10600000000.0,20.02,2760000000.0,26.16,N/A,2.80,777000000.0,7.30,3230000000.0,1.13,42.58,67000000.0,2.37,25.55,81.60,9900000.0,7.40,49.20,9630000.0,underperform
2785,2007-08-25 00:27:30,1188016050.0,shld,143.63,-39.55,1464.069946,-12.73,-26.819999999999997,0.295,14.81,0.41,1.69,2.90,4.65,5.19,12.57,341.094,22280000000.0,21960000000.0,N/A,1.67,0.42,6.118,0.42,15190000000.0,6.118,1530000000.0,9.87,20.00,2.50,3410000000.0,22.381,3810000000.0,1.619,83.837997,1400000000.0,0.83,0.03,88.70,10000000.0,6.80,6.80,8850000.0,underperform
2786,2013-03-14 19:23:30,1363303410.0,shld,52.49,-16.16,1563.22998,17.78,-33.94,98.36,N/A,0.14,1.71,2.33,2.04,2.50,28.06,376.34,7800000000.0,7800000000.0,N/A,0.10,0.20,2.33,0.20,10600000000.0,2.33,930000000.0,8.78,N/A,1.80,609000000.0,5.72,3120000000.0,1.10,29.81,N/A,2.83,60.62,38.00,8250000.0,10.30,N/A,8550000.0,underperform
2787,2007-06-30 05:07:54,1183194474.0,shld,168.07,-55.73,1506.339966,-14.82,-40.91,0.295,17.18,0.49,2.01,2.90,4.65,5.19,12.57,341.094,25850000000.0,26100000000.0,N/A,1.67,0.50,7.27,0.50,15190000000.0,7.27,1530000000.0,9.87,20.00,2.50,3410000000.0,22.381,3810000000.0,1.619,83.837997,1400000000.0,0.19,3.10,89.50,8470000.0,5.6,5.80,8980000.0,underperform
2788,2011-12-29 08:38:40,1325165920.0,shld,32.9,20.06,1263.02002,11.04,9.02,58.99,N/A,0.08,0.47,0.85,0.10,0.11,4.49,397.55,7490000000.0,7490000000.0,N/A,0.11,0.18,7.98,0.18,11880000000.0,7.98,363000000.0,3.38,N/A,1.20,624000000.0,5.84,4550000000.0,1.15,71.34,11000000.0,1.79,3.91,86.40,10580000.0,14.80,43.30,10980000.0,outperform
2789,2011-08-17 19:29:17,1313623757.0,rsh,11.27,-73.11,1193.890015,18.56,-91.67,81.96,8.50,0.28,1.55,3.64,7.37,9.25,16.90,40.69,1370000000.0,1370000000.0,6.79,1.22,0.31,3.42,0.31,2009999999.9999998,3.42,166200000.0,1.46,53.00,2.10,552200000.0,5.53,662200000.0,3.32,8.10,1370000000.0,1.86,0.46,91.60,12380000.0,2.30,11.70,12550000.0,underperform
2790,2007-02-19 00:14:59,1171862099.0,rsh,,,1455.540039,-7.33,,1.015,77.86,0.63,5.25,0.80,3.92,5.70,7.80,36.755,3120000000.0,3450000000.0,N/A,3.06,0.69,10.669,0.69,2380000000.0,10.669,43000000.0,0.30,N/A,11.30,276400000.0,2.035,610000000.0,1.612,4.425,368900000.0,1.34,39.44,557.30,19520000.0,6.1,14.90,19000000.0,underperform
2791,2006-08-28 16:03:53,1156795433.0,rsh,14.93,27.19,1301.780029,10.03,17.160000000000004,0.97,14.78,0.47,3.90,3.22,5.29,8.27,21.83,37.27,2400000000.0,2820000000.0,N/A,1.98,0.55,7.047,0.55,2380000000.0,7.047,167800000.0,1.20,N/A,0.70,170300000.0,1.255,596000000.0,2.078,4.528,303200000.0,1.23,24.25,94.70,16190000.000000002,5.8,12.70,14790000.0,outperform
2792,2013-05-22 23:12:01,1369278721.0,rsh,4.01,-71.07,1655.349976,14.33,-85.39999999999999,126.81,N/A,0.09,0.70,4.17,1.33,1.72,26.06,41.83,694670000.0,694670000.0,N/A,0.04,0.17,28.82,0.17,1560000000.0,28.82,169500000.0,1.74,N/A,7.00,434900000.0,4.36,711900000.0,2.32,5.63,74600000.0,1.03,1.47,69.20,37710000.0,18.40,41.80,35090000.0,underperform
2793,2012-07-24 00:16:31,1343103391.0,rsh,3.65,-27.4,1338.310059,25.98,-53.379999999999995,91.24,13.23,0.08,0.50,0.67,2.96,4.22,3.42,43.30,477380000.0,477380000.0,9.71,6.33,0.11,2.25,0.11,1810000000.0,2.25,27700000.0,0.28,N/A,0.90,566400000.0,5.70,674900000.0,3.22,7.44,205600000.0,0.90,0.93,101.70,42580000.0,12.50,42.90,38000000.0,underperform
2794,2006-06-29 17:36:46,1151617006.0,rsh,11.96,137.04,1272.869995,18.11,118.92999999999999,1.073,9.15,0.38,3.16,4.31,7.03,10.55,29.24,35.928,1910000000.0,2540000000.0,N/A,1.38,0.50,5.221,0.50,2380000000.0,5.221,223300000.0,1.54,84.70,3.30,45400000.0,0.335,655600000.0,1.896,4.516,146900000.0,1.21,12.62,86.20,12580000.0,6.5,9.30,10510000.0,outperform
2795,2005-02-27 08:07:30,1109509650.0,rsh,24.58,-32.87,1200.199951,7.83,-40.699999999999996,0.61,14.27,0.96,5.06,6.97,11.57,14.72,40.71,29.792,4700000000.0,4820000000.0,11.08,0.98,1.00,7.29,1.00,2320000000.0,7.29,337200000.0,2.08,13.30,1.60,437900000.0,2.77,562500000.0,1.854,5.829,326200000.0,1.346,2.97,78.39,3350000.0,2.564,2.18,4059999.9999999995,underperform
2796,2006-07-11 09:02:08,1152622928.0,rsh,14.37,92.9,1272.430054,19.36,73.54,1.073,11.35,0.46,3.88,4.31,7.03,10.55,29.24,35.928,2370000000.0,2980000000.0,N/A,1.68,0.58,6.128,0.58,2380000000.0,6.128,223300000.0,1.54,84.70,3.30,45400000.0,0.335,655600000.0,1.896,4.516,146900000.0,1.26,12.62,85.70,12580000.0,6.5,9.30,10510000.0,outperform
2797,2012-04-27 20:57:19,1335574639.0,rsh,5.22,-39.27,1403.359985,12.5,-51.77,89.02,7.67,0.13,0.74,1.65,4.39,5.53,8.41,42.71,638090000.0,638090000.0,12.47,6.85,0.15,2.32,0.15,1810000000.0,2.32,67099999.99999999,0.70,N/A,N/A,591700000.0,5.96,670600000.0,2.73,7.59,217900000.0,1.46,0.50,91.20,35850000.0,8.20,36.10,32880000.000000004,underperform
2798,2012-02-04 15:57:56,1328389076.0,rsh,6.95,-52.66,1324.089966,13.14,-65.8,83.35,6.69,0.16,0.91,2.60,6.31,7.99,14.48,42.97,736500000.0,736500000.0,9.35,8.40,0.16,2.08,0.16,2009999999.9999998,2.08,123700000.0,1.11,99.30,3.00,667700000.0,6.69,666400000.0,2.82,8.01,261200000.0,1.78,0.50,91.20,16309999.999999998,6.10,15.40,14880000.0,underperform
2799,2013-04-22 01:02:22,1366606942.0,rsh,3.14,,1562.5,20.29,,129.90,N/A,0.07,0.51,3.27,0.73,0.87,20.62,42.54,555780000.0,555780000.0,N/A,0.05,0.13,11.18,0.13,1560000000.0,11.18,139400000.0,1.39,N/A,N/A,535700000.00000006,5.38,777700000.0,2.03,6.01,43000000.0,1.03,1.47,69.20,34470000.0,13.80,N/A,35340000.0,underperform
2800,2011-11-14 15:33:47,1321302827.0,rsh,11.94,-82.75,1251.780029,9.81,-92.56,83.35,11.89,0.29,1.64,2.60,6.31,7.99,14.48,42.97,1310000000.0,1310000000.0,9.39,3.99,0.29,3.70,0.29,2009999999.9999998,3.70,123700000.0,1.11,99.30,3.00,667700000.0,6.69,666400000.0,2.82,8.01,1310000000.0,1.80,0.46,91.60,10920000.0,3.50,10.30,10290000.0,underperform
2801,2012-03-23 11:55:17,1332518117.0,rsh,6.33,-40.28,1397.109985,11.57,-51.85,89.02,9.24,0.15,0.85,1.65,4.39,5.53,8.41,42.71,720530000.0,720530000.0,9.50,29.77,0.17,2.62,0.17,1810000000.0,2.62,67099999.99999999,0.70,N/A,N/A,591700000.0,5.96,670600000.0,2.73,7.59,217900000.0,1.54,0.50,91.20,27350000.0,3.60,25.80,23380000.0,underperform
2802,2004-07-04 07:54:44,1088942084.0,rsh,23.22,,1128.939941,5.8,,0.785,15.05,0.97,5.62,6.64,10.95,14.38,41.15,27.94,4500000000.0,4670000000.0,12.50,1.29,1.00,7.71,1.00,2320000000.0,7.71,310200000.0,1.86,13.30,1.60,577000000.0,3.59,634400000.0,2.025,4.989,564900000.0,1.246,0.27,85.26,5610000.0,7.028,3.50,5510000.0,underperform
2803,2004-05-08 07:44:02,1084016642.0,rsh,25.75,-18.29,1121.530029,4.56,-22.849999999999998,0.785,16.03,1.05,6.09,6.64,10.95,14.38,41.15,27.94,4830000000.0,4970000000.0,13.31,1.40,1.06,8.22,1.06,2320000000.0,8.22,310200000.0,1.86,13.30,1.60,577000000.0,3.56,634400000.0,2.025,4.989,651900000.0,1.224,0.31,84.32,5290000.0,6.321,3.28,5180000.0,underperform
2804,2012-10-13 22:46:13,1350182773.0,rsh,2.21,52.94,1432.560059,18.15,34.79,96.41,N/A,0.05,0.32,0.38,1.13,1.49,2.22,43.78,386340000.0,386340000.0,N/A,0.16,0.09,2.91,0.09,1810000000.0,2.91,16800000.0,0.17,N/A,1.20,517700000.00000006,5.21,679300000.0,1.79,7.09,139300000.0,0.76,1.38,97.90,36910000.0,9.90,37.20,41450000.0,outperform
2805,2006-07-05 21:03:12,1152147792.0,rsh,11.7,149.23,1270.910034,20.02,129.20999999999998,1.073,8.99,0.37,3.11,4.31,7.03,10.55,29.24,35.928,1880000000.0,2510000000.0,N/A,1.39,0.49,5.16,0.49,2380000000.0,5.16,223300000.0,1.54,84.70,3.30,45400000.0,0.335,655600000.0,1.896,4.516,146900000.0,1.26,12.62,85.70,12580000.0,6.5,9.30,10510000.0,outperform
2806,2009-02-07 21:47:50,1234061270.0,qcom,30.41,14.63,832.22998,27.74,-13.109999999999998,0.009,22.07,5.15,3.37,24.37,33.27,11.16,16.70,6.855,59910000000.0,48940000000.0,N/A,2.23,4.36,11.565,4.36,7730000000.0,11.565,2730000000.0,1.65,55.50,3.20,9010000000.0,5.462,157000000.0,5.288,10.392,6180000000.0,0.81,1.64,78.80,41820000.0,2.9,2.60,37280000.0,underperform
2807,2008-12-18 07:43:38,1229604218.0,qcom,30.67,32.74,885.2800289999999,24.53,8.21,0.008,18.43,5.36,3.33,28.36,33.60,10.87,18.71,6.827,58110000000.0,51840000000.0,N/A,1.24,4.65,12.343,4.65,7730000000.0,12.343,3160000000.0,1.90,22.40,44.60,6410000000.0,3.873,143000000.0,5.117,10.836,3560000000.0,0.87,1.88,78.50,25640000.0,1.60,1.60,23840000.0,outperform
2808,2012-07-20 09:11:08,1342789868.0,qcom,54.95,10.5,1362.660034,23.36,-12.86,2.97,17.22,5.77,3.14,32.09,32.14,9.52,17.31,10.84,87620000000.0,87620000000.0,14.25,1.09,4.77,12.91,4.77,10080000000.0,12.91,5150000000.0,3.39,16.60,27.70,13400000000.0,7.82,968000000.0,2.97,18.63,6410000000.0,1.20,1.27,82.60,17810000.0,1.30,1.10,23390000.0,underperform
2809,2005-01-25 01:55:58,1106636158.0,qcom,31.43,30.93,1168.410034,8.24,22.689999999999998,7.711,33.74,12.70,6.39,36.09,42.36,17.82,20.02,3.001,59890000000.0,56090000000.0,25.20,1.50,11.08,26.12,11.08,3400000000.0,26.12,1830000000.0,1.083,107.90,22.90,6120000000.0,3.72,7.711,7.711,5.911,2470000000.0,1.227,2.47,68.81,20970000.0,1.749,1.31,18700000.0,outperform
2810,2004-08-03 14:38:58,1091558338.0,qcom,30.32,13.42,1099.689941,13.22,0.1999999999999993,8.813,36.69,12.55,6.40,34.88,44.16,17.64,20.15,5.62,58440000000.0,53150000000.0,30.56,1.69,11.38,25.68,11.38,2540000000.0,25.68,1630000000.0,1.957,130.10,30.60,5500000000.0,6.76,8.813,8.813,11.253,2220000000.0,1.717,4.99,69.60,16329999.999999998,1.669,2.11,18690000.0,outperform
2811,2013-04-22 02:19:50,1366611590.0,qcom,62.25,27.37,1562.5,20.29,7.080000000000002,0.09,16.88,5.34,3.09,32.33,30.78,9.55,18.12,11.99,96600000000.0,96600000000.0,13.02,0.96,4.72,13.37,4.72,12020000000.0,13.37,5830000000.0,3.79,36.00,28.60,13280000000.0,7.73,31000000.0,3.42,20.59,6190000000.0,1.17,1.27,80.40,13660000.0,1.30,0.80,14880000.0,outperform
2812,2007-04-30 10:46:57,1177944417.0,qcom,38.41,1.28,1482.369995,-6.17,7.45,0.005,28.85,9.47,5.21,32.11,33.33,12.61,18.50,4.936,73930000000.0,67910000000.0,N/A,1.15,8.29,18.996,8.29,5340000000.0,18.996,2630000000.0,1.55,22.40,21.10,6550000000.0,3.93,73000000.0,4.424,8.565,3550000000.0,2.28,1.90,70.20,29710000.0,1.2,1.80,18920000.0,outperform
2813,2013-05-07 11:34:33,1367940873.0,qcom,61.66,26.55,1625.959961,15.51,11.040000000000001,0.06,17.92,5.10,2.93,28.88,30.79,9.34,17.87,12.64,96710000000.0,96710000000.0,13.01,0.92,4.47,12.68,4.47,12020000000.0,12.68,6230000000.0,3.56,16.30,23.90,13490000000.0,7.81,22000000.0,3.38,21.79,6520000000.0,1.16,1.27,80.40,13820000.0,1.30,0.80,13660000.0,outperform
2814,2011-12-02 19:28:15,1322872095.0,qcom,51.36,16.69,1244.280029,13.31,3.380000000000001,4.32,21.66,6.15,3.41,28.48,35.44,9.89,19.05,9.02,81510000000.0,81510000000.0,13.62,0.98,5.45,12.82,5.45,10080000000.0,12.82,4570000000.0,2.52,22.10,39.50,11650000000.0,6.93,1160000000.0,2.70,16.03,81510000000.0,1.00,1.42,80.90,19220000.0,1.10,1.20,17960000.0,outperform
2815,2008-01-25 16:49:22,1201297762.0,qcom,35.44,-9.03,1330.609985,-36.85,27.82,0.006,20.65,7.45,4.20,37.23,32.61,10.73,22.59,5.344,65920000000.0,59640000000.0,N/A,0.97,6.72,18.205,6.72,6190000000.0,18.205,3300000000.0,1.95,84.40,15.40,6580000000.0,4.021,91000000.0,3.907,9.62,3810000000.0,1.85,1.94,73.00,20080000.0,1.4,1.30,25840000.0,outperform
2816,2007-02-20 07:03:23,1171973003.0,qcom,37.34,2.92,1459.680054,-6.83,9.75,0.005,29.04,8.77,4.82,32.01,33.87,13.18,19.11,4.698,70420000000.0,64540000000.00001,N/A,1.17,8.27,18.739,8.27,5340000000.0,18.739,2500000000.0,1.46,4.50,16.00,5950000000.0,3.59,67000000.0,4.197,8.565,3450000000.0,2.4,1.90,65.50,19550000.0,1.2,1.20,24850000.0,outperform
2817,2007-07-02 08:13:47,1183378427.0,qcom,38.65,5.74,1519.430054,-15.43,21.17,0.005,28.05,8.83,4.81,32.11,33.33,12.61,18.50,4.936,72320000000.0,65840000000.0,N/A,1.13,8.04,18.418,8.04,5340000000.0,18.418,2630000000.0,1.55,22.40,21.10,6550000000.0,3.93,73000000.0,4.424,9.027,3550000000.0,1.96,1.89,72.20,31890000.0,1.5,2.00,26490000.0,outperform
2818,2004-02-15 08:33:52,1076852032.0,qcom,25.01,27.43,1152.109985,4.69,22.74,0.015,50.52,11.47,5.93,22.80,33.38,11.29,13.16,5.015,46450000000.0,41500000000.0,0.00,2.45,10.08,N/A,10.08,2540000000.0,1380000000.0,938400000.0,1.142,130.10,30.60,5070000000.0,6.29,117010000.0,9.287,9.88,1910000000.0,2.123,4.96,68.10,27210000.0,3.028,3.56,25600000.0,outperform
2819,2007-04-29 10:12:36,1177855956.0,qcom,39.73,-3.15,1494.25,-6.55,3.4,0.005,30.48,9.62,5.29,32.01,33.87,13.18,19.11,4.698,73930000000.0,65950000000.0,N/A,1.13,8.45,19.148,8.45,5340000000.0,19.148,2500000000.0,1.46,4.50,16.00,5950000000.0,3.59,67000000.0,4.197,8.565,3450000000.0,2.28,1.90,70.20,29710000.0,1.2,1.80,18920000.0,outperform
2820,2004-07-02 17:30:05,1088803805.0,qcom,30.88,-6.44,1125.380005,6.62,-13.06,8.505,44.75,13.73,6.81,31.39,41.78,15.10,17.42,5.155,58520000000.0,52770000000.0,32.39,2.27,12.41,29.56,12.41,2540000000.0,29.56,1330000000.0,1.614,130.10,30.60,5610000000.0,6.92,8.505,8.505,10.578,2100000000.0,1.854,4.97,69.49,18690000.0,2.28,2.43,19770000.0,underperform
2821,2004-10-20 14:32:10,1098297130.0,qcom,37.16,0.7,1103.660034,6.72,-6.02,8.813,44.33,14.91,7.61,34.88,44.16,17.64,20.15,2.81,70560000000.0,64230000000.00001,36.12,2.11,13.75,31.03,13.75,2540000000.0,31.03,1630000000.0,0.978,130.10,30.60,5500000000.0,3.38,8.813,8.813,5.627,2220000000.0,1.756,4.99,68.93,34230000.0,2.699,2.21,34620000.0,underperform
2822,2007-06-01 01:19:08,1180675148.0,qcom,37.63,14.54,1536.339966,-9.47,24.009999999999998,0.005,27.76,8.71,4.74,32.11,33.33,12.61,18.50,4.936,71590000000.0,64890000000.0,N/A,1.13,7.92,18.152,7.92,5340000000.0,18.152,2630000000.0,1.55,22.40,21.10,6550000000.0,3.93,73000000.0,4.424,9.027,3550000000.0,2.1,1.89,70.40,30550000.0,1.6,1.90,29710000.0,outperform
2823,2006-09-04 17:21:40,1157404900.0,qcom,,,1311.01001,13.61,,N/A,27.37,N/A,N/A,33.78,38.11,14.43,20.42,4.286,N/A,57480000000.0,N/A,1.11,8.11,17.519,8.11,4030000000.0000005,17.519,2390000000.0,1.40,14.80,43.70,5870000000.0,3.554,N/A,5.445,N/A,3250000000.0,2.86,2.07,72.00,28080000.0,1.6,1.70,27210000.0,underperform
2824,2007-04-10 20:12:00,1176250320.0,qcom,37.71,-2.15,1448.390015,-6.48,4.33,0.005,29.38,9.06,4.98,32.01,33.87,13.18,19.11,4.698,71250000000.0,56370000000.0,N/A,1.05,7.22,16.368,7.22,5340000000.0,16.368,2500000000.0,1.46,4.50,16.00,5950000000.0,3.59,67000000.0,4.197,8.565,3450000000.0,2.4,1.98,71.50,19550000.0,1.2,1.20,24850000.0,outperform
2825,2013-02-08 12:15:56,1360343756.0,qcom,64.29,10.2,1517.930054,15.4,-5.200000000000001,0.09,17.57,5.59,3.23,32.33,30.78,9.55,18.12,11.99,101080000000.0,101080000000.0,13.69,1.01,4.94,13.99,4.94,12020000000.0,13.99,5830000000.0,3.79,36.00,28.60,13280000000.0,7.73,31000000.0,3.42,20.59,6190000000.0,1.20,1.28,81.50,14470000.0,1.20,0.80,13540000.0,underperform
2826,2011-09-04 02:03:53,1315116233.0,qcom,48.07,,1204.420044,16.78,,4.86,20.35,6.21,3.26,29.48,32.27,8.63,18.04,8.41,74000000000.0,74000000000.0,14.15,0.97,5.36,13.59,5.36,7470000000.0,13.59,4179999999.9999995,2.44,34.90,34.20,10730000000.0,6.39,1280000000.0,2.88,15.67,74000000000.0,1.08,1.42,80.90,17220000.0,0.90,N/A,15620000.0,underperform
2827,2012-10-25 15:11:14,1351192274.0,qcom,54.93,21.1,1412.969971,24.54,-3.4399999999999977,4.15,17.05,5.34,3.03,32.09,31.77,9.41,17.31,10.84,86120000000.0,86120000000.0,14.04,1.10,4.69,12.82,4.69,10080000000.0,12.82,5150000000.0,3.39,16.60,27.70,13400000000.0,7.86,1350000000.0,2.97,19.03,6410000000.0,1.30,1.28,81.50,23270000.0,2.20,1.40,17390000.0,underperform
2828,2007-12-15 07:57:56,1197723476.0,qcom,36.34,-19.4,1486.589966,-41.24,21.840000000000003,0.006,20.18,7.35,4.14,37.23,32.61,10.73,22.59,5.344,64440000000.0,57950000000.0,N/A,0.91,6.53,17.691,6.53,6190000000.0,17.691,3300000000.0,1.95,84.40,15.40,6580000000.0,4.021,91000000.0,3.907,9.62,3810000000.0,1.8,1.94,73.70,28650000.0,1.3,1.80,26400000.0,outperform
2829,2007-01-11 13:06:16,1168538776.0,qcom,34.52,-0.84,1423.819946,-1.6,0.7600000000000001,0.004,26.70,8.46,4.75,32.82,36.03,14.35,20.14,4.536,63710000000.0,58040000000.0,N/A,1.04,7.71,16.824,7.71,5340000000.0,16.824,2470000000.0,1.44,14.10,28.10,5720000000.0,3.462,58000000.0,4.957,8.115,3250000000.0,2.45,2.07,71.20,24850000.0,1.4,1.50,21590000.0,outperform
2830,2006-11-28 09:44:49,1164725089.0,qcom,31.25,17.25,1386.719971,5.93,11.32,0.004,25.24,8.00,4.49,32.82,36.03,14.35,20.14,4.536,60240000000.0,54570000000.0,N/A,1.03,7.25,15.818,7.25,5340000000.0,15.818,2470000000.0,1.44,14.10,28.10,5720000000.0,3.462,58000000.0,4.957,8.115,3250000000.0,2.72,2.07,71.60,25980000.0,1.4,1.60,26320000.0,outperform
2831,2008-10-29 01:03:05,1225256585.0,qcom,33.92,13.38,930.090027,14.62,-1.2399999999999984,0.007,18.95,5.51,3.31,33.76,31.49,10.47,20.84,6.191,63850000000.0,49270000000.0,N/A,0.78,4.87,13.606,4.87,6190000000.0,13.606,3410000000.0,2.05,6.30,18.80,6610000000.0,4.031,123000000.0,4.292,10.26,3610000000.0,1.06,1.90,78.10,22600000.0,0.9,1.40,29970000.0,underperform
2832,2012-09-19 13:24:55,1348075495.0,qcom,62.25,8.72,1461.050049,17.88,-9.159999999999998,4.15,19.18,6.04,3.42,32.09,31.77,9.41,17.31,10.84,98810000000.0,98810000000.0,15.87,1.22,5.38,14.71,5.38,10080000000.0,14.71,5150000000.0,3.39,16.60,27.70,13400000000.0,7.86,1350000000.0,2.97,19.03,6410000000.0,1.27,1.27,82.60,18770000.0,2.20,1.10,17120000.0,underperform
2833,2007-05-01 11:21:47,1178032907.0,qcom,38.39,0.0,1486.300049,-6.78,6.78,0.005,29.92,8.91,4.85,32.01,33.87,13.18,19.11,4.698,73000000000.0,56370000000.0,N/A,1.05,7.22,16.368,7.22,5340000000.0,16.368,2500000000.0,1.46,4.50,16.00,5950000000.0,3.59,67000000.0,4.197,9.027,3450000000.0,2.4,1.98,71.50,19550000.0,1.2,1.20,24850000.0,outperform
2834,2005-02-07 10:28:57,1107790137.0,qcom,30.85,28.2,1201.719971,4.42,23.78,7.711,34.12,12.13,6.11,36.09,42.36,17.82,20.02,3.001,60560000000.0,54690000000.0,25.31,1.47,10.80,25.47,10.80,3400000000.0,25.47,1830000000.0,1.08,107.90,22.90,6120000000.0,3.72,7.711,7.711,5.911,2400000000.0,1.227,2.47,67.29,17600000.0,1.406,1.10,20970000.0,outperform
2835,2011-11-03 17:00:58,1320354058.0,qcom,52.83,7.36,1261.150024,12.14,-4.78,4.86,22.83,6.35,3.33,29.48,32.27,8.63,18.04,8.41,78200000000.0,78200000000.0,16.06,0.96,5.67,14.36,5.67,7470000000.0,14.36,4179999999.9999995,2.44,34.90,34.20,10730000000.0,6.39,1280000000.0,2.88,15.67,78200000000.0,1.05,1.42,80.90,20650000.0,1.20,1.30,21630000.0,underperform
2836,2005-04-18 07:52:22,1113825142.0,tyc,606.56,-12.9,1145.97998,14.08,-26.98,0.484,21.99,1.56,1.97,7.49,13.50,4.80,10.03,18.364,63070000000.0,75170000000.0,13.62,1.03,1.85,9.83,1.85,14500000000.0,9.83,3030000000.0,1.43,193.90,9.10,3440000000.0,1.71,15530000000.0,1.884,15.934,5140000000.0,2.007,1.00,84.14,58660000.0,5.687,2.94,54510000.0,underperform
2837,2004-10-27 04:44:56,1098866696.0,tyc,596.29,-13.89,1125.400024,4.75,-18.64,0.577,20.82,1.50,2.04,7.85,13.06,5.02,11.17,18.177,61490000000.0,73580000000.0,15.62,1.34,1.83,9.84,1.83,12910000000.0,9.84,3140000000.0,1.47,N/A,3.40,4030000000.0000005,17079999999.999998,17079999999.999998,1.768,14.74,5710000000.0,1.856,16.00,84.20,59520000.0,7.115,3.53,59700000.0,underperform
2838,2004-05-04 11:48:04,1083685684.0,tyc,553.61,1.93,1119.550049,5.01,-3.08,0.679,50.14,1.49,2.01,3.18,8.66,1.86,4.52,17.868,55960000000.0,72100000000.0,15.37,1.35,1.92,13.17,1.92,12910000000.0,13.17,1190000000.0,0.558,N/A,3.40,2760000000.0,1.38,18910000000.0,1.77,13.925,5630000000.0,1.784,16.00,82.24,56180000.0,7.054,3.34,51940000.0,underperform
2839,2012-02-11 10:15:16,1328973316.0,tyc,321.62,-90.78,1349.959961,11.81,-102.59,29.03,16.57,1.33,1.61,8.19,12.04,4.89,9.88,36.72,25860000000.0,25860000000.0,11.92,1.04,1.51,7.61,1.51,6610000000.0,7.61,1410000000.0,2.97,49.50,3.90,1010000000.0,2.20,4170000000.0,1.54,30.84,2530000000.0,0.95,0.17,89.30,2620000.0,0.90,0.60,4990000.0,underperform
2840,2013-05-23 19:16:41,1369351001.0,tyc,33.35,29.3,1650.51001,15.15,14.15,31.46,279.59,1.49,3.35,0.59,7.45,2.53,3.42,22.80,16809999999.999998,16809999999.999998,15.87,1.14,1.59,13.86,1.59,3780000000.0,13.86,331000000.0,0.12,77.70,2.60,576000000.0,1.24,1490000000.0,1.33,10.18,1740000000.0,0.86,0.25,90.10,2490000.0,0.70,0.50,3300000.0,outperform
2841,2011-04-21 06:45:55,1303382755.0,tyc,311.89,13.76,1337.380005,3.08,10.68,29.26,16.12,1.40,1.72,8.64,10.52,4.36,9.67,35.33,26270000000.0,26270000000.0,13.71,1.33,1.52,8.60,1.52,6280000000.0,8.60,1320000000.0,3.04,118.20,5.40,2060000000.0,4.35,4150000000.0000005,1.51,29.68,26270000000.0,1.22,0.08,88.10,3300000.0,1.00,0.70,3560000.0,outperform
2842,2005-11-01 04:30:54,1130837454.0,tyc,509.57,15.32,1202.76001,13.72,1.5999999999999996,0.41,21.90,1.30,1.69,6.14,14.67,6.12,8.86,20.659,53410000000.0,64599999999.99999,N/A,0.98,1.56,7.848,1.56,14500000000.0,7.848,2730000000.0,1.21,29.30,3.30,2670000000.0,1.317,13130000000.0,1.742,15.843,5510000000.0,N/A,0.38,84.10,36160000.0,3.9,1.80,32400000.0,outperform
2843,2006-08-18 17:55:31,1155938131.0,tyc,527.97,-51.5,1302.300049,8.02,-59.519999999999996,0.292,16.34,1.32,1.56,8.33,12.59,5.40,11.43,20.128,53390000000.0,61640000000.0,N/A,1.06,1.52,8.33,1.52,13770000000.0,8.33,3800000000.0,1.62,27.20,5.10,2120000000.0,1.052,10050000000.0,1.625,17.076,5320000000.0,1.22,0.28,84.60,25380000.0,4.3,1.30,27200000.0,underperform
2844,2007-02-21 20:21:15,1172107275.0,tyc,643.49,-61.79,1457.630005,-7.9,-53.89,0.285,16.52,1.52,1.76,9.47,13.91,6.05,11.74,20.794,62840000000.0,70840000000.0,N/A,1.21,1.70,8.664,1.70,13680000000.0,8.664,4010000000.0,1.92,42.60,7.60,2600000000.0,1.314,10230000000.0,1.667,18.153999,5750000000.0,1.1,0.03,77.90,26690000.0,3.9,1.40,25820000.0,underperform
2845,2013-04-22 03:40:17,1366616417.0,tyc,29.99,40.91,1562.5,20.29,20.619999999999997,28.92,46.40,1.37,2.80,2.97,8.21,2.80,2.76,22.71,15590000000.0,15590000000.0,14.70,1.05,1.48,12.12,1.48,3780000000.0,12.12,271000000.0,0.68,49.40,4.90,501000000.0,1.08,1490000000.0,1.49,11.02,2210000000.0,0.86,0.25,90.10,2540000.0,1.00,0.50,3700000.0,outperform
2846,2008-10-19 05:01:25,1224406885.0,tyc,170.17,31.84,946.429993,16.01,15.829999999999998,0.287,9.96,0.65,0.82,6.45,10.41,4.22,6.67,41.249,12490000000.0,15760000000.0,N/A,0.43,0.78,4.867,0.78,6340000000.0,4.867,1050000000.0,2.64,N/A,10.90,1340000000.0,2.826,4610000000.0,1.575,33.486,208000000.0,0.57,0.01,89.70,3820000.0,0.9,0.80,3980000.0,outperform
2847,2012-03-27 16:14:01,1332879241.0,tyc,343.5,-91.16,1412.52002,10.64,-101.8,29.03,18.02,1.43,1.72,8.19,12.04,4.89,9.88,36.72,27680000000.0,27680000000.0,12.97,1.12,1.61,8.15,1.61,6610000000.0,8.15,1410000000.0,2.97,49.50,3.90,1010000000.0,2.20,4170000000.0,1.54,30.84,2530000000.0,1.01,0.17,89.30,2880000.0,1.00,0.60,2950000.0,underperform
2848,2004-12-09 07:07:06,1102594026.0,tyc,656.19,-15.43,1189.23999,5.9,-21.33,0.552,24.15,1.68,2.22,7.52,13.24,4.81,10.17,18.12,68459999999.99999,79800000000.0,14.95,1.29,1.99,10.65,1.99,12910000000.0,10.65,3000000000.0,1.411,N/A,3.40,4470000000.0,2.22,16730000000.0,1.675,15.114,5710000000.0,2.032,16.00,83.90,61860000.0,7.508,3.67,59800000.0,underperform
2849,2005-03-06 04:20:42,1110100842.0,tyc,663.65,-23.61,1210.469971,5.6,-29.21,0.484,25.00,1.72,2.17,7.49,13.50,4.80,10.03,18.364,71710000000.0,83800000000.0,15.49,1.16,2.07,10.96,2.07,14500000000.0,10.96,3030000000.0,1.43,193.90,9.10,3440000000.0,1.71,15530000000.0,1.884,15.934,5140000000.0,2.162,1.00,83.87,54510000.0,5.743,2.74,54450000.0,underperform
2850,2008-02-09 22:06:19,1202612779.0,tyc,252.45,-43.16,1326.449951,-36.23,-6.93,0.284,N/A,1.02,1.27,11.26,8.84,2.23,8.97,39.021,19450000000.0,22850000000.0,N/A,0.72,1.19,8.056,1.19,6340000000.0,8.056,2310000000.0,4.40,54.20,11.60,1070000000.0000001,2.204,4470000000.0,1.328,32.014,3310000000.0,0.26,0.02,85.80,5950000.0,1.20,1.20,6250000.0,underperform
2851,2003-12-31 21:03:06,1072922586.0,tyc,504.21,36.8,1111.920044,9.14,27.659999999999997,0.795,52.92,1.46,2.03,2.82,8.33,1.61,4.05,17.949,53170000000.0,70370000000.0,14.91,1.31,1.91,22.95,1.91,12520000000.0,22.95,1030000000.0,0.503,331.20,2.20,4190000000.0000005,2.1,20970000000.0,1.631,13.21,N/A,1.743,16.00,82.65,56100000.0,6.567,3.34,62880000.0,outperform
2852,2004-03-31 13:02:11,1080756131.0,tyc,545.61,19.52,1126.209961,4.83,14.69,0.679,51.16,1.52,2.05,3.18,8.66,1.86,4.52,17.868,57100000000.0,73240000000.0,15.77,1.35,1.95,13.38,1.95,12910000000.0,13.38,1190000000.0,0.558,N/A,3.40,2760000000.0,1.38,18910000000.0,1.77,13.925,5630000000.0,1.767,16.00,82.44,51940000.0,5.886,3.09,51570000.0,outperform
2853,2005-09-09 05:07:43,1126256863.0,tyc,558.04,-5.14,1241.47998,4.73,-9.870000000000001,0.41,23.57,1.37,1.77,6.14,14.67,6.12,8.86,20.659,57480000000.0,67940000000.0,N/A,1.02,1.64,8.254,1.64,14500000000.0,8.254,2730000000.0,1.21,29.30,3.30,2670000000.0,1.317,13130000000.0,1.742,15.843,5510000000.0,N/A,0.38,84.10,39950000.0,4.8,2.00,39610000.0,underperform
2854,2012-03-26 05:05:30,1332752730.0,tyc,341.32,-91.08,1416.51001,10.4,-101.48,29.03,17.79,1.42,1.72,8.19,12.04,4.89,9.88,36.72,27530000000.0,27530000000.0,12.80,1.11,1.60,8.10,1.60,6610000000.0,8.10,1410000000.0,2.97,49.50,3.90,1010000000.0,2.20,4170000000.0,1.54,30.84,2530000000.0,1.01,0.17,89.30,2880000.0,1.00,0.60,2950000.0,underperform
2855,2005-02-20 13:39:33,1108924773.0,tyc,636.41,,1200.75,7.2,,0.484,23.59,1.65,2.08,7.49,13.50,4.80,10.03,18.364,67660000000.0,79760000000.0,14.61,1.09,1.97,10.44,1.97,14500000000.0,10.44,3030000000.0,1.43,193.90,9.10,3440000000.0,1.71,15530000000.0,1.884,15.934,5140000000.0,2.162,1.00,80.06,54450000.0,6.233,2.73,63220000.0,underperform
2856,2012-03-26 20:54:31,1332809671.0,tyc,341.32,-91.08,1416.51001,10.4,-101.48,29.03,17.90,1.42,1.71,8.19,12.04,4.89,9.88,36.72,27530000000.0,27530000000.0,12.88,1.11,1.60,8.10,1.60,6610000000.0,8.10,1410000000.0,2.97,49.50,3.90,1010000000.0,2.20,4170000000.0,1.54,30.84,2530000000.0,1.01,0.17,89.30,2880000.0,1.00,0.60,2950000.0,underperform
2857,2006-08-24 02:06:09,1156399569.0,tyc,518.18,-47.83,1296.060059,14.14,-61.97,0.292,16.15,1.30,1.53,8.33,12.59,5.40,11.43,20.128,52770000000.0,60730000000.0,N/A,1.08,1.50,8.208,1.50,13770000000.0,8.208,3800000000.0,1.62,27.20,5.10,2120000000.0,1.052,10050000000.0,1.625,17.076,5320000000.0,1.22,0.28,86.80,25380000.0,4.3,1.30,27200000.0,underperform
2858,2011-11-04 13:41:42,1320428502.0,bac,6.4,44.53,1253.22998,12.68,31.85,N/A,N/A,0.93,0.33,2.37,1.08,0.08,0.78,7.47,208060000000.0,208060000000.0,6.84,8.73,2.76,N/A,2.76,N/A,N/A,3070000000.0,0.31,N/A,17.60,606640000000.0,59.86,740250000000.0,N/A,20.80,208060000000.0,2.90,0.04,60.10,201260000.0,0.70,2.00,204030000.0,outperform
2859,2008-01-23 06:24:01,1201087441.0,bac,36.67,-84.81,1338.599976,-38.18,-46.63,N/A,8.48,2.44,1.18,30.49,48.59,1.32,14.68,14.769,165950000000.0,396980000000.0,N/A,2.04,6.06,N/A,6.06,102540000000.0,N/A,19830000000.0,4.41,31.70,18.30,358300000000.0,80.729,585930000000.0,N/A,30.452,10480000000.0,0.52,0.80,59.20,42110000.0,1.4,1.00,40350000.0,underperform
2860,2003-10-26 16:27:11,1067203631.0,bac,31.26,9.4,1033.77002,5.9,3.5,N/A,11.69,N/A,2.40,N/A,N/A,1.54,21.46,N/A,122350000000.0,313330000000.0,11.26,1.16,N/A,N/A,46010000000.0,40580000000.0,N/A,10700000000.0,7.00,36.20,13.40,25220000000.0,16.87,216140000000.0,N/A,34.06,N/A,0.778,1.56,61.30,16450000.0,2.957,1.12,14590000.0,outperform
2861,2008-07-06 18:18:40,1215382720.0,bac,21.01,-43.31,1262.900024,-28.84,-14.470000000000002,N/A,9.44,1.93,0.72,21.03,32.88,0.68,7.51,11.76,99740000000.0,382240000000.0,N/A,1.27,7.35,N/A,7.35,106230000000.0,N/A,10610000000.0,2.37,77.00,35.00,335300000000.0,75.301,613390000000.0,N/A,31.216999,26840000000.0,1.03,0.80,62.00,82650000.0,1.6,1.90,64480000.00000001,underperform
2862,2013-05-16 21:45:30,1368755130.0,bac,13.28,8.96,1650.469971,13.78,-4.8199999999999985,N/A,41.75,1.86,0.67,6.43,15.86,0.23,2.14,7.23,259850000000.00003,259850000000.00003,10.36,0.59,3.33,N/A,3.33,N/A,N/A,3540000000.0,0.32,127.10,15.10,502260000000.0,46.59,617760000000.0,N/A,20.19,28210000000.0,1.78,0.00,59.00,164260000.0,1.20,1.50,167800000.0,underperform
2863,2008-12-17 07:48:50,1229518130.0,bac,14.27,2.17,904.419983,21.19,-19.020000000000003,N/A,13.13,1.48,0.47,12.69,20.73,0.36,4.05,10.722,75770000000.0,396480000000.0,N/A,1.50,8.30,N/A,8.30,106230000000.0,N/A,5160000000.0,1.15,68.20,6.40,312950000000.0,62.37,629250000000.0,N/A,30.006001,43500000000.0,1.26,0.72,56.20,N/A,N/A,N/A,91080000.0,underperform
2864,2012-07-01 05:19:14,1341134354.0,bac,7.67,67.8,1329.040039,21.51,46.28999999999999,N/A,N/A,1.09,0.39,0.07,10.70,0.00,0.02,7.47,150510000000.0,150510000000.0,8.35,1.82,1.96,N/A,1.96,N/A,N/A,1310000000.0,0.13,68.10,13.90,643880000000.0,59.75,701830000000.0,N/A,19.83,49460000000.0,1.87,0.00,53.40,254590000.0,1.20,2.40,263180000.0,outperform
2865,2011-09-25 20:30:29,1316997029.0,bac,5.98,51.0,1129.560059,28.98,22.02,N/A,N/A,0.86,0.30,21.39,1.91,0.66,6.73,7.13,201790000000.0,201790000000.0,5.21,1.33,2.82,N/A,2.82,N/A,N/A,16320000000.0,1.64,N/A,52.60,638540000000.0,63.01,771970000000.0,N/A,20.29,201790000000.0,2.46,0.04,60.10,211920000.0,0.60,2.10,141890000.0,outperform
2866,2007-05-28 07:27:48,1180351668.0,bac,,,1515.72998,-8.6,,N/A,10.93,3.33,1.72,31.44,57.78,1.49,16.20,15.186,227210000000.0,417430000000.0,N/A,1.27,6.13,N/A,6.13,102540000000.0,N/A,21340000000.0,4.69,5.40,3.00,356450000000.0,80.322,543820000000.00006,N/A,29.737,13620000000.0,0.32,0.78,60.30,32299999.999999996,2.1,0.70,32180000.0,underperform
2867,2012-11-12 08:24:42,1352726682.0,bac,9.32,53.0,1380.030029,28.09,24.91,N/A,25.49,1.26,0.46,6.75,17.99,0.25,2.32,7.59,127790000000.0,127790000000.0,9.72,2.86,1.58,N/A,1.58,N/A,N/A,3980000000.0,0.37,94.50,25.50,625350000000.0,58.02,647090000000.0,N/A,20.40,36700000000.0,1.78,0.00,51.80,186110000.0,1.30,1.70,190600000.0,outperform
2868,2006-12-06 22:26:24,1165461984.0,bac,45.37,-8.42,1412.900024,6.68,-15.1,N/A,12.13,3.75,1.79,30.81,56.91,1.44,16.56,14.317,236610000000.0,448170000000.0,N/A,1.26,7.10,N/A,7.10,74490000000.0,N/A,19440000000.0,4.34,41.00,30.70,320050000000.0,71.27,530890000000.0,N/A,29.517,1090000000.0,0.47,0.42,61.90,36120000.0,3.4,0.80,38320000.0,underperform
2869,2008-07-10 01:45:15,1215668715.0,bac,20.97,-44.49,1253.390015,-29.86,-14.630000000000003,N/A,9.30,2.02,0.75,21.03,32.88,0.68,7.51,11.76,98230000000.0,387320000000.0,N/A,1.35,7.45,N/A,7.45,106230000000.0,N/A,10610000000.0,2.37,77.00,35.00,335300000000.0,75.301,613390000000.0,N/A,31.216999,26840000000.0,1.03,0.80,62.00,82650000.0,1.6,1.90,64480000.00000001,underperform
2870,2011-11-01 17:56:55,1320184615.0,bac,6.32,46.36,1218.280029,15.91,30.45,N/A,N/A,0.92,0.33,2.37,1.08,0.08,0.78,7.47,207250000000.0,207250000000.0,6.45,9.84,2.75,N/A,2.75,N/A,N/A,3070000000.0,0.31,N/A,17.60,606640000000.0,59.86,740250000000.0,N/A,20.80,207250000000.0,2.76,0.04,60.10,201260000.0,0.70,2.00,204030000.0,outperform
2871,2011-12-29 05:22:19,1325154139.0,bac,5.4,108.89,1263.02002,11.04,97.85,N/A,N/A,0.74,0.26,2.37,4.53,0.08,0.78,7.47,193570000000.0,193570000000.0,5.51,11.91,2.57,N/A,2.57,N/A,N/A,3070000000.0,0.31,N/A,17.60,606640000000.0,59.85,740250000000.0,N/A,20.80,45060000000.0,2.86,0.04,60.10,187090000.0,0.70,1.80,238720000.0,outperform
2872,2004-10-14 00:15:51,1097727351.0,bac,34.66,-0.95,1103.290039,7.55,-8.5,N/A,12.09,5.22,1.94,34.30,N/A,1.49,20.73,10.855,183080000000.0,440810000000.0,11.17,1.25,12.42,N/A,12.42,44100000000.0,N/A,12170000000.0,3.722,16.90,6.50,31790000000.0,7.82,287080000000.0,N/A,23.507,25080000000.0,0.647,1.68,64.95,48500000.0,7.555,1.21,48520000.0,underperform
2873,2012-01-01 09:11:12,1325427072.0,bac,5.4,113.52,1263.02002,12.92,100.6,N/A,N/A,0.73,0.26,2.37,4.53,0.08,0.78,7.47,194380000000.0,194380000000.0,5.79,10.24,2.58,N/A,2.58,N/A,N/A,3070000000.0,0.31,N/A,17.60,606640000000.0,59.85,740250000000.0,N/A,20.80,45060000000.0,2.85,0.04,60.10,146200000.0,0.50,1.40,187090000.0,outperform
2874,2004-09-19 22:39:26,1095647966.0,bac,34.77,1.9,1123.5,9.57,-7.67,N/A,12.00,5.08,1.89,34.30,N/A,1.49,20.73,10.855,181660000000.0,437270000000.0,11.11,1.22,12.32,N/A,12.32,44100000000.0,N/A,12170000000.0,3.722,16.90,6.50,31790000000.0,7.82,287080000000.0,N/A,23.507,25080000000.0,0.666,1.68,64.98,48520000.0,4.945,1.21,47450000.0,underperform
2875,2011-10-08 14:13:32,1318097612.0,bac,5.69,64.15,1144.030029,27.74,36.41000000000001,N/A,N/A,0.89,0.31,21.39,1.91,0.66,6.73,7.13,197640000000.0,197640000000.0,5.04,1.38,2.76,N/A,2.76,N/A,N/A,16320000000.0,1.64,N/A,52.60,638540000000.0,63.01,771970000000.0,N/A,20.29,197640000000.0,2.76,0.04,60.10,222000000.0,0.70,2.20,211920000.0,outperform
2876,2012-05-01 11:56:52,1335887812.0,bac,8.23,46.66,1405.819946,12.58,34.08,N/A,N/A,1.14,0.41,0.07,10.90,0.00,0.02,7.47,149750000000.0,149750000000.0,7.65,0.87,1.95,N/A,1.95,N/A,N/A,1330000000.0,0.13,68.10,13.90,643880000000.0,59.75,701830000000.0,N/A,19.83,N/A,2.07,0.01,57.20,129449999.99999999,0.40,1.20,141160000.0,outperform
2877,2012-08-31 00:07:24,1346386044.0,bac,7.92,77.4,1406.579956,16.24,61.16000000000001,N/A,8.67,1.01,0.40,13.29,21.64,0.51,4.95,8.16,132070000000.0,132070000000.0,8.69,1.85,1.55,N/A,1.55,N/A,N/A,9900000000.0,0.91,N/A,97.30,636850000000.0,59.09,678300000000.0,N/A,20.16,16040000000.0,1.86,0.00,53.40,220300000.0,1.80,2.00,224560000.0,outperform
2878,2007-05-02 06:40:41,1178102441.0,bac,44.4,-18.45,1495.920044,-5.79,-12.66,N/A,10.87,3.32,1.71,31.44,57.78,1.49,16.20,15.186,226080000000.0,416300000000.0,N/A,1.25,6.12,N/A,6.12,102540000000.0,N/A,21340000000.0,4.69,5.40,3.00,356450000000.0,80.298,543820000000.00006,N/A,29.737,N/A,0.32,0.77,60.50,32299999.999999996,2.1,0.70,32180000.0,underperform
2879,2007-06-29 14:55:55,1183143355.0,bac,43.03,-42.02,1503.349976,-12.07,-29.950000000000003,N/A,10.47,3.20,1.65,31.44,57.78,1.49,16.20,15.186,217670000000.0,408070000000.0,N/A,1.33,6.00,N/A,6.00,102540000000.0,N/A,21340000000.0,4.69,5.40,3.00,356450000000.0,80.322,543820000000.00006,N/A,29.737,13620000000.0,0.29,0.78,60.40,35220000.0,2.5,0.80,28730000.0,underperform
2880,2013-01-22 16:39:21,1358890761.0,bac,11.27,51.64,1492.560059,23.6,28.04,N/A,45.22,1.60,0.55,5.57,5.77,0.19,1.79,7.00,129979999999.99998,129979999999.99998,8.83,0.61,1.73,N/A,1.73,N/A,N/A,2760000000.0,0.25,63.20,25.00,640090000000.0,59.39,645590000000.0,N/A,20.24,N/A,1.78,0.00,51.80,186640000.0,1.10,1.70,208340000.0,outperform
2881,2009-02-03 17:07:42,1233698862.0,bac,5.17,194.78,838.51001,30.86,163.92000000000002,N/A,9.95,0.66,0.22,8.72,15.66,0.23,2.48,10.008,27670000000.0,383030000000.0,N/A,1.56,8.34,N/A,8.34,106230000000.0,N/A,2560000000.0,0.554,N/A,23.70,284430000000.0,56.688,632950000000.0,N/A,27.773001,N/A,1.67,0.56,44.20,96130000.0,1.90,1.90,114330000.0,outperform
2882,2009-03-08 01:06:13,1236492373.0,bac,3.1,430.0,682.549988,66.8,363.2,N/A,5.67,0.44,0.11,8.72,15.66,0.23,2.48,10.008,20100000000.0,372750000000.0,N/A,1.36,8.11,N/A,8.11,106230000000.0,N/A,2560000000.0,0.55,N/A,23.70,284430000000.0,56.688,632950000000.0,N/A,27.773001,N/A,1.89,0.57,49.20,111630000.0,0.3,2.20,96290000.0,outperform
2883,2007-02-22 09:12:23,1172153543.0,bac,46.23,-16.7,1456.380005,-7.09,-9.61,N/A,11.74,3.56,1.81,31.28,57.89,1.54,17.85,14.927,240340000000.0,407080000000.0,N/A,1.22,6.03,N/A,6.03,74490000000.0,N/A,21110000000.0,4.59,57.00,39.60,338910000000.0,76.021,504830000000.0,N/A,29.702999,N/A,0.34,0.77,56.80,32720000.0,2.9,0.70,35250000.0,underperform
2884,2003-12-07 14:02:47,1070823767.0,bac,29.01,26.89,1069.719971,11.27,15.620000000000001,N/A,10.73,3.54,2.23,33.75,N/A,1.52,21.41,20.744,111600000000.0,277490000000.0,10.63,1.06,8.75,N/A,8.75,40580000000.0,N/A,10690000000.0,7.003,36.20,13.40,22140000000.0,14.9,187980000000.0,N/A,33.83,N/A,0.746,1.56,60.96,37730000.0,3.366,2.58,16450000.0,outperform
2885,2007-10-24 01:16:00,1193202960.0,bac,42.32,-48.04,1515.880005,-40.09,-7.949999999999996,N/A,10.01,3.09,1.60,31.61,50.75,1.46,16.46,15.405,212020000000.0,402080000000.0,N/A,1.52,5.86,N/A,5.86,102540000000.0,N/A,21590000000.0,4.78,5.20,3.10,362710000000.0,81.741,549920000000.0,N/A,29.952999,1760000000.0,0.43,0.78,59.30,31750000.0,1.1,0.70,41290000.0,underperform
2886,2011-09-02 05:03:57,1314954237.0,bac,7.15,10.91,1173.969971,20.15,-9.239999999999998,N/A,N/A,1.16,0.40,21.39,1.91,0.66,6.73,7.13,220640000000.0,220640000000.0,5.49,2.64,3.08,N/A,3.08,N/A,N/A,16320000000.0,1.64,N/A,52.60,638540000000.0,63.01,771970000000.0,N/A,20.29,220640000000.0,2.45,0.04,60.10,141890000.0,0.50,1.40,131940000.0,underperform
2887,2008-06-08 04:32:50,1212913970.0,bac,30.0,-60.6,1404.050049,-33.11,-27.490000000000002,N/A,12.85,2.74,1.02,21.03,32.88,0.68,7.51,11.76,135810000000.0,418310000000.0,N/A,1.45,8.04,N/A,8.04,106230000000.0,N/A,10610000000.0,2.37,77.00,35.00,335300000000.0,75.301,613390000000.0,N/A,31.216999,26840000000.0,0.26,0.80,62.30,66879999.99999999,1.50,1.50,64930000.00000001,underperform
2888,2006-06-17 20:09:11,1150589351.0,bac,39.32,12.08,1230.040039,23.81,-11.729999999999999,N/A,11.71,3.91,1.70,30.48,55.50,1.32,14.97,13.476,216400000000.0,378160000000.0,N/A,1.20,6.76,N/A,6.76,74490000000.0,N/A,17040000000.0,4.048,13.50,20.60,297990000000.0,65.299,459490000000.0,N/A,28.191999,8160000000.0,0.34,0.83,60.60,38380000.0,2.5,0.80,33930000.0,underperform
2889,2008-07-02 11:09:36,1215011376.0,bac,21.14,-41.39,1261.52002,-28.94,-12.45,N/A,10.03,2.04,0.76,21.03,32.88,0.68,7.51,11.76,106020000000.0,388520000000.0,N/A,1.29,7.47,N/A,7.47,106230000000.0,N/A,10610000000.0,2.37,77.00,35.00,335300000000.0,75.301,613390000000.0,N/A,31.216999,26840000000.0,0.26,0.80,61.90,82650000.0,1.6,1.90,64480000.00000001,underperform
2890,2012-03-01 23:19:11,1330661951.0,bac,8.04,40.17,1374.089966,10.49,29.68,N/A,812.00,1.07,0.40,1.81,13.37,0.07,0.63,7.89,172660000000.0,172660000000.0,7.45,0.76,2.16,N/A,2.16,N/A,N/A,84000000.0,0.01,N/A,27.10,599630000000.0,55.87,682350000000.0,N/A,20.09,64489999999.99999,2.65,0.01,57.20,154410000.0,0.50,1.50,148100000.0,outperform
2891,2008-07-08 00:38:23,1215491903.0,bac,22.07,-47.44,1273.699951,-30.94,-16.499999999999996,N/A,9.07,1.92,0.72,21.03,32.88,0.68,7.51,11.76,95870000000.0,382240000000.0,N/A,1.27,7.35,N/A,7.35,106230000000.0,N/A,10610000000.0,2.373,77.00,35.00,335300000000.0,75.301,613390000000.0,N/A,31.216999,26840000000.0,1.03,0.80,62.00,82650000.0,1.6,1.90,64480000.00000001,underperform
2892,2008-12-04 23:53:00,1228452780.0,bac,14.0,14.07,845.2199710000001,30.85,-16.78,N/A,12.47,1.44,0.50,12.69,20.73,0.36,4.05,10.722,65420000000.0,389370000000.0,N/A,1.50,8.15,N/A,8.15,106230000000.0,N/A,5160000000.0,1.15,68.20,6.40,312950000000.0,68.598,629250000000.0,N/A,30.006001,43500000000.0,1.26,0.72,55.90,91080000.0,1.80,1.80,81430000.0,underperform
2893,2012-07-14 03:36:27,1342251387.0,bac,7.56,77.78,1341.449951,24.87,52.91,N/A,N/A,1.05,0.38,0.07,10.70,0.00,0.02,7.47,142970000000.0,142970000000.0,8.15,1.66,1.86,N/A,1.86,N/A,N/A,1310000000.0,0.13,68.10,13.90,643880000000.0,59.75,701830000000.0,N/A,19.83,49460000000.0,1.87,0.00,53.40,231000000.0,1.20,2.10,254590000.0,outperform
2894,2008-07-16 23:12:13,1216264333.0,bac,21.26,-39.32,1245.359985,-24.46,-14.86,N/A,9.55,1.59,0.59,21.03,32.88,0.68,7.51,11.76,100940000000.0,364970000000.0,N/A,1.10,7.02,N/A,7.02,106230000000.0,N/A,10610000000.0,2.373,77.00,35.00,335300000000.0,75.301,613390000000.0,N/A,31.216999,26840000000.0,1.03,0.80,62.00,82650000.0,1.6,1.90,64480000.00000001,underperform
2895,2007-02-27 20:49:31,1172627371.0,bac,43.74,-11.39,1399.040039,-1.36,-10.030000000000001,N/A,11.20,3.48,1.78,31.28,57.89,1.54,17.85,14.927,229280000000.0,402090000000.0,N/A,1.19,5.95,N/A,5.95,74490000000.0,N/A,21110000000.0,4.593,57.00,39.60,338910000000.0,76.021,504830000000.0,N/A,29.702999,N/A,0.34,0.77,60.50,32720000.0,2.9,0.70,35250000.0,underperform
2896,2008-10-28 01:00:24,1225170024.0,bac,22.01,-33.12,940.51001,10.86,-43.98,N/A,17.85,2.01,0.70,12.69,20.73,0.36,4.05,10.722,93660000000.0,416840000000.0,N/A,1.88,8.72,N/A,8.72,106230000000.0,N/A,5160000000.0,1.15,68.20,5.20,312950000000.0,68.598,629250000000.0,N/A,30.006001,N/A,0.42,0.72,54.60,109260000.0,0.9,2.40,106790000.0,underperform
2897,2008-12-20 20:31:57,1229823117.0,bac,14.27,2.17,904.419983,21.19,-19.020000000000003,N/A,12.00,1.47,0.47,12.69,20.73,0.36,4.05,10.722,69240000000.0,389960000000.0,N/A,1.52,8.16,N/A,8.16,106230000000.0,N/A,5160000000.0,1.15,68.20,6.40,312950000000.0,62.37,629250000000.0,N/A,30.006001,43500000000.0,1.26,0.72,56.20,N/A,N/A,N/A,91080000.0,underperform
2898,2007-06-30 08:27:18,1183206438.0,bac,43.29,-46.25,1506.339966,-14.82,-31.43,N/A,10.43,3.20,1.65,31.44,57.78,1.49,16.20,15.186,216960000000.0,407180000000.0,N/A,1.33,5.98,N/A,5.98,102540000000.0,N/A,21340000000.0,4.69,5.40,3.00,356450000000.0,80.322,543820000000.00006,N/A,29.737,13620000000.0,0.29,0.78,60.40,35220000.0,2.5,0.80,28730000.0,underperform
2899,2009-01-07 12:53:10,1231350790.0,bac,13.38,24.14,906.650024,25.92,-1.7800000000000011,N/A,12.42,1.50,0.48,12.69,20.73,0.36,4.05,10.722,71650000000.0,392360000000.0,N/A,1.74,8.21,N/A,8.21,106230000000.0,N/A,5160000000.0,1.15,68.20,6.40,312950000000.0,62.37,629250000000.0,N/A,30.006001,43500000000.0,1.22,0.72,56.20,105450000.0,0.9,2.10,N/A,underperform
2900,2005-02-07 03:05:20,1107763520.0,bac,36.92,-2.79,1201.719971,4.42,-7.21,N/A,12.69,4.79,1.92,32.72,N/A,1.49,18.15,11.307,189400000000.0,457490000000.0,10.58,1.16,10.58,N/A,10.58,44100000000.0,N/A,14130000000.0,3.70,16.90,6.50,28940000000.0,7.15,296420000000.0,N/A,24.139,23610000000.0,0.698,1.81,59.60,38300000.0,4.207,0.96,41120000.0,underperform
2901,2012-03-10 02:13:15,1331363595.0,bac,7.94,53.53,1352.630005,14.17,39.36,N/A,805.00,1.08,0.40,1.81,13.37,0.07,0.63,7.89,173630000000.0,173630000000.0,7.45,0.77,2.17,N/A,2.17,N/A,N/A,84000000.0,0.01,N/A,27.10,599630000000.0,55.87,682350000000.0,N/A,20.09,64489999999.99999,2.52,0.01,57.20,154410000.0,0.50,1.50,148100000.0,outperform
2902,2005-03-21 06:30:30,1111404630.0,bac,35.41,9.74,1183.780029,9.58,0.16000000000000014,N/A,12.16,4.20,1.82,32.72,N/A,1.49,18.15,11.307,182170000000.0,449920000000.0,10.12,1.17,10.41,N/A,10.41,57050000000.0,N/A,14130000000.0,3.70,30.80,29.20,28940000000.0,7.14,296420000000.0,N/A,24.558001,3960000000.0,0.683,1.81,61.53,36970000.0,4.35,0.93,38310000.0,outperform
2903,2004-09-08 09:06:31,1094648791.0,nbr,22.24,49.82,1116.27002,10.34,39.480000000000004,0.754,29.95,3.10,2.54,10.73,10.81,4.21,9.33,13.718,6710000000.0,7940000000.0,17.97,1.13,3.65,14.04,3.65,645890000.0,14.04,233220000.0,1.506,58.20,26.60,787620000.0,5.29,1990000000.0,4.313,17.787001,530590000.00000006,1.014,11.00,85.63,6560000.0,4.729,4.95,6610000.0,outperform
2904,2011-09-17 08:38:35,1316263115.0,nbr,17.72,-10.44,1188.680054,22.82,-33.26,74.34,18.55,1.04,0.94,5.59,10.12,2.86,3.12,17.91,8910000000.0,8910000000.0,7.16,0.57,1.74,5.56,1.74,1750000000.0,5.56,170410000.0,0.98,341.20,51.20,673040000.0,2.34,4269999999.9999995,2.49,19.67,8910000000.0,1.92,8.22,84.40,6810000.0,0.90,2.30,6370000.0,underperform
2905,2005-08-31 00:39:42,1125463182.0,nbr,32.98,-1.85,1220.329956,6.84,-8.69,0.613,23.45,3.60,3.08,15.73,18.98,5.69,14.95,18.533,10220000000.0,11110000000.0,N/A,0.38,3.94,13.052,3.94,875500000.0,13.052,443610000.0,2.77,184.40,44.20,1060000000.0,6.748,2020000000.0,1.477,20.947001,739660000.0,N/A,1.28,87.70,6650000.0,4.2,4.30,6450000.0,underperform
2906,2012-10-25 02:10:24,1351145424.0,nbr,13.93,19.31,1412.969971,24.54,-5.23,80.61,134.42,0.59,0.72,0.43,15.09,5.27,3.83,24.16,8359999999.999999,8359999999.999999,8.52,0.51,1.20,4.05,1.20,2280000000.0,4.05,220020000.0,0.10,N/A,29.30,455180000.0,1.57,4670000000.0,2.00,19.70,1300000000.0,2.28,13.59,83.20,15020000.0,2.80,4.90,14270000.0,underperform
2907,2005-02-04 06:31:33,1107516693.0,nbr,25.77,49.63,1203.030029,6.6,43.03,0.685,26.87,3.35,2.75,12.36,13.72,5.34,11.04,14.925,7710000000.0,8840000000.0,18.83,0.71,3.61,12.91,3.61,645890000.0,12.91,302460000.0,1.92,58.20,26.60,823050000.0,5.5,2009999999.9999998,1.318,18.59,545670000.0,1.016,10.98,85.50,5820000.0,3.2,4.37,6160000.0,outperform
2908,2013-04-22 02:18:04,1366611484.0,nbr,14.9,68.66,1562.5,20.29,48.37,72.68,26.25,0.62,0.73,2.35,13.14,4.49,4.09,24.11,7920000000.0,7920000000.0,9.82,1.48,1.13,4.01,1.13,2510000000.0,4.01,238430000.0,0.56,N/A,N/A,778200000.0,2.67,4380000000.0,2.77,20.47,1560000000.0,2.64,13.59,75.30,10260000.0,2.10,3.40,8910000.0,outperform
2909,2007-02-26 23:42:41,1172551361.0,nbr,30.53,3.31,1449.369995,-4.7,8.01,1.133,8.78,1.90,2.40,21.97,30.53,11.39,29.04,16.607,9280000000.0,12030000000.0,N/A,0.62,2.50,6.379,2.50,1550000000.0,6.379,1060000000.0,3.53,31.10,27.10,1140000000.0,3.811,4000000000.0,2.932,12.766,N/A,9.40,1.60,76.90,17700000.0,2.6,6.00,17540000.0,outperform
2910,2004-01-20 02:59:01,1074585541.0,nbr,21.98,11.1,1138.77002,4.03,7.069999999999999,0.952,41.47,3.38,2.51,8.67,8.13,2.96,6.84,11.518,6130000000.0,7480000000.0,20.87,1.91,4.19,16.97,4.19,545100000.0,16.97,154560000.0,1.008,66.00,31.70,936700000.0,6.39,2280000000.0,2.6,16.37,N/A,1.211,10.98,84.70,6450000.0,4.199,4.95,6190000.0,outperform
2911,2007-01-27 07:13:33,1169900013.0,nbr,29.59,-11.36,1440.130005,-6.11,-5.249999999999999,1.219,9.22,1.93,2.47,21.87,30.26,11.14,29.01,15.148,8780000000.0,11510000000.0,N/A,0.20,2.53,6.468,2.53,1550000000.0,6.468,993570000.0,3.18,63.70,39.30,1270000000.0,4.256,4000000000.0,3.735,11.857,1400000000.0,1.03,12.71,74.90,17700000.0,2.6,6.00,17540000.0,underperform
2912,2007-02-27 11:57:03,1172595423.0,nbr,29.61,5.34,1399.040039,-1.36,6.7,1.133,8.78,1.92,2.43,21.97,30.53,11.39,29.04,16.607,9280000000.0,12140000000.0,N/A,0.62,2.52,6.438,2.52,1550000000.0,6.438,1060000000.0,3.53,31.10,27.10,1140000000.0,3.811,4000000000.0,2.932,12.766,N/A,5.92,1.60,76.90,17700000.0,2.6,6.00,17540000.0,outperform
2913,2003-10-27 00:03:07,1067230987.0,nbr,17.75,42.87,1031.130005,7.75,35.12,0.974,42.31,3.23,2.28,7.91,7.27,2.62,5.93,10.765,5320000000.0,6550000000.0,17.27,1.67,3.95,15.92,3.95,545100000.0,15.92,131199999.99999999,0.858,66.00,31.70,1050000000.0,7.17,2290000000.0,2.807,16.04,N/A,1.105,10.97,87.28,6340000.0,4.391,4.86,5880000.0,outperform
2914,2011-07-19 01:19:30,1311052770.0,nbr,26.46,-46.22,1326.72998,3.47,-49.69,80.37,55.40,1.62,1.38,2.94,10.09,2.61,2.72,16.34,11290000000.0,11290000000.0,10.59,1.04,2.42,7.48,2.42,1750000000.0,7.48,146400000.0,0.47,106.00,55.00,730310000.0,2.54,4460000000.0,1.22,19.02,11290000000.0,1.88,8.22,84.40,6050000.0,1.00,2.10,5340000.0,underperform
2915,2007-04-10 06:19:17,1176200357.0,nbr,30.37,14.72,1448.390015,-6.48,21.200000000000003,1.132,8.86,1.76,2.38,21.18,29.46,11.00,27.99,16.607,8390000000.000001,11260000000.0,N/A,0.69,2.34,6.084,2.34,2370000000.0,6.084,1020000000.0,3.40,12.90,27.10,1140000000.0,4.096,4000000000.0,2.932,12.768,1490000000.0,0.92,1.72,82.60,17510000.0,3.3,6.50,15110000.0,outperform
2916,2005-04-04 23:20:45,1112671245.0,nbr,29.61,19.69,1176.119995,11.04,8.650000000000002,0.685,31.33,3.71,3.09,12.36,13.72,5.34,11.04,14.925,9050000000.0,10180000000.0,16.21,0.49,4.16,14.86,4.16,875500000.0,14.86,302460000.0,1.92,57.30,27.30,900550000.0,5.99,2009999999.9999998,1.318,19.547001,563200000.0,1.062,10.98,86.45,5780000.0,2.402,4.31,6350000.0,outperform
2917,2013-05-11 00:21:18,1368246078.0,nbr,15.78,61.41,1632.689941,14.88,46.529999999999994,72.35,36.22,0.70,0.80,1.90,12.84,4.25,3.24,23.42,8199999999.999999,8199999999.999999,11.35,1.69,1.21,4.19,1.21,2510000000.0,4.19,192620000.0,0.45,26.10,12.10,690480000.0,2.34,4380000000.0,2.86,20.28,1500000000.0,2.62,13.59,75.30,11600000.0,2.20,N/A,10260000.0,outperform
2918,2008-04-28 00:28:05,1209356885.0,nbr,37.79,-60.68,1396.369995,-38.76,-21.92,0.957,12.20,2.09,2.19,17.97,23.23,7.09,20.17,17.919,10640000000.0,13770000000.0,N/A,0.99,2.75,7.956,2.75,2180000000.0,7.956,869280000.0,3.14,12.10,3.10,1450000000.0,5.225,4580000000.0,1.988,17.247999,N/A,0.74,14.29,78.60,23940000.0,3.5,8.90,21000000.0,underperform
2919,2011-04-17 14:26:11,1303064771.0,nbr,30.14,-49.4,1314.52002,4.19,-53.589999999999996,82.10,94.68,2.10,1.64,2.27,10.30,2.41,2.00,14.64,12610000000.0,12610000000.0,13.28,3.46,3.02,8.91,3.02,1750000000.0,8.91,106030000.0,0.33,N/A,58.90,801190000.0,2.80,4440000000.0,1.21,18.66,12610000000.0,1.67,8.22,84.40,6180000.0,1.20,2.50,6900000.0,underperform
2920,2007-01-26 17:46:17,1169851577.0,nbr,28.89,-12.25,1422.180054,-5.88,-6.37,1.219,9.35,1.93,2.47,21.87,30.26,11.14,29.01,15.148,8900000000.0,N/A,N/A,0.20,N/A,N/A,N/A,1550000000.0,N/A,993570000.0,3.18,63.70,39.30,1270000000.0,4.256,4000000000.0,3.735,11.857,1400000000.0,1.03,12.71,74.90,17540000.0,2.7,6.00,17110000.0,underperform
2921,2011-02-26 10:55:33,1298735733.0,cf,129.28,40.42,1307.400024,4.29,36.13,44.19,26.22,2.41,2.36,8.81,23.36,10.29,14.27,61.28,11130000000.0,11130000000.0,11.54,1.17,2.81,9.12,2.81,839400000.0,9.12,349200000.0,5.34,289.70,144.20,800800000.0,11.25,1960000000.0,1.42,56.89,11130000000.0,0.95,0.29,90.20,1190000.0,0.50,2.50,2440000.0,outperform
2922,2007-04-13 11:16:29,1176477389.0,cf,41.93,202.48,1452.849976,-6.77,209.25,0.005,71.62,1.22,3.11,1.71,4.76,5.00,4.37,35.445,2390000000.0,2069999999.9999998,N/A,3.00,1.06,10.57,1.06,147200000.0,10.57,33299999.999999996,0.60,N/A,9.30,325600000.0,5.902,4200000.0,1.791,13.902,203600000.0,1.43,9.99,88.90,2910000.0,2.1,5.30,1950000.0,outperform
2923,2012-07-25 19:58:45,1343260725.0,cf,189.99,-7.18,1337.890015,26.34,-33.519999999999996,30.18,8.24,1.97,2.58,25.20,45.38,19.46,36.64,94.95,12640000000.0,12640000000.0,9.44,0.76,1.96,3.77,1.96,2900000000.0,3.77,1630000000.0,23.69,30.60,30.10,1710000000.0,26.10,1620000000.0,1.97,75.20,2009999999.9999998,1.50,0.33,95.50,1930000.0,1.30,3.00,1620000.0,underperform
2924,2008-12-03 23:46:06,1228365966.0,cf,44.07,94.92,870.73999,26.32,68.6,0.003,4.22,0.71,1.54,17.02,27.46,26.23,46.24,65.894,2630000000.0,1470000000.0,N/A,0.96,0.40,1.314,0.40,670000000.0,1.314,629900000.0,10.979,45.50,75.10,1150000000.0,20.264,4600000.0,2.126,29.833,800400000.0,1.97,4.24,91.90,3570000.0,0.7,6.30,2450000.0,outperform
2925,2013-04-25 09:26:53,1366896413.0,cf,186.8,27.56,1585.160034,17.55,10.009999999999998,25.55,6.54,1.93,2.00,30.29,47.89,19.09,34.30,95.52,10610000000.0,10610000000.0,7.98,0.76,1.74,3.19,1.74,3110000000.0,3.19,1850000000.0,28.59,7.20,13.80,2280000000.0,36.17,1600000000.0,2.96,93.76,2380000000.0,1.83,0.28,97.30,1310000.0,1.10,2.20,1590000.0,outperform
2926,2013-04-22 02:34:43,1366612483.0,cf,174.05,37.61,1562.5,20.29,17.32,25.55,6.27,1.84,1.90,30.29,47.89,19.09,34.30,95.52,10610000000.0,10610000000.0,7.64,0.76,1.74,3.19,1.74,3110000000.0,3.19,1850000000.0,28.59,7.20,13.80,2280000000.0,36.17,1600000000.0,2.96,93.76,2380000000.0,1.83,0.28,97.30,1310000.0,1.10,2.20,1590000.0,outperform
2927,2011-09-10 06:45:56,1315651556.0,cf,176.76,17.21,1198.619995,19.48,-2.2699999999999996,30.35,12.75,2.59,2.73,19.84,37.39,13.31,24.65,71.91,13180000000.0,13180000000.0,9.31,1.04,2.57,5.61,2.57,1180000000.0,5.61,1020000000.0,14.12,363.70,37.80,1360000000.0,18.94,1620000000.0,1.90,67.90,13180000000.0,0.93,0.31,97.00,2540000.0,1.00,4.10,1820000.0,underperform
2928,2008-04-26 06:29:42,1209205782.0,cf,140.43,-54.58,1379.930054,-38.26,-16.32,0.004,21.93,2.81,6.52,13.52,21.72,22.66,38.15,49.67,8109999999.999999,7250000000.0,N/A,2.59,2.63,10.615,2.63,670000000.0,10.615,372700000.0,6.57,1592.50,61.90,861000000.0,15.305,4900000.0,2.033,21.104,690100000.0,0.79,8.66,92.30,5200000.0,1.8,9.30,5110000.0,underperform
2929,2007-06-08 15:39:39,1181331579.0,cf,45.33,197.9,1507.670044,-8.65,206.55,0.005,22.66,1.28,3.09,5.77,11.00,9.82,14.76,36.287,2610000000.0,2080000000.0,N/A,2.94,1.04,6.489,1.04,147200000.0,6.489,115100000.0,2.08,N/A,11.80,490800000.0,8.863,4300000.0,1.613,14.984,376200000.0,1.24,9.99,90.90,3560000.0,2.4,6.50,3410000.0,outperform
2930,2004-08-25 21:01:02,1093482062.0,cf,,,1104.959961,9.72,,N/A,19.16,5.02,3.02,26.74,55.39,1.25,16.24,8.667,10030000000.0,10150000000.0,14.06,1.43,5.08,N/A,5.08,2340000000.0,N/A,533960000.00000006,2.318,9.20,0.80,580710000.0,2.57,697020000.0,N/A,14.728,474450000.0,0.487,5.98,56.68,1690000.0,1.777,0.80,3130000.0,underperform
2931,2006-10-23 12:23:40,1161620620.0,cf,17.76,334.74,1377.02002,10.35,324.39,0.006,N/A,0.54,1.33,4.57,3.33,3.10,10.26,34.322,1020000000.0,812990000.0,N/A,4.90,0.43,5.139,0.43,209200000.0,5.139,83400000.0,1.57,0.70,6.10,228000000.0,4.142,4400000.0,2.131,14.042,67099999.99999999,2.39,10.05,85.10,2770000.0,11.2,5.00,3090000.0,outperform
2932,2006-06-24 17:19:06,1151183946.0,cf,13.12,337.2,1252.199951,21.56,315.64,0.006,N/A,0.40,1.02,4.64,3.08,2.47,10.77,33.629,777530000.0,585440000.0,N/A,4.14,0.32,3.895,0.32,209200000.0,3.895,83100000.0,1.56,N/A,12.80,196300000.0,3.567,4200000.0,1.452,13.266,91800000.0,N/A,N/A,N/A,2380000.0,5.2,4.30,2049999.9999999998,outperform
2933,2011-07-12 01:16:40,1310447800.0,cf,141.94,33.24,1313.640015,2.12,31.12,33.77,16.25,2.30,2.44,13.71,31.72,15.55,23.49,65.88,11130000000.0,11130000000.0,10.04,0.81,2.40,5.69,2.40,1180000000.0,5.69,635600000.0,8.92,N/A,133.70,1140000000.0,15.91,1620000000.0,1.31,61.10,11130000000.0,1.03,0.31,97.00,2120000.0,0.90,3.40,2260000.0,outperform
2934,2008-01-25 17:25:04,1201299904.0,cf,98.67,-55.98,1330.609985,-36.85,-19.129999999999995,0.005,24.06,2.38,5.44,10.45,17.77,16.73,27.12,42.445,5860000000.0,4870000000.0,N/A,N/A,2.07,9.682,2.07,147200000.0,9.682,245300000.0,4.357,1084.90,46.20,730400000.0,13.073,5000000.0,2.02,18.407,543900000.0,0.69,4.31,98.10,3050000.0,1.5,5.50,3080000.0,underperform
2935,2008-02-12 11:55:05,1202835305.0,cf,107.13,-53.63,1348.859985,-38.19,-15.440000000000005,0.004,25.59,2.66,5.25,10.45,17.77,16.73,27.12,42.445,6230000000.0,5380000000.0,N/A,2.33,2.29,10.7,2.29,147200000.0,10.7,245300000.0,4.36,1592.50,68.40,861000000.0,15.403,4900000.0,2.02,21.233999,543900000.0,0.9,4.31,97.30,3050000.0,1.5,5.50,3080000.0,underperform
2936,2010-03-29 07:40:09,1269862809.0,cf,89.0,40.2,1173.219971,12.46,27.740000000000002,N/A,12.54,1.74,2.62,14.02,26.06,17.40,23.84,53.781,3650000000.0,3650000000.0,N/A,0.86,1.40,4.674,1.40,839400000.0,4.674,365600000.0,7.43,73.00,52.70,882100000.0,18.156,4700000.0,2.674,35.596001,681800000.0,0.92,0.32,88.90,2490000.0,0.9,5.20,1780000.0,outperform
2937,2008-06-12 06:32:46,1213266766.0,cf,141.67,-44.42,1339.869995,-29.38,-15.040000000000003,0.004,18.16,2.88,6.33,16.07,25.76,23.02,43.66,52.92,8520000000.0,7670000000.0,N/A,2.34,2.60,9.02,2.60,670000000.0,9.02,474300000.0,8.32,177.60,41.30,852000000.0,15.113,4800000.0,1.538,23.820999,796200000.0,1.16,4.24,99.20,4650000.0,1.9,8.30,4890000.0,underperform
2938,2009-11-11 09:39:13,1257950353.0,ca,19.33,7.5,1098.51001,10.47,-2.9700000000000006,N/A,16.68,2.73,2.36,16.89,29.89,7.07,15.94,8.153,10390000000.0,10390000000.0,N/A,1.25,2.48,7.376,2.48,3670000000.0,7.376,709000000.0,1.32,7.90,3.20,3030000000.0,5.798,1940000000.0,1.181,9.306,1320000000.0,0.81,24.33,68.80,7360000.0,1.90,1.90,7540000.0,underperform
2939,2005-01-31 08:27:43,1107178063.0,ca,23.23,0.82,1181.27002,8.36,-7.539999999999999,0.66,733.89,4.60,3.32,0.69,2.85,0.22,0.51,5.827,15470000000.0,15440000000.0,26.96,1.93,4.44,22.75,4.44,3060000000.0,22.75,24000000.0,0.036,N/A,5.10,3320000000.0,5.68,3300000000.0,1.309,8.068,1350000000.0,2.504,0.18,68.42,18770000.0,7.05,3.21,19240000.0,underperform
2940,2005-02-20 04:11:50,1108890710.0,ca,22.9,,1200.75,7.2,,0.66,743.61,4.56,3.17,0.69,2.85,0.22,0.51,5.827,15830000000.0,15800000000.0,27.32,1.96,4.55,23.27,4.55,3060000000.0,23.27,24000000.0,0.04,N/A,5.10,3330000000.0,5.62,3300000000.0,1.309,8.443,1380000000.0,2.553,0.20,69.99,18770000.0,7.05,3.18,19240000.0,underperform
2941,2007-03-14 08:11:12,1173874272.0,ca,21.8,-10.55,1387.170044,-5.17,-5.380000000000001,0.746,143.97,3.38,3.62,2.49,7.63,2.18,2.31,7.009,13210000000.0,14070000000.0,N/A,2.70,3.61,15.956,3.61,3520000000.0,15.956,98000000.0,0.17,12.30,3.80,1840000000.0,3.493,2710000000.0,0.795,6.912,1110000000.0,1.37,34.67,72.10,14330000.0,5.5,3.60,18360000.0,underperform
2942,2006-10-23 12:22:17,1161620537.0,ca,21.48,4.19,1377.02002,10.35,-6.159999999999999,0.396,148.40,3.72,3.11,2.54,5.57,1.64,1.98,6.638,14240000000.0,14210000000.0,N/A,2.52,3.72,16.842,3.72,3520000000.0,16.842,94000000.0,0.17,63.90,3.10,1520000000.0,2.681,1810000000.0,0.771,8.063,1240000000.0,1.35,5.11,77.80,16570000.0,3.80,3.80,17050000.0,underperform
2943,2010-04-16 16:45:18,1271450718.0,ca,20.21,6.09,1192.130005,10.26,-4.17,N/A,16.18,2.80,2.37,17.69,30.60,7.35,16.32,8.316,10920000000.0,10920000000.0,N/A,1.27,2.55,7.38,2.55,3670000000.0,7.38,758000000.0,1.42,23.60,8.30,2620000000.0,5.046,1550000000.0,1.308,9.749,1370000000.0,0.83,24.50,70.30,5710000.0,1.4,N/A,4360000.0,underperform
2944,2004-10-10 03:49:33,1097394573.0,ca,23.28,-0.64,1130.650024,5.01,-5.6499999999999995,0.479,948.89,4.77,3.33,0.27,3.82,0.09,0.20,5.649,15530000000.0,15660000000.0,27.08,2.40,4.68,21.76,4.68,3060000000.0,21.76,9000000.0,0.009,N/A,5.10,2170000000.0,3.71,2300000000.0,1.071,8.2,1380000000.0,2.388,0.18,69.31,18580000.0,7.575,3.18,18260000.0,underperform
2945,2012-01-29 16:31:44,1327872704.0,ca,22.63,3.58,1318.430054,13.79,-10.209999999999999,24.95,13.77,2.58,2.11,19.52,30.54,7.66,16.33,9.61,11300000000.0,11300000000.0,10.29,1.25,2.38,6.52,2.38,3660000000.0,6.52,901000000.0,1.85,31.50,10.40,2470000000.0,5.09,1430000000.0,1.09,11.94,1350000000.0,0.98,25.66,72.10,13910000.0,4.40,3.60,13450000.0,underperform
2946,2013-05-16 08:21:38,1368706898.0,ca,25.77,9.7,1650.469971,13.78,-4.08,23.67,13.24,2.64,2.25,20.57,30.41,7.41,17.61,10.18,10710000000.0,10710000000.0,10.67,1.36,2.31,6.38,2.31,4000000000.0,6.38,955000000.0,2.07,14.70,3.10,2780000000.0,6.20,1290000000.0,1.17,12.17,N/A,1.51,27.76,64.80,7900000.0,2.70,2.30,7680000.0,underperform
2947,2003-10-08 21:26:55,1065662815.0,ca,24.63,-5.48,1033.780029,9.37,-14.85,0.52,N/A,5.12,3.66,6.07,2.91,1.76,4.28,5.498,16760000000.000002,17610000000.0,31.43,2.31,5.57,34.07,5.57,2880000000.0,34.07,192000000.0,N/A,N/A,5.10,876000000.0,1.51,2300000000.0,1.306,7.63,N/A,2.291,0.17,68.03,15480000.0,5.429,2.68,16260000.000000002,underperform
2948,2006-05-28 00:35:16,1148790916.0,ca,19.08,,1272.880005,19.08,,0.371,62.60,3.42,2.64,5.61,10.46,2.23,4.19,6.403,12800000000.0,12780000000.0,N/A,2.06,3.41,13.213,3.41,3330000000.0,13.213,207000000.0,0.35,90.30,5.50,1830000000.0,3.174,1810000000.0,0.901,8.423,1550000000.0,1.7,5.29,70.90,19070000.0,6.3,4.30,15420000.0,underperform
2949,2007-04-04 17:15:37,1175721337.0,ca,22.51,-9.73,1439.369995,-4.87,-4.86,0.746,149.43,3.53,3.78,2.49,7.63,2.18,2.31,7.009,13710000000.0,14640000000.0,N/A,2.78,3.75,16.602,3.75,3520000000.0,16.602,98000000.0,0.17,12.30,3.80,1840000000.0,3.493,2710000000.0,0.795,6.912,1110000000.0,1.43,34.67,72.10,11300000.0,6.2,2.80,14330000.0,underperform
2950,2013-02-06 15:53:51,1360184031.0,ca,23.21,31.88,1512.119995,17.28,14.599999999999998,26.62,12.67,2.44,2.09,19.74,30.36,7.61,16.59,10.16,10300000000.0,10300000000.0,9.77,1.28,2.20,6.10,2.20,3950000000.0,6.10,914000000.0,1.97,4.60,5.40,2560000000.0,5.62,1440000000.0,1.14,12.01,1610000000.0,1.48,26.99,70.40,9250000.0,2.30,2.70,9430000.0,outperform
2951,2006-08-14 13:24:19,1155576259.0,ca,18.74,10.78,1268.209961,12.48,-1.700000000000001,0.387,80.22,3.25,2.65,4.19,6.67,1.82,3.21,6.534,12320000000.0,12270000000.0,N/A,2.38,3.23,13.633,3.23,3520000000.0,13.633,156000000.0,0.27,N/A,0.70,1870000000.0,3.278,1810000000.0,0.784,8.185,1380000000.0,1.22,4.70,73.10,18940000.0,6.6,4.30,18830000.0,underperform
2952,2008-04-07 11:07:25,1207580845.0,ca,20.34,-25.42,1372.540039,-40.58,15.159999999999997,0.699,30.50,2.84,3.21,9.74,20.18,5.23,11.19,8.118,11930000000.0,12430000000.0,N/A,1.61,2.96,10.577,2.96,3620000000.0,10.577,409000000.0,0.76,226.00,9.80,2080000000.0,4.048,2580000000.0,0.838,7.229,934000000.0,0.93,7.97,64.20,12790000.0,4.5,3.30,13300000.0,outperform
2953,2004-06-27 11:52:59,1088351579.0,ca,22.88,2.23,1140.650024,4.39,-2.1599999999999997,0.487,N/A,4.79,3.32,1.10,1.92,0.34,0.81,5.607,15630000000.0,16030000000.000002,24.98,1.75,4.89,24.29,4.89,2880000000.0,24.29,36000000.0,0.063,N/A,5.10,1900000000.0,3.25,2300000000.0,1.368,8.098,1270000000.0,2.373,0.17,68.74,19340000.0,4.442,3.31,18910000.0,underperform
2954,2005-09-10 06:50:39,1126349439.0,see,21.2,2.26,1236.359985,4.66,-2.4000000000000004,1.54,22.40,1.05,3.08,5.38,13.30,6.85,16.74,47.249,4139999999.9999995,5780000000.0,N/A,1.48,1.46,8.203,1.46,1160000000.0,8.203,212700000.0,2.23,2.10,10.40,455100000.0,5.491,2089999999.9999998,1.288,16.344,386800000.0,N/A,69.82,86.70,2700000.0,8.4,3.30,2770000.0,underperform
2955,2004-08-10 05:02:04,1092128524.0,see,19.86,12.69,1079.040039,13.91,-1.2200000000000006,1.924,21.45,1.08,3.34,6.37,13.90,4.95,18.89,39.215,3980000000.0,5760000000.0,14.63,1.24,1.57,11.26,1.57,1110000000.0,11.26,206590000.0,2.203,N/A,10.20,475800000.0,5.64,2280000000.0,1.292,14.062,489000000.0,1.65,2.05,85.83,2400000.0,6.378,2.90,3000000.0,underperform
2956,2005-10-31 08:28:43,1130765323.0,see,21.01,18.8,1207.01001,14.16,4.640000000000001,1.512,22.07,1.02,2.99,5.29,13.02,6.78,16.35,48.355,4099999999.9999995,5730000000.0,N/A,1.63,1.42,8.163,1.42,1160000000.0,8.163,213100000.0,2.24,0.60,8.00,454000000.0,5.478,2080000000.0,1.103,16.344,N/A,N/A,1.75,86.70,3970000.0,7.1,4.90,3900000.0,outperform
2957,2013-05-12 21:34:26,1368408866.0,see,22.17,50.79,1626.670044,16.6,34.19,323.14,N/A,0.58,3.09,18.31,8.50,3.95,71.57,39.61,8460000000.000001,8460000000.000001,15.40,2.05,1.11,9.05,1.11,2540000000.0,9.05,1600000000.0,7.26,N/A,3.40,625800000.0,3.23,4610000000.0,1.30,7.36,448200000.0,1.19,1.68,91.80,5210000.0,2.00,2.70,5670000.0,outperform
2958,2005-01-27 23:07:23,1106885243.0,see,19.84,17.89,1174.550049,9.29,8.600000000000001,1.858,19.07,1.07,3.23,6.25,13.42,4.88,20.26,39.817,3970000000.0,5750000000.0,16.10,1.49,1.55,8.51,1.55,1110000000.0,8.51,232230000.0,2.491,N/A,10.20,517299999.99999994,6.19,2290000000.0,1.325,14.739,471100000.0,1.682,1.99,84.80,3030000.0,8.716,3.70,3270000.0,outperform
2959,2011-05-28 04:39:13,1306571953.0,see,23.21,-34.51,1320.469971,0.02,-34.53,56.62,17.73,0.89,1.62,5.58,11.96,6.29,10.77,28.75,4760000000.0,4760000000.0,12.68,2.23,1.05,6.83,1.05,1250000000.0,6.83,252800000.0,1.43,2.50,6.30,696000000.0,4.35,1410000000.0,1.47,15.61,4760000000.0,1.48,1.58,89.50,4750000.0,5.20,4.50,4710000.0,underperform
2960,2005-04-12 08:55:31,1113310531.0,see,22.76,4.75,1187.76001,8.45,-3.6999999999999993,1.584,23.07,1.14,3.24,5.68,12.40,4.47,17.25,38.226,4320000000.0,6020000000.0,15.24,1.62,1.59,9.26,1.59,1160000000.0,9.26,215600000.0,2.24,10.30,7.50,412100000.0,4.92,2109999999.9999998,1.236,15.946,436200000.0,1.799,2.16,86.75,2730000.0,7.353,3.33,2630000.0,underperform
2961,2008-01-23 17:59:33,1201129173.0,see,20.55,-42.82,1338.599976,-38.18,-4.640000000000001,0.95,11.72,0.79,1.83,7.84,12.49,6.96,20.27,28.174,3590000000.0,5050000000.0,N/A,1.29,1.11,6.876,1.11,1240000000.0,6.876,356600000.0,1.90,6.20,7.40,419200000.0,2.595,1870000000.0,1.145,12.18,362600000.0,1.24,1.40,88.50,5620000.0,4.2,3.50,5910000.0,underperform
2962,2005-03-15 10:38:43,1110901123.0,see,21.7,12.72,1197.75,8.79,3.9300000000000015,1.585,23.21,1.14,3.25,5.68,12.40,4.47,17.25,38.226,4340000000.0,6040000000.0,15.33,1.59,1.59,12.83,1.59,1110000000.0,12.83,215600000.0,2.24,N/A,10.20,412100000.0,4.93,2109999999.9999998,1.207,15.938,471100000.0,1.72,1.99,87.81,2630000.0,4.964,3.21,3030000.0,outperform
2963,2011-05-26 19:17:41,1306451861.0,see,23.27,-34.98,1325.689941,-0.59,-34.38999999999999,56.62,17.76,0.89,1.62,5.58,11.96,6.29,10.77,28.75,4750000000.0,4750000000.0,12.69,2.23,1.04,6.82,1.04,1250000000.0,6.82,252800000.0,1.43,2.50,6.30,696000000.0,4.35,1410000000.0,1.47,15.61,4750000000.0,1.48,1.58,89.50,4750000.0,5.20,4.50,4710000.0,underperform
2964,2013-04-23 18:21:45,1366755705.0,fdo,61.97,-8.08,1578.780029,18.79,-26.869999999999997,49.04,17.35,0.71,5.04,4.24,6.95,12.70,32.20,86.52,7760000000.0,7760000000.0,14.93,1.30,0.77,8.39,0.77,3260000000.0,8.39,425890000.0,3.65,2.70,17.70,130600000.0,1.14,698620000.0,1.52,12.39,288250000.0,0.40,8.79,90.30,4840000.0,3.80,5.00,4800000.0,underperform
2965,2005-01-27 03:16:50,1106813810.0,fdo,27.68,-24.31,1174.550049,9.29,-33.599999999999994,1.751,21.23,0.97,3.75,4.68,7.37,11.90,18.32,31.828,5290000000.0,5150000000.0,18.24,1.38,0.95,10.34,0.95,1790000000.0,10.34,253590000.0,1.486,6.10,11.20,129690000.0,0.77,1.751,1.751,8.396,334160000.0,0.64,6.26,84.90,5460000.0,5.794,3.48,5580000.0,underperform
2966,2009-07-27 19:20:06,1248736806.0,fdo,28.63,29.41,982.179993,13.4,16.009999999999998,N/A,15.25,0.59,3.05,3.87,6.09,10.55,21.53,52.551,4269999999.9999995,4269999999.9999995,N/A,1.24,0.58,7.108,0.58,2350000000.0,7.108,284300000.0,2.02,35.60,8.30,329560000.0,2.359,250000000.0,1.517,10.197,499800000.0,0.16,3.52,99.40,11000000.0,3.5,8.20,10930000.0,outperform
2967,2006-06-16 07:27:42,1150457262.0,fdo,21.28,43.23,1251.540039,21.1,22.129999999999995,0.191,20.95,0.60,2.78,3.10,5.70,8.77,13.78,37.776,3790000000.0,3710000000.0,N/A,1.43,0.61,7.806,0.61,1920000000.0,7.806,188930000.0,1.16,31.90,9.40,330820000.0,2.13,250000000.0,1.567,8.41,402800000.0,0.73,12.15,99.50,5930000.0,3.8,3.90,5970000.0,outperform
2968,2008-12-31 04:32:16,1230715936.0,fdo,23.82,8.77,903.25,23.45,-14.68,0.199,15.38,0.49,2.72,3.34,5.23,8.64,19.19,49.814,3560000000.0,3510000000.0,N/A,1.28,0.50,6.815,0.50,2350000000.0,6.815,233070000.0,1.66,40.60,8.20,158500000.0,1.134,250000000.0,1.257,8.977,515740000.0,0.11,8.26,92.00,12850000.0,2.6,9.50,10850000.0,underperform
2969,2012-03-24 16:35:31,1332621331.0,fdo,54.61,6.85,1402.890015,10.19,-3.34,52.92,17.83,0.78,5.92,4.54,7.49,13.89,33.19,72.03,7240000000.0,7240000000.0,13.83,1.02,0.83,8.63,0.83,3030000000.0,8.63,394480000.0,3.24,8.10,7.60,155340000.0,1.32,607410000.0,1.47,9.74,521559999.99999994,0.48,8.72,87.30,3680000.0,2.90,3.80,3010000.0,underperform
2970,2008-10-21 20:57:21,1224637041.0,fdo,22.98,14.58,955.0499880000001,13.23,1.3499999999999996,0.199,15.24,0.50,2.76,3.34,5.23,8.64,19.19,49.814,3530000000.0,3550000000.0,N/A,1.14,0.51,6.895,0.51,2320000000.0,6.895,233070000.0,1.66,40.60,8.20,158500000.0,1.135,250000000.0,1.257,8.977,515789999.99999994,0.75,10.01,92.30,13260000.0,3.4,9.80,14600000.0,outperform
2971,2012-10-15 12:24:52,1350318292.0,fdo,64.39,5.17,1440.130005,17.91,-12.74,42.19,18.55,0.83,5.96,4.53,7.50,13.73,35.41,79.69,8180000000.0,8180000000.0,13.80,1.08,0.88,8.98,0.88,3030000000.0,8.98,422240000.0,3.58,1.40,10.80,98600000.0,0.85,547520000.0,1.66,11.15,369370000.0,0.46,8.79,89.50,3250000.0,2.30,3.30,4450000.0,underperform
2972,2013-05-13 03:43:46,1368431026.0,fdo,61.07,-7.25,1633.77002,16.14,-23.39,49.04,17.29,0.72,5.08,4.24,6.95,12.70,32.20,86.52,7820000000.0,7820000000.0,14.91,1.34,0.78,8.45,0.78,3260000000.0,8.45,425890000.0,3.65,2.70,17.70,130600000.0,1.14,698620000.0,1.52,12.39,288250000.0,0.40,8.79,90.30,7750000.0,4.40,8.00,5920000.0,underperform
2973,2012-07-22 11:55:42,1342972542.0,fdo,63.71,4.02,1376.51001,23.18,-19.16,40.57,18.80,0.85,5.88,4.63,7.55,13.69,33.76,77.25,8189999999.999999,8189999999.999999,15.78,1.27,0.90,9.23,0.90,3030000000.0,9.23,421160000.0,3.55,12.10,9.60,141910000.0,1.21,532480000.0,1.65,11.23,474420000.0,0.43,8.80,85.00,3450000.0,1.70,3.50,3800000.0,underperform
2974,2004-08-25 20:57:26,1093481846.0,fdo,22.66,-23.61,1104.959961,9.72,-33.33,1.922,17.31,0.88,3.33,5.18,8.15,13.21,19.85,29.882,4510000000.0,4360000000.0,15.13,1.14,0.84,8.44,0.84,1600000000.0,8.44,267380000.0,1.547,14.10,14.10,196450000.0,1.17,1.922,1.922,8.145,321370000.0,0.505,8.37,82.43,4320000.0,2.983,2.80,4770000.0,underperform
2975,2011-11-13 08:24:05,1321190645.0,fdo,55.33,16.12,1239.699951,11.32,4.800000000000001,50.46,18.82,0.80,6.25,4.54,7.47,13.37,30.97,69.29,7210000000.0,7210000000.0,13.95,1.05,0.84,8.78,0.84,3030000000.0,8.78,388450000.0,3.12,8.00,9.10,237410000.0,2.02,548570000.0,1.51,9.26,7210000000.0,0.37,13.06,85.60,3580000.0,2.40,3.10,3090000.0,outperform
2976,2005-02-07 03:55:28,1107766528.0,fdo,29.18,-30.84,1201.719971,4.42,-35.26,1.751,23.42,1.07,4.12,4.68,7.37,11.90,18.32,31.828,5840000000.0,5710000000.0,20.12,1.52,1.05,11.45,1.05,1790000000.0,11.45,253590000.0,1.49,6.10,11.20,129690000.0,0.77,1.751,1.751,8.396,334160000.0,0.64,6.26,84.45,5460000.0,5.794,3.48,5580000.0,underperform
2977,2004-04-23 18:26:24,1082759184.0,fdo,28.07,-16.0,1140.599976,-0.27,-15.73,2.027,21.72,1.12,4.01,5.23,8.24,13.39,20.00,29.049,5660000000.0,5290000000.0,17.65,1.22,1.05,10.42,1.05,1600000000.0,10.42,263180000.0,1.519,14.10,14.10,354790000.0,2.07,2.027,2.027,8.207,348230000.0,0.545,8.35,83.82,2870000.0,2.489,1.82,2270000.0,underperform
2978,2007-02-11 20:01:41,1171242101.0,fdo,28.2,-33.51,1448.310059,-7.54,-25.97,0.198,23.28,0.75,3.82,3.16,5.86,9.39,16.19,42.446,4690000000.0,N/A,N/A,1.61,N/A,N/A,N/A,1920000000.0,N/A,204650000.0,1.34,5.80,5.90,236430000.0,1.571,250000000.0,1.504,8.398,N/A,1.15,2.78,92.30,5510000.0,4.9,3.70,4940000.0,underperform
2979,2003-10-13 03:10:32,1066029032.0,fdo,35.45,-36.87,1045.349976,7.32,-44.19,N/A,29.65,1.54,5.57,5.21,8.20,13.50,20.23,27.404,7170000000.0,6970000000.0,21.86,1.33,1.47,17.88,1.47,1400000000.0,17.88,247480000.0,1.43,14.50,13.60,206730000.0,1.2,N/A,1.943,7.62,N/A,0.621,8.36,84.66,2160000.0,2.993,1.37,2020000.0,underperform
2980,2005-09-13 10:56:39,1126623399.0,fdo,18.33,34.97,1231.199951,7.06,27.91,1.617,15.67,0.62,2.49,4.02,6.34,10.28,16.49,34.144,3540000000.0,3360000000.0,N/A,1.19,0.59,7.115,0.59,1790000000.0,7.115,229930000.0,1.37,25.70,9.00,179040000.0,1.086,1.617,1.617,8.567,319740000.0,N/A,11.36,88.80,4560000.0,4.2,2.80,4210000.0,outperform
2981,2005-04-16 01:36:46,1113629806.0,fdo,24.35,-7.76,1173.790039,9.83,-17.59,1.67,18.75,0.85,3.32,4.49,7.07,11.34,18.09,33.135,4640000000.0,4460000000.0,16.19,1.30,0.80,8.99,0.80,1790000000.0,8.99,251290000.0,1.49,6.10,11.20,283150000.0,1.7,1.67,1.67,8.581,334160000.0,0.541,6.27,87.03,6010000.0,6.865,3.85,5630000.0,underperform
2982,2012-11-06 17:49:13,1352242153.0,fdo,64.19,5.09,1428.390015,23.95,-18.86,42.19,18.56,0.81,5.81,4.53,7.50,13.73,35.41,79.69,7990000000.0,7990000000.0,13.81,1.08,0.86,8.77,0.86,3260000000.0,8.77,422240000.0,3.58,1.40,10.80,98600000.0,0.85,547520000.0,1.66,11.25,369370000.0,0.49,8.79,89.50,4010000.0,2.20,4.10,3250000.0,underperform
2983,2005-01-11 19:25:11,1105489511.0,dhi,24.93,43.28,1182.98999,9.4,33.88,0.883,9.50,0.85,2.29,9.00,14.60,12.41,28.32,45.737,9230000000.0,12170000000.0,7.48,0.54,1.12,7.41,1.12,2640000000.0,7.41,975100000.0,4.113,55.80,24.20,518000000.0,2.19,3500000000.0,N/A,16.971001,422500000.0,1.256,8.63,72.92,7440000.0,3.765,3.45,5680000.0,outperform
2984,2005-03-31 08:22:59,1112275379.0,dhi,25.03,14.82,1180.589966,9.68,5.140000000000001,0.937,8.91,0.81,2.15,9.24,15.00,12.36,28.04,35.261,9050000000.0,12620000000.0,7.03,0.49,1.13,7.27,1.13,2640000000.0,7.27,1030000000.0,3.26,55.80,24.20,357000000.0,1.14,3930000000.0,N/A,13.444,829440000.0,1.205,8.64,56.06,8390000.0,2.74,2.95,7430000.0,outperform
2985,2007-05-28 16:06:57,1180382817.0,dhi,,,1515.72998,-8.6,,0.78,10.15,0.53,1.13,5.20,11.35,7.39,11.72,44.93,7390000000.0,12100000000.0,N/A,3.45,0.86,7.292,0.86,3630000000.0,7.292,731800000.0,2.32,85.30,26.10,68200000.0,0.217,5100000000.0,5.272,20.82,N/A,2.75,12.56,76.70,25010000.0,4.2,9.10,17480000.0,underperform
2986,2005-05-02 20:24:51,1115079891.0,dhi,26.24,-2.93,1162.160034,13.0,-15.93,0.971,8.55,0.81,2.13,9.71,15.77,12.60,28.93,36.918,9560000000.0,13010000000.0,6.74,0.47,1.11,7.02,1.11,2640000000.0,7.02,1140000000.0,3.59,55.80,24.20,572800000.0,1.84,4340000000.0,N/A,14.325,829440000.0,1.225,8.64,56.95,7390000.0,3.048,2.59,8390000.0,underperform
2987,2007-12-26 02:00:45,1198652445.0,dhi,12.52,,1497.660034,-41.8,,0.783,N/A,0.30,0.78,6.31,7.62,4.08,11.84,35.965,4330000000.0,8500000000.0,N/A,N/A,0.75,9.195,0.75,811400000.0,9.195,712500000.0,2.27,N/A,35.00,228300000.0,0.725,4380000000.0,4.766,17.129,1360000000.0,2.49,12.61,94.10,36430000.0,5.3,13.20,36450000.0,underperform
2988,2008-12-04 00:14:58,1228367698.0,dhi,7.31,31.19,845.2199710000001,30.85,0.33999999999999986,1.323,N/A,0.32,0.74,39.63,0.53,0.23,62.55,21.052,2310000000.0,4500000000.0,N/A,N/A,0.68,252.552,0.68,811400000.0,252.552,2630000000.0,8.34,N/A,43.80,1360000000.0,4.281,3750000000.0,4.701,8.951,1880000000.0,1.13,12.56,89.60,21680000.0,1.9,7.70,18640000.0,outperform
2989,2009-02-08 20:56:58,1234144618.0,dhi,7.54,62.6,845.849976,24.93,37.67,N/A,N/A,0.44,0.93,44.10,2.11,0.88,62.80,18.415,2890000000.0,4470000000.0,N/A,N/A,0.77,26.39,0.77,1640000000.0,26.39,2570000000.0,8.12,N/A,47.30,1880000000.0,5.945,3460000000.0,6.751,8.724,2140000000.0000002,1.15,12.53,89.10,22520000.0,3.5,8.00,22290000.0,outperform
2990,2013-05-16 16:55:48,1368737748.0,dhi,26.56,-16.91,1650.469971,13.78,-30.689999999999998,87.43,9.16,1.70,2.36,20.52,8.31,3.93,33.05,16.21,10890000000.0,10890000000.0,15.72,2.91,2.10,24.17,2.10,861600000.0,24.17,1070000000.0000001,2.92,173.40,48.90,1130000000.0,3.50,3270000000.0,7.39,11.61,1060000000.0,1.77,12.47,89.80,32890000.0,5.30,13.80,30700000.0,underperform
2991,2007-04-28 07:13:15,1177758795.0,dhi,20.03,-23.22,1495.420044,-7.13,-16.09,0.789,7.00,0.52,1.13,6.88,13.42,9.51,17.02,47.987,7190000000.0,14490000000.0,N/A,1.82,0.97,6.988,0.97,3630000000.0,6.988,1030000000.0,3.27,64.60,1.20,65500000.0,0.206,5150000000.0,6.439,20.849001,N/A,2.88,12.27,78.60,14530000.0,5.30,5.30,14760000.0,underperform
2992,2012-06-10 08:23:21,1339331001.0,dhi,15.21,50.3,1314.98999,24.93,25.369999999999997,64.99,38.21,1.25,1.83,3.35,4.79,2.14,5.00,12.50,5880000000.0,5880000000.0,17.55,4.70,1.48,28.05,1.48,613500000.0,28.05,132699999.99999999,0.42,46.00,28.00,961300000.0,3.02,1760000000.0,7.30,8.48,46600000.0,1.49,12.55,90.50,39230000.0,4.30,17.20,36620000.0,outperform
2993,2008-06-19 09:15:09,1213881309.0,dhi,11.6,-23.71,1342.829956,-31.4,7.689999999999998,0.919,N/A,0.42,0.94,25.17,5.21,2.66,43.50,29.125,3840000000.0,7060000000.0,N/A,N/A,0.77,16.96,0.77,811400000.0,16.96,2310000000.0,7.33,N/A,37.70,518900000.0,1.643,3740000000.0,6.26,12.895,1890000000.0,0.7,10.18,90.10,39250000.0,14.30,14.30,42370000.0,outperform
2994,2003-10-26 19:04:09,1067213049.0,dhi,16.33,14.64,1033.77002,5.9,8.74,1.087,10.67,0.75,2.11,6.62,10.63,8.48,22.00,53.325,5920000000.0,8700000000.0,8.88,0.66,1.08,9.58,1.08,1370000000.0,9.58,531620000.0,3.528,57.50,51.20,296240000.0,1.88,3080000000.0,N/A,18.24,N/A,1.126,19.46,76.42,7350000.0,5.535,5.81,5980000.0,outperform
2995,2008-02-24 20:19:31,1203902371.0,dhi,14.09,-46.63,1342.530029,-44.63,-2.0,0.688,N/A,0.47,0.89,9.35,6.37,3.37,15.93,32.341,4800000000.0,8430000000.0,N/A,N/A,0.83,11.849,0.83,811400000.0,11.849,951000000.0,3.02,N/A,39.20,90400000.0,0.287,3720000000.0,6.735,17.188999,1620000000.0,0.84,12.57,95.50,38960000.0,4.8,14.10,35660000.0,underperform
2996,2007-09-21 19:10:52,1190416252.0,dhi,12.67,-10.5,1525.75,-24.21,13.71,0.866,N/A,0.34,0.78,2.96,9.55,5.74,6.47,41.463,4440000000.0,9340000000.0,N/A,N/A,0.72,7.154,0.72,3630000000.0,7.154,384600000.0,1.226,N/A,29.20,4900000.0,0.016,4920000000.0,4.734,18.045,1420000000.0,3.33,12.53,85.50,29600000.0,3.3,10.80,28680000.0,outperform
2997,2007-06-30 20:43:36,1183250616.0,dhi,18.26,-40.31,1506.339966,-14.82,-25.490000000000002,0.78,8.59,0.45,0.97,5.20,11.35,7.40,11.72,44.93,6260000000.0,11290000000.0,N/A,2.22,0.80,6.798,0.80,3630000000.0,6.798,731800000.0,2.32,85.30,26.10,68200000.0,0.217,5100000000.0,4.817,20.82,598700000.0,2.72,12.56,86.30,30140000.0,8.3,11.00,28520000.0,underperform
2998,2004-10-26 06:18:37,1098785917.0,dhi,19.2,35.16,1111.089966,7.23,27.929999999999996,0.916,8.08,0.63,1.78,8.40,13.63,11.50,26.60,43.022,6810000000.0,9520000000.0,6.94,0.47,0.93,6.57,0.93,1920000000.0,6.57,856190000.0,3.614,54.70,29.50,240090000.0,1.03,3320000000.0,N/A,15.551,16579999.999999998,1.102,19.65,72.92,7160000.0,6.052,3.82,6580000.0,outperform
2999,2013-04-25 02:27:46,1366871266.0,sfly,45.97,-13.66,1585.160034,17.55,-31.21,N/A,72.69,2.55,2.37,3.59,6.36,3.23,3.54,17.88,1360000000.0,1360000000.0,53.42,5.16,2.12,16.44,2.12,345770000.0,16.44,23000000.0,0.61,49.70,33.40,245090000.0,6.75,0.00,2.08,19.01,151380000.0,1.40,3.52,127.30,6180000.0,8.50,29.60,7020000.0,underperform
3000,2007-06-17 14:03:22,1182103402.0,sfly,20.56,-29.23,1522.969971,-10.69,-18.54,0.018,53.66,3.71,3.26,4.73,5.46,5.06,5.89,9.754,528150000.0,421150000.0,N/A,2.10,3.16,19.124,3.16,67860000.0,19.124,6300000.0,0.41,N/A,58.20,109670000.0,4.568,2660000.0,6.503,6.303,29900000.0,N/A,N/A,47.20,4.8,4.8,6.20,1080000.0,underperform
3001,2012-03-06 03:43:58,1331023438.0,sfly,29.2,54.42,1343.359985,14.75,39.67,N/A,76.25,2.31,1.79,2.97,3.72,2.09,3.20,14.43,913410000.0,913410000.0,59.80,2.77,1.93,19.57,1.93,253730000.0,19.57,14050000.0,0.40,8.90,58.70,179910000.0,5.16,0.00,2.61,17.48,63250000.0,1.79,7.28,105.90,5910000.0,4.80,23.10,6040000.0,outperform
3002,2007-04-10 13:50:44,1176227444.0,sfly,17.2,-14.53,1448.390015,-6.48,-8.049999999999999,0.024,29.95,3.28,2.64,4.70,6.18,4.60,5.39,14.307,403250000.0,289100000.0,N/A,1.98,2.34,13.989,2.34,67860000.0,13.989,5800000.0,0.56,61.30,60.10,119050000.0,4.96,3700000.0,4.865,6.384,23490000.0,N/A,N/A,37.00,2170000.0,8.4,13.70,1140000.0,underperform
3003,2012-11-04 05:06:36,1352023596.0,sfly,31.51,55.28,1427.589966,23.84,31.44,N/A,204.03,2.06,1.81,0.97,2.57,1.31,0.90,15.59,935460000.0,935460000.0,56.72,5.65,1.69,17.70,1.69,253730000.0,17.70,5380000.0,0.14,N/A,28.80,89990000.0,2.49,0.00,2.42,17.44,80650000.0,1.56,2.83,134.70,7790000.0,10.60,37.30,7990000.0,outperform
3004,2007-10-25 09:02:50,1193317370.0,sfly,31.85,-78.93,1514.400024,-42.1,-36.830000000000005,0.016,112.74,5.59,5.28,4.15,3.44,2.40,5.60,7.665,801210000.0,699650000.0,N/A,2.88,4.88,37.802,4.88,67860000.0,37.802,5960000.0,0.29,N/A,52.10,104010000.0,4.274,2450000.0,4.556,6.229,33790000.0,2.53,48.28,55.10,1780000.0,7.7,10.90,1890000.0,underperform
3005,2009-12-13 01:42:01,1260686521.0,sfly,17.12,101.52,1102.349976,12.53,88.99,N/A,N/A,1.97,2.43,1.73,0.88,0.60,2.23,8.837,328940000.0,328940000.0,N/A,N/A,1.47,12.166,1.47,117270000.0,12.166,3860000.0,0.15,N/A,12.60,111630000.0,4.348,N/A,5.08,7.04,32280000.0,1.21,18.45,93.60,2100000.0,9.6,10.60,1830000.0,outperform
3006,2007-05-16 21:14:54,1179364494.0,sfly,17.55,-25.13,1514.140015,-5.98,-19.15,0.018,42.80,3.18,2.80,4.73,5.46,5.06,5.89,9.754,421320000.0,316720000.0,N/A,1.68,2.38,14.382,2.38,67860000.0,14.382,6300000.0,0.41,N/A,58.20,109670000.0,4.568,2660000.0,6.503,6.303,29900000.0,N/A,N/A,36.50,1080000.0,6.70,6.70,2170000.0,underperform
3007,2010-12-01 15:57:37,1291237057.0,fe,28.74,35.56,1206.069946,3.19,32.370000000000005,168.57,12.95,0.85,1.23,6.61,16.66,3.80,9.73,41.66,24760000000.0,24760000000.0,11.16,4.90,1.96,8.20,1.96,7080000000.0,8.20,837000000.0,2.74,23.50,8.20,632000000.0,2.07,14690000000.0,0.68,28.60,24760000000.0,0.49,0.02,74.90,26020000.0,5.30,8.60,27220000.0,outperform
3008,2004-09-30 06:27:57,1096540077.0,fe,26.07,31.68,1114.579956,10.25,21.43,1.308,19.70,1.09,1.62,5.37,16.03,2.05,8.38,39.046,13630000000.0,24880000000.0,13.82,3.70,1.98,7.48,1.98,3510000000.0,7.48,675320000.0,2.097,23.50,0.60,377300000.0,1.14,11470000000.0,0.646,25.566999,2440000000.0,0.085,0.83,69.46,5210000.0,4.35,1.59,4940000.0,outperform
3009,2011-12-28 15:50:09,1325105409.0,fe,39.02,-2.36,1249.640015,13.48,-15.84,135.71,17.95,1.25,1.44,6.16,16.33,3.78,8.34,40.69,36120000000.0,36120000000.0,13.56,6.31,2.40,9.95,2.40,7280000000.0,9.95,927000000.0,2.49,185.50,27.00,291000000.0,0.70,17660000000.0,0.68,31.19,3230000000.0,0.35,0.20,72.40,3670000.0,1.40,0.90,3940000.0,underperform
3010,2003-12-15 21:56:24,1071543384.0,fe,21.26,17.5,1068.040039,12.67,4.83,1.482,42.79,0.92,1.41,1.94,10.95,0.71,3.23,41.867,11380000000.0,24090000000.0,12.01,4.12,1.94,9.04,1.94,4090000000.0,9.04,240900000.0,0.806,14.50,52.90,178910000.0,0.54,12520000000.0,0.57,24.59,N/A,0.096,0.86,68.64,6490000.0,4.488,1.98,5620000.0,outperform
3011,2009-12-18 16:50:41,1261173041.0,fe,36.12,-18.99,1102.469971,12.04,-31.029999999999998,N/A,13.01,1.11,1.68,8.59,18.62,4.37,12.36,42.109,28740000000.0,28740000000.0,N/A,3.79,2.25,8.889,2.25,5270000000.0,8.889,1100000000.0,3.59,50.30,12.90,838000000.0,2.749,15320000000.0,0.657,27.858,2250000000.0,0.53,0.23,73.60,4850000.0,2.2,N/A,5840000.0,underperform
3012,2010-02-21 04:38:57,1266745137.0,fe,30.29,,1106.75,21.35,,N/A,11.05,0.92,1.39,8.59,18.62,4.37,12.36,42.109,26580000000.0,26580000000.0,N/A,3.31,2.08,8.223,2.08,5270000000.0,8.223,1100000000.0,3.59,50.30,12.90,838000000.0,2.749,15320000000.0,0.657,27.858,2250000000.0,0.56,6.06,68.40,5190000.0,2.6,N/A,5650000.0,underperform
3013,2011-10-23 12:03:14,1319385794.0,fe,38.81,6.65,1215.390015,17.97,-11.319999999999999,148.30,26.30,1.34,1.45,4.22,15.03,3.22,5.25,41.18,37910000000.0,37910000000.0,13.73,5.36,2.69,11.98,2.69,7280000000.0,11.98,595000000.0,1.74,31.70,29.70,476000000.0,1.14,19200000000.0,0.74,31.08,37910000000.0,0.49,0.20,72.40,5230000.0,1.90,1.30,5290000.0,underperform
3014,2011-11-14 08:12:00,1321276320.0,fe,38.98,-1.21,1251.780029,9.81,-11.02,135.71,18.23,1.26,1.46,6.16,16.33,3.78,8.34,40.69,36380000000.0,36380000000.0,13.65,9.95,2.42,10.02,2.42,7280000000.0,10.02,927000000.0,2.49,185.50,27.00,291000000.0,0.70,17660000000.0,0.68,31.19,36380000000.0,0.23,0.20,72.40,4070000.0000000005,1.10,1.00,4480000.0,underperform
3015,2013-05-10 14:01:11,1368208871.0,fe,40.28,-16.81,1633.699951,14.97,-31.78,146.24,23.17,1.20,1.37,5.19,12.23,2.32,5.84,35.52,37790000000.0,37790000000.0,14.07,8.60,2.55,12.00,2.55,8600000000.0,12.00,770000000.0,1.84,N/A,20.00,172000000.0,0.41,19150000000.0,0.50,31.29,2320000000.0,0.29,0.29,72.60,10600000.0,3.80,2.50,7920000.0,underperform
3016,2005-09-08 11:45:05,1126194305.0,fe,34.35,10.83,1231.670044,5.46,5.37,1.281,20.63,1.45,2.00,7.00,18.76,4.44,9.60,36.522,17310000000.0,28330000000.0,N/A,4.47,2.37,6.866,2.37,7980000000.0,6.866,819360000.0,2.54,12.80,2.10,49750000.0,0.151,11070000000.0,0.614,26.195999,1830000000.0,N/A,7.08,69.30,3940000.0,3.7,1.20,3590000.0,outperform
3017,2013-04-23 05:17:43,1366708663.0,fe,42.58,-23.51,1578.780029,18.79,-42.3,146.24,24.92,1.29,1.46,5.19,12.23,2.32,5.84,35.52,38070000000.0,38070000000.0,15.24,3.33,2.56,12.08,2.56,8600000000.0,12.08,770000000.0,1.84,N/A,20.00,172000000.0,0.41,19150000000.0,0.50,31.29,2320000000.0,0.27,0.29,72.60,7920000.0,2.90,1.90,5140000.0,underperform
3018,2009-12-17 09:24:31,1261059871.0,fe,36.05,-17.84,1096.079956,13.49,-31.33,N/A,12.92,1.10,1.67,8.59,18.62,4.37,12.36,42.109,27270000000.0,27270000000.0,N/A,2.49,2.13,8.435,2.13,5270000000.0,8.435,1100000000.0,3.59,50.30,12.90,838000000.0,2.749,15320000000.0,0.657,27.858,2250000000.0,0.55,0.23,72.10,6530000.0,2.8,N/A,7390000.0,underperform
3019,2007-02-13 08:15:16,1171372516.0,fe,43.98,15.89,1444.26001,-5.33,21.22,1.264,17.86,1.73,2.19,10.02,21.42,4.92,13.31,35.77,20200000000.0,N/A,N/A,1.63,N/A,N/A,N/A,7980000000.0,N/A,1200000000.0,3.54,36.70,2.90,41000000.0,0.128,11640000000.0,0.421,28.847,1550000000.0,0.2,0.19,64.70,6100000.0,5.5,1.90,7900000.0,outperform
3020,2012-07-25 22:49:37,1343270977.0,fe,43.62,-17.65,1337.890015,26.34,-43.989999999999995,137.75,17.98,1.27,1.55,7.00,15.97,3.40,8.67,38.93,38960000000.0,38960000000.0,15.17,17.94,2.39,9.76,2.39,8960000000.0,9.76,1140000000.0,2.72,488.50,14.50,74000000.0,0.18,18370000000.0,0.60,31.86,2160000000.0,0.37,0.32,70.70,5830000.0,2.40,1.40,7440000.0,underperform
3021,2007-12-31 20:35:17,1199151317.0,fe,51.3,-32.11,1468.359985,-39.34,7.230000000000004,1.306,17.38,2.00,2.75,10.83,23.21,5.52,14.64,39.228,23960000000.0,33820000000.0,N/A,1.97,2.78,9.538,2.78,7250000000.0,9.538,1310000000.0,4.18,9.00,8.50,30000000.0,0.098,11460000000.0,0.447,26.764999,1850000000.0,0.32,0.02,72.20,4340000.0,2.4,1.40,3900000.0,outperform
3022,2008-03-04 09:07:14,1204639634.0,fe,49.63,-40.48,1326.75,-46.27,5.790000000000006,1.313,15.95,1.60,2.28,10.23,21.99,5.56,14.54,41.837,20480000000.0,32140000000.0,N/A,1.44,2.51,9.307,2.51,7250000000.0,9.307,1310000000.0,4.22,2.20,14.90,129000000.0,0.424,11790000000.0,0.433,29.530001,1690000000.0,0.51,0.16,71.90,4340000.0,1.40,1.40,3750000.0,outperform
3023,2004-05-23 00:49:37,1085287777.0,fe,23.43,23.13,1089.189941,9.61,13.52,1.385,24.48,N/A,1.48,3.92,13.75,1.45,6.15,39.134,12210000000.0,24290000000.0,12.55,3.35,1.98,8.08,1.98,3510000000.0,8.08,481620000.0,1.512,23.50,0.60,280270000.0,0.85,12020000000.0,0.623,25.132,2140000000.0000002,0.095,0.86,69.01,6330000.0,4.591,1.94,5810000.0,outperform
3024,2005-04-11 23:07:15,1113275235.0,fe,27.18,20.05,1181.209961,8.92,11.13,1.247,15.83,1.10,1.60,7.02,17.76,2.78,10.22,37.823,13850000000.0,25130000000.0,13.17,3.70,2.02,6.33,2.02,7980000000.0,6.33,873780000.0,2.65,107.70,1.20,52940000.0,0.16,11120000000.0,0.608,26.041,1880000000.0,0.032,0.62,68.94,3640000.0,2.854,1.11,3430000.0,outperform
3025,2009-01-21 12:28:55,1232558935.0,bby,23.77,41.94,840.23999,32.88,9.059999999999995,0.729,9.85,0.26,2.47,2.68,4.65,7.04,28.17,105.686,11260000000.0,13990000000.0,N/A,0.82,0.32,5.078,0.32,9550000000.0,5.078,1170000000.0,2.765,77.20,15.80,594000000.0,1.437,3330000000.0,0.934,11.03,699000000.0,1.76,17.63,75.10,28580000.0,3.3,8.40,29020000.0,outperform
3026,2004-08-10 06:03:54,1092132234.0,bby,25.17,64.4,1079.040039,13.91,50.49000000000001,0.243,17.47,0.58,4.18,3.33,5.42,10.02,27.05,76.959,14560000000.0,13360000000.0,13.38,0.95,0.53,7.55,0.53,6200000000.0,7.55,845000000.0,2.565,612.10,17.20,2069999999.9999998,6.37,846000000.0,1.291,10.725,1280000000.0,2.175,18.70,66.56,11500000.0,3.724,4.35,11410000.0,outperform
3027,2012-03-08 21:07:35,1331258855.0,bby,22.56,-14.63,1365.910034,13.56,-28.19,35.71,8.48,0.17,1.51,2.21,4.20,5.90,17.51,133.90,8430000000.0,8430000000.0,6.68,0.83,0.17,2.74,0.17,12640000000.0,2.74,1120000000.0,2.90,29.00,1.80,2390000000.0,6.83,2280000000.0,1.17,16.13,3270000000.0,1.43,19.95,72.50,42690000.0,8.40,13.40,37370000.0,underperform
3028,2012-01-01 23:06:13,1325477173.0,bby,21.24,-46.7,1263.02002,12.92,-59.620000000000005,35.71,8.06,0.16,1.30,2.21,4.20,5.90,17.51,133.90,8289999999.999999,8289999999.999999,6.23,1.02,0.16,2.69,0.16,12640000000.0,2.69,1120000000.0,2.90,29.00,1.80,2390000000.0,6.65,2280000000.0,1.17,17.73,3270000000.0,1.06,18.71,65.30,30140000.0,3.90,9.40,31080000.0,underperform
3029,2008-12-19 23:30:56,1229747456.0,bby,24.34,49.42,887.8800050000001,24.92,24.5,0.719,10.16,0.27,2.56,2.68,4.65,7.04,28.17,105.686,11600000000.0,14370000000.0,N/A,0.86,0.33,5.379,0.33,9550000000.0,5.379,1170000000.0,2.77,77.20,15.80,594000000.0,1.439,3280000000.0,0.937,11.044,N/A,1.67,17.63,75.10,29020000.0,2.1,8.60,22220000.0,outperform
3030,2007-06-15 18:12:37,1181945557.0,bby,40.65,-8.07,1532.910034,-12.88,4.8100000000000005,0.105,17.20,0.64,3.70,3.83,5.65,10.58,24.04,74.536,22990000000.0,19760000000.0,N/A,0.95,0.55,7.427,0.55,8770000000.0,7.427,1380000000.0,2.79,18.50,20.60,3790000000.0,7.914,650000000.0,1.441,12.901,1760000000.0,1.63,16.07,73.10,17160000.0,3.2,4.30,14770000.0,outperform
3031,2004-12-15 01:43:52,1103093032.0,bby,32.86,14.97,1205.719971,5.41,9.56,0.136,21.60,0.70,5.05,3.28,5.33,9.79,25.98,78.945,18180000000.0,16719999999.999998,16.48,1.20,0.64,9.32,0.64,6200000000.0,9.32,855000000.0,2.594,612.10,17.20,1970000000.0,6.07,489000000.0,1.299,11.1,1370000000.0,2.325,18.68,70.28,14210000.0,4.478,5.39,15130000.0,outperform
3032,2004-06-20 06:49:03,1087728543.0,bby,28.92,32.02,1132.050049,7.42,24.6,0.243,20.09,0.67,4.84,3.33,5.42,10.02,27.05,76.959,16760000000.000002,15540000000.0,15.33,1.09,0.61,11.31,0.61,6200000000.0,11.31,845000000.0,2.565,612.10,17.20,2069999999.9999998,6.36,846000000.0,1.291,10.73,1360000000.0,2.325,18.70,66.40,11230000.0,3.271,4.25,8369999.999999999,outperform
3033,2007-12-19 01:03:12,1198044192.0,bby,43.78,-44.02,1453.0,-39.07,-4.950000000000003,0.585,18.34,0.56,6.32,3.56,5.29,10.20,30.74,80.749,21570000000.0,21830000000.0,N/A,1.07,0.57,8.551,0.57,8770000000.0,8.551,1360000000.0,2.82,8.70,15.10,1510000000.0,3.617,1980000000.0,0.997,8.093,1930000000.0,1.43,39.09,59.40,59140000.0,8.8,17.20,64550000.0,underperform
3034,2007-07-16 14:09:56,1184609396.0,bby,40.22,-20.16,1549.52002,-21.59,1.4299999999999997,0.108,17.39,0.61,3.64,3.62,5.31,10.04,23.06,76.775,22390000000.0,20300000000.0,N/A,1.02,0.55,8.176,0.55,8770000000.0,8.176,1340000000.0,2.72,17.90,13.90,2800000000.0,5.913,665000000.0,1.461,13.02,2060000000.0,1.67,16.07,73.10,16730000.0,3.7,4.20,17160000.0,outperform
3035,2011-12-05 17:59:07,1323125947.0,bby,25.89,-55.81,1257.079956,11.93,-67.74000000000001,37.18,9.50,0.20,1.66,2.34,4.33,7.55,18.63,130.13,10410000000.0,10410000000.0,7.28,0.94,0.21,3.30,0.21,12640000000.0,3.30,1180000000.0,2.99,30.30,0.10,2120000000.0,5.85,2530000000.0,1.26,16.65,10410000000.0,1.05,18.71,65.30,31350000.0,5.40,N/A,34350000.0,underperform
3036,2006-06-18 02:01:28,1150610488.0,bby,43.5,-6.07,1256.160034,21.88,-27.95,0.111,21.82,0.81,4.75,3.80,5.51,11.09,24.47,64.85,25470000000.0,23750000000.0,N/A,0.99,0.75,10.152,0.75,7730000000.0,10.152,1200000000.0,2.404,37.60,13.70,2330000000.0,4.789,598000000.0,1.298,10.837,N/A,1.58,16.45,72.80,12500000.0,4.8,3.10,12180000.0,underperform
3037,2007-04-10 15:00:55,1176231655.0,bby,40.3,-12.21,1448.390015,-6.48,-5.73,0.105,17.24,0.65,3.75,3.83,5.56,9.82,24.04,74.536,23180000000.0,20100000000.0,N/A,0.96,0.56,8.069,0.56,7730000000.0,8.069,1380000000.0,2.79,18.50,20.60,3790000000.0,7.87,650000000.0,1.441,12.867,N/A,1.8,15.97,71.40,14360000.0,2.7,3.60,13150000.0,underperform
3038,2013-04-22 08:07:38,1366632458.0,bby,22.79,5.66,1562.5,20.29,-14.629999999999999,61.80,N/A,0.16,2.57,0.98,2.55,4.60,11.54,145.26,8350000000.0,8350000000.0,9.77,3.19,0.17,3.86,0.17,12570000000.0,3.86,483270000.0,1.42,N/A,0.20,1830000000.0,5.39,2300000000.0,1.11,9.05,1590000000.0,1.72,20.03,69.00,26920000.0,1.80,11.40,33070000.0,underperform
3039,2007-04-07 23:44:58,1176003898.0,bby,40.67,-10.35,1439.369995,-4.87,-5.4799999999999995,0.105,17.37,0.64,3.72,3.83,5.56,9.82,24.04,74.536,23350000000.0,20210000000.0,N/A,0.96,0.56,8.112,0.56,7730000000.0,8.112,1380000000.0,2.79,18.50,20.60,3790000000.0,7.87,650000000.0,1.441,12.867,N/A,1.8,15.97,71.40,14360000.0,2.7,3.60,13150000.0,underperform
3040,2007-02-24 18:36:45,1172360205.0,bby,42.79,-12.34,1457.630005,-7.9,-4.4399999999999995,0.116,19.38,0.72,4.31,3.73,5.48,8.64,24.06,69.718,23760000000.0,21690000000.0,N/A,1.11,0.64,8.779,0.64,7730000000.0,8.779,1260000000.0,2.54,8.70,15.50,2720000000.0,5.634,650000000.0,1.166,11.624,1570000000.0,1.72,15.97,66.10,13300000.0,1.7,3.30,16920000.0,underperform
3041,2007-01-13 03:58:45,1168678725.0,bby,41.96,-4.84,1414.849976,0.39,-5.2299999999999995,0.116,19.52,0.72,4.30,3.73,5.54,8.73,24.06,69.718,23930000000.0,22050000000.0,N/A,1.07,0.65,8.849,0.65,7730000000.0,8.849,1260000000.0,2.54,8.70,15.50,2720000000.0,5.634,650000000.0,1.166,11.624,1570000000.0,1.67,16.64,74.70,16920000.0,2.5,4.20,18020000.0,underperform
3042,2012-01-06 07:32:16,1325853136.0,bby,22.26,-49.33,1277.810059,14.45,-63.78,35.71,8.09,0.16,1.31,2.21,4.20,5.90,17.51,133.90,8320000000.0,8320000000.0,6.25,1.10,0.16,2.70,0.16,12640000000.0,2.70,1120000000.0,2.90,29.00,1.80,2390000000.0,6.65,2280000000.0,1.17,17.73,3270000000.0,1.06,18.71,65.30,30140000.0,3.90,9.40,31080000.0,underperform
3043,2013-03-17 14:31:53,1363545113.0,bby,20.53,23.77,1563.22998,18.91,4.859999999999999,61.80,N/A,0.15,2.37,0.50,3.03,5.52,5.73,146.38,7720000000.0,7720000000.0,9.25,2.98,0.16,3.19,0.16,12570000000.0,3.19,248000000.0,0.74,N/A,0.20,1830000000.0,5.40,2300000000.0,1.11,9.05,1420000000.0,1.67,20.03,69.00,29230000.0,3.50,12.40,33229999.999999996,outperform
3044,2013-05-13 22:03:23,1368497003.0,bby,24.36,5.13,1633.77002,16.14,-11.010000000000002,61.80,N/A,0.17,2.80,0.98,2.55,4.60,11.54,145.26,9060000000.0,9060000000.0,10.68,3.56,0.18,4.19,0.18,12570000000.0,4.19,483270000.0,1.42,N/A,0.20,1830000000.0,5.39,2300000000.0,1.11,9.05,1590000000.0,1.74,20.03,69.00,25390000.0,2.00,9.40,27570000.0,underperform
3045,2011-09-02 09:33:16,1314970396.0,bby,21.84,-22.21,1173.969971,20.15,-42.36,30.91,8.00,0.18,1.48,2.50,4.58,7.87,19.18,126.71,9220000000.0,9220000000.0,6.70,0.73,0.18,2.81,0.18,12640000000.0,2.81,1260000000.0,3.10,12.30,1.40,2230000000.0,5.96,2180000000.0,1.29,16.72,9220000000.0,1.31,18.71,65.30,37540000.0,4.80,11.80,37740000.0,underperform
3046,2005-03-07 11:28:46,1110212926.0,bby,29.9,48.7,1225.310059,4.13,44.57,0.123,33.38,0.73,4.34,2.22,3.56,5.62,14.54,71.688,17450000000.0,15430000000.0,16.02,1.16,0.65,12.27,0.65,6200000000.0,12.27,526000000.0,1.59,612.10,17.20,2510000000.0,7.66,486000000.0,1.209,12.07,1830000000.0,2.451,18.68,69.00,10030000.0,3.466,3.76,8980000.0,outperform
3047,2011-11-02 05:30:59,1320226259.0,bby,24.27,-41.62,1237.900024,15.32,-56.94,37.18,8.68,0.19,1.58,2.34,4.33,7.55,18.63,130.13,9810000000.0,9810000000.0,7.22,0.87,0.19,3.11,0.19,12640000000.0,3.11,1180000000.0,2.99,30.30,0.10,2120000000.0,5.85,2530000000.0,1.26,16.65,9810000000.0,1.17,18.71,65.30,34130000.0,4.60,10.70,38170000.0,underperform
3048,2008-11-04 01:11:27,1225779087.0,bby,23.81,44.14,1005.75,4.05,40.09,0.566,8.78,0.26,2.33,3.19,5.01,8.86,33.10,101.535,11450000000.0,13230000000.0,N/A,0.68,0.31,4.858,0.31,9550000000.0,4.858,1350000000.0,3.16,19.20,12.00,544000000.0,1.319,2690000000.0,0.935,11.525,1940000000.0,1.59,17.57,78.50,18460000.0,1.9,5.40,21390000.0,outperform
3049,2008-11-05 10:50:59,1225900259.0,bby,23.04,53.13,952.7700199999999,11.95,41.18000000000001,0.566,8.69,0.27,2.38,3.19,5.01,8.86,33.10,101.535,11330000000.0,13480000000.0,N/A,0.70,0.32,4.949,0.32,9550000000.0,4.949,1350000000.0,3.16,19.20,12.00,544000000.0,1.319,2690000000.0,0.935,11.525,1940000000.0,1.59,17.57,78.50,18460000.0,1.9,5.40,21390000.0,outperform
3050,2012-10-14 18:16:43,1350253003.0,bby,16.8,129.35,1432.839966,19.35,110.0,54.15,N/A,0.12,1.71,2.43,4.64,8.68,5.66,138.43,7490000000.0,7490000000.0,5.91,5.55,0.15,2.27,0.15,12570000000.0,2.27,1060000000.0,3.36,90.60,2.80,680000000.0,2.02,2230000000.0,1.16,10.45,3290000000.0,1.43,20.12,81.20,31510000.0,5.00,13.30,32299999.999999996,outperform
3051,2012-06-16 20:05:08,1339891508.0,bby,18.1,47.46,1314.880005,24.45,23.01,47.06,N/A,0.13,1.85,2.43,4.64,8.68,5.66,138.43,7450000000.0,7450000000.0,5.38,0.97,0.15,2.26,0.15,12570000000.0,2.26,1060000000.0,3.37,N/A,N/A,1390000000.0,4.08,2029999999.9999998,1.16,10.73,3290000000.0,1.43,20.70,78.00,53290000.0,7.10,22.60,54570000.0,outperform
3052,2005-04-04 17:33:47,1112650427.0,bby,27.87,72.52,1176.119995,11.04,61.48,0.135,17.88,0.61,3.73,3.41,5.26,9.17,23.33,81.853,16340000000.0,13870000000.0,15.05,1.11,0.51,9.62,0.51,6200000000.0,9.62,934000000.0,2.787,612.10,17.20,3340000000.0,10.17,600000000.0,1.389,13.552,1830000000.0,2.463,18.68,69.92,12570000.0,3.363,4.71,10030000.0,outperform
3053,2007-05-15 01:52:16,1179208336.0,bby,39.94,-3.38,1501.189941,-6.16,2.7800000000000002,0.105,16.79,0.63,3.64,3.83,5.65,10.58,24.04,74.536,22450000000.0,19340000000.0,N/A,0.92,0.54,7.267,0.54,8770000000.0,7.267,1380000000.0,2.79,18.50,20.60,3790000000.0,7.914,650000000.0,1.441,12.901,1760000000.0,1.64,15.97,70.70,14770000.0,2.7,3.70,14360000.0,outperform
3054,2004-05-21 18:39:18,1085179158.0,dnb,46.03,17.64,1093.560059,8.41,9.23,6.287,21.17,2.62,77.60,13.21,21.32,11.75,765.96,18.69,3740000000.0,3710000000.0,15.59,1.21,2.62,10.26,2.62,953100000.0,10.26,187200000.0,2.481,21.70,8.70,293300000.0,4.12,299900000.0,1.01,0.671,246200000.0,0.568,8.04,88.74,N/A,3.705,1.25,1000000.0,outperform
3055,2005-02-05 05:41:01,1107600061.0,dnb,51.14,20.51,1193.189941,6.51,14.000000000000002,17.851,20.41,2.84,242.07,14.96,22.15,13.33,614.36,19.289,4110000000.0000005,4090000000.0,17.19,1.36,2.89,11.09,2.89,953100000.0,11.09,211800000.0,2.90,21.70,8.70,278900000.0,4.01,299900000.0,0.928,0.242,253700000.0,0.579,0.84,84.83,N/A,2.77,0.92,N/A,outperform
3056,2008-04-07 18:26:13,1207607173.0,dnb,74.52,-6.15,1372.540039,-40.58,34.43,N/A,16.82,2.96,N/A,18.64,28.18,18.66,N/A,27.431,4750000000.0,5280000000.0,N/A,1.09,3.30,10.61,3.30,1600000000.0,10.61,292700000.0,4.99,N/A,N/A,175800000.0,3.104,724800000.0,0.789,7.748,393900000.0,0.79,0.21,87.30,1.9,1.9,1.60,N/A,outperform
3057,2004-08-11 15:29:57,1092252597.0,dnb,46.59,20.93,1075.790039,15.06,5.869999999999999,11.996,20.70,2.62,150.00,13.38,21.34,12.05,721.39,19.094,3730000000.0,3740000000.0,15.41,1.23,2.61,10.36,2.61,953100000.0,10.36,191600000.0,2.561,21.70,8.70,310300000.0,4.41,299900000.0,0.939,0.355,246200000.0,0.536,8.02,88.24,N/A,4.691,1.38,1120000.0,outperform
3058,2007-04-06 16:14:29,1175890469.0,dnb,80.42,-9.52,1437.77002,-4.89,-4.63,N/A,24.51,3.57,N/A,15.72,27.94,18.01,N/A,24.229,5440000000.0,5760000000.0,N/A,1.35,3.76,12.475,3.76,1080000000.0,12.475,240700000.0,3.70,1.00,7.00,138400000.0,2.307,459000000.0,0.801,6.641,304900000.0,0.73,0.60,84.80,2.7,2.7,1.20,N/A,underperform
3059,2013-04-25 03:54:59,1366876499.0,dnb,85.32,20.49,1585.160034,17.55,2.9399999999999977,N/A,13.43,2.12,N/A,17.77,27.75,14.54,N/A,36.47,4600000000.0,4600000000.0,10.45,1.05,2.77,8.53,2.77,1660000000.0,8.53,295400000.0,6.43,2.70,7.10,149100000.0,3.65,1290000000.0,0.85,24.63,357800000.0,1.07,0.41,98.30,7700000.0,18.10,19.20,8000000.0,outperform
3060,2012-05-14 08:31:06,1336998666.0,dnb,64.87,44.33,1338.349976,23.31,21.02,N/A,11.87,1.81,N/A,15.58,24.93,14.68,N/A,36.28,3910000000.0,3910000000.0,9.18,1.02,2.23,7.52,2.23,1760000000.0,7.52,273600000.0,5.61,27.10,0.20,117700000.0,2.46,842800000.0,0.71,13.21,344300000.0,0.79,0.42,88.50,2180000.0,5.20,4.60,2220000.0,outperform
3061,2011-03-02 11:52:59,1299084779.0,dnb,74.13,6.84,1308.439941,5.02,1.8200000000000003,N/A,16.02,2.37,N/A,15.04,25.28,N/A,N/A,33.60,4860000000.0,4860000000.0,11.79,1.41,2.90,9.94,2.90,1690000000.0,9.94,251100000.0,4.98,9.70,3.90,77200000.0,1.55,957800000.0,N/A,14.59,4860000000.0,0.52,0.33,86.50,1490000.0,5.30,3.50,1440000.0,outperform
3062,2005-03-17 11:04:43,1111075483.0,dnb,53.95,22.43,1190.209961,9.83,12.6,5.535,21.21,3.03,258.22,14.97,22.55,13.25,551.28,19.276,4269999999.9999995,4200000000.0,15.39,1.24,2.97,11.48,2.97,953100000.0,11.48,211800000.0,2.89,21.70,8.70,335500000.0,4.86,300000000.0,1.068,0.242,253700000.0,0.543,0.77,84.33,N/A,1.107,0.51,N/A,outperform
3063,2005-01-21 19:18:20,1106353100.0,dnb,49.02,31.11,1167.869995,9.42,21.689999999999998,17.851,19.80,2.74,232.89,14.65,22.15,13.34,826.65,19.33,3900000000.0,3940000000.0,16.38,1.30,2.75,10.68,2.75,953100000.0,10.68,210300000.0,2.837,21.70,8.70,278900000.0,4.01,299900000.0,0.928,0.242,253700000.0,0.579,0.84,87.83,N/A,3.58,1.06,N/A,outperform
3064,2011-03-04 02:40:19,1299224419.0,dnb,74.64,5.56,1321.150024,3.37,2.1899999999999995,N/A,16.13,2.36,N/A,15.04,25.28,N/A,N/A,33.60,4830000000.0,4830000000.0,11.87,1.41,2.88,9.90,2.88,1690000000.0,9.90,251100000.0,4.98,9.70,3.90,77200000.0,1.55,957800000.0,N/A,14.59,4830000000.0,0.52,0.33,86.50,1490000.0,5.30,3.50,1440000.0,outperform
3065,2006-06-19 04:13:57,1150704837.0,irm,18.54,10.41,1240.130005,23.67,-13.260000000000002,1.829,41.13,2.22,3.39,5.39,17.99,5.17,8.89,16.329,4720000000.0,7250000000.0,N/A,1.97,3.39,12.554,3.39,1140000000.0,12.554,118170000.0,0.87,18.80,12.40,42550000.0,0.323,2560000000.0,1.023,10.634,375760000.0,0.43,13.21,89.70,3680000.0,7.2,3.00,3450000.0,underperform
3066,2010-02-21 06:23:10,1266751390.0,irm,18.43,,1106.75,21.35,,N/A,30.57,1.62,2.37,5.39,17.77,4.97,8.16,14.757,7770000000.0,7770000000.0,N/A,1.77,2.60,9.243,2.60,1670000000.0,9.243,160980000.0,0.79,281.70,2.50,449260000.0,2.209,3310000000.0,1.66,10.072,620510000.0,0.98,5.61,92.70,14180000.0,13.5,10.20,14080000.0,underperform
3067,2003-10-26 23:48:00,1067230080.0,irm,12.76,39.66,1028.910034,7.99,31.669999999999995,1.872,42.69,2.22,3.09,5.71,18.71,2.50,7.88,16.124,3170000000.0,4870000000.0,31.01,1.75,3.49,12.81,3.49,696200000.0,12.81,75160000.0,0.87,N/A,12.60,177860000.0,2.09,1880000000.0,1.151,11.74,N/A,0.438,17.46,84.08,2880000.0,5.115,4.10,2600000.0,outperform
3068,2007-05-29 05:26:24,1180430784.0,irm,21.13,7.9,1518.109985,-8.38,16.28,1.696,40.34,2.26,3.44,5.63,16.74,5.18,9.12,12.185,5470000000.0,8100000000.0,N/A,1.70,3.35,12.793,3.35,1280000000.0,12.793,136300000.0,0.68,27.30,12.20,61480000.0,0.308,2690000000.0,1.003,7.957,414250000.0,0.23,7.49,91.20,5680000.0,14.1,3.00,5410000.0,outperform
3069,2007-10-17 19:13:28,1192662808.0,irm,24.95,-38.88,1541.23999,-38.59,-0.28999999999999915,1.818,47.03,2.59,3.93,5.49,16.51,4.85,8.83,12.593,6430000000.0,9400000000.0,N/A,2.25,3.75,14.719,3.75,1280000000.0,14.719,137510000.0,0.683,3.20,15.00,94960000.0,0.475,3000000000.0,1.128,8.26,407310000.0,0.26,13.56,92.90,5020000.0,10.2,2.70,5620000.0,underperform
3070,2004-08-10 14:02:51,1092160971.0,irm,16.02,6.93,1079.040039,13.91,-6.98,2.014,44.57,2.36,3.48,5.56,19.27,2.42,8.37,12.791,3920000000.0,6170000000.0,30.71,1.72,3.70,13.15,3.70,820580000.0,13.15,89070000.0,0.682,45.20,13.90,40010000.0,0.31,2280000000.0,1.024,8.773,293780000.0,0.548,17.42,85.68,3460000.0,10.24,3.25,3360000.0,underperform
3071,2005-09-07 19:51:29,1126137089.0,irm,18.08,14.77,1236.359985,4.66,10.11,1.882,47.86,2.35,3.55,4.96,18.49,5.24,7.98,15.033,4600000000.0,6990000000.0,N/A,2.28,3.58,13.036,3.58,993690000.0,13.036,96700000.0,0.74,11.20,14.90,29520000.0,0.226,2430000000.0,0.936,9.878,366980000.0,N/A,27.47,89.80,5130000.0,4.20,4.20,4810000.0,outperform
3072,2004-11-07 13:41:59,1099852919.0,irm,17.06,29.48,1161.670044,5.26,24.22,2.015,46.85,2.45,3.67,5.50,19.17,2.42,8.45,13.353,4290000000.0,6590000000.0,35.29,2.08,3.77,13.4,3.77,820580000.0,13.4,92730000.0,0.708,45.20,13.90,44430000.0,0.34,2350000000.0,1.02,9.012,287770000.0,0.565,17.36,89.56,3460000.0,5.523,3.24,3430000.0,outperform
3073,2005-04-09 19:31:28,1113089488.0,irm,14.66,42.43,1184.069946,10.55,31.88,2.034,39.90,2.05,3.05,5.35,18.82,2.36,8.29,13.856,3720000000.0,6160000000.0,29.80,1.96,3.39,12.19,3.39,820580000.0,12.19,94190000.0,0.72,45.20,13.90,31940000.0,0.25,2480000000.0,0.972,9.387,314050000.0,0.347,20.47,87.82,5290000.0,5.039,5.12,5960000.0,outperform
3074,2013-04-25 02:03:52,1366869832.0,irm,35.42,-23.6,1585.160034,17.55,-41.150000000000006,329.05,37.90,2.36,6.17,5.71,18.80,5.70,15.19,17.31,10540000000.0,10540000000.0,26.40,2.29,3.51,11.82,3.51,1730000000.0,11.82,180370000.0,0.98,20.50,2.20,254490000.0,1.34,3830000000.0,1.13,6.05,432740000.0,0.68,6.84,101.50,5500000.0,5.10,4.40,6340000.0,underperform
3075,2010-02-14 18:12:42,1266189162.0,irm,16.8,24.52,1078.469971,23.54,0.9800000000000004,N/A,27.48,1.48,2.16,5.39,17.77,4.97,8.16,14.757,7270000000.0,7270000000.0,N/A,1.59,2.44,8.652,2.44,1670000000.0,8.652,160980000.0,0.79,281.70,2.50,449260000.0,2.209,3310000000.0,1.66,10.072,620510000.0,0.98,6.14,95.10,14180000.0,13.5,10.20,14080000.0,outperform
3076,2013-01-23 16:11:03,1358975463.0,dks,47.1,12.21,1494.810059,22.32,-10.11,1.33,22.12,1.05,3.46,4.82,8.81,10.28,16.65,46.59,5630000000.0,5630000000.0,16.35,1.28,1.00,9.10,1.00,1590000000.0,9.10,272040000.0,2.16,20.90,11.20,294490000.0,2.40,22740000.0,1.69,13.90,457590000.0,1.26,0.73,104.40,9410000.0,5.60,11.00,10050000.0,underperform
3077,2012-05-07 03:39:54,1336376394.0,dks,48.73,3.0,1369.579956,18.72,-15.719999999999999,9.74,23.91,1.18,3.77,5.06,8.25,9.61,17.61,43.35,5530000000.0,5530000000.0,18.00,1.39,1.06,10.12,1.06,1590000000.0,10.12,263910000.00000003,2.10,27.00,6.10,734400000.0,6.04,159020000.0,1.99,13.46,410420000.0,1.11,0.64,102.00,7770000.0,5.40,9.10,7740000.0,underperform
3078,2004-09-24 18:25:52,1096064752.0,dks,17.1,-18.25,1110.109985,9.02,-27.27,1.369,31.33,1.08,6.54,3.73,6.23,8.92,25.83,30.639,1730000000.0,2020000000.0,19.99,0.99,1.27,17.13,1.27,407740000.0,17.13,59490000.0,1.142,38.00,15.60,57960000.0,1.2,358140000.0,1.382,5.454,109900000.0,N/A,35.92,59.45,5180000.0,6.597,16.78,3980000.0,underperform
3079,2004-05-21 16:30:43,1085171443.0,dks,12.14,43.9,1093.560059,8.41,35.489999999999995,0.061,22.93,0.80,4.85,3.73,5.87,11.70,28.22,29.867,1200000000.0,1100000000.0,16.89,0.85,0.72,10.61,0.72,407740000.0,10.61,57040000.0,1.112,38.00,15.60,93670000.0,1.98,14840000.0,1.599,5.152,86500000.0,N/A,36.29,57.25,3420000.0,8.085,11.36,3180000.0,outperform
3080,2012-11-19 00:18:14,1353302294.0,dks,50.35,10.09,1386.890015,28.91,-18.82,1.33,23.17,1.08,3.58,4.82,8.81,10.28,16.65,46.59,5840000000.0,5840000000.0,17.19,1.30,1.03,9.44,1.03,1590000000.0,9.44,272040000.0,2.16,20.90,11.20,294490000.0,2.41,22740000.0,1.69,13.96,457590000.0,1.17,0.73,104.40,11130000.0,10.10,13.00,10140000.0,underperform
3081,2012-01-20 04:10:41,1327050641.0,dks,39.54,20.01,1315.380005,11.95,8.060000000000002,8.97,21.30,0.97,3.17,4.69,7.90,9.15,17.26,42.84,4620000000.0,4620000000.0,17.34,1.30,0.90,8.92,0.90,1450000000.0,8.92,240320000.0,1.93,146.00,9.30,483370000.0,4.00,140100000.0,1.87,12.95,443650000.0,1.16,0.64,102.00,10730000.0,6.70,12.90,9490000.0,outperform
3082,2004-11-24 03:31:11,1101285071.0,dks,17.44,,1181.76001,6.18,,1.369,35.90,0.97,6.62,2.95,6.23,7.40,22.29,35.681,1750000000.0,2040000000.0,20.03,0.99,1.14,17.3,1.14,407740000.0,17.3,52990000.0,1.01,38.00,15.60,57960000.0,1.2,358140000.0,1.382,5.454,109900000.0,1.922,35.92,69.80,5930000.0,12.861,19.19,5980000.0,underperform
3083,2013-05-18 11:04:29,1368889469.0,dks,52.05,-2.06,1658.780029,12.78,-14.84,1.02,22.55,1.10,4.06,4.98,8.97,11.12,18.06,47.98,6110000000.0,6110000000.0,15.74,1.21,1.05,9.41,1.05,1840000000.0,9.41,290710000.0,2.31,16.80,12.00,345210000.0,2.81,16270000.0,1.60,12.90,438280000.0,1.15,0.99,105.50,6320000.0,4.60,6.40,6790000.0,underperform
3084,2007-03-24 15:36:15,1174764975.0,dks,27.07,-1.4,1435.040039,-7.35,5.949999999999999,0.292,28.28,0.94,4.73,3.62,6.35,9.11,21.75,60.757,2960000000.0,3010000000.0,N/A,0.97,0.97,11.904,0.97,737640000.0,11.904,112610000.0,2.03,25.30,20.80,135940000.0,2.639,181020000.0,1.539,12.047,196220000.0,2.46,0.72,116.50,4380000.0,8.60,8.60,5500000.0,outperform
3085,2004-12-16 23:49:05,1103258945.0,dks,16.34,-0.18,1203.209961,5.33,-5.51,1.69,33.67,0.95,6.36,2.95,5.22,6.47,21.72,35.032,1650000000.0,2140000000.0000002,18.85,0.97,1.19,17.45,1.19,407740000.0,17.45,52990000.0,1.013,38.00,15.60,28810000.0,0.59,454780000.0,1.492,5.55,109900000.0,1.922,35.65,70.30,5930000.0,12.861,19.00,5980000.0,underperform
3086,2012-11-14 10:19:35,1352906375.0,dks,48.61,12.96,1355.48999,32.1,-19.14,1.43,24.39,1.12,3.82,4.78,8.79,10.57,16.87,45.65,5860000000.0,5860000000.0,17.58,1.36,1.06,9.71,1.06,1590000000.0,9.71,263380000.0,2.09,27.30,10.00,350400000.0,2.89,22990000.0,1.73,13.34,351420000.0,1.17,0.73,104.40,11130000.0,10.10,13.00,10140000.0,underperform
3087,2005-02-05 05:40:57,1107600057.0,dks,17.09,0.06,1193.189941,6.51,-6.45,1.69,35.33,0.97,6.50,2.95,5.22,6.47,21.72,35.032,1740000000.0,2170000000.0,19.77,0.99,1.21,17.75,1.21,407740000.0,17.75,52990000.0,1.01,38.00,15.60,28810000.0,0.59,454780000.0,1.492,5.55,24650000.0,1.686,42.87,68.46,5290000.0,10.971,19.09,5550000.0,underperform
3088,2004-09-20 09:22:12,1095686532.0,slm,38.25,24.37,1122.199951,8.83,15.540000000000001,24.001,12.69,4.08,6.56,34.53,52.55,2.29,60.50,9.687,18420000000.0,79230000000.0,16.83,1.31,17.99,34.24,17.99,4400000000.0,34.24,1510000000.0,3.329,93.60,19.10,9450000000.0,21.69,70100000000.0,N/A,6.278,2750000.0,0.049,2.36,94.97,10400000.0,6.912,2.44,12080000.0,outperform
3089,2003-11-25 20:48:40,1069811320.0,slm,32.31,37.6,1053.890015,12.13,25.47,20.52,12.27,4.16,6.94,34.93,54.39,2.57,69.92,8.866,17000000000.0,69710000000.0,17.75,1.37,16.85,30.97,16.85,3690000000.0,30.97,1430000000.0,3.072,106.30,11.00,1910000000.0,4.24,54250000000.0,N/A,5.5,N/A,0.007,2.38,93.15,10070000.0,5.261,2.29,11690000.0,outperform
3090,2011-04-29 03:40:02,1304062802.0,slm,15.23,-7.88,1363.609985,1.99,-9.87,621.49,20.95,3.05,1.87,16.32,57.45,0.26,10.59,5.70,194050000000.0,194050000000.0,8.85,0.95,68.04,N/A,68.04,N/A,N/A,470390000.0,0.79,27.10,9.30,4760000000.0,9.04,188570000000.0,5.49,8.81,194050000000.0,1.37,0.59,96.70,6530000.0,1.60,1.40,6920000.0,underperform
3091,2011-10-12 21:26:49,1318469209.0,slm,12.77,30.31,1207.25,18.69,11.619999999999997,777.59,143.02,2.77,1.59,4.82,53.10,0.08,3.27,4.97,190580000000.0,190580000000.0,7.15,0.82,75.61,N/A,75.61,N/A,N/A,122610000.0,0.10,N/A,47.90,7290000000.0,14.17,189300000000.0,5.67,8.56,190580000000.0,1.23,0.59,96.70,9630000.0,1.60,2.00,8800000.0,outperform
3092,2005-01-17 01:16:04,1105942564.0,slm,,,1184.52002,8.31,,22.566,16.30,5.28,8.54,34.50,50.00,2.22,58.27,9.827,23630000000.0,84950000000.0,21.56,1.68,19.19,38.38,19.19,4400000000.0,38.38,1520000000.0,3.372,93.60,19.10,4280000000.0000005,9.95,65440000000.0,N/A,6.372,605790000.0,0.01,1.08,94.55,15060000.0,11.201,3.54,13930000.0,underperform
3093,2009-03-03 20:20:54,1236129654.0,slm,3.45,202.61,696.330017,60.67,141.94,N/A,N/A,1.65,0.53,19.98,27.48,0.13,4.16,2.281,1860000000.0,157610000000.0,N/A,0.25,148.08,N/A,148.08,10630000000.0,N/A,323830000.0,0.694,N/A,N/A,5110000000.0,10.935,159010000000.0,3.729,7.026,N/A,1.55,0.80,106.90,40480000.0,3.7,8.70,42530000.0,outperform
3094,2011-11-04 17:31:39,1320442299.0,slm,13.17,28.32,1253.22998,12.68,15.64,835.05,14.02,3.26,1.71,25.90,46.15,0.29,12.58,4.08,187180000000.0,187180000000.0,7.19,0.87,85.15,N/A,85.15,N/A,N/A,559390000.0,1.01,N/A,64.50,4950000000.0,9.73,183390000000.0,5.62,8.27,187180000000.0,1.27,0.59,96.70,8960000.0,1.30,1.90,8090000.0,outperform
3095,2005-04-22 00:17:54,1114143474.0,slm,40.72,14.15,1152.119995,13.7,0.45000000000000107,25.182,11.12,3.98,7.09,36.69,49.01,2.60,70.62,11.326,19520000000.0,95630000000.0,15.73,1.30,18.33,37.4,18.33,4400000000.0,37.4,1900000000.0,4.16,93.60,19.10,3400000000.0,8.05,78120000000.0,N/A,6.934,605790000.0,0.088,1.56,95.00,12240000.0,5.346,2.95,11370000.0,outperform
3096,2009-06-28 16:25:50,1246220750.0,slm,8.45,27.1,920.26001,16.77,10.330000000000002,N/A,N/A,5.68,1.32,17.21,72.18,0.08,2.56,1.621,162550000000.0,162550000000.0,N/A,0.89,214.86,N/A,214.86,8390000000.000001,N/A,238780000.0,0.51,N/A,28.50,3060000000.0,6.554,159720000000.0,3.469,6.949,11390000000.0,1.59,0.66,105.20,N/A,N/A,N/A,44670000.0,outperform
3097,2007-06-22 19:38:44,1182555524.0,slm,52.83,-58.6,1502.560059,-10.96,-47.64,27.075,22.50,6.76,6.24,31.94,60.73,1.00,27.58,8.557,23630000000.0,139130000000.0,N/A,1.26,39.62,N/A,39.62,9140000000.0,N/A,1090000000.0,2.55,23.40,27.80,3680000000.0,8.943,118500000000.0,26.411,9.253,1210000000.0,1.37,1.10,90.00,6740000.0,0.5,1.70,6900000.0,underperform
3098,2013-05-13 17:26:50,1368480410.0,slm,20.54,,1633.77002,16.14,,095.71,8.64,3.55,2.05,44.26,61.43,0.64,22.96,5.72,163580000000.0,163580000000.0,8.49,1.01,61.73,N/A,61.73,N/A,N/A,1150000000.0,2.45,208.90,18.00,5370000000.0,12.09,159550000000.0,7.82,10.32,2570000000.0,1.22,0.78,95.10,9540000.0,3.10,2.20,8570000.0,underperform
3099,2007-12-23 11:54:57,1198428897.0,slm,18.85,-59.63,1460.119995,-40.3,-19.330000000000005,28.364,11.49,3.00,1.92,26.71,48.35,0.59,15.93,6.889,8220000000.000001,142860000000.0,N/A,0.73,50.41,N/A,50.41,9140000000.0,N/A,720190000.0,1.73,N/A,88.20,7790000000.0,18.828,141870000000.0,4.132,10.714,661990000.0,1.57,1.10,80.30,5960000.0,1.8,1.50,7710000.0,underperform
3100,2012-11-06 16:28:38,1352237318.0,slm,17.06,46.89,1428.390015,23.95,22.94,426.73,8.12,3.12,1.87,42.14,61.38,0.58,22.59,5.33,173370000000.0,173370000000.0,7.63,0.72,66.30,N/A,66.30,N/A,N/A,1080000000.0,2.19,N/A,277.30,4280000000.0000005,9.27,169490000000.0,7.62,9.47,N/A,1.34,0.70,98.20,6970000.0,2.30,1.60,8090000.0,outperform
3101,2004-01-05 01:24:33,1073283873.0,slm,32.35,46.06,1122.219971,5.87,40.190000000000005,20.52,12.06,4.11,6.85,34.93,54.39,2.57,69.92,8.866,16700000000.0,69040000000.0,17.53,1.33,16.69,30.68,16.69,N/A,30.68,1430000000.0,3.072,N/A,N/A,1910000000.0,4.24,54250000000.0,N/A,5.5,N/A,0.042,2.38,93.78,9890000.0,5.635,2.25,10070000.0,outperform
3102,2012-03-10 13:45:21,1331405121.0,slm,15.09,25.25,1352.630005,14.17,11.08,434.01,13.83,4.12,1.76,31.70,43.72,0.30,11.67,3.86,183660000000.0,183660000000.0,7.40,1.05,91.97,N/A,91.97,N/A,N/A,582000000.0,1.18,14.30,18.50,5000000000.0,9.81,180320000000.0,5.69,9.20,3080000000.0,0.97,0.60,97.80,7370000.0,1.80,1.60,7010000.0,outperform
3103,2007-04-19 14:57:14,1177009034.0,slm,50.47,-68.71,1470.72998,-5.47,-63.239999999999995,24.79,20.95,6.79,5.98,34.63,59.71,1.07,28.39,8.134,22590000000.0,128729999999.99998,N/A,1.14,38.53,N/A,38.53,9140000000.0,N/A,1120000000.0,2.63,95.80,48.90,2620000000.0,6.386,108090000000.0,30.217,9.242,808420000.0,0.81,1.10,89.30,6780000.0,1.8,1.70,8880000.0,underperform
3104,2006-08-18 17:54:56,1155938096.0,slm,43.29,-0.85,1302.300049,8.02,-8.87,21.631,12.54,5.13,5.22,45.07,68.13,1.84,43.38,9.308,19810000000.0,108460000000.0,N/A,1.13,28.13,N/A,28.13,6580000000.0,N/A,1710000000.0,3.84,144.10,86.60,6200000000.0,15.071,94310000000.0,25.301,9.218,N/A,0.72,1.21,96.60,9920000.0,8.2,2.50,8530000.0,underperform
3105,2007-05-19 20:07:40,1179619660.0,slm,50.27,-60.63,1514.140015,-5.98,-54.650000000000006,27.075,21.70,6.49,5.98,31.94,60.73,1.00,27.58,8.557,22790000000.0,138180000000.0,N/A,1.23,39.35,N/A,39.35,9140000000.0,N/A,1090000000.0,2.55,23.40,27.80,3680000000.0,8.943,118500000000.0,26.411,9.253,1210000000.0,1.37,1.10,83.40,6900000.0,2.1,1.70,6780000.0,underperform
3106,2012-07-22 15:56:42,1342987002.0,tsla,32.27,279.39,1376.51001,23.18,256.21,237.80,N/A,18.32,22.06,159.32,158.00,31.34,183.66,1.80,3470000000.0,3470000000.0,50.46,0.66,18.70,12.59,18.70,61600000.0,12.59,295340000.0,2.87,N/A,38.50,243580000.0,2.32,365910000.0,1.52,1.46,121150000.0,0.36,44.79,59.30,26980000.0,21.40,54.20,26520000.0,outperform
3107,2010-09-02 21:40:32,1283478032.0,tsla,21.06,9.54,1090.099976,7.69,1.8499999999999988,177.20,N/A,16.82,N/A,85.50,74.63,N/A,N/A,1.45,1900000000.0,1900000000.0,N/A,N/A,16.81,25.04,16.81,N/A,25.04,95760000.0,1.23,N/A,5.40,47300000.0,0.51,46350000.0,1.31,40.22,1900000000.0,N/A,N/A,N/A,5560000.0,4.20,13.50,5650000.0,outperform
3108,2013-05-16 19:08:56,1368745736.0,tsla,92.25,107.65,1650.469971,13.78,93.87,270.22,N/A,10.34,57.95,31.23,32.92,20.42,183.03,8.60,9080000000.0,9080000000.0,85.53,34.96,9.61,33.81,9.61,30070000.0,33.81,295090000.0,2.69,N/A,762.30,214420000.0,1.86,455540000.0,0.98,1.46,138700000.0,0.47,38.45,69.60,27500000.0,7.40,44.10,30700000.0,outperform
3109,2012-03-25 00:26:42,1332649602.0,tsla,34.4,9.1,1392.780029,11.41,-2.3100000000000005,125.04,N/A,17.62,16.05,124.56,123.13,28.59,118.03,2.04,3560000000.0,3560000000.0,41.06,0.84,17.45,15.20,17.45,61600000.0,15.20,254410000.0,2.53,N/A,8.50,280330000.0,2.68,280150000.0,1.95,2.14,114360000.0,N/A,28.31,50.90,25120000.0,22.20,54.60,24630000.0,underperform
3110,2013-08-15 16:17:31,1376597851.0,tsla,139.67,87.59,1661.319946,17.68,69.91,94.32,N/A,12.45,26.17,16.62,16.38,10.17,63.61,11.70,17930000000.0,17930000000.0,83.50,18.18,13.55,111.58,13.55,30070000.0,111.58,219990000.0,1.95,N/A,420.10,746060000.0,6.31,593680000.0,2.50,5.33,N/A,0.94,35.30,68.30,19780000.0,1.90,31.70,18490000.0,outperform
3111,2010-11-22 07:42:21,1290429741.0,tsla,33.4,-3.98,1197.839966,-0.82,-3.16,26.11,N/A,27.85,12.54,128.44,119.26,28.53,82.20,1.00,2720000000.0,2720000000.0,N/A,0.68,27.45,25.00,27.45,N/A,25.00,126080000.0,1.27,N/A,N/A,96560000.0,1.05,57410000.0,3.68,2.38,2720000000.0,N/A,0.01,8.10,6640000.0,14.80,16.10,6570000.0,underperform
3112,2011-11-04 07:26:39,1320405999.0,tsla,32.31,-12.94,1253.22998,12.68,-25.619999999999997,38.69,N/A,19.32,9.69,111.11,110.55,30.41,103.65,1.84,2800000000.0,2800000000.0,N/A,0.53,16.04,15.62,16.04,30730000.0,15.62,194140000.0,2.04,N/A,104.80,319380000.0,3.07,134820000.0,3.01,3.35,2800000000.0,N/A,53.86,18.70,23590000.0,22.40,N/A,21970000.0,underperform
3113,2011-08-14 03:59:35,1313308775.0,tsla,25.3,23.2,1172.640015,19.74,3.460000000000001,38.69,N/A,14.15,7.10,111.11,111.92,30.78,103.65,1.84,2390000000.0,2390000000.0,N/A,0.47,13.66,13.08,13.66,30730000.0,13.08,194140000.0,2.04,N/A,104.80,319380000.0,3.27,134820000.0,2.92,3.56,2390000000.0,N/A,53.86,18.70,19260000.0,18.00,41.90,18210000.0,outperform
3114,2004-11-07 13:42:52,1099852972.0,wlp,39.92,71.57,1161.670044,5.26,66.30999999999999,0.155,14.12,0.71,2.49,5.18,9.08,7.84,20.31,143.072,16440000000.000002,8289999999.999999,12.00,0.91,0.36,N/A,0.36,20360000000.0,2069999999.9999998,1180000000.0,7.412,33.00,17.40,9150000000.0,58.24,1000000000.0,1.606,41.41,1570000000.0,0.071,0.42,81.93,1640000.0,2.031,1.05,1720000.0,outperform
3115,2004-12-10 12:25:02,1102699502.0,wlp,52.99,35.87,1188.0,5.84,30.029999999999998,0.279,15.68,1.75,2.21,5.40,8.69,7.22,15.59,128.161,31940000000.0,33380000000.000004,14.04,1.07,1.83,N/A,1.83,16770000000.0,N/A,984400000.0,6.903,41.00,26.30,710600000.0,2.41,1900000000.0,N/A,49.014,1100000000.0,0.016,2.59,0.00,11840000.0,2.505,4.12,16160000.0,outperform
3116,2012-01-03 19:22:00,1325636520.0,wlp,64.27,-8.18,1277.060059,14.51,-22.689999999999998,45.41,8.87,0.38,0.98,4.76,7.76,5.63,11.90,162.04,13650000000.0,13650000000.0,8.70,1.01,0.23,2.59,0.23,13870000000.0,2.59,2860000000.0,7.61,7.60,5.70,20170000000.0,57.98,10770000000.0,1.75,67.92,3900000000.0,0.81,0.22,86.70,5780000.0,2.10,1.60,6970000.0,underperform
3117,2008-10-14 16:52:10,1224017530.0,wlp,41.29,8.06,998.01001,9.42,-1.3599999999999994,0.46,8.16,0.34,1.01,4.95,8.45,6.23,13.26,111.952,22870000000.0,25290000000.0,N/A,0.52,0.41,4.344,0.41,61130000000.0,4.344,3070000000.0,5.481,10.10,2.60,5860000000.0,11.452,9770000000.0,0.896,41.507999,2780000000.0,1.07,0.19,85.80,6220000.0,1.8,1.20,5940000.0,underperform
3118,2013-03-09 05:47:09,1362826029.0,wlp,60.92,49.06,1541.459961,21.77,27.290000000000003,65.30,7.71,0.31,0.80,4.30,7.53,5.23,11.28,191.95,13730000000.0,13730000000.0,7.71,0.67,0.22,2.55,0.22,13500000000.0,2.55,2660000000.0,8.18,38.40,1.40,20620000000.0,67.84,15540000000.0,1.79,78.11,2740000000.0,0.61,0.34,87.80,7270000.0,3.20,2.20,8240000.0,outperform
3119,2007-04-06 04:56:27,1175849787.0,wlp,77.0,-44.05,1437.77002,-4.89,-39.16,0.285,17.00,0.89,2.07,5.43,9.34,6.44,12.49,88.698,50170000000.0,52610000000.0,N/A,0.98,0.92,8.882,0.92,44850000000.0,8.882,3090000000.0,4.82,22.90,27.30,5120000000.0,8.266,7010000000.0,0.711,39.928001,4040000000.0,0.82,0.45,83.50,5660000.0,2.3,0.90,4730000.0,underperform
3120,2005-03-12 04:52:47,1110621167.0,wlp,58.35,23.7,1207.01001,5.4,18.299999999999997,0.254,19.33,1.76,1.89,4.61,7.62,5.07,10.64,132.407,36240000000.0,40170000000.0,13.32,1.06,1.93,N/A,1.93,16770000000.0,N/A,960100000.0,6.35,41.00,26.30,1460000000.0,4.94,4940000000.0,N/A,65.799004,1100000000.0,0.158,0.74,75.87,3320000.0,1.955,1.13,3970000.0,outperform
3121,2005-05-27 06:49:26,1117190966.0,wlp,62.78,5.07,1198.780029,4.99,0.08000000000000007,0.255,21.49,1.50,2.05,4.67,7.84,5.24,10.78,137.186,41120000000.0,44730000000.0,14.44,1.14,1.64,N/A,1.64,20720000000.0,N/A,1280000000.0,6.25,24.00,24.10,1490000000.0,4.87,5110000000.0,N/A,65.309998,1300000000.0,0.16,1.08,84.40,3570000.0,1.6,1.18,3760000.0,outperform
3122,2009-01-12 21:20:01,1231813201.0,wlp,38.38,54.92,870.26001,30.56,24.360000000000003,0.425,7.31,0.35,1.00,4.89,7.39,5.55,13.31,115.577,20850000000.0,25410000000.0,N/A,0.63,0.41,4.944,0.41,61130000000.0,4.944,3020000000.0,5.61,5.40,1.80,5470000000.0,10.753,9220000000.0,0.842,42.582001,3140000000.0,1.06,0.19,85.20,8029999.999999999,2.2,1.60,6550000.0,outperform
3123,2012-06-20 21:10:53,1340241053.0,wlp,67.96,11.64,1355.689941,17.15,-5.509999999999998,43.31,9.75,0.39,1.01,4.21,7.07,5.23,10.85,174.72,14250000000.0,14250000000.0,8.28,0.92,0.23,2.86,0.23,13060000000.0,2.86,2580000000.0,7.27,7.60,3.50,19720000000.0,59.61,10190000000.0,1.73,70.91,3480000000.0,0.57,0.31,88.80,6780000.0,2.90,2.00,6860000.0,underperform
3124,2009-09-30 10:25:02,1254320702.0,wlp,44.38,19.58,1057.079956,7.96,11.619999999999997,N/A,10.19,0.39,1.06,4.00,5.96,4.50,11.15,121.466,15220000000.0,15220000000.0,N/A,0.97,0.25,3.65,0.25,61250000000.0,3.65,2430000000.0,4.84,7.60,1.60,17360000000.0,36.54,9170000000.0,1.743,46.625999,2950000000.0,1.13,0.17,87.60,5220000.0,1.2,1.10,5190000.0,outperform
3125,2012-05-19 11:41:56,1337442116.0,wlp,62.32,20.14,1324.800049,24.58,-4.439999999999998,43.31,8.96,0.36,0.94,4.21,7.07,5.23,10.85,174.72,12000000000.0,12000000000.0,7.59,0.88,0.20,2.40,0.20,13060000000.0,2.40,2580000000.0,7.27,7.60,3.50,19720000000.0,59.61,10190000000.0,1.73,70.91,3480000000.0,0.62,0.15,87.60,6470000.0,2.20,2.00,6770000.0,underperform
3126,2008-03-14 18:28:03,1205533683.0,wlp,44.12,-29.08,1288.140015,-44.0,14.920000000000002,0.393,8.47,0.42,1.15,5.47,9.33,6.88,14.07,103.024,25500000000.0,28230000000.0,N/A,0.53,0.46,4.487,0.46,61130000000.0,4.487,3350000000.0,5.557,7.20,6.70,6530000000.0,12.058,9040000000.0,0.906,41.334,4340000000.0,0.42,0.15,84.00,5640000.0,1.4,1.00,4080000.0,outperform
3127,2013-05-08 18:36:08,1368052568.0,wlp,73.13,40.13,1632.689941,14.88,25.25,63.15,8.80,0.35,0.92,4.20,7.29,5.21,11.22,204.06,16670000000.000002,16670000000.000002,9.08,0.79,0.26,3.06,0.26,13500000000.0,3.06,2680000000.0,8.48,3.40,14.70,20860000000.0,69.44,15360000000.0,1.79,80.87,2480000000.0,0.65,0.34,87.80,6090000.0,3.20,2.00,6150000.0,outperform
3128,2013-04-22 02:26:11,1366611971.0,wlp,66.5,40.54,1562.5,20.29,20.25,65.30,8.40,0.33,0.86,4.30,7.53,5.23,11.28,191.95,15810000000.0,15810000000.0,8.41,0.72,0.26,2.94,0.26,13500000000.0,2.94,2660000000.0,8.18,38.40,1.40,20620000000.0,67.84,15540000000.0,1.79,78.11,2740000000.0,0.62,0.34,87.80,6150000.0,3.50,2.00,6340000.0,outperform
3129,2009-10-15 08:30:01,1255609801.0,wlp,43.67,23.98,1096.560059,7.26,16.72,N/A,9.84,0.37,1.02,4.00,5.96,4.50,11.15,121.466,14440000000.0,14440000000.0,N/A,0.91,0.24,3.461,0.24,61250000000.0,3.461,2430000000.0,4.84,7.60,1.60,17360000000.0,36.54,9170000000.0,1.743,46.625999,2950000000.0,1.09,0.17,87.60,5280000.0,1.2,1.10,5220000.0,outperform
3130,2012-10-16 15:24:30,1350415470.0,fb,19.48,162.53,1454.920044,18.33,144.2,5.31,67.39,9.66,3.14,13.34,13.84,N/A,N/A,1.96,32340000000.000004,32340000000.000004,31.41,1.49,7.47,30.86,7.47,N/A,30.86,714000000.0,0.29,N/A,32.30,10190000000.0,4.76,706000000.0,11.57,6.22,1760000000.0,N/A,0.75,47.90,77990000.0,1.50,16.50,87560000.0,outperform
3131,2013-04-25 22:41:17,1366944077.0,fb,26.14,120.77,1585.160034,17.55,103.22,20.04,742.67,12.22,5.24,1.04,10.57,3.14,0.64,2.54,54620000000.0,54620000000.0,33.51,1.54,10.73,46.01,10.73,3720000000.0,46.01,32000000.0,0.02,78.80,40.10,9630000000.0,4.04,2360000000.0,10.71,4.98,1610000000.0,1.41,2.57,47.30,38990000.0,1.00,8.30,32240000.000000004,outperform
3132,2012-05-24 04:46:58,1337849218.0,fb,33.03,-26.4,1320.680054,24.91,-51.31,13.39,73.90,21.01,8.99,24.07,43.31,N/A,N/A,3.06,38640000000.0,38640000000.0,48.48,1.66,9.57,18.13,9.57,N/A,18.13,652000000.0,0.43,12.00,44.70,3910000000.0,2.90,706000000.0,4.52,3.45,1640000000.0,N/A,N/A,N/A,N/A,N/A,N/A,N/A,underperform
3133,2013-01-17 10:49:32,1358437772.0,fb,30.14,86.79,1480.939941,24.16,62.63000000000001,6.36,154.66,13.95,4.53,6.28,12.13,N/A,N/A,1.87,55120000000.0,55120000000.0,45.23,1.97,11.89,50.57,11.89,N/A,50.57,524000000.0,0.19,N/A,32.30,10450000000.0,4.83,902000000.0,11.38,6.59,1440000000.0,N/A,0.75,47.90,26390000.0,0.40,5.60,55160000.0,outperform
3134,2013-01-22 18:14:08,1358896448.0,fb,30.73,87.15,1492.560059,23.6,63.550000000000004,6.36,159.27,13.86,4.50,6.28,12.13,N/A,N/A,1.87,54710000000.0,54710000000.0,46.58,1.96,11.80,50.19,11.80,N/A,50.19,524000000.0,0.19,N/A,32.30,10450000000.0,4.83,902000000.0,11.38,6.59,1440000000.0,N/A,0.75,47.90,26390000.0,0.40,5.60,55160000.0,outperform
3135,2013-08-19 06:01:14,1376906474.0,fb,37.81,99.13,1646.060059,20.38,78.75,17.55,167.78,14.55,7.15,9.10,31.06,7.75,4.34,2.55,82220000000.0,82220000000.0,39.03,1.76,13.44,29.76,13.44,3720000000.0,29.76,554000000.0,0.22,N/A,53.10,10250000000.0,4.21,2170000000.0,10.58,5.11,2970000000.0,3.29,8.00,46.70,36540000.0,0.60,2.20,39750000.0,outperform
3136,2007-05-28 00:28:06,1180326486.0,dgx,,,1515.72998,-8.6,,0.662,17.66,1.49,3.07,8.77,17.39,12.56,19.63,31.889,9410000000.0,11260000000.0,N/A,1.18,1.80,8.246,1.80,2570000000.0,8.246,578600000.0,2.77,26.80,1.70,158400000.0,0.822,2009999999.9999998,0.795,15.73,862790000.0,0.01,0.43,74.30,16579999.999999998,13.8,8.60,15940000.0,underperform
3137,2011-05-15 10:59:40,1305471580.0,dgx,54.52,-1.05,1348.650024,-0.76,-0.29000000000000004,130.53,19.67,1.23,2.66,6.83,17.61,9.16,15.11,43.19,12260000000.0,12260000000.0,11.79,1.12,1.66,7.89,1.66,3050000000.0,7.89,503910000.0,2.92,N/A,0.90,994240000.0,6.32,4230000000.0000005,1.30,21.70,12260000000.0,0.56,0.38,72.50,2830000.0,1.80,1.80,2069999.9999999998,underperform
3138,2004-08-31 09:10:19,1093957819.0,dgx,38.54,17.28,1104.23999,10.51,6.770000000000001,0.452,18.80,1.73,3.53,9.46,17.14,10.94,19.49,46.887,8500000000.0,9460000000.0,15.19,1.17,1.90,10.98,1.90,1680000000.0,10.98,471250000.0,4.438,98.50,13.20,137800000.0,1.35,1100000000.0,1.356,23.983,753240000.0,0.439,22.36,67.87,5540000.0,10.154,7.01,6220000.0,outperform
3139,2007-04-07 18:42:59,1175985779.0,dgx,46.86,-7.94,1439.369995,-4.87,-3.0700000000000003,0.515,17.45,1.58,3.29,9.36,18.40,14.10,21.64,31.823,9930000000.0,11340000000.0,N/A,1.26,1.81,7.914,1.81,2570000000.0,7.914,625690000.0,2.94,N/A,N/A,149640000.0,0.773,1560000000.0,1.035,15.567,951900000.0,0.06,0.43,67.80,15940000.0,9.3,8.20,10250000.0,underperform
3140,2009-01-15 00:13:41,1231996421.0,dgx,44.03,28.0,843.73999,34.64,-6.640000000000001,0.838,22.82,1.31,2.53,5.63,16.86,8.87,17.47,37.157,9250000000.0,12300000000.0,N/A,1.15,1.70,8.283,1.70,2740000000.0,8.283,616600000.0,2.07,13.00,3.40,286680000.0,1.466,3130000000.0,1.25,19.080999,1060000000.0,0.38,18.92,70.30,18260000.0,12.3,9.40,18500000.0,underperform
3141,2010-12-31 06:08:33,1293793713.0,dgx,50.78,8.05,1257.640015,-0.64,8.690000000000001,82.12,13.36,1.25,2.39,9.97,18.25,10.02,18.99,41.28,12090000000.0,12090000000.0,12.63,1.14,1.64,7.55,1.64,3130000000.0,7.55,734410000.0,4.05,3.00,1.70,369260000.0,2.17,3170000000.0,1.35,22.64,12090000000.0,0.60,17.68,73.00,3370000.0,3.80,1.90,3290000.0,outperform
3142,2005-02-25 07:41:51,1109335311.0,dgx,44.85,7.13,1211.369995,6.71,0.41999999999999993,0.48,20.79,1.88,4.21,9.74,17.38,11.54,20.62,48.859,9710000000.0,10730000000.0,16.04,1.11,2.09,11.95,2.09,1680000000.0,11.95,499220000.0,4.76,N/A,N/A,73300000.0,0.75,1100000000.0,0.892,23.33,N/A,0.476,21.71,74.17,5120000.0,7.165,6.67,4650000.0,outperform
3143,2009-06-30 11:00:36,1246374036.0,dgx,52.51,-11.18,919.320007,12.12,-23.299999999999997,N/A,17.95,1.43,2.97,8.37,17.59,9.41,18.84,37.665,13280000000.0,13280000000.0,N/A,1.20,1.83,8.607,1.83,2990000000.0,8.607,660260000.0,3.13,19.70,1.30,204220000.0,1.102,3080000000.0,1.172,18.931,1180000000.0,0.47,16.90,74.30,18620000.0,17.6,10.10,19110000.0,underperform
3144,2012-06-02 21:15:42,1338686142.0,dgx,55.09,9.75,1313.319946,25.97,-16.22,100.61,12.95,1.18,2.33,8.96,17.64,9.00,20.23,48.30,12520000000.0,12520000000.0,10.89,1.06,1.64,7.66,1.64,3120000000.0,7.66,681010000.0,4.26,N/A,6.30,145440000.0,0.92,3920000000.0,1.00,24.41,896160000.0,0.69,0.37,92.70,4620000.0,5.10,2.90,4220000.0,underperform
3145,2005-01-29 02:19:48,1106983188.0,dgx,40.37,13.62,1174.069946,8.5,5.119999999999999,0.48,19.89,1.92,3.91,9.74,17.38,11.54,20.62,48.859,9580000000.0,10430000000.0,17.27,1.19,2.03,11.62,2.03,1680000000.0,11.62,499220000.0,4.759,98.50,13.20,73300000.0,0.75,1100000000.0,0.892,24.523001,797490000.0,0.435,21.71,71.27,4650000.0,8.417,6.05,5060000.0,outperform
3146,2008-04-17 02:38:30,1208414310.0,dgx,42.66,9.66,1365.560059,-36.32,45.980000000000004,1.065,26.61,1.33,2.69,5.07,16.50,9.72,17.46,34.697,8990000000.0,12320000000.0,N/A,1.06,1.84,9.167,1.84,2740000000.0,9.167,553830000.0,1.74,N/A,N/A,167590000.0,0.863,3540000000.0,1.067,17.132,926920000.0,0.03,19.02,76.10,18510000.0,12.4,9.60,19150000.0,outperform
3147,2012-03-22 20:42:39,1332463359.0,dgx,56.99,-4.39,1392.780029,11.78,-16.169999999999998,108.34,20.53,1.27,2.56,6.27,17.41,9.16,13.06,47.33,13380000000.0,13380000000.0,11.87,1.20,1.78,8.42,1.78,3120000000.0,8.42,469190000.0,2.92,14.30,3.00,164890000.0,1.04,4019999999.9999995,0.90,23.46,895470000.0,0.70,0.43,91.90,3850000.0,4.00,2.50,3780000.0,underperform
3148,2007-02-13 08:13:30,1171372410.0,dgx,47.85,-2.63,1444.26001,-5.33,2.7,0.515,17.78,1.62,3.35,9.35,18.33,13.42,21.64,31.821,10140000000.0,N/A,N/A,1.27,N/A,N/A,N/A,2250000000.0,N/A,625700000.0,2.94,14.60,8.00,149600000.0,0.771,1560000000.0,1.035,15.563,951900000.0,0.01,0.43,68.20,9670000.0,9.4,5.00,9750000.0,outperform
3149,2004-11-23 07:44:28,1101213868.0,dgx,41.59,8.97,1176.939941,7.53,1.4400000000000004,0.445,20.22,1.83,3.73,9.54,18.07,11.10,19.73,47.986,9370000000.0,10160000000.0,16.92,1.26,2.01,11.04,2.01,1680000000.0,11.04,481370000.0,4.579,98.50,13.20,201040000.0,1.99,1100000000.0,1.427,24.523001,797490000.0,0.418,22.33,72.50,5430000.0,12.988,6.91,5550000.0,outperform
3150,2013-03-31 20:30:46,1364776246.0,dgx,54.68,4.19,1569.189941,19.32,-15.129999999999999,80.43,16.34,1.20,2.13,7.53,17.86,8.86,16.87,46.56,12000000000.0,12000000000.0,11.62,1.25,1.63,7.48,1.63,3020000000.0,7.48,627580000.0,3.46,70.50,4.10,295590000.0,1.87,3370000000.0,1.49,26.29,1190000000.0,0.85,0.38,94.30,8170000.0,6.80,N/A,7630000.0,underperform
3151,2011-12-25 10:56:58,1324828618.0,dgx,56.06,0.87,1254.0,13.77,-12.9,118.58,21.65,1.25,2.64,5.99,17.23,9.03,13.02,46.07,13400000000.0,13400000000.0,12.63,1.16,1.80,8.60,1.80,3050000000.0,8.60,446380000.0,2.72,13.20,2.20,110820000.0,0.70,4200000000.0,0.79,22.38,897320000.0,0.69,0.38,72.50,6710000.0,4.90,4.30,6370000.0,underperform
3152,2013-05-07 08:52:46,1367931166.0,dgx,55.96,-1.2,1625.959961,15.51,-16.71,80.64,17.48,1.26,2.18,7.33,17.80,8.61,15.37,45.80,12320000000.0,12320000000.0,12.05,1.27,1.70,7.81,1.70,3020000000.0,7.81,587180000.0,3.31,14.70,6.40,133600000.0,0.85,3410000000.0,1.21,26.60,1070000000.0000001,0.85,0.38,94.30,8650000.0,6.80,5.50,7970000.0,underperform
3153,2005-03-09 09:29:51,1110378591.0,crm,16.28,130.41,1207.01001,5.4,125.00999999999999,0.009,258.15,9.63,11.75,4.50,3.70,4.25,8.21,1.599,1730000000.0,1610000000.0,59.93,1.19,9.14,166.8,9.14,78750000.0,166.8,7350000.0,0.07,N/A,88.30,118820000.0,1.15,1280000.0,1.357,1.403,N/A,N/A,88.85,29.72,5250000.0,5.892,45.65,4720000.0,outperform
3154,2005-05-14 12:37:12,1116088632.0,crm,15.29,111.45,1171.109985,11.51,99.94,0.009,228.92,8.97,10.85,4.50,3.70,4.25,8.21,1.599,1570000000.0,1460000000.0,53.14,1.07,8.30,151.43,8.30,142920000.0,151.43,7350000.0,0.07,109.00,83.70,118820000.0,1.13,1280000.0,1.357,1.382,55870000.0,N/A,40.38,35.61,5540000.0,9.776,8.81,5020000.0,outperform
3155,2005-10-31 08:20:42,1130764842.0,crm,24.99,56.14,1207.01001,14.16,41.980000000000004,0.007,190.62,10.99,15.76,6.39,5.56,2.99,10.15,2.271,2650000000.0,2510000000.0,N/A,1.59,10.60,143.731,10.60,142920000.0,143.731,15160000.0,0.13,330.80,77.30,134410000.0,1.249,1100000.0,1.291,1.537,66260000.00000001,N/A,31.30,35.60,12170000.0,8.1,18.60,10170000.0,outperform
3156,2006-07-18 06:26:12,1153218372.0,crm,22.11,95.75,1236.859985,25.01,70.74,0.003,107.64,7.01,11.59,6.81,4.48,3.73,13.08,3.223,2440000000.0,2200000000.0,N/A,1.34,6.29,74.218,6.29,240730000.0,74.218,23860000.0,0.20,N/A,63.10,233160000.0,2.091,0.003,1.375,1.9,90400000.0,4.84,24.27,71.80,9570000.0,11.10,11.10,11070000.0,outperform
3157,2013-05-16 09:17:15,1368710235.0,crm,46.15,12.24,1650.469971,13.78,-1.5399999999999991,27.96,N/A,8.60,11.32,8.87,3.63,1.43,13.85,5.40,25650000000.0,25650000000.0,71.10,3.00,8.41,305.38,8.41,2370000000.0,305.38,270450000.0,0.48,N/A,32.10,867620000.0,1.48,647940000.0,0.69,3.96,736900000.0,0.91,7.73,101.90,49860000.0,9.70,10.90,13260000.0,underperform
3158,2006-06-16 17:31:32,1150493492.0,crm,27.74,63.91,1251.540039,21.1,42.809999999999995,0.003,136.26,8.69,14.38,6.81,4.48,3.73,13.08,3.223,3080000000.0,2810000000.0,N/A,1.67,8.03,94.759,8.03,240730000.0,94.759,23860000.0,0.20,N/A,63.10,233160000.0,2.091,0.003,1.375,1.9,90400000.0,4.79,24.27,72.00,11070000.0,6.3,12.90,9630000.0,outperform
3159,2005-01-28 08:32:46,1106919166.0,crm,13.46,193.61,1171.359985,7.97,185.64000000000001,0.01,N/A,N/A,10.36,N/A,N/A,0.00,0.00,N/A,1400000000.0,1290000000.0,104.77,2.12,N/A,N/A,N/A,78750000.0,N/A,0.00,0.00,N/A,88.30,114400000.0,1.11,1420000.0,1.54,1.332,N/A,N/A,88.85,18.13,4720000.0,3.084,41.09,7060000.0,outperform
3160,2012-07-24 09:47:35,1343137655.0,crm,126.72,-66.85,1338.310059,25.98,-92.83,30.40,N/A,7.36,9.99,1.29,2.22,0.94,2.06,18.01,17920000000.0,17920000000.0,65.83,3.21,7.29,169.19,7.29,1780000000.0,169.19,31580000.0,0.24,N/A,37.90,710390000.0,5.15,550110000.0,0.79,13.11,665200000.0,1.16,8.30,99.10,13170000.0,5.40,12.30,12700000.0,underperform
3161,2012-01-03 15:46:55,1325623615.0,crm,101.2,69.14,1277.060059,14.51,54.63,36.22,968.67,6.60,9.21,0.16,1.39,0.58,0.25,15.58,13700000000.0,13700000000.0,64.13,3.08,6.55,150.62,6.55,1330000000.0,150.62,3420000.0,0.02,N/A,36.20,645850000.0,4.75,542680000.0,0.63,11.02,516919999.99999994,1.06,8.94,92.10,14940000.0,3.80,14.50,13650000.0,outperform
3162,2013-02-21 06:38:23,1361446703.0,crm,168.55,-62.27,1502.420044,22.22,-84.49000000000001,27.77,N/A,8.72,11.92,8.91,3.38,1.48,14.16,20.46,24830000000.0,24830000000.0,87.73,4.20,8.72,279.84,8.72,1780000000.0,279.84,253680000.0,1.82,N/A,34.90,605560000.0,4.26,578520000.0,0.54,14.67,695670000.0,0.96,8.19,100.60,13590000.0,8.90,12.70,14670000.0,underperform
3163,2011-10-31 21:43:53,1320111833.0,crm,133.17,,1253.300049,46.51,,37.39,649.61,9.74,13.29,1.46,0.84,0.33,2.21,14.56,18810000000.0,18810000000.0,74.81,4.22,9.71,163.40,9.71,1330000000.0,163.40,28250000.0,0.21,N/A,38.40,577380000.0,4.26,530220000.0,0.62,10.47,18810000000.0,1.34,8.94,92.10,11320000.0,3.90,11.00,10950000.0,underperform
3164,2012-08-18 18:50:14,1345330214.0,crm,144.13,-69.75,1405.530029,18.2,-87.95,30.40,N/A,8.25,11.21,1.29,2.22,0.94,2.06,18.01,20160000000.0,20160000000.0,73.98,3.60,8.20,190.34,8.20,1780000000.0,190.34,31580000.0,0.24,N/A,37.90,710390000.0,5.15,550110000.0,0.79,13.11,665200000.0,1.13,8.30,99.10,13200000.0,5.50,12.40,13560000.0,underperform
3165,2006-07-19 00:35:11,1153283711.0,crm,22.95,91.33,1259.810059,23.28,68.05,0.003,108.92,6.95,11.50,6.81,4.48,3.73,13.08,3.223,2470000000.0,2200000000.0,N/A,1.34,6.29,74.218,6.29,240730000.0,74.218,23860000.0,0.20,N/A,63.10,233160000.0,2.091,0.003,1.375,1.9,90400000.0,4.84,24.27,71.80,9570000.0,11.10,11.10,11070000.0,outperform
3166,2006-07-18 12:24:45,1153239885.0,crm,22.11,95.75,1236.859985,25.01,70.74,0.003,107.64,6.95,11.50,6.81,4.48,3.73,13.08,3.223,2440000000.0,2200000000.0,N/A,1.34,6.29,74.218,6.29,240730000.0,74.218,23860000.0,0.20,N/A,63.10,233160000.0,2.091,0.003,1.375,1.9,90400000.0,4.84,24.27,71.80,9570000.0,11.10,11.10,11070000.0,outperform
3167,2011-10-25 09:21:03,1319548863.0,crm,129.56,14.4,1229.050049,14.62,-0.21999999999999886,37.39,646.49,9.27,12.66,1.46,0.84,0.33,2.21,14.56,17910000000.0,17910000000.0,74.46,4.22,9.25,155.62,9.25,1330000000.0,155.62,28250000.0,0.21,N/A,38.40,577380000.0,4.26,530220000.0,0.62,10.47,17910000000.0,1.34,8.94,92.10,10950000.0,3.50,10.70,10770000.0,underperform
3168,2011-11-03 17:28:48,1320355728.0,crm,133.05,10.18,1261.150024,12.14,-1.9600000000000009,37.39,644.54,9.09,12.41,1.46,0.84,0.33,2.21,14.56,17550000000.0,17550000000.0,74.23,4.41,9.06,152.45,9.06,1330000000.0,152.45,28250000.0,0.21,N/A,38.40,577380000.0,4.26,530220000.0,0.62,10.47,17550000000.0,1.06,8.94,92.10,11320000.0,3.90,11.00,10950000.0,underperform
3169,2009-02-07 08:57:38,1234015058.0,crm,29.33,112.85,832.22998,27.74,85.11,0.003,98.11,3.73,6.06,3.69,5.81,3.41,7.27,8.35,3540000000.0,2940000000.0,N/A,2.59,2.93,32.743,2.93,577110000.0,32.743,37050000.0,0.30,55.50,43.40,601460000.0,4.93,1810000.0,1.379,5.069,234820000.0,2.02,30.30,81.30,12270000.0,11.50,11.50,13060000.0,outperform
3170,2012-06-14 22:24:52,1339727092.0,crm,129.36,-70.96,1329.099976,22.39,-93.35,30.40,N/A,7.15,9.71,1.29,2.22,0.94,2.06,18.01,17410000000.0,17410000000.0,65.01,5.70,7.09,164.41,7.09,1780000000.0,164.41,31580000.0,0.24,N/A,37.90,710390000.0,5.15,550110000.0,0.79,13.11,665200000.0,1.19,8.30,99.10,12080000.0,3.60,11.30,13470000.0,underperform
3171,2012-11-04 14:56:54,1352059014.0,crm,146.22,-61.99,1427.589966,23.84,-85.83,29.51,N/A,7.69,10.74,1.41,1.98,0.83,2.24,19.22,19830000000.0,19830000000.0,73.67,3.55,7.50,170.57,7.50,1780000000.0,170.57,37140000.0,0.27,N/A,34.00,1110000000.0,7.97,558320000.0,0.80,13.61,718470000.0,1.11,8.19,100.60,13960000.0,8.70,13.10,12720000.0,underperform
3172,2007-10-28 12:43:20,1193589800.0,crm,51.08,-50.45,1514.400024,-43.94,-6.510000000000005,1.158,196.28,9.73,16.99,0.87,0.21,0.12,1.83,5.356,6010000000.0,5700000000.0,N/A,11.92,9.30,296.416,9.30,378210000.0,296.416,5320000.0,0.04,N/A,49.50,307830000.0,2.636,1.158,1.158,3.006,140270000.0,28.25,25.72,79.70,8109999.999999999,4.8,8.20,8560000.0,underperform
3173,2007-05-16 17:43:46,1179351826.0,crm,45.25,52.97,1514.140015,-5.98,58.95,0.001,097.50,10.20,17.91,0.10,0.72,4.05,0.20,4.423,5100000000.0,4820000000.0,N/A,1.32,9.69,100.098,9.69,378210000.0,100.098,0.00,0.00,91.30,58.40,252420000.0,2.195,0.001,1.112,2.46,111220000.0,4.03,25.43,67.50,10250000.0,11.2,10.90,10230000.0,outperform
3174,2005-08-16 08:12:32,1124194352.0,crm,21.99,28.79,1219.339966,6.24,22.549999999999997,0.007,225.92,11.41,15.34,5.49,4.93,3.27,13.28,2.191,2350000000.0,2220000000.0,N/A,1.52,10.80,162.649,10.80,142920000.0,162.649,11290000.0,0.10,902.30,84.20,125540000.0,1.184,1140000.0,1.307,1.443,67120000.0,N/A,31.77,35.60,5920000.0,8.3,9.50,5540000.0,outperform
3175,2011-09-03 22:34:48,1315103688.0,crm,128.75,10.83,1218.890015,14.82,-3.99,43.79,602.98,8.86,12.10,1.46,0.84,0.33,2.21,14.56,16739999999.999998,16739999999.999998,67.55,3.42,8.65,143.84,8.65,1330000000.0,143.84,28250000.0,0.21,N/A,38.40,577380000.0,4.27,620990000.0,0.62,10.50,16739999999.999998,1.34,8.94,92.10,9510000.0,4.20,9.30,9860000.0,underperform
3176,2011-07-19 06:44:03,1311072243.0,bms,30.56,-5.86,1326.72998,3.47,-9.33,73.35,16.50,0.70,1.93,4.39,9.03,6.63,12.30,47.48,4910000000.0,4910000000.0,13.06,1.66,0.96,7.16,0.96,889540000.0,7.16,220550000.0,2.04,66.40,29.60,56060000.0,0.53,1420000000.0,2.47,17.77,4910000000.0,0.71,1.94,73.10,4960000.0,4.60,4.80,5750000.0,underperform
3177,2013-05-09 03:14:02,1368083642.0,bms,37.96,6.38,1626.670044,15.48,-9.100000000000001,95.11,23.18,0.80,2.49,3.52,8.34,6.10,10.93,49.45,5450000000.0,5450000000.0,15.30,2.03,1.07,8.75,1.07,947500000.0,8.75,177300000.0,1.71,12.10,3.80,152700000.0,1.49,1550000000.0,2.60,15.87,380900000.0,0.59,1.02,78.50,5380000.0,6.40,5.30,5150000.0,underperform
3178,2004-05-29 17:15:50,1085865350.0,bms,20.23,2.62,1114.939941,7.42,-4.8,0.49,19.19,1.10,2.48,5.77,9.40,6.73,14.22,24.886,2950000000.0,3460000000.0,14.89,1.73,1.29,8.79,1.29,533480000.0,8.79,154700000.0,1.436,11.10,11.20,70120000.0,0.66,580720000.0,2.487,11.097,319630000.0,0.676,9.75,61.17,2250000.0,5.036,2.33,2380000.0,underperform
3179,2005-01-25 21:17:38,1106705858.0,bms,21.76,8.64,1168.410034,8.24,0.40000000000000036,0.472,18.29,1.10,2.46,6.16,10.04,7.33,14.64,25.712,3100000000.0,3550000000.0,15.74,1.75,1.28,8.41,1.28,533480000.0,8.41,170790000.0,1.584,11.10,11.20,88860000.0,0.83,585360000.0,2.568,11.603,296110000.0,0.671,10.14,63.99,2330000.0,4.6,2.43,2260000.0,outperform
3180,2007-02-14 04:33:35,1171445615.0,bms,27.45,-21.49,1455.300049,-7.31,-14.18,0.536,20.84,0.98,2.42,4.84,9.21,7.01,12.50,34.705,3610000000.0,N/A,N/A,1.42,N/A,N/A,N/A,675620000.0,N/A,176300000.0,1.65,7.30,1.00,101520000.0,0.968,789790000.0,2.031,14.042,338320000.0,0.91,4.18,66.50,1350000.0,3.8,1.30,1440000.0,underperform
3181,2013-04-23 03:50:53,1366703453.0,bms,39.34,2.26,1578.780029,18.79,-16.53,86.93,24.27,0.80,2.51,3.38,8.16,6.17,10.79,49.80,5430000000.0,5430000000.0,15.61,2.04,1.06,8.70,1.06,947500000.0,8.70,172000000.0,1.66,75.90,2.90,114100000.0,1.11,1430000000.0,2.37,15.89,421300000.0,0.60,1.02,78.50,5150000.0,7.50,5.10,5230000.0,underperform
3182,2010-04-24 23:50:16,1272167416.0,bms,27.2,6.18,1205.939941,10.9,-4.720000000000001,N/A,22.93,0.97,1.87,4.19,8.68,5.65,9.35,33.98,3630000000.0,3630000000.0,13.38,2.22,1.03,7.83,1.03,700170000.0,7.83,142640000.0,1.38,21.20,4.40,1070000000.0000001,9.78,1260000000.0,3.82,16.67,3630000000.0,0.75,1.78,72.00,2530000.0,3.20,N/A,2500000.0,underperform
3183,2009-07-26 18:14:44,1248646484.0,bms,22.21,22.74,976.2899779999999,14.21,8.529999999999998,N/A,16.44,0.73,1.74,4.57,8.05,5.68,10.28,35.789,3150000000.0,3150000000.0,N/A,1.94,0.88,7.105,0.88,648030000.0,7.105,162700000.0,1.61,4.50,11.60,80060000.0,0.801,592090000.0,2.085,14.911,432860000.0,0.76,1.64,70.70,2270000.0,2.30,2.30,2310000.0,outperform
3184,2005-05-27 22:21:16,1117246876.0,bms,20.78,10.68,1198.780029,4.99,5.6899999999999995,0.648,17.49,0.98,2.21,5.67,9.56,6.74,13.49,27.885,2930000000.0,3660000000.0,13.82,1.63,1.23,8.675,1.23,595700000.0,8.675,169160000.0,1.56,25.10,21.60,130710000.00000001,1.22,857860000.0,2.359,12.345,239320000.0,0.494,4.65,64.20,2230000.0,4.4,2.20,2300000.0,outperform
3185,2011-07-18 03:22:09,1310973729.0,bms,30.65,-7.15,1305.439941,4.46,-11.61,73.35,16.75,0.69,1.90,4.39,9.03,6.63,12.30,47.48,4970000000.0,4970000000.0,13.26,1.66,0.97,7.24,0.97,889540000.0,7.24,220550000.0,2.04,66.40,29.60,56060000.0,0.53,1420000000.0,2.47,17.77,4970000000.0,0.71,1.94,73.10,4960000.0,4.60,4.80,5750000.0,underperform
3186,2007-01-13 13:36:41,1168713401.0,bms,27.06,-24.02,1414.849976,0.39,-24.41,0.523,21.48,1.04,2.52,4.95,10.04,7.49,12.60,34.586,3790000000.0,4470000000.0,N/A,1.58,1.23,8.643,1.23,675620000.0,8.643,179590000.0,1.68,8.60,3.80,105430000.0,1.006,781720000.0,1.924,14.245,315240000.0,0.88,3.42,63.50,1440000.0,3.8,1.40,1290000.0,underperform
3187,2013-04-22 02:07:20,1366610840.0,eqr,54.31,4.6,1562.5,20.29,-15.69,108.17,21.24,8.86,2.60,39.63,31.29,2.45,4.39,7.02,27040000000.0,27040000000.0,18.40,3.91,12.73,20.35,12.73,1380000000.0,20.35,256560000.0,2.73,258.10,19.10,614110000.0,1.89,8570000000.0,0.92,22.27,1050000000.0,0.71,2.02,99.40,8289999.999999999,4.00,N/A,9070000.0,underperform
3188,2007-02-21 20:18:50,1172107130.0,eqr,38.69,-22.82,1457.630005,-7.9,-14.92,1.369,16.25,7.89,2.85,53.92,27.47,2.34,1.78,6.861,15590000000.0,23880000000.0,N/A,4.50,12.00,21.051,12.00,1090000000.0,21.051,59450000.0,3.27,105.90,4.90,260279999.99999997,0.887,8060000000.000001,0.843,18.728001,N/A,1.35,2.27,86.70,6910000.0,4.7,2.40,9290000.0,underperform
3189,2011-11-16 00:14:53,1321420493.0,eqr,50.91,-1.55,1236.910034,9.41,-10.96,143.47,17.77,7.96,3.09,45.53,27.72,2.34,1.06,7.37,26230000000.0,26230000000.0,21.13,2.66,12.18,20.53,12.18,1180000000.0,20.53,1300000.0,3.31,274.70,12.80,56570000.0,0.19,8940000000.0,0.61,18.66,26230000000.0,1.45,3.39,94.60,14620000.0,5.60,5.20,15290000.0,underperform
3190,2005-02-06 18:45:25,1107733525.0,eqr,21.25,42.35,1189.890015,6.31,36.04,1.273,87.29,4.77,2.06,9.95,9.95,1.50,1.86,6.218,9110000000.0,16210000000.0,13.94,3.36,8.58,15.87,8.58,1050000000.0,15.87,81530000.0,0.37,29.10,8.60,83500000.0,0.29,6460000000.0,N/A,15.427,729260000.0,0.34,4.87,84.16,6780000.0,6.203,2.50,6450000.0,outperform
3191,2005-08-17 04:04:07,1124265847.0,eqr,25.99,30.01,1220.23999,6.33,23.68,1.276,19.57,5.50,2.38,30.65,30.04,2.63,3.41,6.99,10980000000.0,18070000000.0,N/A,3.06,9.13,17.223,9.13,1060000000.0,17.223,122330000.0,1.96,20.70,4.50,102750000.0,0.359,6650000000.0,0.139,15.95,N/A,N/A,4.90,81.60,7230000.0,7.1,2.60,6490000.0,outperform
3192,2005-05-27 03:10:47,1117177847.0,eqr,24.36,22.99,1198.780029,4.99,18.0,1.232,65.95,5.29,2.24,12.09,12.09,1.86,2.86,6.354,10260000000.0,17200000000.0,14.62,2.65,8.87,15.68,8.87,1060000000.0,15.68,126740000.0,0.54,13.20,3.60,91070000.0,0.32,6410000000.0,N/A,15.938,717750000.0,0.411,4.93,85.41,7230000.0,7.044,2.65,6490000.0,outperform
3193,2005-01-18 06:51:01,1106049061.0,eqr,22.88,24.61,1195.97998,6.85,17.759999999999998,1.266,81.35,5.05,2.18,11.06,11.06,1.70,2.22,6.229,9570000000.0,16500000000.0,14.46,3.95,8.76,16.13,8.76,1050000000.0,16.13,96720000.0,0.416,29.10,8.60,64989999.99999999,0.23,6350000000.0,N/A,15.427,729260000.0,0.34,4.83,87.46,6450000.0,6.024,2.40,5990000.0,outperform
3194,2005-04-29 21:00:32,1114822832.0,eqr,23.29,34.74,1156.849976,12.84,21.900000000000002,1.232,65.43,4.94,2.10,12.09,12.09,1.86,2.86,6.354,9850000000.0,16530000000.000002,14.14,2.69,8.53,15.07,8.53,1060000000.0,15.07,126740000.0,0.53,13.20,3.60,91070000.0,0.32,6410000000.0,N/A,15.938,717750000.0,0.389,4.93,84.07,6490000.0,5.765,2.38,6420000.0,outperform
3195,2013-07-01 01:13:08,1372655588.0,eqr,54.61,14.23,1614.959961,22.19,-7.960000000000001,112.70,10.66,9.49,2.09,77.34,30.12,2.07,1.98,7.10,33259999999.999996,33259999999.999996,18.55,3.44,15.01,23.94,15.01,1380000000.0,23.94,82590000.0,5.45,600.40,20.80,56140000.0,0.16,12200000000.0,0.22,27.98,1010000000.0,0.72,1.95,99.10,7320000.0,2.40,2.30,9340000.0,underperform
3196,2004-08-03 22:53:18,1091587998.0,eqr,19.44,42.54,1099.689941,13.22,29.32,1.254,77.45,4.54,1.93,13.61,13.61,2.10,2.21,6.019,8359999999.999999,15280000000.0,13.08,2.78,8.27,14.71,8.27,1050000000.0,14.71,95330000.0,0.385,29.10,8.60,71530000.0,0.26,6300000000.0,N/A,15.534,732150000.0,0.333,5.13,88.12,5510000.0,6.12,2.07,5080000.0,outperform
3197,2004-11-30 18:48:41,1101858521.0,eqr,22.28,26.89,1173.819946,6.45,20.44,1.266,81.13,5.07,2.19,11.06,11.06,1.70,2.22,6.229,9540000000.0,16480000000.0,14.55,2.98,8.75,16.11,8.75,1050000000.0,16.11,96720000.0,0.416,29.10,8.60,64989999.99999999,0.23,6350000000.0,N/A,15.427,729260000.0,0.337,5.19,87.63,5990000.0,5.622,2.24,4900000.0,outperform
3198,2005-12-01 16:49:24,1133473764.0,hban,18.17,3.8,1264.670044,10.44,-6.64,N/A,14.12,3.50,2.09,25.77,49.13,1.25,15.84,6.757,5520000000.0,10970000000.0,N/A,2.09,7.02,N/A,7.02,1910000000.0,N/A,402660000.0,1.71,16.10,5.10,1100000000.0,4.801,6490000000.0,N/A,11.452,111380000.0,N/A,1.94,41.60,3970000.0,4.2,1.80,4390000.0,underperform
3199,2012-03-10 06:00:10,1331377210.0,hban,5.32,31.95,1352.630005,14.17,17.78,N/A,9.93,2.04,1.00,22.12,35.92,1.00,10.44,2.84,8070000000.0,8070000000.0,9.16,1.90,3.29,N/A,3.29,N/A,N/A,511800000.0,0.59,3.20,8.40,1740000000.0,2.02,4800000000.0,N/A,5.82,1590000000.0,1.72,8.87,59.30,12830000.0,0.80,1.70,11260000.0,outperform
3200,2006-08-22 14:26:54,1156271214.0,hban,18.43,-21.92,1298.819946,12.72,-34.64,N/A,13.27,3.69,1.93,27.65,47.18,1.23,15.27,6.621,5690000000.0,11650000000.0,N/A,1.89,7.57,N/A,7.57,1840000000.0,N/A,425210000.0,1.81,4.90,6.30,1390000000.0,5.863,7370000000.0,N/A,12.383,679740000.0,0.45,2.17,42.90,5390000.0,2.30,2.30,10880000.0,underperform
3201,2011-04-29 01:14:53,1304054093.0,hban,6.23,0.32,1363.609985,1.99,-1.67,N/A,36.05,2.87,1.27,15.32,27.57,0.59,6.06,2.81,10270000000.0,10270000000.0,10.07,1.95,5.04,N/A,5.04,N/A,N/A,140320000.0,0.19,N/A,N/A,1560000000.0,1.81,6090000000.0,N/A,5.35,10270000000.0,1.76,0.63,70.70,23120000.0,1.70,3.10,24840000.0,underperform
3202,2012-11-06 20:47:52,1352252872.0,hban,6.24,38.14,1428.390015,23.95,14.190000000000001,N/A,9.87,2.11,1.01,22.96,37.11,1.08,10.72,3.03,6980000000.0,6980000000.0,10.02,1.65,2.67,N/A,2.67,N/A,N/A,568880000.0,0.66,17.00,5.30,1490000000.0,1.74,3020000000.0,N/A,6.34,882750000.0,0.97,0.69,71.20,13170000.0,1.60,1.50,13380000.0,outperform
3203,2008-01-26 07:39:34,1201351174.0,hban,9.89,-70.98,1338.599976,-38.18,-32.800000000000004,N/A,47.34,3.32,0.71,5.63,5.08,N/A,1.62,4.435,4300000000.0,10180000000.0,N/A,1.53,7.63,N/A,7.63,1990000000.0,N/A,75170000.0,0.25,N/A,89.20,2960000000.0,8.075,8840000000.0,N/A,17.08,N/A,0.85,1.15,41.20,17520000.0,3.9,7.60,16329999.999999998,underperform
3204,2006-08-29 23:43:07,1156909387.0,hban,18.39,-24.52,1304.280029,12.23,-36.75,N/A,13.24,3.70,1.93,27.65,47.18,1.23,15.27,6.621,5670000000.0,11660000000.0,N/A,1.89,7.58,N/A,7.58,1840000000.0,N/A,425210000.0,1.81,4.90,6.30,1390000000.0,5.863,7370000000.0,N/A,12.383,679740000.0,0.45,2.17,42.90,5390000.0,2.30,2.30,10880000.0,underperform
3205,2011-11-04 15:14:16,1320434056.0,hban,4.86,25.1,1253.22998,12.68,12.420000000000002,N/A,10.24,1.88,0.91,22.06,35.64,1.00,9.82,2.92,7400000000.0,7400000000.0,8.54,0.74,3.03,N/A,3.03,N/A,N/A,431790000.0,0.51,42.00,11.40,2380000000.0,2.76,5200000000.0,N/A,5.83,7400000000.0,2.54,0.63,70.70,13510000.0,0.90,1.80,14490000.0,outperform
3206,2005-01-31 17:58:59,1107212339.0,hban,16.71,4.61,1181.27002,8.36,-3.749999999999999,N/A,13.29,3.98,2.13,30.31,N/A,1.29,17.10,5.68,5290000000.0,11830000000.0,11.85,1.59,8.94,N/A,8.94,2089999999.9999998,N/A,401050000.0,1.721,15.00,9.90,1050000000.0,4.56,7620000000.0,N/A,10.693,1080000000.0,0.475,8.40,41.07,3980000.0,4.379,1.88,4080000.0,underperform
3207,2004-12-01 03:49:32,1101890972.0,hban,17.71,2.6,1191.369995,6.15,-3.5500000000000003,N/A,14.10,4.24,2.27,30.31,N/A,1.29,17.10,5.679,5610000000.0,12170000000.0,13.04,1.74,9.20,N/A,9.20,2089999999.9999998,N/A,401050000.0,1.721,15.00,9.90,1050000000.0,4.56,7620000000.0,N/A,10.693,1080000000.0,0.388,7.58,41.14,4760000.0,5.214,2.23,5070000.0,underperform
3208,2013-05-10 18:16:27,1368224187.0,hban,7.2,25.0,1633.699951,14.97,10.03,N/A,10.52,2.32,1.14,23.82,36.97,1.14,11.20,3.15,7290000000.0,7290000000.0,10.67,1.91,2.72,N/A,2.72,N/A,N/A,607620000.0,0.71,1.00,2.00,1410000000.0,1.68,2470000000.0,N/A,6.53,936770000.0,1.23,0.70,71.10,11270000.0,1.20,1.30,12630000.0,outperform
3209,2009-04-30 11:37:14,1241105834.0,hban,2.52,144.44,872.8099980000001,35.96,108.47999999999999,N/A,N/A,0.91,0.20,9.63,12.43,0.21,1.73,3.226,7980000000.0,7980000000.0,N/A,N/A,6.76,N/A,6.76,2770000000.0,N/A,160210000.0,0.44,N/A,N/A,1230000000.0,3.348,8130000000.000001,N/A,14.614,1240000000.0,1.21,9.69,56.30,47490000.0,3.1,13.20,51610000.0,outperform
3210,2005-04-12 06:57:25,1113303445.0,hban,17.55,1.99,1187.76001,8.45,-6.459999999999999,N/A,13.84,4.08,2.16,29.61,N/A,1.27,16.59,5.761,5490000000.0,12150000000.0,12.23,1.66,9.01,N/A,9.01,1910000000.0,N/A,398930000.0,1.71,7.10,8.80,877320000.0,3.77,7530000000.0,N/A,10.957,528220000.0,0.419,8.24,42.57,4170000.0,5.707,1.95,4179999.9999999995,underperform
3211,2011-09-27 07:20:35,1317122435.0,hban,4.58,41.27,1175.380005,21.95,19.320000000000004,N/A,10.83,1.79,0.88,20.68,36.34,0.95,9.28,3.00,8310000000.000001,8310000000.000001,7.66,0.63,3.46,N/A,3.46,N/A,N/A,367550000.0,0.46,199.20,31.00,1580000000.0,1.83,5590000000.0,N/A,5.66,8310000000.000001,1.76,0.63,70.70,9650000.0,0.50,N/A,9890000.0,outperform
3212,2008-06-20 00:12:51,1213935171.0,hban,5.78,-35.81,1317.930054,-30.9,-4.910000000000004,N/A,16.21,1.36,0.34,7.16,15.05,0.23,2.38,4.458,1880000000.0,9100000000.0,N/A,0.92,6.12,N/A,6.12,2420000000.0,N/A,106510000.0,0.32,32.70,41.10,3780000000.0,10.326,10860000000.0,N/A,16.128,529169999.99999994,0.84,1.16,57.20,52980000.0,7.6,14.70,50210000.0,underperform
3213,2013-02-06 13:27:36,1360175256.0,cost,100.02,13.24,1512.119995,17.28,-4.040000000000001,10.75,25.12,0.44,3.54,1.78,2.82,6.23,14.72,233.55,40810000000.0,40810000000.0,20.58,1.75,0.40,10.82,0.40,12310000000.0,10.82,1800000000.0,4.11,30.00,9.60,5580000000.0,12.80,1380000000.0,1.09,29.13,3500000000.0,0.45,0.91,77.80,7460000.0,3.20,1.70,7220000.0,underperform
3214,2012-09-18 10:06:30,1347977190.0,cost,93.13,25.96,1459.319946,18.24,7.720000000000002,10.42,28.55,0.46,3.52,1.66,2.70,5.86,12.79,218.71,39600000000.0,39600000000.0,23.13,2.08,0.42,11.45,0.42,11180000000.0,11.45,1580000000.0,3.58,19.10,8.20,5980000000.0,13.82,1370000000.0,1.18,29.05,3270000000.0,0.49,0.88,78.10,4840000.0,3.60,1.10,5240000.0,outperform
3215,2012-10-11 01:45:25,1349934325.0,cost,89.78,27.65,1432.839966,18.87,8.779999999999998,10.42,28.35,0.45,3.43,1.66,2.70,5.86,12.79,218.71,38480000000.0,38480000000.0,22.82,2.00,0.41,11.12,0.41,11180000000.0,11.12,1580000000.0,3.58,19.10,8.20,5980000000.0,13.82,1370000000.0,1.18,29.05,3270000000.0,0.46,0.91,77.80,5140000.0,3.60,1.20,4840000.0,outperform
3216,2004-11-30 06:23:56,1101813836.0,cost,40.67,3.79,1173.819946,6.45,-2.66,0.173,26.70,0.48,3.01,1.83,2.88,6.17,12.50,99.732,23190000000.0,21480000000.0,20.77,1.91,0.45,11.76,0.45,6010000000.0,11.76,882390000.0,1.851,3.00,9.80,3130000000.0,6.67,1320000000.0,1.178,16.481001,2100000000.0,0.788,2.17,77.62,14360000.0,3.745,3.13,15290000.0,underperform
3217,2012-09-23 12:54:54,1348419294.0,cost,93.72,24.04,1460.26001,16.54,7.5,10.42,28.58,0.47,3.53,1.66,2.70,5.86,12.79,218.71,39650000000.0,39650000000.0,23.11,2.08,0.42,11.46,0.42,11180000000.0,11.46,1580000000.0,3.58,19.10,8.20,5980000000.0,13.82,1370000000.0,1.18,29.05,3270000000.0,0.49,0.88,78.10,4840000.0,3.60,1.10,5240000.0,outperform
3218,2011-09-03 05:29:06,1315042146.0,cost,70.87,27.02,1218.890015,14.82,12.2,17.13,24.54,0.41,2.91,1.67,2.79,5.82,12.58,194.61,30330000000.0,30330000000.0,20.51,1.88,0.36,9.48,0.36,9950000000.0,9.48,1420000000.0,3.20,5.90,16.00,6220000000.0,14.20,2150000000.0,1.13,27.33,30330000000.0,0.77,0.89,80.60,6190000.0,2.00,1.60,4690000.0,outperform
3219,2007-02-24 05:03:55,1172311435.0,cost,49.75,12.74,1457.630005,-7.9,20.64,0.064,24.27,0.43,2.95,1.83,2.71,6.32,12.47,131.622,25990000000.0,24230000000.0,N/A,1.69,0.40,10.366,0.40,7410000000.0,10.366,1120000000.0,2.37,9.80,9.40,2610000000.0,5.779,570860000.0,0.991,19.702,2100000000.0,0.96,1.14,61.10,8630000.0,2.5,1.90,10050000.0,outperform
3220,2003-10-26 19:37:19,1067215039.0,cost,28.3,35.72,1033.77002,5.9,29.82,0.221,22.01,0.37,2.47,1.70,2.83,5.91,12.08,89.284,15410000000.0,15510000000.0,18.21,1.76,0.36,10.06,0.36,4780000000.0,10.06,721000000.0,1.532,16.30,11.40,1290000000.0,2.82,1390000000.0,1.102,13.76,N/A,0.954,2.14,77.00,10430000.0,1.655,2.33,10620000.0,outperform
3221,2007-04-13 11:17:16,1176477436.0,cost,46.32,23.06,1452.849976,-6.77,29.83,0.072,23.85,0.39,2.80,1.73,2.55,6.25,12.07,135.401,24420000000.0,22820000000.0,N/A,1.58,0.37,9.938,0.37,7410000000.0,9.938,1080000000.0,2.29,15.80,7.50,2230000000.0,629140000.0,629140000.0,0.955,19.559,1600000000.0,0.88,1.14,78.50,9270000.0,2.3,2.10,8230000.0,outperform
3222,2012-09-21 14:12:50,1348251170.0,cost,93.46,25.52,1460.150024,18.17,7.349999999999998,10.42,28.66,0.47,3.53,1.66,2.70,5.86,12.79,218.71,39770000000.0,39770000000.0,23.18,2.07,0.42,11.50,0.42,11180000000.0,11.50,1580000000.0,3.58,19.10,8.20,5980000000.0,13.82,1370000000.0,1.18,29.05,3270000000.0,0.49,0.88,78.10,4840000.0,3.60,1.10,5240000.0,outperform
3223,2013-04-22 01:19:53,1366607993.0,cost,103.43,9.13,1562.5,20.29,-11.159999999999998,47.37,23.40,0.44,4.47,1.90,2.86,6.51,17.33,237.74,44800000000.0,44800000000.0,20.72,1.69,0.43,11.57,0.43,12310000000.0,11.57,1960000000.0,4.46,38.80,8.30,5650000000.0,12.95,4870000000.0,1.16,23.17,3340000000.0,0.49,0.84,77.00,5500000.0,2.50,1.30,5520000.0,underperform
3224,2013-05-09 23:28:25,1368156505.0,cost,107.34,6.85,1626.670044,15.48,-8.63,47.37,24.45,0.46,4.73,1.90,2.86,6.51,17.33,237.74,47110000000.0,47110000000.0,21.65,1.77,0.46,12.16,0.46,12310000000.0,12.16,1960000000.0,4.46,38.80,8.30,5650000000.0,12.95,4870000000.0,1.16,23.17,3340000000.0,0.49,0.84,77.00,5480000.0,2.80,1.30,5500000.0,underperform
3225,2012-01-04 01:49:31,1325659771.0,cost,76.08,32.14,1277.300049,14.25,17.89,18.19,25.47,0.40,3.05,1.61,2.69,5.67,12.74,209.34,32590000000.000004,32590000000.000004,19.23,1.62,0.36,9.81,0.36,11180000000.0,9.81,1470000000.0,3.32,2.60,12.40,5920000000.0,13.60,2260000000.0,1.13,27.36,3140000000.0,0.63,0.89,80.60,5490000.0,2.30,1.30,6510000.0,outperform
3226,2012-03-24 22:12:40,1332641560.0,cost,82.25,23.78,1402.890015,10.19,13.590000000000002,17.79,26.30,0.42,3.21,1.62,2.68,5.88,12.68,214.40,35670000000.0,35670000000.0,20.66,1.78,0.38,10.53,0.38,11180000000.0,10.53,1520000000.0,3.43,13.20,10.00,5780000000.0,13.33,2280000000.0,1.16,28.19,3000000000.0,0.49,0.89,78.20,4900000.0,2.20,1.10,4970000.0,outperform
3227,2007-10-12 08:30:27,1192192227.0,cost,58.45,-15.33,1561.800049,-36.94,21.61,0.262,30.12,0.48,3.59,1.67,2.47,5.36,12.03,140.292,30320000000.0,28720000000.0,N/A,1.93,0.45,13.489,0.45,7410000000.0,13.489,1070000000.0000001,2.30,4.90,10.40,3820000000.0,8.725,2220000000.0,1.129,19.266001,2150000000.0,0.56,1.08,80.00,15330000.0,3.2,3.50,15110000.0,outperform
3228,2011-11-04 07:49:34,1320407374.0,cost,75.63,18.84,1253.22998,12.68,6.16,18.44,25.65,0.41,3.06,1.64,2.74,6.03,13.12,203.88,33409999999.999996,33409999999.999996,19.16,1.62,0.38,10.14,0.38,11180000000.0,10.14,1460000000.0,3.30,10.60,16.80,5610000000.0,12.95,2320000000.0,1.14,27.64,33409999999.999996,0.67,0.89,80.60,7810000.0,2.60,2.00,8640000.0,outperform
3229,2012-06-18 04:48:51,1340009331.0,cost,83.79,31.93,1344.780029,22.83,9.100000000000001,10.42,25.53,0.41,3.09,1.66,2.70,5.86,12.79,218.71,34930000000.0,34930000000.0,20.83,1.82,0.37,10.10,0.37,11180000000.0,10.10,1580000000.0,3.58,19.10,8.20,5980000000.0,13.82,1370000000.0,1.18,29.05,3270000000.0,0.50,0.88,78.10,5560000.0,2.10,1.30,3930000.0,outperform
3230,2004-04-27 12:46:02,1083084362.0,cost,31.6,9.97,1138.109985,1.61,8.360000000000001,0.191,23.13,0.39,2.46,1.72,2.72,5.84,11.89,94.31,17480000000.0,16550000000.0,19.34,1.94,0.37,10.03,0.37,5310000000.0,10.03,780170000.0,1.647,3.00,9.80,2290000000.0,4.98,1360000000.0,1.163,15.502,1870000000.0,0.803,2.16,74.95,12610000.0,3.3,2.81,11550000.0,outperform
3231,2009-02-03 14:32:06,1233689526.0,cost,40.13,28.51,838.51001,30.86,-2.349999999999998,0.267,15.62,0.27,2.22,1.76,2.78,6.04,14.58,168.444,19630000000.0,19170000000.0,N/A,1.19,0.26,7.113,0.26,8980000000.0,7.113,1280000000.0,2.90,0.40,3.70,2820000000.0,6.502,2370000000.0,1.059,20.433001,1870000000.0,0.82,1.05,82.10,18490000.0,3.9,4.30,18080000.0,underperform
3232,2007-06-08 15:38:37,1181331517.0,cost,48.03,27.55,1507.670044,-8.65,36.2,0.072,24.48,0.39,2.83,1.73,2.55,6.25,12.07,135.401,25070000000.0,23390000000.0,N/A,1.62,0.38,10.185,0.38,7410000000.0,10.185,1080000000.0,2.29,15.80,7.50,2230000000.0,629140000.0,629140000.0,0.955,19.559,1600000000.0,0.77,1.16,78.90,12600000.0,3.5,2.90,9270000.0,outperform
3233,2011-03-12 10:32:22,1299943942.0,cost,66.52,20.46,1320.02002,3.48,16.98,17.69,23.07,0.39,2.77,1.70,2.81,5.87,12.67,187.66,28450000000.0,28450000000.0,19.04,1.68,0.35,9.14,0.35,9950000000.0,9.14,1400000000.0,3.15,16.40,11.40,5380000000.0,12.32,2140000000.0000002,1.22,26.53,28450000000.0,0.77,0.96,78.70,7450000.0,3.40,1.90,7380000.0,outperform
3234,2006-10-23 13:22:23,1161624143.0,cost,44.84,26.87,1377.02002,10.35,16.520000000000003,N/A,22.50,0.40,2.63,1.83,2.71,N/A,12.18,128.058,24190000000.0,21700000000.0,N/A,1.48,0.36,10.431,0.36,6590000000.0,10.431,1100000000.0,2.30,0.30,19.00,3300000000.0,7.055,599040000.0,N/A,19.665001,N/A,1.07,1.22,79.20,12880000.0,2.4,2.80,12220000.0,outperform
3235,2012-09-21 06:22:10,1348222930.0,cost,93.46,25.52,1460.150024,18.17,7.349999999999998,10.42,28.65,0.46,3.51,1.66,2.70,5.86,12.79,218.71,39770000000.0,39770000000.0,23.17,2.07,0.42,11.50,0.42,11180000000.0,11.50,1580000000.0,3.58,19.10,8.20,5980000000.0,13.82,1370000000.0,1.18,29.05,3270000000.0,0.49,0.88,78.10,4840000.0,3.60,1.10,5240000.0,outperform
3236,2012-10-01 10:39:16,1349102356.0,cost,91.78,23.89,1444.48999,17.34,6.550000000000001,10.42,27.96,0.46,3.45,1.66,2.70,5.86,12.79,218.71,38700000000.0,38700000000.0,22.61,2.00,0.41,11.18,0.41,11180000000.0,11.18,1580000000.0,3.58,19.10,8.20,5980000000.0,13.82,1370000000.0,1.18,29.05,3270000000.0,0.46,0.88,78.10,5140000.0,3.60,1.20,4840000.0,outperform
3237,2013-05-08 20:58:33,1368061113.0,ed,57.77,-3.79,1632.689941,14.88,-18.67,100.78,17.45,1.50,1.55,8.57,18.74,3.54,8.99,41.97,30500000000.0,30500000000.0,16.18,8.30,2.48,9.31,2.48,8300000000.000001,9.31,1050000000.0,3.57,30.70,3.40,132000000.0,0.45,11980000000.0,0.93,40.59,2109999999.9999998,0.09,0.07,44.70,6880000.0,5.10,2.40,7040000.0,underperform
3238,2008-03-24 22:49:42,1206413382.0,ed,29.28,-0.55,1349.880005,-40.28,39.730000000000004,1.023,11.66,0.85,1.22,7.08,14.08,4.19,10.83,49.268,11030000000.0,20180000000.0,N/A,3.82,1.54,8.055,1.54,5900000000.0,8.055,925000000.0,3.48,N/A,N/A,210000000.0,0.772,9280000000.0,0.669,33.365002,1560000000.0,0.64,0.13,51.80,9390000.0,3.50,3.50,8840000.0,outperform
3239,2011-12-17 20:07:44,1324170464.0,ed,51.79,-0.85,1211.819946,17.13,-17.98,91.58,16.10,1.34,1.53,8.34,17.34,3.95,9.71,44.90,27800000000.0,27800000000.0,16.11,4.53,2.12,8.83,2.12,7590000000.0,8.83,1090000000.0,3.71,9.40,2.10,398000000.0,1.36,10680000000.0,1.17,39.11,3570000000.0,0.24,0.09,41.40,10750000.0,6.20,3.70,10700000.0,underperform
3240,2004-11-16 13:23:55,1100629435.0,ed,27.64,4.59,1175.430054,4.75,-0.16000000000000014,0.989,19.90,1.11,1.39,5.53,12.40,2.55,7.97,42.427,10920000000.0,18310000000.0,16.00,8.55,1.85,10.3,1.85,3420000000.0,10.3,534000000.0,2.267,19.80,15.90,70000000.0,0.29,7240000000.0,1.138,32.537998,1560000000.0,0.068,0.54,41.89,9610000.0,14.969,3.99,9170000.0,underperform
3241,2004-09-08 09:04:16,1094648656.0,ed,25.57,18.46,1116.27002,10.34,8.120000000000001,1.018,17.92,1.04,1.33,5.61,12.92,2.68,8.33,43.432,10350000000.0,17149999999.999998,15.25,N/A,1.73,9.38,1.73,3420000000.0,9.38,545000000.0,2.392,19.80,15.90,487000000.0,2.02,7340000000.0,1.085,32.064999,1580000000.0,0.098,0.56,44.64,9270000.0,10.282,3.86,9000000.0,outperform
3242,2005-01-23 18:32:03,1106523123.0,ed,26.81,12.46,1175.410034,7.52,4.940000000000001,0.989,19.14,1.07,1.34,5.53,12.40,2.55,7.97,42.427,10500000000.0,17890000000.0,15.12,8.15,1.81,10.07,1.81,3420000000.0,10.07,534000000.0,2.267,19.80,15.90,70000000.0,0.29,7240000000.0,1.138,32.537998,1560000000.0,0.051,0.54,43.67,6940000.0,8.928,2.88,9640000.0,outperform
3243,2013-03-14 19:56:53,1363305413.0,ed,54.54,-2.99,1563.22998,17.78,-20.770000000000003,95.33,15.23,1.41,1.45,9.34,19.19,3.64,9.68,41.61,28190000000.0,28190000000.0,15.26,7.77,2.31,8.56,2.31,8300000000.000001,8.56,1140000000.0,3.86,8.40,0.40,394000000.0,1.35,11320000000.0,0.88,40.53,2600000000.0,0.10,0.07,44.70,5680000.0,3.50,1.90,5720000.0,underperform
3244,2013-04-23 03:53:16,1366703596.0,ed,57.97,-5.36,1578.780029,18.79,-24.15,95.33,16.16,1.50,1.54,9.34,19.19,3.64,9.68,41.61,29220000000.0,29220000000.0,16.24,8.13,2.40,8.87,2.40,8300000000.000001,8.87,1140000000.0,3.86,8.40,0.40,394000000.0,1.35,11320000000.0,0.88,40.53,2600000000.0,0.08,0.07,44.70,7040000.0,5.20,2.40,6700000.0,underperform
3245,2011-12-29 06:29:02,1325158142.0,ed,55.13,-8.58,1263.02002,11.04,-19.619999999999997,91.58,16.75,1.40,1.60,8.34,17.34,3.95,9.71,44.90,28590000000.0,28590000000.0,16.76,4.73,2.18,9.09,2.18,7590000000.0,9.09,1090000000.0,3.71,9.40,2.10,398000000.0,1.36,10680000000.0,1.17,39.11,3570000000.0,0.24,0.09,41.40,10750000.0,6.20,3.70,10700000.0,underperform
3246,2009-05-31 16:51:27,1243803087.0,ed,27.52,,906.830017,20.13,,N/A,9.06,0.72,1.00,7.99,11.48,3.06,8.44,49.132,19780000000.0,19780000000.0,N/A,5.39,1.47,8.656,1.47,3740000000.0,8.656,802000000.0,3.92,40.20,4.30,651000000.0,2.372,10700000000.0,1.324,35.504002,711000000.0,0.25,0.11,44.30,13240000.0,4.5,4.80,12540000.0,underperform
3247,2012-08-18 15:24:33,1345317873.0,ed,56.89,-4.5,1405.530029,18.2,-22.7,102.60,17.04,1.45,1.56,8.56,18.09,3.70,9.24,42.49,28560000000.0,28560000000.0,16.02,5.52,2.30,9.02,2.30,7940000000.0,9.02,1060000000.0,3.62,29.70,7.40,1380000000.0,4.72,11880000000.0,0.94,39.53,2800000000.0,0.16,0.06,42.30,7320000.0,6.00,2.50,7600000.0,underperform
3248,2007-03-20 20:00:05,1174435205.0,ed,34.2,-14.47,1410.939941,-7.97,-6.500000000000001,1.101,16.89,1.04,1.58,6.07,13.74,4.09,9.64,48.684,12810000000.0,21570000000.0,N/A,5.17,1.78,9.346,1.78,5440000000.0,9.346,738000000.0,2.94,45.70,9.50,94000000.0,0.365,8820000000.0,1.007,31.089001,1350000000.0,0.24,0.02,51.10,12130000.0,10.7,4.70,13400000.0,underperform
3249,2007-04-08 20:02:08,1176076928.0,ed,35.78,-16.1,1443.76001,-4.93,-11.170000000000002,1.131,17.68,1.10,1.67,6.07,13.74,N/A,9.69,48.684,13410000000.0,21510000000.0,N/A,5.20,1.77,9.433,1.77,3290000000.0,9.433,738000000.0,2.94,45.70,9.10,234000000.0,0.911,8970000000.0,N/A,31.089001,N/A,0.27,0.19,51.00,13400000.0,11.8,5.20,9890000.0,underperform
3250,2008-02-20 11:27:16,1203524836.0,ed,30.69,-5.34,1360.030029,-42.73,37.39,1.025,12.16,0.89,1.28,7.15,14.54,4.34,10.91,49.196,11560000000.0,20580000000.0,N/A,3.62,1.59,8.104,1.59,5440000000.0,8.104,923000000.0,3.50,35.10,5.90,192000000.0,0.707,9210000000.0,0.893,33.143002,1640000000.0,0.55,0.13,51.00,6380000.0,2.9,2.40,7020000.0,outperform
3251,2011-09-27 11:47:03,1317138423.0,ed,49.34,10.54,1175.380005,21.95,-11.41,93.23,15.60,1.26,1.48,8.04,16.86,3.95,9.61,45.54,26830000000.0,26830000000.0,15.39,4.50,2.03,8.70,2.03,7590000000.0,8.70,1060000000.0,3.64,9.80,0.80,492000000.0,1.68,10690000000.0,1.30,38.42,26830000000.0,0.21,0.09,41.40,13470000.0,3.60,4.60,13920000.0,underperform
3252,2006-05-27 20:05:32,1148774732.0,ed,28.59,,1258.569946,19.78,,1.109,15.04,0.88,1.46,5.89,12.64,4.03,10.08,49.906,10830000000.0,19030000000.0,N/A,4.80,1.56,8.904,1.56,3290000000.0,8.904,731000000.0,2.929,N/A,18.50,177000000.0,0.72,8160000000.0,1.061,29.958,989000000.0,0.54,0.20,48.50,10520000.0,4.70,4.70,7440000.0,underperform
3253,2012-10-15 22:36:02,1350354962.0,ed,54.3,-3.57,1440.130005,17.91,-21.48,102.60,16.52,1.41,1.51,8.56,18.09,3.70,9.24,42.49,28020000000.0,28020000000.0,15.58,5.28,2.25,8.85,2.25,7940000000.0,8.85,1060000000.0,3.62,29.70,7.40,1380000000.0,4.72,11880000000.0,0.94,39.53,2800000000.0,0.14,0.07,43.50,6540000.0,4.80,2.20,6650000.0,underperform
3254,2007-12-22 00:57:17,1198303037.0,ed,34.53,-14.91,1453.0,-39.07,24.16,1.025,13.89,1.02,1.46,7.15,14.54,4.34,10.91,49.196,13210000000.0,22160000000.0,N/A,3.93,1.72,8.728,1.72,5440000000.0,8.728,923000000.0,3.50,35.10,5.90,192000000.0,0.707,9210000000.0,0.893,33.143002,1640000000.0,0.23,0.12,53.50,13020000.0,6.8,4.80,13050000.0,outperform
3255,2006-06-24 15:46:35,1151178395.0,ed,28.83,10.75,1252.199951,21.56,-10.809999999999999,1.109,14.85,0.88,1.45,5.89,12.64,4.03,10.08,49.906,10690000000.0,18890000000.0,N/A,3.62,1.55,8.838,1.55,3290000000.0,8.838,731000000.0,2.93,N/A,18.50,177000000.0,0.72,8160000000.0,1.061,29.958,989000000.0,0.25,0.20,49.00,10520000.0,4.30,4.30,7440000.0,underperform
3256,2005-10-16 05:37:23,1129455443.0,bax,30.6,24.31,1176.839966,16.33,7.98,1.066,24.99,2.36,5.52,9.41,16.40,7.42,23.96,16.002,23280000000.0,26340000000.0,N/A,1.98,2.67,11.874,2.67,3920000000.0,11.874,913000000.0,1.50,289.40,8.30,1430000000.0,2.294,4490000000.0,1.339,6.773,1890000000.0,N/A,0.12,80.50,5640000.0,3.3,0.90,6240000.0,outperform
3257,2007-03-23 14:26:21,1174674381.0,bax,44.33,11.84,1436.109985,-9.59,21.43,0.447,24.72,3.30,5.46,13.46,17.74,8.72,26.45,15.942,34210000000.0,34520000000.0,N/A,1.60,3.33,13.878,3.33,4740000000.0,13.878,1400000000.0,2.13,N/A,N/A,2490000000.0,3.824,2800000000.0,1.931,9.642,2180000000.0,0.82,0.20,82.50,4850000.0,1.6,0.70,5040000.0,outperform
3258,2003-10-13 04:12:06,1066032726.0,bax,23.64,5.16,1045.349976,7.32,-2.16,1.604,21.67,2.10,5.79,10.10,14.03,6.89,24.26,13.659,17610000000.0,21960000000.0,13.65,1.32,2.62,13.19,2.62,3790000000.0,13.19,846000000.0,1.38,27.10,5.80,608000000.0,1.04,4960000000.0,1.626,5.17,N/A,0.515,1.19,77.57,9480000.0,4.631,1.63,11140000.0,underperform
3259,2009-06-13 01:53:00,1244872380.0,bax,40.57,-9.51,939.150024,15.73,-25.240000000000002,N/A,14.88,2.36,4.77,17.09,21.94,11.27,32.09,19.823,31170000000.0,31170000000.0,N/A,1.08,2.54,9.386,2.54,6130000000.0,9.386,2100000000.0,3.33,20.30,1.80,1700000000.0,2.815,3910000000.0,2.143,10.036,2390000000.0,0.41,0.09,85.60,3310000.0,0.9,0.50,4290000.0,underperform
3260,2009-01-10 12:58:18,1231610298.0,bax,46.58,11.89,906.650024,25.92,-14.030000000000001,0.484,18.00,2.74,4.76,15.73,20.53,10.69,28.81,19.414,33479999999.999996,34710000000.0,N/A,1.31,2.84,11.039,2.84,5520000000.0,11.039,1920000000.0,3.00,19.50,14.60,2190000000.0,3.533,3420000000.0,2.237,11.334,2650000000.0,0.56,0.11,85.30,3390000.0,0.8,0.50,4170000.0,underperform
3261,2012-06-30 15:50:01,1341085801.0,bax,48.87,37.63,1331.849976,21.12,16.51,74.90,13.49,2.03,4.25,16.02,22.61,10.93,32.54,24.80,32210000000.0,32210000000.0,10.87,1.44,2.30,8.36,2.30,7050000000.0,8.36,2240000000.0,3.94,3.20,3.20,2270000000.0,4.13,5220000000.0,1.67,12.13,2860000000.0,0.76,0.13,84.20,5220000.0,1.70,1.10,4640000.0,outperform
3262,2005-09-04 01:13:14,1125810794.0,bax,32.69,,1221.589966,7.32,,1.066,26.38,2.52,5.90,9.41,16.40,7.42,23.96,16.002,24560000000.0,27630000000.0,N/A,2.12,2.80,12.455,2.80,3920000000.0,12.455,913000000.0,1.50,289.40,8.30,1430000000.0,2.294,4490000000.0,1.339,6.773,1890000000.0,N/A,0.12,80.50,6270000.0,3.8,1.00,4790000.0,underperform
3263,2011-12-23 01:38:47,1324622327.0,bax,46.38,36.31,1265.329956,13.47,22.840000000000003,63.28,13.17,2.02,4.01,15.83,23.30,11.35,31.68,24.06,30110000000.0,30110000000.0,10.70,1.15,2.18,7.73,2.18,5960000000.0,7.73,2180000000.0,3.78,9.70,7.90,2340000000.0,4.15,4550000000.0,1.92,12.35,2860000000.0,0.46,0.13,83.00,4420000.0,1.10,0.80,5030000.0,outperform
3264,2005-04-12 22:31:24,1113359484.0,bax,28.58,7.66,1187.76001,8.45,-0.7899999999999991,1.159,56.66,2.25,5.76,4.03,6.37,2.78,10.71,15.412,21660000000.0,24600000000.0,16.89,1.69,2.59,20.38,2.59,3920000000.0,20.38,383000000.0,0.62,55.20,6.80,1110000000.0,1.79,4290000000.0,1.404,5.996,1380000000.0,0.607,0.52,78.93,6370000.0,2.605,1.03,6510000.0,underperform
3265,2004-05-11 20:35:29,1084322129.0,bax,25.41,22.27,1095.449951,6.91,15.36,1.36,21.48,2.13,5.50,9.79,13.61,6.63,27.28,14.995,19370000000.0,23620000000.0,15.43,1.60,2.59,13.07,2.59,3960000000.0,13.07,894000000.0,1.473,13.20,9.90,648000000.0,1.06,4810000000.0,1.648,5.776,1420000000.0,0.52,1.23,79.90,7770000.0,3.42,1.28,6340000.0,outperform
3266,2011-12-30 01:30:48,1325226648.0,bax,45.85,37.45,1257.599976,12.9,24.550000000000004,63.28,13.18,2.02,4.00,15.83,23.30,11.35,31.68,24.06,30050000000.0,30050000000.0,10.73,1.18,2.18,7.71,2.18,5960000000.0,7.71,2180000000.0,3.78,9.70,7.90,2340000000.0,4.15,4550000000.0,1.92,12.35,2860000000.0,0.46,0.13,83.00,4420000.0,1.10,0.80,5030000.0,outperform
3267,2004-12-16 23:06:18,1103256378.0,bax,27.42,16.56,1203.209961,5.33,11.229999999999999,1.245,31.57,2.13,5.45,6.94,9.75,4.80,18.98,15.345,20670000000.0,23860000000.0,17.74,1.94,2.53,15.79,2.53,3950000000.0,15.79,655000000.0,1.062,11.30,9.80,822000000.0,1.33,4590000000.0,1.578,5.985,1300000000.0,0.592,0.19,79.94,6820000.0,3.404,1.11,6920000.0,outperform
3268,2012-04-27 18:48:25,1335566905.0,bax,51.34,29.76,1403.359985,12.5,17.26,76.08,14.03,2.19,4.66,16.02,22.96,N/A,N/A,24.80,32939999999.999996,32939999999.999996,11.26,1.51,2.35,8.44,2.35,7050000000.0,8.44,2240000000.0,3.94,3.20,3.20,2900000000.0,5.18,5200000000.0,N/A,11.74,2860000000.0,0.60,0.13,84.30,4179999.9999999995,1.80,0.80,4250000.0,outperform
3269,2013-05-08 17:56:59,1368050219.0,bax,68.29,8.04,1632.689941,14.88,-6.840000000000002,83.80,17.17,2.61,5.35,16.07,22.93,10.45,32.80,26.03,41250000000.0,41250000000.0,13.70,1.68,2.90,10.34,2.90,7300000000.0,10.34,2290000000.0,4.14,6.10,1.80,2690000000.0,4.96,5870000000.0,1.85,12.83,3050000000.0,0.80,0.16,84.60,5880000.0,2.10,1.10,6430000.0,underperform
3270,2004-02-15 20:43:28,1076895808.0,fl,24.68,7.46,1152.109985,4.69,2.7699999999999996,0.266,20.10,0.77,2.83,3.99,6.12,7.26,15.92,30.692,3620000000.0,3650000000.0,0.00,1.17,0.78,8.01,0.78,1340000000.0,8.01,186000000.0,1.257,66.30,3.00,305000000.0,2.13,336000000.0,2.245,8.84,238000000.0,1.04,0.71,94.84,6430000.0,5.045,4.52,4940000.0,outperform
3271,2010-11-30 13:05:04,1291140304.0,fl,18.62,24.97,1180.550049,5.63,19.34,6.93,22.13,0.60,1.50,2.71,4.36,4.62,6.82,31.83,2510000000.0,2510000000.0,16.01,1.66,0.50,7.79,0.50,1330000000.0,7.79,135000000.0,0.86,N/A,5.40,541000000.0,3.46,137000000.0,3.47,12.66,2510000000.0,1.22,0.91,96.50,9360000.0,3.40,6.10,10160000.0,outperform
3272,2013-02-10 22:02:20,1360551740.0,fl,34.1,11.29,1509.390015,19.24,-7.949999999999999,5.81,14.34,0.87,2.28,6.26,9.66,11.37,17.07,39.41,4530000000.0,4530000000.0,12.31,1.12,0.76,6.54,0.76,1800000000.0,6.54,374000000.0,2.43,60.60,9.30,853000000.0,5.66,133000000.0,3.67,15.19,491000000.0,1.21,0.81,92.20,4550000.0,1.80,3.00,4220000.0,underperform
3273,2006-06-23 17:23:58,1151097838.0,fl,23.81,-13.27,1244.5,21.56,-34.83,0.131,14.36,0.66,1.79,4.70,7.02,7.59,13.30,36.394,3760000000.0,3610000000.0,N/A,0.96,0.64,6.336,0.64,1710000000.0,6.336,263000000.0,1.69,1.70,0.90,370000000.0,2.382,272000000.0,3.21,13.335,259000000.0,1.32,0.91,85.90,2810000.0,2.9,1.80,2780000.0,underperform
3274,2006-07-18 01:33:49,1153200829.0,fl,26.04,-20.78,1236.859985,25.01,-45.790000000000006,0.131,15.61,0.73,1.99,4.70,7.02,7.59,13.30,36.394,4090000000.0,4019999999.9999995,N/A,1.05,0.71,7.058,0.71,1710000000.0,7.058,263000000.0,1.69,1.70,0.90,370000000.0,2.382,272000000.0,3.21,13.335,259000000.0,1.33,0.91,86.10,2870000.0,1.5,1.90,2810000.0,underperform
3275,2006-05-24 04:13:21,1148458401.0,fl,23.75,-12.25,1258.569946,19.78,-32.03,0.161,14.50,0.67,1.88,4.67,7.02,7.58,13.64,36.447,3780000000.0,3550000000.0,N/A,0.98,0.63,6.247,0.63,1710000000.0,6.247,263000000.0,1.68,7.90,1.90,587000000.0,3.775,326000000.0,2.809,13.035,354000000.0,1.84,0.90,83.40,2780000.0,4.2,1.80,2800000.0,underperform
3276,2005-02-12 04:09:34,1108199374.0,fl,26.42,-13.63,1191.98999,6.02,-19.65,0.209,17.65,0.82,2.41,4.60,6.87,8.25,15.91,32.949,4240000000.0,4320000000.0,13.88,0.91,0.84,8.41,0.84,1480000000.0,8.41,237000000.0,1.54,35.30,6.00,249000000.0,1.6,364000000.0,2.453,11.192,193000000.0,1.09,0.84,87.89,2330000.0,3.437,1.51,2370000.0,underperform
3277,2006-08-29 22:31:24,1156905084.0,fl,22.93,-27.87,1304.280029,12.23,-40.1,0.13,15.51,0.65,1.75,4.17,6.54,6.96,11.71,36.54,3610000000.0,3610000000.0,N/A,1.06,0.64,6.628,0.64,1710000000.0,6.628,233000000.0,1.50,68.20,0.10,318000000.0,2.047,272000000.0,2.823,13.431,N/A,1.27,0.91,88.50,5100000.0,1.9,3.30,3460000.0,underperform
3278,2007-01-27 02:19:07,1169882347.0,fl,21.2,-42.26,1440.130005,-6.11,-36.15,0.11,14.41,0.59,1.56,4.13,6.75,7.24,11.43,36.79,3350000000.0,3310000000.0,N/A,1.01,0.59,5.936,0.59,1710000000.0,5.936,233000000.0,1.49,1.50,1.60,263000000.0,1.69,235000000.0,3.252,13.736,210000000.0,0.7,0.90,84.40,3800000.0,1.5,2.50,3010000.0,underperform
3279,2013-05-21 07:50:53,1369137053.0,fl,35.81,31.67,1669.160034,13.11,18.560000000000002,5.60,14.18,0.89,2.31,6.42,10.06,12.12,17.70,40.89,4750000000.0,4750000000.0,11.80,1.18,0.77,6.42,0.77,2029999999.9999998,6.42,397000000.0,2.58,28.40,14.00,928000000.0,6.18,133000000.0,3.72,15.84,416000000.0,1.10,0.69,92.80,1800000.0,0.70,1.20,2180000.0,outperform
3280,2006-08-24 01:47:47,1156398467.0,fl,23.18,-28.43,1296.060059,14.14,-42.57,0.131,14.14,0.67,1.82,4.70,7.02,7.59,13.30,36.394,3700000000.0,3700000000.0,N/A,1.08,0.66,6.491,0.66,1710000000.0,6.491,263000000.0,1.69,1.70,0.90,370000000.0,2.382,272000000.0,3.21,13.335,259000000.0,1.27,0.91,90.30,3460000.0,2.4,2.20,2870000.0,underperform
3281,2005-03-17 18:20:52,1111101652.0,arg,21.69,58.83,1190.209961,9.83,49.0,1.086,21.19,0.82,2.40,3.98,8.64,4.43,12.20,30.044,1880000000.0,2730000000.0,16.98,1.79,1.19,8.95,1.19,986790000.0,8.95,89980000.0,1.18,17.70,6.10,N/A,847830000.0,847830000.0,1.701,10.387,211170000.0,1.016,13.62,75.47,2210000.0,4.367,3.40,2300000.0,outperform
3282,2007-06-11 10:05:02,1181570702.0,arg,37.24,44.39,1509.119995,-9.98,54.370000000000005,1.25,21.74,1.03,2.92,4.82,10.65,7.94,14.90,41.077,3300000000.0,4680000000.0,N/A,1.09,1.46,9.065,1.46,1430000000.0,9.065,154420000.0,1.92,30.70,14.30,25930000.0,0.328,1410000000.0,1.284,14.305,318150000.0,2.36,9.53,76.40,1020000.0,1.40,1.40,N/A,outperform
3283,2003-11-03 14:16:55,1067887015.0,arg,16.64,28.79,1059.02002,6.76,22.03,1.073,19.32,0.78,2.25,4.03,8.96,4.26,12.38,24.594,1410000000.0,2069999999.9999998,15.44,1.35,1.15,8.62,1.15,817290000.0,8.62,72500000.0,0.991,136.90,0.40,N/A,N/A,669820000.0,1.529,8.51,N/A,0.773,19.86,69.00,1710000.0,4.761,2.92,2240000.0,outperform
3284,2008-05-10 09:45:04,1210427104.0,arg,50.79,-23.9,1392.569946,-34.84,10.940000000000005,1.162,23.95,1.26,3.47,5.36,11.79,8.49,16.55,47.006,4840000000.0,6390000000.0,N/A,1.28,1.69,10.216,1.69,1640000000.0,10.216,202870000.0,2.45,74.90,28.00,44530000.0,0.54,1600000000.0,1.249,16.672001,547580000.0,1.43,9.32,76.70,2250000.0,3.00,3.00,2460000.0,outperform
3285,2004-10-20 01:31:34,1098250294.0,arg,20.81,17.2,1103.660034,6.72,10.48,0.922,21.39,0.90,2.46,4.26,8.87,4.56,12.49,26.283,1780000000.0,2460000000.0,15.77,1.52,1.24,9.18,1.24,986790000.0,9.18,83780000.0,1.113,17.70,6.10,N/A,669090000.0,669090000.0,1.464,9.758,221300000.0,0.9,19.96,74.58,2460000.0,9.433,4.12,2580000.0,outperform
3286,2010-02-10 12:28:13,1265822893.0,arg,56.14,5.93,1068.130005,23.76,-17.830000000000002,N/A,24.05,1.30,2.90,5.49,11.15,6.13,13.07,47.406,6620000000.0,6620000000.0,N/A,2.36,1.71,9.973,1.71,2300000000.0,9.973,212700000.0,2.55,25.50,12.70,33560000.0,0.409,1610000000.0,1.626,21.167999,581060000.0,1.3,9.50,78.80,1.30,1.30,1.30,N/A,underperform
3287,2004-05-22 20:07:41,1085270861.0,arg,18.52,13.82,1088.680054,9.41,4.41,1.068,19.96,0.84,2.37,4.23,8.86,4.54,12.66,25.452,1580000000.0,2290000000.0,14.33,1.18,1.21,9.39,1.21,817290000.0,9.39,80190000.0,1.077,136.90,0.40,N/A,712240000.0,712240000.0,1.589,9.129,169530000.0,0.895,19.89,73.49,2110000.0,4.767,3.60,1870000.0,outperform
3288,2004-12-10 07:06:13,1102680373.0,arg,21.69,27.75,1188.0,5.84,21.91,1.08,22.12,0.90,2.52,4.17,8.77,4.57,12.55,27.93,1910000000.0,2710000000.0,16.89,1.66,1.28,9.54,1.28,986790000.0,9.54,87440000.0,1.153,17.70,6.10,N/A,813120000.0,813120000.0,1.599,10.068,241520000.0,1.028,19.87,74.78,2500000.0,8.591,4.16,2820000.0,outperform
3289,2013-04-23 04:48:02,1366706882.0,arg,92.79,14.95,1578.780029,18.79,-3.84,128.28,22.12,1.47,3.99,6.94,12.26,7.07,19.66,64.14,9570000000.0,9570000000.0,17.99,1.71,1.94,10.76,1.94,2570000000.0,10.76,342700000.0,4.35,14.30,4.70,70330000.0,0.93,2360000000.0,1.27,24.00,570410000.0,0.42,9.63,83.60,2480000.0,4.00,3.60,2720000.0,underperform
3290,2004-08-25 20:14:18,1093479258.0,arg,19.0,27.53,1104.959961,9.72,17.810000000000002,0.922,19.72,0.82,2.24,4.26,8.87,4.56,12.49,26.283,1640000000.0,2300000000.0,14.54,1.28,1.16,8.58,1.16,986790000.0,8.58,83780000.0,1.113,17.70,6.10,N/A,669090000.0,669090000.0,1.464,9.758,221300000.0,0.915,19.96,74.75,2750000.0,7.378,4.61,2230000.0,outperform
3291,2013-05-09 12:21:27,1368116487.0,arg,95.43,8.66,1626.670044,15.48,-6.82,169.67,22.68,1.50,4.83,6.88,12.03,6.82,20.74,64.68,9800000000.0,9800000000.0,16.02,1.41,1.98,11.07,1.98,2570000000.0,11.07,340870000.0,4.35,2.70,1.80,86390000.0,1.15,2610000000.0,1.70,20.44,550270000.0,0.42,9.63,83.60,2530000.0,4.50,3.70,2480000.0,underperform
3292,2004-07-23 14:03:28,1090605808.0,arg,19.36,19.01,1086.199951,13.72,5.290000000000001,0.996,20.93,0.89,2.41,4.23,8.85,4.46,12.43,25.374,1670000000.0,2370000000.0,14.99,1.39,1.25,9.27,1.25,986790000.0,9.27,80190000.0,1.074,17.70,6.10,N/A,688840000.0,688840000.0,1.348,9.42,209100000.0,0.894,19.94,73.72,2230000.0,8.011,3.75,2110000.0,outperform
3293,2005-02-24 02:30:29,1109230229.0,arg,21.1,57.87,1200.199951,7.43,50.44,1.086,20.23,0.78,2.30,3.98,8.64,4.43,12.20,30.044,1790000000.0,2640000000.0,16.10,1.67,1.15,8.66,1.15,986790000.0,8.66,89980000.0,1.18,17.70,6.10,N/A,847830000.0,847830000.0,1.701,10.383,211170000.0,1.029,13.61,73.58,2300000.0,7.217,3.54,2290000.0,outperform
3294,2007-04-07 18:52:20,1175986340.0,arg,36.69,16.6,1439.369995,-4.87,21.470000000000002,0.878,23.19,1.05,3.01,4.65,10.46,8.11,14.72,39.967,3270000000.0,4190000000.0000005,N/A,1.32,1.35,8.774,1.35,1430000000.0,8.774,146680000.0,1.79,5.40,12.10,29880000.0,0.38,947340000.0,1.359,13.766,336910000.0,2.55,9.53,74.80,1.9,1.9,1.30,N/A,outperform
3295,2007-02-27 17:00:22,1172613622.0,arg,36.3,22.7,1399.040039,-1.36,24.06,0.878,23.17,1.07,3.06,4.65,10.46,8.11,14.72,39.967,3260000000.0,4219999999.9999995,N/A,1.48,1.36,8.848,1.36,1430000000.0,8.848,146680000.0,1.79,5.40,12.10,29880000.0,0.38,947340000.0,1.359,13.766,336910000.0,2.48,9.65,75.80,0.60,0.60,0.60,N/A,outperform
3296,2005-03-08 16:42:20,1110318140.0,scg,24.81,7.3,1219.430054,4.84,2.46,1.403,16.55,1.11,1.76,6.82,14.70,3.04,10.65,34.791,4290000000.0,8060000000.000001,13.18,3.09,2.08,9.64,2.08,1610000000.0,9.64,257000000.0,2.31,8.90,13.70,N/A,3600000000.0,3600000000.0,0.966,21.806,599000000.0,0.249,10.62,43.76,N/A,2.644,0.69,N/A,outperform
3297,2008-06-16 18:59:03,1213657143.0,scg,29.56,-17.25,1360.140015,-32.95,15.700000000000003,1.279,13.50,0.96,1.53,7.16,14.26,4.30,11.59,41.054,4630000000.0,8410000000.0,N/A,2.46,1.76,8.246,1.76,1770000000.0,8.246,343000000.0,2.939,26.70,12.50,178000000.0,1.526,3870000000.0,0.987,25.903,740000000.0,0.59,9.75,46.80,2970000.0,6.3,2.60,3020000.0,outperform
3298,2005-04-25 00:28:41,1114403321.0,scg,24.91,5.18,1162.099976,12.02,-6.84,1.403,16.47,1.10,1.73,6.82,14.70,3.04,10.65,34.791,4300000000.0,8020000000.0,13.12,3.04,2.06,9.59,2.06,1610000000.0,9.59,257000000.0,2.31,8.90,13.70,N/A,3600000000.0,3600000000.0,0.966,21.806,599000000.0,0.25,0.69,44.40,N/A,2.018,0.60,N/A,underperform
3299,2013-05-23 18:42:15,1369348935.0,scg,48.72,3.02,1650.51001,15.15,-12.13,133.86,15.46,1.67,1.63,10.27,20.87,4.03,10.66,33.15,13440000000.0,13440000000.0,14.91,3.29,3.07,10.10,3.07,1420000000.0,10.10,450000000.0,3.36,24.80,18.40,101000000.0,0.72,5970000000.0,0.94,32.06,847000000.0,0.31,10.67,49.60,1210000.0,1.70,1.00,1430000.0,underperform
3300,2004-12-01 00:26:59,1101878819.0,scg,24.37,8.33,1191.369995,6.15,2.1799999999999997,1.418,13.46,1.10,1.78,8.16,16.30,3.78,13.29,35.694,4300000000.0,7900000000.0,13.59,3.55,1.99,8.7,1.99,1490000000.0,8.7,316000000.0,2.847,N/A,15.60,191000000.0,1.7,3630000000.0,0.946,21.74,667000000.0,0.255,1.01,45.56,N/A,2.484,0.89,1620000.0,outperform
3301,2008-12-31 22:58:48,1230782328.0,scg,27.13,12.27,903.25,23.45,-11.18,1.36,11.95,0.83,1.40,6.71,13.14,4.17,11.62,44.444,4179999999.9999995,8439999999.999999,N/A,2.40,1.63,8.304,1.63,1770000000.0,8.304,348000000.0,2.98,2.20,17.30,122000000.0,1.038,4160000000.0,1.116,26.039,599000000.0,0.63,9.70,46.10,1880000.0,1.6,1.60,2009999.9999999998,underperform
3302,2003-11-15 11:30:03,1068913803.0,scg,20.83,15.99,1058.530029,10.86,5.130000000000001,1.444,13.25,1.13,1.64,8.73,23.51,3.76,12.74,30.161,3770000000.0,7300000000.0,12.93,3.42,2.19,7.16,2.19,1380000000.0,7.16,284000000.0,2.566,126.30,14.40,80000000.0,0.72,3500000000.0,0.652,20.82,N/A,0.123,1.04,41.53,1570000.0,5.634,1.43,1500000.0,outperform
3303,2005-05-28 03:37:05,1117265825.0,scg,26.75,-4.56,1190.01001,6.96,-11.52,1.481,18.23,1.17,1.85,6.40,10.71,3.07,10.47,35.816,4740000000.0,8289999999.999999,14.41,3.31,2.07,9.133,2.07,1610000000.0,9.133,257000000.0,2.29,0.00,11.40,329000000.0,2.899,3760000000.0,1.015,22.388,589000000.0,N/A,0.20,43.70,1110000.0,3.4,1.00,N/A,underperform
3304,2010-09-08 05:06:24,1283936784.0,scg,33.38,3.24,1098.869995,7.92,-4.68,141.20,13.95,1.17,1.45,8.19,16.38,3.74,10.54,35.45,10160000000.0,10160000000.0,12.58,2.58,2.32,9.52,2.32,1190000000.0,9.52,359000000.0,2.90,1.80,6.90,83000000.0,0.66,5000000000.0,0.82,27.99,10160000000.0,0.64,10.38,48.40,2150000.0,2.80,1.70,2360000.0,underperform
3305,2005-01-21 20:19:58,1106356798.0,scg,24.7,8.5,1167.869995,9.42,-0.9199999999999999,1.418,13.54,1.10,1.78,8.16,16.30,3.78,13.29,35.694,4330000000.0,7910000000.0,13.67,3.16,1.99,8.71,1.99,1490000000.0,8.71,316000000.0,2.847,N/A,15.60,191000000.0,1.7,3630000000.0,0.946,21.74,667000000.0,0.265,10.62,45.43,N/A,2.856,0.89,N/A,underperform
3306,2007-02-21 20:21:25,1172107285.0,wec,20.22,-7.37,1457.630005,-7.9,0.5300000000000002,1.482,18.00,1.42,1.96,7.92,14.23,3.51,11.22,34.157,5630000000.0,9950000000.0,N/A,1.87,2.49,10.539,2.49,1990000000.0,10.539,312500000.0,2.672,15.00,3.50,37000000.0,0.316,4280000000.0000005,0.65,24.691999,729800000.0,0.48,0.05,61.80,1050000.0,3.1,0.90,1030000.0,outperform
3307,2004-08-03 22:54:42,1091588082.0,wec,13.11,26.09,1099.689941,13.22,12.87,1.68,16.41,0.99,1.60,6.03,13.99,2.46,10.18,32.636,3810000000.0,7940000000.0,13.38,2.32,2.04,9.1,2.04,2060000000.0,9.1,234700000.0,1.965,46.30,8.50,17800000.0,0.15,4099999999.9999995,1.269,20.402,749400000.0,0.002,0.12,57.20,1410000.0,3.54,1.19,1470000.0,outperform
3308,2012-07-30 21:02:34,1343696554.0,wec,37.99,9.87,1385.300049,21.7,-11.83,127.24,18.20,2.17,2.33,12.13,20.41,4.11,12.82,18.76,14600000000.0,14600000000.0,17.10,2.97,3.36,11.87,3.36,1330000000.0,11.87,514000000.0,2.25,0.70,10.30,18100000.0,0.08,5190000000.0,1.09,17.58,942900000.0,0.24,0.12,68.50,7850000.0,5.20,3.40,7260000.0,underperform
3309,2013-05-09 19:10:09,1368141009.0,wec,40.91,11.27,1626.670044,15.48,-4.210000000000001,122.14,18.18,2.32,2.39,12.72,23.68,4.56,13.25,18.84,15340000000.0,15340000000.0,16.89,3.28,3.54,10.92,3.54,1490000000.0,10.92,550800000.0,2.37,2.60,7.10,24700000.0,0.11,5170000000.0,1.03,18.36,1160000000.0,0.20,0.11,65.10,5130000.0,4.00,2.20,4270000.0,underperform
3310,2013-04-23 04:39:56,1366706396.0,wec,41.54,12.61,1578.780029,18.79,-6.18,126.29,18.55,2.35,2.42,12.87,23.56,4.44,13.39,18.45,15210000000.0,15210000000.0,17.09,3.29,3.58,11.09,3.58,1490000000.0,11.09,546300000.0,2.35,14.80,3.80,35600000.0,0.16,5260000000.0,0.91,18.05,1170000000.0,0.20,0.11,65.10,4270000.0,3.10,1.90,5010000.0,underperform
3311,2007-04-10 04:27:10,1176193630.0,mos,25.13,336.17,1448.390015,-6.48,342.65000000000003,0.686,N/A,2.43,3.47,1.49,5.45,2.40,2.15,12.835,12790000000.0,14900000000.0,N/A,2.30,2.86,21.167,2.86,637400000.0,21.167,83600000.0,0.22,19.80,1.60,268399999.99999997,0.611,2500000000.0,1.319,8.308,410200000.0,1.05,65.03,31.20,9290000.0,3.8,2.10,11410000.0,outperform
3312,2007-02-20 00:46:58,1171950418.0,mos,23.72,339.12,1459.680054,-6.83,345.95,0.686,N/A,2.04,2.92,1.49,5.45,2.40,2.15,12.835,11090000000.0,13330000000.0,N/A,2.48,2.56,18.926,2.56,637400000.0,18.926,83600000.0,0.22,19.80,1.60,268399999.99999997,0.611,2500000000.0,1.319,8.308,410200000.0,1.18,65.09,31.00,11340000.0,8.2,2.60,11680000.0,outperform
3313,2009-02-16 19:53:46,1234832026.0,mos,,,826.840027,32.42,,N/A,5.43,1.48,2.44,27.26,31.42,22.98,54.10,29.157,19060000000.0,17660000000.0,N/A,2.06,1.36,3.959,1.36,3160000000.0,3.959,3530000000.0,7.90,143.60,36.90,2810000000.0,6.327,1410000000.0,3.451,17.672001,2510000000.0,2.03,64.39,29.20,6770000.0,1.50,1.50,6490000.0,underperform
3314,2011-08-19 09:43:51,1313761431.0,mos,59.74,-6.63,1123.530029,25.1,-31.73,7.14,11.40,2.88,2.46,25.30,26.80,11.68,24.63,22.28,25540000000.0,25540000000.0,N/A,N/A,2.57,8.13,2.57,3120000000.0,8.13,2510000000.0,5.62,63.90,53.80,3910000000.0,8.75,832900000.0,3.47,26.07,25540000000.0,1.35,64.16,28.90,6440000.0,0.90,4.00,4780000.0,underperform
3315,2012-01-12 02:31:59,1326353519.0,mos,51.8,10.79,1295.5,13.63,-2.8400000000000016,13.70,10.50,2.09,2.06,20.95,27.94,13.01,21.67,25.07,21260000000.0,21260000000.0,N/A,N/A,1.90,5.86,1.90,3120000000.0,5.86,2340000000.0,5.24,39.20,12.70,3630000000.0,8.53,1550000000.0,3.03,26.56,2410000000.0,0.88,6.66,83.40,4960000.0,0.80,3.10,4910000.0,underperform
3316,2008-12-17 17:00:04,1229551204.0,mos,34.01,55.31,904.419983,21.19,34.120000000000005,0.194,5.59,1.32,2.08,24.42,32.35,21.97,48.49,27.362,16469999999.999998,15280000000.0,N/A,1.32,1.26,3.54,1.26,3160000000.0,3.54,2960000000.0,6.64,287.80,115.80,2190000000.0,4.929,1490000000.0,2.34,17.26,2670000000.0,2.15,64.41,29.60,4880000.0,0.4,1.10,4860000.0,outperform
3317,2005-03-12 17:50:03,1110667803.0,mos,15.4,-10.65,1207.01001,5.4,-16.05,0.793,86.86,1.25,2.05,0.59,4.37,0.38,2.37,11.524,6370000000.0,8710000000.0,N/A,N/A,1.70,38.96,1.70,N/A,38.96,73800000.0,0.19,N/A,N/A,126800000.0,0.34,2460000000.0,1.42,8.241,N/A,N/A,70.01,29.40,8810000.0,13.43,7.77,7880000.0,underperform
3318,2013-04-22 02:34:15,1366612455.0,mos,56.24,-14.17,1562.5,20.29,-34.46,8.16,12.86,2.42,1.86,18.91,23.23,8.82,15.32,23.74,22240000000.0,22240000000.0,N/A,N/A,2.20,7.51,2.20,3080000000.0,7.51,1910000000.0,4.47,26.10,2.30,3320000000.0,7.80,1070000000.0000001,4.13,30.83,2260000000.0,1.57,0.14,84.70,5960000.0,1.80,1.90,7010000.0,underperform
3319,2008-11-02 19:26:30,1225671990.0,mos,34.55,26.05,954.090027,9.31,16.740000000000002,0.194,5.94,1.38,2.19,24.42,32.35,21.97,48.49,27.362,17510000000.0,16809999999.999998,N/A,0.40,1.39,3.895,1.39,3160000000.0,3.895,2960000000.0,6.64,287.80,115.80,2190000000.0,4.929,1490000000.0,2.34,17.26,2670000000.0,1.95,64.40,29.10,2840000.0,0.1,0.60,2580000.0,outperform
3320,2007-07-01 06:22:11,1183285331.0,mos,35.56,271.68,1505.709961,-14.99,286.67,0.707,650.33,3.16,4.71,0.67,6.69,3.00,1.00,12.918,17180000000.0,19300000000.0,N/A,5.62,3.56,24.416,3.56,637400000.0,24.416,32799999.999999996,0.06,N/A,19.10,459700000.0,1.044,2570000000.0,1.558,8.259,628100000.0,1.18,65.03,29.30,6690000.0,1.50,1.50,6920000.0,outperform
3321,2011-10-19 11:36:30,1319038590.0,mos,50.67,3.2,1209.880005,20.45,-17.25,6.74,9.07,2.29,2.03,25.32,27.53,12.75,25.74,24.27,21570000000.0,21570000000.0,N/A,N/A,1.99,6.20,1.99,3120000000.0,6.20,2740000000.0,6.12,76.70,40.90,4040000000.0,9.04,825100000.0,3.79,27.36,21570000000.0,1.27,64.16,28.90,6630000.0,0.70,4.10,6460000.0,underperform
3322,2009-05-29 19:50:16,1243641016.0,mos,50.17,-17.16,919.1400150000001,16.19,-33.35,N/A,7.89,2.01,3.15,25.19,28.46,19.35,45.05,27.405,23380000000.0,23380000000.0,N/A,1.20,1.92,6.05,1.92,3160000000.0,6.05,3070000000.0,6.87,88.70,35.90,2530000000.0,5.691,1390000000.0,4.248,17.495001,1970000000.0,1.18,64.39,26.60,5140000.0,0.9,1.20,5950000.0,underperform
3323,2007-10-11 21:02:34,1192150954.0,mos,54.1,-38.52,1554.410034,-42.15,3.6299999999999955,0.564,62.15,4.46,6.14,7.27,10.64,4.29,10.88,13.294,26140000000.0,27670000000.0,N/A,2.21,4.79,27.329,4.79,926100000.0,27.329,419700000.0,0.95,N/A,26.50,420600000.0,0.953,2360000000.0,1.2,9.491,707900000.0,1.55,64.79,28.60,5380000.0,2.5,1.20,4480000.0,outperform
3324,2008-10-29 01:19:19,1225257559.0,mos,30.75,46.15,930.090027,14.62,31.53,0.194,4.52,0.97,1.54,24.42,32.35,21.97,48.49,27.362,13320000000.0,11070000000.0,N/A,0.27,0.91,2.566,0.91,3160000000.0,2.566,2960000000.0,6.638,287.80,115.80,2190000000.0,4.929,1490000000.0,2.34,17.26,2670000000.0,1.4,64.40,29.10,2580000.0,0.3,0.60,3080000.0,outperform
3325,2007-07-02 12:31:55,1183393915.0,mos,36.33,255.27,1519.430054,-15.43,270.7,0.707,650.33,3.17,4.72,0.67,6.69,3.00,1.00,12.918,17180000000.0,19300000000.0,N/A,5.62,3.56,24.416,3.56,637400000.0,24.416,32799999.999999996,0.06,N/A,19.10,459700000.0,1.044,2570000000.0,1.558,8.259,628100000.0,1.18,65.03,29.30,6690000.0,1.50,1.50,6920000.0,outperform
3326,2013-05-16 21:47:49,1368755269.0,mos,59.18,-18.0,1650.469971,13.78,-31.78,8.16,13.67,2.59,1.99,18.91,23.23,8.82,15.32,23.74,24690000000.0,24690000000.0,N/A,N/A,2.44,8.34,2.44,3080000000.0,8.34,1910000000.0,4.47,26.10,2.30,3320000000.0,7.80,1070000000.0000001,4.13,30.83,2260000000.0,1.59,0.14,84.70,6060000.0,2.30,2.00,6120000.0,underperform
3327,2012-06-14 21:26:00,1339723560.0,mos,45.3,23.69,1329.099976,22.39,1.3000000000000007,9.24,10.14,1.81,1.71,18.59,24.16,10.99,18.12,25.31,18100000000.0,18100000000.0,N/A,N/A,1.62,5.63,1.62,3120000000.0,5.63,2069999999.9999998,4.70,49.60,1.10,3200000000.0,7.53,1090000000.0,3.67,27.76,2450000000.0,1.63,0.17,78.80,8780000.0,2.50,3.20,7710000.0,outperform
3328,2008-06-20 22:25:35,1214015135.0,mos,139.49,-69.59,1317.930054,-30.9,-38.690000000000005,0.283,47.73,8.36,11.50,17.72,24.83,12.90,30.04,18.176,67750000000.0,67620000000.00001,N/A,4.01,8.42,28.053,8.42,926100000.0,28.053,1420000000.0,3.20,1134.10,67.90,1130000000.0,2.557,1650000000.0,1.749,13.155,1760000000.0,1.09,64.47,29.80,2650000.0,0.5,0.60,3290000.0,underperform
3329,2005-04-03 23:26:03,1112585163.0,mos,15.58,-16.17,1180.589966,9.93,-26.1,0.793,69.82,1.26,2.07,0.59,4.37,0.38,2.37,9.71,5990000000.0,8330000000.0,N/A,N/A,1.63,37.27,1.63,N/A,37.27,73800000.0,0.23,N/A,N/A,126800000.0,0.34,2460000000.0,1.42,8.241,N/A,N/A,70.01,29.32,9570000.0,11.966,8.44,8810000.0,underperform
3330,2006-09-09 01:17:48,1157779068.0,wm,25.79,12.87,1300.26001,13.71,-0.8400000000000016,N/A,11.83,2.87,1.53,24.83,51.06,1.02,14.20,14.699,40160000000.0,130789999999.99998,N/A,1.09,9.45,N/A,9.45,17940000000.0,N/A,3440000000.0,3.54,9.10,6.40,18230000000.0,19.041,109310000000.0,N/A,27.138,21410000000.0,0.47,0.30,81.40,15860000.0,4.2,1.70,17190000.0,underperform
3331,2004-06-21 20:39:50,1087864790.0,wm,20.79,0.0,1130.300049,7.37,-7.37,N/A,10.84,3.04,1.74,29.71,63.13,1.23,16.97,12.791,35440000000.0,65940000000.0,9.10,0.88,5.66,N/A,5.66,19120000000.0,N/A,3460000000.0,3.754,0.40,14.40,6040000000.0,6.94,36500000000.0,N/A,23.457001,11760000000.0,0.321,2.00,73.51,25400000.0,6.242,2.98,25240000.0,underperform
3332,2013-05-09 18:29:11,1368138551.0,wm,39.23,10.15,1626.670044,15.48,-5.33,149.63,23.55,1.42,3.03,5.95,14.68,5.50,12.93,29.47,32340000000.000004,32340000000.000004,17.25,2.55,2.36,9.76,2.36,4770000000.0,9.76,814000000.0,1.75,1.80,1.20,307000000.0,0.66,10050000000.0,0.78,13.71,2400000000.0,0.65,5.42,79.80,18350000.0,7.80,3.90,18250000.0,underperform
3333,2006-01-07 18:57:18,1136678238.0,wm,22.29,23.82,1273.459961,11.38,12.44,N/A,12.43,2.84,1.74,20.92,61.25,1.04,14.90,17.882,44480000000.0,144140000000.0,N/A,1.18,9.32,N/A,9.32,16920000000.000002,N/A,3240000000.0,3.65,21.80,4.60,15470000000.0,15.773,115140000000.0,N/A,25.746,19470000000.0,N/A,0.41,75.40,37070000.0,9.6,3.80,39830000.0,outperform
3334,2006-08-18 22:29:08,1155954548.0,wm,25.62,5.35,1302.300049,8.02,-2.67,N/A,12.42,3.02,1.61,24.62,51.51,1.02,14.21,14.83,42410000000.0,133389999999.99998,N/A,1.15,9.55,N/A,9.55,17940000000.0,N/A,3450000000.0,3.55,9.10,6.40,18230000000.0,19.041,109310000000.0,N/A,27.488001,21410000000.0,0.52,0.30,76.90,17190000.0,1.80,1.80,17640000.0,underperform
3335,2009-09-19 02:05:58,1253340358.0,wm,24.94,18.89,1068.76001,5.23,13.66,N/A,16.33,1.19,2.44,7.50,16.72,6.45,15.78,25.219,25900000000.0,25900000000.0,N/A,1.39,2.09,7.879,2.09,4920000000.0,7.879,930000000.0,1.88,22.30,15.40,528000000.0,1.072,8240000000.0,1.081,12.328,2510000000.0,0.51,6.79,82.60,32380000.000000004,14.4,5.10,32439999.999999996,outperform
3336,2011-09-25 08:15:51,1316952951.0,wm,26.16,15.02,1129.560059,28.98,-13.96,136.78,15.47,1.08,2.20,7.37,16.01,5.94,15.32,26.99,26620000000.0,26620000000.0,12.63,1.37,2.07,8.13,2.07,4690000000.0,8.13,948000000.0,1.99,3.70,6.00,371000000.0,0.79,9060000000.0,1.03,13.32,26620000000.0,0.60,9.04,79.70,35830000.0,4.10,8.90,33800000.0,underperform
3337,2003-11-10 22:26:00,1068521160.0,wm,18.66,13.88,1047.109985,11.17,2.710000000000001,N/A,10.62,3.23,2.04,31.15,57.42,1.46,19.68,13.923,42090000000.0,75060000000.0,9.62,0.85,5.79,N/A,5.79,22200000000.0,N/A,4040000000.0,4.339,25.10,38.40,5810000000.0,6.36,39030000000.0,N/A,22.46,N/A,0.36,2.00,79.32,24440000.0,5.11,2.73,24770000.0,outperform
3338,2007-05-27 13:25:58,1180286758.0,wm,,,1507.51001,-8.73,,N/A,12.29,2.79,1.60,24.53,50.87,0.87,11.60,14.818,38170000000.0,94100000000.0,N/A,1.16,6.88,N/A,6.88,20190000000.0,N/A,2910000000.0,3.52,20.40,4.30,17620000000.0,19.964,73050000000.0,N/A,27.120001,1140000000.0,0.46,0.28,86.30,40420000.0,4.1,4.60,29770000.0,underperform
3339,2007-03-15 18:07:04,1173996424.0,wm,25.56,-0.67,1392.280029,-7.48,6.8100000000000005,N/A,11.09,2.55,1.42,25.71,51.08,0.90,11.48,14.591,35660000000.0,114510000000.0,N/A,0.97,8.28,N/A,8.28,20190000000.0,N/A,3110000000.0,3.64,22.30,8.50,15130000000.0,17.128,93880000000.0,N/A,28.033001,7270000000.0,0.6,0.27,79.90,24680000.0,5.1,2.80,27750000.0,outperform
3340,2008-01-23 14:07:48,1201115268.0,wm,23.66,10.27,1338.599976,-38.18,48.45,N/A,N/A,1.16,0.61,0.60,23.36,0.02,0.26,12.861,12840000000.0,108080000000.0,N/A,N/A,9.73,N/A,9.73,20190000000.0,N/A,98000000.0,0.11,N/A,42.10,14210000000.0,16.346,108960000000.0,N/A,24.386,N/A,1.55,0.24,85.40,92410000.0,2.1,10.70,91080000.0,outperform
3341,2013-04-23 04:13:46,1366704826.0,wm,36.76,12.38,1578.780029,18.79,-6.409999999999998,149.18,21.89,1.32,2.83,5.99,14.66,5.48,13.17,29.44,31160000000.0,31160000000.0,16.26,3.38,2.28,9.45,2.28,4770000000.0,9.45,817000000.0,1.76,15.80,0.80,194000000.0,0.42,9960000000.0,0.80,13.69,2300000000.0,0.65,5.42,79.80,18250000.0,7.60,3.90,19350000.0,underperform
3342,2007-04-27 18:15:13,1177712113.0,wm,28.98,-4.76,1494.069946,-7.64,2.88,N/A,12.06,2.75,1.55,24.77,50.38,0.87,11.60,14.673,37450000000.0,93200000000.0,N/A,1.10,6.88,N/A,6.88,20190000000.0,N/A,2910000000.0,3.52,20.40,6.60,17620000000.0,19.97,73050000000.0,N/A,27.305,N/A,0.53,0.28,85.50,29770000.0,4.4,3.40,24680000.0,outperform
3343,2007-10-22 09:03:04,1193058184.0,wm,29.23,-16.93,1506.329956,-36.6,19.67,N/A,7.95,1.84,1.07,24.97,36.91,0.90,11.89,15.145,25150000000.0,87150000000.0,N/A,1.24,6.36,N/A,6.36,20190000000.0,N/A,2970000000.0,3.66,8.20,0.20,12970000000.0,14.999,74470000000.0,N/A,27.084,1960000000.0,0.8,0.39,91.20,46040000.0,3.7,5.30,44010000.0,outperform
3344,2012-07-06 10:23:33,1341584613.0,wm,30.38,26.73,1354.680054,19.25,7.48,152.58,16.44,1.13,2.50,6.97,15.18,5.83,15.19,29.10,28490000000.0,28490000000.0,13.42,1.51,2.10,8.62,2.10,4840000000.0,8.62,946000000.0,2.02,8.10,6.20,189000000.0,0.41,9890000000.0,0.75,13.31,2340000000.0,0.67,5.04,79.90,29350000.0,7.40,6.40,28600000.0,outperform
3345,2007-02-24 04:24:32,1172309072.0,wm,26.44,-2.08,1457.630005,-7.9,5.82,N/A,12.05,3.09,1.57,26.01,49.77,0.90,11.48,14.427,41440000000.0,121480000000.0,N/A,1.09,8.88,N/A,8.88,17940000000.0,N/A,3110000000.0,3.64,22.20,14.10,15130000000.0,16.014,93880000000.0,N/A,28.554001,N/A,0.57,0.26,73.50,27750000.0,9.5,2.90,24080000.0,outperform
3346,2005-02-22 05:31:12,1109068272.0,wm,21.08,19.21,1184.160034,9.16,10.05,N/A,14.71,3.21,1.71,21.84,60.86,0.87,12.09,12.839,36060000000.0,70100000000.0,10.52,1.18,6.18,N/A,6.18,19120000000.0,N/A,2480000000.0,2.81,0.40,14.40,4460000000.0,5.1,38490000000.0,N/A,24.278999,5050000000.0,0.325,1.00,69.82,19780000.0,8.268,2.29,21020000.0,outperform
3347,2007-01-11 22:35:40,1168572940.0,wm,27.96,-13.41,1423.819946,-1.6,-11.81,N/A,13.21,2.98,1.64,23.77,52.30,0.99,13.74,14.738,42200000000.0,125630000000.0,N/A,1.33,8.87,N/A,8.87,17940000000.0,N/A,3370000000.0,3.40,8.90,6.00,17140000000.0,18.251,100080000000.0,N/A,27.474001,25850000000.0,0.65,0.30,73.60,24080000.0,7.5,2.60,23130000.0,underperform
3348,2007-06-30 20:48:23,1183250903.0,wm,29.7,-0.91,1506.339966,-14.82,13.91,N/A,12.11,2.80,1.60,24.53,50.87,0.87,11.60,14.818,37630000000.0,93550000000.0,N/A,1.06,6.84,N/A,6.84,20190000000.0,N/A,2910000000.0,3.52,20.40,4.30,17620000000.0,19.964,73050000000.0,N/A,27.120001,1140000000.0,0.48,0.28,87.90,39990000.0,8.1,4.50,37910000.0,outperform
3349,2013-03-31 19:15:24,1364771724.0,wm,37.24,11.14,1569.189941,19.32,-8.18,149.18,22.28,1.32,2.82,5.99,14.66,5.48,13.17,29.44,31400000000.0,31400000000.0,16.54,3.44,2.30,9.52,2.30,4770000000.0,9.52,817000000.0,1.76,15.80,0.80,194000000.0,0.42,9960000000.0,0.80,13.69,2300000000.0,0.65,5.42,79.80,19350000.0,8.10,N/A,17160000.0,underperform
3350,2007-06-03 03:47:39,1180856859.0,wm,29.58,0.51,1530.619995,-9.47,9.98,N/A,12.59,2.82,1.61,24.53,50.87,0.87,11.60,14.818,39090000000.0,95020000000.0,N/A,1.19,6.94,N/A,6.94,20190000000.0,N/A,2910000000.0,3.52,20.40,4.30,17620000000.0,19.964,73050000000.0,N/A,27.120001,1140000000.0,0.48,0.28,86.30,37910000.0,4.9,4.30,40420000.0,outperform
3351,2005-04-11 15:22:58,1113247378.0,wm,21.47,24.31,1181.209961,8.92,15.389999999999999,N/A,13.98,3.03,1.61,21.84,60.86,0.87,12.09,12.839,34470000000.0,68410000000.0,10.05,1.12,6.03,N/A,6.03,16920000000.000002,N/A,2480000000.0,2.81,25.80,10.90,4460000000.0,5.07,38490000000.0,N/A,24.278999,19700000000.0,0.194,1.00,72.57,22050000.0,6.497,2.53,19240000.0,outperform
3352,2004-10-15 12:55:10,1097859310.0,wm,18.91,5.39,1108.199951,6.27,-0.8799999999999999,N/A,12.01,3.05,1.69,26.24,63.77,1.05,14.50,12.546,34380000000.0,59420000000.0,10.68,1.25,5.27,N/A,5.27,19120000000.0,N/A,2960000000.0,3.28,0.40,14.40,5130000000.0,5.88,30170000000.0,N/A,23.351999,11600000000.0,0.312,2.00,72.78,23440000.0,10.746,2.74,25010000.0,underperform
3353,2007-05-28 01:04:18,1180328658.0,wm,,,1515.72998,-8.6,,N/A,12.29,2.79,1.60,24.77,50.38,0.87,11.60,14.673,38170000000.0,93740000000.0,N/A,1.15,6.92,N/A,6.92,20190000000.0,N/A,2910000000.0,3.52,20.40,6.60,17620000000.0,19.97,73050000000.0,N/A,27.120001,N/A,0.46,0.28,84.10,40420000.0,4.1,4.60,29770000.0,underperform
3354,2012-11-04 01:35:09,1352007309.0,ice,129.56,47.7,1427.589966,23.84,23.860000000000003,25.31,17.31,6.90,2.83,39.76,61.67,1.51,17.32,19.02,9230000000.0,9230000000.0,15.33,1.29,6.67,9.70,6.67,1290000000.0,9.70,550430000.0,7.50,18.00,8.00,1080000000.0,14.87,862500000.0,1.03,46.40,757270000.0,0.86,2.54,92.20,1.20,1.20,0.80,N/A,outperform
3355,2007-04-12 11:57:53,1176393473.0,ice,125.04,16.75,1447.800049,-7.94,24.69,N/A,52.81,27.85,16.24,45.66,65.21,35.16,41.70,5.557,8740000000.0,8460000000.000001,N/A,1.54,26.96,37.234,26.96,313800000.0,37.234,143270000.0,2.40,229.70,130.90,281610000.0,4.09,N/A,8.995,7.819,145920000.0,4.64,10.03,69.90,4099999.9999999995,0.6,6.30,5350000.0,outperform
3356,2008-12-06 18:44:06,1228607046.0,ice,65.96,57.29,870.73999,26.32,30.97,0.199,16.21,6.28,2.46,41.40,64.63,9.03,18.96,10.845,5170000000.0,5320000000.0,N/A,0.72,6.95,9.84,6.95,574290000.0,9.84,316770000.0,4.42,12.40,32.80,245480000.0,3.399,388750000.0,1.122,27.066,401610000.0,1.49,4.09,82.60,3210000.0,1.3,4.60,2560000.0,outperform
3357,2009-03-01 01:19:10,1235888350.0,ice,58.25,83.19,752.830017,48.2,34.989999999999995,N/A,13.61,5.27,2.13,37.02,60.91,3.49,17.28,11.422,4120000000.0,4219999999.9999995,N/A,0.74,5.19,7.564,5.19,813080000.0,7.564,300970000.0,4.17,24.40,30.10,286940000.0,3.95,379380000.0,1.02,27.724001,375110000.0,1.57,4.05,88.70,3230000.0,1.2,4.60,3470000.0,outperform
3358,2013-05-06 09:49:06,1367848146.0,ice,169.48,16.17,1617.5,15.47,0.7000000000000011,24.20,23.40,9.17,3.42,39.95,62.43,1.41,15.32,18.56,12020000000.0,12020000000.0,18.01,1.57,8.91,12.97,8.91,1320000000.0,12.97,539150000.0,7.35,8.40,3.60,1390000000.0,19.14,910500000.0,1.04,50.27,N/A,0.80,2.56,98.40,11860000.0,20.10,16.70,11540000.0,outperform
3359,2007-10-25 02:45:07,1193294707.0,ice,166.5,-64.69,1514.400024,-42.1,-22.589999999999996,0.184,56.75,25.77,8.93,44.56,65.47,12.80,24.89,7.215,12160000000.0,11690000000.0,N/A,1.91,25.79,36.732,25.79,313800000.0,36.732,201920000.0,3.09,73.40,85.70,231230000.0,3.337,240630000.0,1.196,18.865999,197860000.0,2.38,4.02,78.60,4070000.0000000005,1.9,6.10,3690000.0,underperform
3360,2008-12-23 00:08:52,1230008932.0,ice,76.89,39.81,863.159973,29.82,9.990000000000002,0.199,17.88,7.57,2.96,41.40,64.63,9.03,18.96,10.845,5710000000.0,5940000000.0,N/A,0.82,7.76,10.991,7.76,574290000.0,10.991,316770000.0,4.42,12.40,32.80,245480000.0,3.398,388750000.0,1.122,27.066,401610000.0,1.49,4.09,82.70,4139999.9999999995,1.7,6.00,3210000.0,outperform
3361,2011-11-19 07:01:52,1321704112.0,ice,120.89,3.5,1236.910034,9.41,-5.91,20.00,18.00,6.68,2.89,37.50,60.19,1.45,17.21,17.53,8620000000.0,8620000000.0,15.16,0.79,6.71,9.78,6.71,1120000000.0,9.78,482030000.0,6.51,37.70,18.70,497300000.0,6.85,602120000.0,1.01,40.90,8620000000.0,1.11,3.65,90.60,1680000.0,2.40,2.40,1890000.0,underperform
3362,2007-03-10 16:36:48,1173562608.0,ice,,,1391.969971,-6.3,,N/A,54.49,28.82,16.80,45.66,65.21,35.16,41.70,5.557,9020000000.0,8740000000.0,N/A,1.58,27.84,38.462,27.84,313800000.0,38.462,143270000.0,2.40,229.70,130.90,281610000.0,4.09,N/A,8.995,7.819,145920000.0,4.78,10.33,72.00,5350000.0,1.4,8.20,5070000.0,underperform
3363,2012-08-19 17:11:38,1345410698.0,ice,133.9,33.94,1415.51001,16.29,17.65,25.31,18.05,7.13,2.92,39.76,61.67,1.51,17.32,19.02,9630000000.0,9630000000.0,15.52,1.36,6.96,10.12,6.96,1290000000.0,10.12,550430000.0,7.50,18.00,8.00,1080000000.0,14.87,862500000.0,1.03,46.40,757270000.0,0.84,2.57,93.20,2.10,2.10,1.30,1110000.0,outperform
3364,2011-04-18 15:11:53,1303153913.0,ice,118.31,10.4,1305.140015,6.56,3.8400000000000007,20.63,22.33,7.79,3.18,34.64,58.11,1.72,15.53,15.62,8910000000.0,8910000000.0,16.16,1.26,7.75,11.65,7.75,1120000000.0,11.65,398300000.0,5.35,17.70,11.10,623790000.0,8.50,581000000.0,1.02,38.38,8910000000.0,0.98,3.65,90.60,1.40,1.40,1.30,1310000.0,outperform
3365,2013-02-15 09:01:59,1360936919.0,ice,154.46,39.37,1519.790039,19.7,19.669999999999998,30.80,20.68,8.29,3.09,40.47,62.60,1.45,16.43,18.75,10820000000.0,10820000000.0,16.41,1.49,7.94,11.43,7.94,1320000000.0,11.43,551580000.0,7.52,2.10,1.20,1610000000.0,22.19,1130000000.0,1.05,50.27,732950000.0,0.81,2.54,92.20,8990000.0,6.50,12.70,6460000.0,outperform
3366,2013-04-22 02:14:01,1366611241.0,ice,153.28,32.09,1562.5,20.29,11.800000000000004,30.80,20.53,8.12,3.03,40.47,62.60,1.45,16.43,18.75,10740000000.0,10740000000.0,16.20,1.40,7.88,11.34,7.88,1320000000.0,11.34,551580000.0,7.52,2.10,1.20,1610000000.0,22.19,1130000000.0,1.05,50.27,732950000.0,0.80,2.56,98.40,11540000.0,18.70,16.30,11800000.0,outperform
3367,2013-05-11 16:54:11,1368305651.0,krft,51.52,6.89,1632.689941,14.88,-7.990000000000001,279.14,20.08,1.78,9.14,8.95,15.50,7.92,16.29,31.03,40230000000.0,40230000000.0,17.47,3.36,2.19,12.30,2.19,5840000000.0,12.30,1640000000.0,2.75,70.00,10.70,1260000000.0,2.12,9970000000.0,1.34,6.03,3040000000.0,0.36,0.05,68.10,6340000.0,1.30,1.10,6660000.0,underperform
3368,2005-04-15 00:30:56,1113539456.0,r,32.34,19.48,1142.619995,12.73,6.75,1.181,12.23,0.51,1.76,4.19,6.43,3.95,15.24,78.425,2580000000.0,4330000000.0,11.19,0.84,0.84,3.81,0.84,3490000000.0,3.81,215610000.0,3.29,64.00,7.20,100970000.0,1.58,1780000000.0,0.844,23.483,883030000.0,0.635,1.55,95.00,3410000.0,5.269,5.41,2480000.0,outperform
3369,2013-04-22 08:27:16,1366633636.0,r,55.64,45.17,1562.5,20.29,24.880000000000003,260.36,13.98,0.47,2.00,3.36,7.46,3.66,14.42,124.03,6700000000.0,6700000000.0,10.45,1.03,1.07,4.80,1.07,1250000000.0,4.80,198330000.0,4.09,12.00,2.80,67710000.0,1.32,3820000000.0,0.82,28.57,1130000000.0,1.70,2.09,59.10,1480000.0,2.70,2.90,1710000.0,outperform
3370,2009-09-29 08:03:29,1254225809.0,r,35.49,10.59,1060.609985,7.93,2.66,N/A,19.78,0.41,1.56,2.03,7.49,3.75,6.77,98.436,4820000000.0,4820000000.0,N/A,24.42,0.89,3.819,0.89,1450000000.0,3.819,111280000.0,2.00,63.60,25.10,104530000.0,1.868,2710000000.0,0.93,25.318001,1230000000.0,1.49,1.69,98.00,2850000.0,4.3,5.10,3050000.0,outperform
3371,2007-01-15 15:59:51,1168894791.0,r,,,1430.72998,-3.48,,1.6,13.55,0.51,1.94,3.87,7.47,4.65,14.88,101.669,3200000000.0,5700000000.0,N/A,1.14,0.91,4.629,0.91,3840000000.0,4.629,242640000.0,3.89,3.10,8.70,128090000.0,2.109,2630000000.0,0.961,27.094,919820000.0,0.48,1.77,98.30,2840000.0,4.5,4.70,2250000.0,underperform
3372,2007-04-09 13:23:07,1176139387.0,r,42.78,28.94,1444.609985,-5.47,34.410000000000004,1.637,12.38,0.48,1.77,3.95,7.53,4.75,15.33,103.603,3040000000.0,5730000000.0,N/A,1.00,0.91,4.646,0.91,1220000000.0,4.646,248960000.0,4.04,N/A,N/A,128639999.99999999,2.119,2820000000.0,0.995,28.339001,853590000.0,0.65,1.89,97.00,3280000.0,4.5,5.40,3170000.0,outperform
3373,2005-09-05 16:59:55,1125953995.0,r,,,1218.02002,7.82,,1.428,10.44,0.42,1.43,4.13,7.17,4.27,15.02,83.933,2280000000.0,4420000000.0,N/A,0.82,0.82,3.965,0.82,3490000000.0,3.965,221710000.0,3.40,0.50,9.50,87310000.0,1.36,2220000000.0,1.096,24.247,653860000.0,N/A,N/A,97.40,1600000.0,2.4,2.50,1610000.0,underperform
3374,2013-05-07 09:24:20,1367933060.0,r,59.16,38.34,1625.959961,15.51,22.830000000000005,257.90,14.26,0.49,2.08,3.43,7.65,3.63,14.45,124.26,6800000000.0,6800000000.0,10.88,1.20,1.08,4.80,1.08,1250000000.0,4.80,204320000.0,4.19,16.30,1.70,76490000.0,1.47,3850000000.0,0.91,28.72,1190000000.0,1.67,2.09,59.10,1040000.0,1.60,2.00,1480000.0,outperform
3375,2005-02-06 18:26:45,1107732405.0,r,37.58,-7.4,1189.890015,6.31,-13.71,0.923,13.70,0.59,2.05,4.19,6.43,3.95,15.23,78.425,2890000000.0,4190000000.0000005,13.56,1.04,0.81,3.68,0.81,1320000000.0,3.68,215570000.0,3.29,40.30,0.50,101000000.0,1.57,1390000000.0,0.816,22.405001,826690000.0,0.805,0.46,95.00,2049999.9999999998,2.323,3.21,1430000.0,underperform
3376,2005-01-31 19:16:56,1107217016.0,r,37.27,-0.3,1181.27002,8.36,-8.66,1.193,15.43,0.57,1.98,3.84,6.14,3.58,14.15,76.448,2920000000.0,4500000000.0,13.66,1.03,0.90,4.06,0.90,1320000000.0,4.06,192400000.0,2.939,40.30,0.50,78390000.0,1.22,1720000000.0,1.001,22.405001,826690000.0,0.805,0.46,95.00,2049999.9999999998,2.323,3.20,1430000.0,underperform
3377,2006-05-24 22:14:21,1148523261.0,r,44.15,2.02,1258.569946,19.78,-17.76,1.509,14.39,0.55,2.12,3.94,7.43,4.61,15.33,94.092,3220000000.0,5380000000.0,N/A,1.17,0.91,4.519,0.91,3840000000.0,4.519,233720000.0,3.66,14.70,13.70,75620000.0,1.24,2300000000.0,0.952,24.978001,918900000.0,0.87,1.77,93.60,2860000.0,6.4,4.70,2900000.0,underperform
3378,2005-03-20 04:50:25,1111312225.0,r,35.38,5.94,1190.209961,9.65,-3.71,1.181,12.92,0.54,1.83,4.19,6.43,3.95,15.24,78.425,2720000000.0,4400000000.0,11.82,0.88,0.85,3.87,0.85,3490000000.0,3.87,215610000.0,3.29,64.00,7.20,100970000.0,1.58,1780000000.0,0.844,23.483,883030000.0,0.745,0.61,95.00,2480000.0,4.942,3.89,2049999.9999999998,underperform
3379,2004-09-28 12:51:16,1096390276.0,r,37.84,-26.93,1110.060059,9.62,-36.55,1.349,16.72,0.60,2.11,3.65,5.79,3.40,13.64,75.066,2950000000.0,4790000000.0,14.31,0.95,0.98,4.45,0.98,1320000000.0,4.45,178620000.0,2.74,40.30,0.50,81720000.0,1.27,1880000000.0,0.986,21.688,790490000.0,0.845,0.61,94.93,2180000.0,3.216,3.40,N/A,underperform
3380,2004-11-30 22:52:29,1101873149.0,r,43.89,-19.64,1173.819946,6.45,-26.09,1.193,18.25,0.68,2.37,3.84,6.14,3.58,14.15,76.448,3450000000.0,5060000000.0,16.25,N/A,1.01,4.56,1.01,1320000000.0,4.56,192400000.0,2.939,40.30,0.50,78390000.0,1.22,1720000000.0,1.001,22.405001,826690000.0,0.85,0.46,95.00,1730000.0,3.208,2.70,1900000.0,underperform
3381,2005-02-23 08:33:25,1109165605.0,stx,13.24,54.15,1190.800049,8.14,46.01,0.364,26.66,1.34,4.03,5.29,3.59,7.98,17.14,12.566,8050000000.000001,7310000000.0,13.21,1.02,1.19,11.1,1.19,1460000000.0,11.1,324000000.0,0.64,17.50,4.00,1480000000.0,3.15,742000000.0,2.02,4.359,804000000.0,2.216,0.99,44.83,35600000.0,11.677,7.67,36370000.0,outperform
3382,2009-01-22 23:27:51,1232684871.0,stx,2.77,472.92,827.5,31.93,440.99,0.437,1.73,0.17,0.45,7.76,9.62,7.40,20.30,24.887,1580000000.0,2950000000.0,N/A,45.55,0.24,1.413,0.24,3210000000.0,1.413,967000000.0,1.87,83.10,7.70,1150000000.0,2.361,2029999999.9999998,1.217,9.518,2089999999.9999998,2.06,2.31,85.10,N/A,N/A,N/A,N/A,outperform
3383,2007-06-22 20:35:55,1182558955.0,stx,18.19,-4.95,1502.560059,-10.96,6.010000000000001,0.467,34.35,1.08,2.73,3.39,5.20,5.36,9.62,20.054,12060000000.0,12940000000.0,N/A,N/A,1.16,8.748,1.16,2140000000.0000002,8.748,378000000.0,0.646,22.60,23.50,1210000000.0,2.226,2060000000.0,1.386,8.14,732000000.0,3.3,15.83,80.50,16200000.0,3.10,3.10,12020000.0,outperform
3384,2012-07-05 00:21:25,1341462085.0,stx,22.8,90.39,1367.579956,19.33,71.06,77.90,5.68,0.78,2.90,14.78,17.12,15.54,63.89,30.97,11500000000.0,11500000000.0,2.84,0.10,0.86,3.75,0.86,2150000000.0,3.75,1970000000.0,4.42,132.30,65.10,2049999999.9999998,4.81,2860000000.0,2.02,8.48,2130000000.0,2.64,12.29,74.10,17820000.0,1.30,5.00,19990000.0,outperform
3385,2012-09-11 09:44:18,1347371058.0,stx,27.63,40.79,1433.560059,17.83,22.96,81.87,4.60,0.79,3.38,19.16,20.98,20.27,96.04,35.07,12900000000.0,12900000000.0,4.41,0.15,0.86,3.27,0.86,4680000000.0,3.27,2860000000.0,6.49,751.30,56.80,2120000000.0,5.33,2860000000.0,1.86,8.83,3260000000.0,2.68,12.29,74.10,23460000.0,2.10,6.60,25930000.0,outperform
3386,2007-05-21 21:00:11,1179795611.0,stx,17.1,0.23,1525.099976,-7.32,7.550000000000001,0.467,32.29,1.02,2.57,3.39,5.20,5.36,9.62,20.054,11340000000.0,12200000000.0,N/A,N/A,1.10,8.252,1.10,2140000000.0000002,8.252,378000000.0,0.65,22.60,23.50,1210000000.0,2.226,2060000000.0,1.386,8.14,732000000.0,3.57,15.83,88.80,12020000.0,2.30,2.30,12090000.0,outperform
3387,2007-04-21 02:41:10,1177137670.0,stx,17.38,-5.58,1472.5,-7.26,1.6799999999999997,0.472,27.95,1.10,2.70,4.15,4.71,4.88,11.75,19.586,11820000000.0,12190000000.0,N/A,N/A,1.15,9.278,1.15,2140000000.0000002,9.278,440000000.0,0.77,51.20,30.30,1560000000.0,2.848,2069999999.9999998,1.418,7.886,990000000.0,4.35,15.71,92.60,12090000.0,1.8,2.30,16110000.0,outperform
3388,2005-04-01 10:35:23,1112369723.0,stx,15.33,33.66,1172.920044,11.08,22.58,0.364,30.36,1.50,4.48,5.29,3.59,7.98,17.14,12.566,9160000000.0,8430000000.0,13.21,0.90,1.38,12.79,1.38,1460000000.0,12.79,324000000.0,0.64,17.50,4.00,1480000000.0,3.15,742000000.0,2.02,4.359,804000000.0,2.222,0.99,47.93,36990000.0,9.078,7.97,34680000.0,outperform
3389,2011-11-19 16:59:52,1321739992.0,stx,15.36,62.3,1236.910034,9.41,52.89,143.67,14.62,0.63,2.90,4.53,7.44,6.17,18.77,25.28,7310000000.0,7310000000.0,5.62,0.36,0.66,4.65,0.66,2150000000.0,4.65,502000000.0,1.10,6.00,4.20,2900000000.0,6.91,3480000000.0,1.97,5.78,7310000000.0,2.34,1.49,82.90,15320000.0,1.20,4.30,12620000.0,outperform
3390,2006-06-27 20:29:53,1151454593.0,stx,17.0,7.59,1239.199951,21.56,-13.969999999999999,0.116,9.67,1.19,3.05,12.57,12.29,13.39,38.92,18.421,10400000000.0,8860000000.0,N/A,0.89,1.00,5.207,1.00,1670000000.0,5.207,1110000000.0,2.18,19.70,16.30,2040000000.0,4.135,400000000.0,2.016,6.984,1800000000.0,2.89,59.16,61.50,33800000.0,6.90,6.90,27740000.0,underperform
3391,2013-04-23 03:29:21,1366702161.0,stx,33.89,55.77,1578.780029,18.79,36.980000000000004,96.34,4.52,0.76,4.23,19.80,21.25,24.22,101.19,40.33,13310000000.0,13310000000.0,6.36,0.92,0.82,3.06,0.82,4680000000.0,3.06,3230000000.0,7.70,12.60,14.80,1870000000.0,5.22,2820000000.0,1.90,8.14,4360000000.0,2.87,13.70,80.60,29300000.0,5.70,8.50,31650000.0,outperform
3392,2011-09-02 15:22:29,1314991349.0,stx,9.46,225.9,1173.969971,20.15,205.75,142.59,9.96,0.43,1.94,4.66,7.51,5.90,19.70,24.33,5080000000.0,5080000000.0,4.80,0.43,0.46,3.22,0.46,2150000000.0,3.22,511000000.0,1.09,68.60,7.60,3150000000.0,7.51,3510000000.0,1.86,5.80,5080000000.0,2.20,1.49,82.90,13040000.0,0.90,3.30,15290000.0,outperform
3393,2011-11-02 23:39:05,1320291545.0,stx,15.04,72.27,1237.900024,15.32,56.949999999999996,143.67,15.38,0.62,2.81,4.53,7.44,6.17,18.77,25.28,7410000000.0,7410000000.0,6.79,0.56,0.67,4.71,0.67,2150000000.0,4.71,502000000.0,1.10,6.00,4.20,2900000000.0,6.91,3480000000.0,1.97,5.78,7410000000.0,2.34,1.49,82.90,12620000.0,1.70,3.60,13760000.0,outperform
3394,2004-09-18 21:29:35,1095557375.0,stx,10.45,14.74,1120.369995,9.58,5.16,0.401,13.08,1.01,3.37,8.50,7.13,13.69,31.64,12.728,6380000000.0,5940000000.0,24.62,3.60,0.95,6.86,0.95,1460000000.0,6.86,529000000.0,1.054,319.00,6.60,1180000000.0,2.56,743000000.0,1.972,4.036,848000000.0,N/A,63.15,34.58,12860000.0,4.912,7.55,12450000.0,outperform
3395,2013-04-25 08:37:05,1366893425.0,stx,34.37,49.64,1585.160034,17.55,32.09,96.34,4.73,0.80,4.48,19.80,21.25,24.22,101.19,40.33,13310000000.0,13310000000.0,6.67,0.92,0.82,3.06,0.82,4680000000.0,3.06,3230000000.0,7.70,12.60,14.80,1870000000.0,5.22,2820000000.0,1.90,8.14,4360000000.0,2.87,13.70,80.60,29300000.0,5.70,8.50,31650000.0,outperform
3396,2008-12-20 23:59:26,1229835566.0,stx,4.09,264.3,904.419983,21.19,243.11,0.437,2.44,0.18,0.48,7.76,9.62,7.40,20.30,24.887,2220000000.0,3100000000.0,N/A,1.15,0.25,1.483,0.25,3210000000.0,1.483,967000000.0,1.87,83.10,7.70,1150000000.0,2.361,2029999999.9999998,1.217,9.518,2089999999.9999998,2.05,2.31,85.70,N/A,N/A,N/A,N/A,outperform
3397,2012-11-05 07:36:34,1352118994.0,te,15.91,3.21,1417.26001,24.39,-21.18,136.23,17.40,1.21,1.67,6.98,19.18,5.10,11.84,14.77,6720000000.0,6720000000.0,15.23,4.57,2.12,7.14,2.12,1770000000.0,7.14,268000000.0,1.02,51.20,5.80,234600000.0,1.09,3130000000.0,1.17,10.71,690100000.0,0.57,6.00,59.00,10570000.0,5.80,5.00,9960000.0,underperform
3398,2007-01-17 16:19:26,1169068766.0,te,11.3,0.88,1430.619995,-6.81,7.6899999999999995,2.342,14.16,N/A,N/A,7.35,12.11,4.03,15.19,16.341,N/A,6930000000.0,N/A,5.63,2.04,9.205,2.04,1660000000.0,9.205,248600000.0,1.19,15.80,10.30,561800000.0,2.685,3960000000.0,1.021,N/A,454200000.0,0.57,0.91,56.50,3380000.0,4.7,1.60,7010000.0,outperform
3399,2013-04-25 05:36:05,1366882565.0,te,17.2,3.02,1585.160034,17.55,-14.530000000000001,129.71,18.92,1.34,1.75,7.10,18.57,4.74,10.79,13.98,6780000000.0,6780000000.0,16.21,6.42,2.26,7.59,2.26,1580000000.0,7.59,245300000.0,0.99,15.20,4.40,200500000.0,0.92,2970000000.0,1.42,10.58,756700000.0,0.59,6.07,60.80,11000000.0,8.10,5.10,10750000.0,underperform
3400,2005-01-23 23:25:33,1106540733.0,te,9.51,16.93,1175.410034,7.52,9.41,2.244,N/A,1.14,1.74,2.92,0.17,0.77,0.26,14.392,3100000000.0,7030000000.0,15.21,4.97,2.58,23.95,2.58,966100000.0,23.95,4720000.0,0.034,375.50,2.40,102500000.0,0.51,4040000000.0,0.436,9.022,221400000.0,0.354,1.29,47.47,16360000.0,17.8,8.30,17800000.0,outperform
3401,2003-11-23 00:26:23,1069565183.0,te,7.21,27.6,1033.650024,13.89,13.71,2.967,N/A,0.74,0.93,4.32,6.48,1.42,4.26,17.114,2230000000.0,9000000000.0,15.32,2.84,3.00,17.82,3.00,1030000000.0,17.82,106000000.0,0.60,8.70,1.00,283400000.0,1.6,7050000000.0,1.071,13.46,N/A,0.197,1.57,47.94,20960000.0,11.813,12.05,25070000.0,outperform
3402,2012-07-28 11:29:37,1343489377.0,te,15.6,4.29,1337.890015,26.34,-22.05,133.15,14.46,1.18,1.70,8.28,18.80,5.35,12.19,15.33,6900000000.0,6900000000.0,13.30,4.39,2.11,7.31,2.11,1770000000.0,7.31,270100000.0,1.26,2.30,8.30,59000000.0,0.27,3030000000.0,0.69,10.54,748100000.0,0.64,6.01,58.00,7660000.0,5.70,3.60,7660000.0,underperform
3403,2008-02-16 20:39:25,1203212365.0,te,11.08,-23.74,1367.209961,-38.91,15.169999999999998,1.582,7.84,0.91,1.59,11.69,11.75,3.68,21.30,16.911,3230000000.0,6260000000.0,N/A,3.26,1.77,9.221,1.77,1760000000.0,9.221,398900000.0,1.97,255.60,3.90,162600000.0,0.777,3190000000.0,1.279,9.632,554000000.0,0.57,6.63,56.20,6700000.0,6.2,3.40,6920000.0,outperform
3404,2007-02-23 09:04:21,1172239461.0,te,11.39,-4.39,1451.189941,-6.28,1.8900000000000006,2.256,14.18,1.02,2.02,7.14,11.53,3.93,14.72,16.585,3500000000.0,6960000000.0,N/A,5.23,2.02,9.421,2.02,1660000000.0,9.421,244400000.0,1.18,6.00,7.30,441600000.0,2.111,3900000000.0,0.952,8.269,566900000.0,0.58,0.72,56.10,7320000.0,12.1,3.50,3380000.0,outperform
3405,2007-04-06 11:43:35,1175874215.0,te,12.01,-4.33,1437.77002,-4.89,0.5599999999999996,2.256,15.19,1.08,2.16,7.14,11.53,3.93,14.72,16.585,3760000000.0,7200000000.0,N/A,4.77,2.09,9.748,2.09,1760000000.0,9.748,244400000.0,1.18,6.00,7.30,441600000.0,2.107,3900000000.0,0.952,8.253,566900000.0,0.53,0.72,56.00,4660000.0,4.7,2.20,7650000.0,outperform
3406,2007-06-16 04:45:27,1181983527.0,te,11.47,32.0,1515.670044,-11.6,43.6,2.102,13.59,1.04,2.02,7.69,11.43,3.93,15.47,16.491,3600000000.0,6920000000.0,N/A,5.47,2.02,9.39,2.02,1760000000.0,9.39,262000000.0,1.26,31.90,1.80,379800000.0,1.812,3720000000.0,0.989,8.441,537500000.0,0.31,0.72,54.60,7690000.0,8.2,3.70,7360000.0,outperform
3407,2011-12-24 01:39:27,1324708767.0,te,16.15,-4.46,1243.719971,16.08,-20.54,135.97,14.91,1.21,1.80,8.20,18.40,5.26,12.53,15.79,6980000000.0,6980000000.0,12.99,2.66,2.07,7.40,2.07,1720000000.0,7.40,274500000.0,1.28,76.90,1.10,165800000.0,0.77,3080000000.0,0.83,10.48,743000000.0,0.82,7.14,55.90,7880000.0,4.40,3.70,8270000.0,underperform
3408,2007-08-06 08:41:30,1186404090.0,te,11.13,9.52,1467.670044,-12.45,21.97,1.992,12.07,0.97,1.88,8.00,11.23,3.89,15.03,16.484,3330000000.0,6710000000.0,N/A,4.69,1.95,9.171,1.95,1760000000.0,9.171,260300000.0,1.32,17.90,0.50,238300000.0,1.137,3620000000.0,1.236,8.441,522600000.0,0.73,N/A,54.60,9550000.0,6.7,4.60,6770000.0,outperform
3409,2009-01-06 18:36:14,1231284974.0,te,9.27,35.28,934.7000119999999,21.66,13.620000000000001,1.58,8.42,0.78,1.33,9.07,11.05,3.38,16.07,16.474,2660000000.0,5840000000.0,N/A,2.04,1.69,9.056,1.69,1080000000.0,9.056,314300000.0,1.49,37.30,6.50,94900000.0,0.446,3230000000.0,1.21,9.594,465500000.0,0.82,6.68,58.80,2069999.9999999998,0.9,1.00,2340000.0,outperform
3410,2008-06-28 23:08:50,1214708930.0,te,15.27,-41.19,1321.969971,-30.39,-10.799999999999997,1.549,11.82,1.26,2.22,10.59,11.77,3.67,18.97,16.747,4400000000.0,7370000000.0,N/A,2.99,2.10,11.001,2.10,1080000000.0,11.001,356900000.0,1.77,57.70,3.60,120400000.0,0.571,3090000000.0,1.076,9.459,548100000.0,0.74,6.72,54.90,8369999.999999999,4.30,4.30,8870000.0,underperform
3411,2004-09-16 00:50:39,1095310239.0,te,7.97,43.04,1123.5,10.18,32.86,2.85,N/A,0.91,1.65,4.37,0.33,1.13,2.74,15.181,2490000000.0,6710000000.0,13.88,4.00,2.44,20.79,2.44,966100000.0,20.79,53200000.0,0.278,375.50,2.40,85600000.0,0.45,4320000000.0,0.388,8.039,334600000.0,0.281,1.56,47.70,20020000.0,22.167,10.78,20430000.0,outperform
3412,2012-03-13 00:10:03,1331611803.0,cog,16.89,94.02,1395.949951,11.36,82.66,45.14,58.17,7.48,3.46,12.49,24.85,3.65,6.16,4.70,8250000000.0,8250000000.0,24.10,4.27,8.41,14.06,8.41,755300000.0,14.06,122410000.0,0.58,46.30,20.50,29910000.0,0.14,950000000.0,1.01,10.09,501840000.0,1.12,1.25,95.30,6690000.0,1.50,3.80,5820000.0,outperform
3413,2012-01-26 02:30:49,1327563049.0,cog,16.15,63.03,1318.430054,14.0,49.03,58.98,48.63,7.31,3.27,15.86,22.12,3.01,7.47,8.79,7830000000.0,7830000000.0,33.82,1.51,8.56,14.25,8.56,687930000.0,14.25,145150000.0,1.37,630.70,17.00,62930000.0,0.60,1200000000.0,1.07,19.59,492790000.0,1.24,1.25,95.30,3930000.0,2.30,4.40,3200000.0,outperform
3414,2003-10-27 11:11:45,1067271105.0,cog,2.15,66.51,1031.130005,7.75,58.760000000000005,0.963,N/A,1.88,2.69,0.07,4.96,0.03,0.09,14.028,840330000.0,1140000000.0,11.91,3.09,2.53,9.55,2.53,210540000.0,9.55,N/A,0.008,65.80,20.90,3260000.0,0.1,304000000.0,0.65,9.81,N/A,0.607,10.17,89.59,N/A,3.955,2.12,N/A,outperform
3415,2006-06-24 06:48:15,1151146095.0,cog,5.16,98.45,1252.199951,21.56,76.89,0.437,12.10,2.69,3.00,24.00,41.41,14.30,31.83,15.426,2150000000.0,2440000000.0,N/A,1.71,3.23,5.505,3.23,472020000.0,5.505,181250000.0,3.64,156.10,49.10,8510000.0,0.174,295000000.0,0.919,13.849,411550000.0,1.18,1.78,97.00,2610000.0,5.8,5.40,2260000.0,outperform
3416,2012-06-24 13:32:32,1340559152.0,cog,17.35,98.44,1325.51001,18.68,79.75999999999999,47.63,59.67,7.01,3.43,12.26,24.23,3.74,6.37,5.00,8620000000.0,8620000000.0,44.39,11.06,8.26,13.70,8.26,755300000.0,13.70,127840000.0,0.61,42.20,30.20,32330000.0,0.15,1010000000.0,1.06,10.15,542410000.0,0.81,11.57,83.60,11410000.0,2.60,5.50,10370000.0,outperform
3417,2004-08-31 09:10:15,1093957815.0,cog,3.34,60.18,1104.23999,10.51,49.67,0.689,15.86,2.61,3.30,16.06,30.01,7.64,22.38,15.451,1300000000.0,1550000000.0,14.63,2.98,3.08,6.25,3.08,314710000.0,6.25,80780000.0,2.481,31.20,44.00,21430000.0,0.65,270000000.0,0.896,12.039,245140000.0,0.542,9.22,95.00,N/A,0.191,0.84,1330000.0,outperform
3418,2011-11-26 13:54:42,1322333682.0,cog,18.74,,1161.790039,5.04,,58.98,55.98,8.59,3.84,15.86,22.12,3.01,7.47,8.79,9160000000.0,9160000000.0,27.39,1.66,10.00,16.66,10.00,687930000.0,16.66,145150000.0,1.37,630.70,17.00,62930000.0,0.60,1200000000.0,1.07,19.59,9160000000.0,1.16,1.61,98.50,3760000.0,1.50,4.20,3410000.0,underperform
3419,2011-09-05 23:27:07,1315279627.0,cog,,,1173.969971,19.67,,55.69,65.12,8.97,3.99,13.75,18.59,2.51,6.33,8.43,8810000000.0,8810000000.0,26.14,1.52,10.05,16.28,10.05,687930000.0,16.28,120570000.0,1.14,152.20,20.20,39310000.0,0.38,1100000000.0,0.82,18.86,8810000000.0,1.15,1.61,98.50,4520000.0,2.00,N/A,4000000.0,underperform
3420,2012-04-19 16:31:01,1334867461.0,cog,15.43,108.62,1376.920044,12.95,95.67,45.14,53.55,6.54,3.03,12.49,24.85,3.65,6.16,4.70,7320000000.0,7320000000.0,26.32,4.62,7.48,12.48,7.48,755300000.0,12.48,122410000.0,0.58,46.30,20.50,29910000.0,0.14,950000000.0,1.01,10.09,501840000.0,1.05,1.25,95.30,7380000.0,2.00,3.60,7450000.0,outperform
3421,2011-01-20 05:14:15,1295518455.0,cog,9.53,59.71,1280.26001,2.74,56.97,59.40,44.11,4.74,2.21,10.53,22.42,3.20,4.94,8.29,5140000000.0,5140000000.0,116.30,14.03,5.97,9.44,5.97,718260000.0,9.44,90640000.0,0.87,90.00,5.80,37590000.0,0.36,1100000000.0,0.73,17.73,5140000000.0,1.03,2.29,96.30,6190000.0,4.60,6.10,6840000.0,outperform
3422,2013-05-15 18:34:27,1368657267.0,cog,34.16,8.78,1658.780029,12.78,-4.0,53.08,93.25,11.04,6.79,11.97,22.63,4.06,7.36,6.22,15170000000.0,15170000000.0,26.28,1.31,11.62,19.32,11.62,914490000.0,19.32,156240000.0,0.73,133.80,37.20,20460000.0,0.10,1130000000.0,0.53,10.09,733000000.0,0.94,1.15,94.20,3530000.0,1.40,1.70,4640000.0,underperform
3423,2004-11-25 04:43:40,1101375820.0,cog,,,1177.23999,7.73,,0.669,20.32,3.09,3.81,15.28,28.49,6.96,20.06,15.205,1560000000.0,1780000000.0,14.61,2.69,3.58,7.34,3.58,314710000.0,7.34,75930000.0,2.323,31.20,44.00,24890000.0,0.75,270000000.0,0.929,12.193,251860000.0,0.576,10.23,95.00,1340000.0,4.653,4.51,1640000.0,underperform
3424,2007-03-23 21:38:25,1174700305.0,cog,8.64,34.37,1436.109985,-9.59,43.959999999999994,0.254,10.69,4.45,3.57,42.15,38.97,11.95,41.57,15.743,3370000000.0,3590000000.0,N/A,1.54,4.71,7.769,4.71,554430000.0,7.769,321170000.0,6.52,45.10,23.70,41850000.0,0.866,240000000.0,1.258,19.648001,357100000.0,1.3,1.12,96.90,1460000.0,2.8,3.10,1670000.0,outperform
3425,2008-06-22 04:44:51,1214124291.0,cog,16.66,-55.94,1342.829956,-33.5,-22.439999999999998,0.348,39.02,8.65,6.17,21.68,34.99,7.97,16.24,7.819,6410000000.0,6730000000.0,N/A,2.89,8.86,15.216,8.86,533409999.99999994,15.216,164850000.0,1.676,5.30,14.70,41990000.0,0.429,370000000.0,0.846,10.879,458980000.0,1.14,1.89,95.30,2210000.0,2.30,2.30,2069999.9999999998,underperform
3426,2011-07-07 10:34:18,1310049258.0,cog,16.57,18.77,1353.219971,0.11,18.66,55.94,80.11,8.30,3.68,10.47,16.52,2.20,4.68,8.05,7980000000.0,7980000000.0,30.50,2.32,9.53,15.64,9.53,687930000.0,15.64,87580000.0,0.83,55.10,3.40,24900000.0,0.24,1060000000.0,0.67,18.09,7980000000.0,1.22,1.61,98.50,4920000.0,2.70,5.50,4730000.0,outperform
3427,2009-10-18 22:59:18,1255921158.0,cog,9.91,-22.1,1096.560059,8.04,-30.14,N/A,22.48,4.51,2.25,20.06,32.44,5.86,11.72,8.852,4890000000.0,4890000000.0,N/A,N/A,5.33,8.253,5.33,722300000.0,8.253,183770000.0,1.76,53.30,17.70,29850000.0,0.288,815000000.0,1.399,17.719,658420000.0,1.33,1.39,94.10,4270000.0,2.2,4.20,4160000.0,underperform
3428,2011-04-13 07:31:59,1302694319.0,cog,12.91,18.36,1314.410034,5.57,12.79,52.06,51.98,6.29,2.83,12.25,18.97,2.60,5.61,8.12,6380000000.0,6380000000.0,33.74,3.72,7.56,12.08,7.56,687930000.0,12.08,103390000.0,0.98,35.00,7.10,55950000.0,0.54,975000000.0,0.67,18.00,6380000000.0,1.13,1.61,98.50,5700000.0,3.10,N/A,7070000.0,outperform
3429,2006-06-17 20:52:14,1150591934.0,rhi,33.32,-8.13,1230.040039,23.81,-31.939999999999998,0.005,27.80,1.98,5.31,7.17,11.48,19.22,26.29,21.028,6910000000.0,6450000000.0,N/A,1.26,1.84,14.075,1.84,1370000000.0,14.075,251780000.0,1.45,27.00,22.60,472650000.0,2.751,4530000.0,2.909,7.626,356090000.0,1.9,7.40,82.50,3660000.0,3.5,2.30,4050000.0,underperform
3430,2012-03-06 18:04:55,1331075095.0,rhi,26.45,31.91,1343.359985,14.75,17.16,0.21,26.64,1.04,4.91,3.97,6.60,12.05,18.34,26.89,3660000000.0,3660000000.0,16.23,0.91,0.97,12.16,0.97,1490000000.0,12.16,147760000.0,1.04,71.90,14.30,279340000.0,2.01,1660000.0,2.13,5.75,256320000.0,1.59,5.13,91.30,7750000.0,5.40,5.60,7130000.0,outperform
3431,2013-04-22 01:41:07,1366609267.0,rhi,35.52,19.74,1562.5,20.29,-0.5500000000000007,0.18,24.10,1.17,5.70,5.11,8.81,16.80,25.56,29.75,4660000000.0,4660000000.0,16.95,1.20,1.13,11.34,1.13,1650000000.0,11.34,208860000.0,1.50,37.50,6.20,287640000.0,2.10,1540000.0,2.12,6.15,289180000.0,1.52,3.41,90.70,7870000.0,8.40,5.80,8289999.999999999,underperform
3432,2011-04-18 20:24:23,1303172663.0,rhi,27.22,4.89,1305.140015,6.56,-1.67,0.21,66.41,1.39,5.27,2.08,3.61,5.60,7.62,22.23,4090000000.0,4090000000.0,19.88,2.37,1.29,23.97,1.29,1190000000.0,23.97,63730000.0,0.44,83.20,15.50,315140000.0,2.15,1780000.0,2.38,5.71,4090000000.0,1.14,5.19,94.30,14410000.0,9.80,10.50,14660000.0,underperform
3433,2006-05-25 17:46:39,1148593599.0,rhi,35.47,-16.1,1272.880005,19.08,-35.18,0.005,28.54,2.03,5.43,7.17,11.48,19.22,26.29,21.028,7100000000.0,6550000000.0,N/A,1.29,1.86,14.292,1.86,1370000000.0,14.292,251780000.0,1.45,27.00,22.60,472650000.0,2.751,4530000.0,2.909,7.626,356090000.0,1.77,7.40,82.30,4050000.0,5.4,2.50,4890000.0,underperform
3434,2004-09-08 19:16:30,1094685390.0,rhi,21.77,33.12,1116.27002,10.34,22.779999999999998,0.003,79.20,1.96,5.25,2.58,4.38,5.75,7.36,12.681,4450000000.0,3970000000.0,26.90,2.01,1.78,39.34,1.78,726740000.0,39.34,57550000.0,0.326,194.70,3.70,419510000.0,2.43,2380000.0,3.255,4.85,147080000.0,1.243,40.98,86.43,8990000.0,6.089,8.84,9200000.0,outperform
3435,2006-12-07 20:40:20,1165542020.0,rhi,32.71,-28.46,1407.290039,6.92,-35.38,0.004,24.12,1.65,4.66,7.10,11.29,20.68,28.66,23.007,6370000000.0,5920000000.0,N/A,1.16,1.54,11.697,1.54,1370000000.0,11.697,272410000.0,1.58,14.30,18.50,431660000.0,2.576,4280000.0,2.519,8.133,386740000.0,1.42,7.42,81.90,2940000.0,2.6,1.90,2880000.0,underperform
3436,2012-03-03 22:47:59,1330832879.0,rhi,27.07,27.67,1365.680054,10.91,16.76,0.21,27.02,1.06,5.01,3.97,6.60,12.05,18.34,26.89,3640000000.0,3640000000.0,16.46,0.91,0.96,12.11,0.96,1490000000.0,12.11,147760000.0,1.04,71.90,14.30,279340000.0,2.01,1660000.0,2.13,5.75,256320000.0,1.59,5.13,91.30,7750000.0,5.40,5.60,7130000.0,outperform
3437,2012-01-31 01:27:52,1327991272.0,rhi,26.23,31.87,1312.410034,14.44,17.43,0.21,26.68,1.05,5.01,3.97,6.60,N/A,18.44,26.89,3720000000.0,3720000000.0,16.04,0.72,0.99,12.38,0.99,1190000000.0,12.38,147770000.0,1.04,71.90,14.30,242730000.0,1.70,1690000.0,N/A,5.54,N/A,1.56,5.13,91.30,7970000.0,6.80,5.80,8490000.0,outperform
3438,2005-01-19 17:32:34,1106173954.0,rhi,24.28,33.98,1184.630005,8.48,25.499999999999996,0.003,53.15,2.06,5.82,3.93,6.57,9.21,11.92,13.798,5000000000.0,4600000000.0,28.52,1.96,1.89,28.78,1.89,726740000.0,28.78,95780000.0,0.542,194.70,3.70,412570000.0,2.38,2360000.0,3.05,4.965,150320000.0,1.234,6.45,86.41,7070000.0,9.908,4.36,7400000.0,outperform
3439,2013-05-07 10:16:46,1367936206.0,rhi,32.55,37.45,1625.959961,15.51,21.940000000000005,0.18,21.35,1.11,5.42,5.28,9.01,N/A,N/A,29.92,4219999999.9999995,4219999999.9999995,16.01,1.10,1.02,10.05,1.02,1650000000.0,10.05,216390000.0,1.56,15.60,0.80,287640000.0,2.10,1540000.0,N/A,6.15,N/A,1.51,3.41,90.70,7410000.0,7.90,N/A,7870000.0,outperform
3440,2004-02-15 09:37:54,1076855874.0,rhi,19.23,25.22,1152.109985,4.69,20.529999999999998,0.003,582.56,1.99,5.17,0.32,0.39,0.68,0.86,11.695,3890000000.0,3550000000.0,0.00,2.99,1.80,N/A,1.80,714740000.0,6390000.0,6390000.0,0.039,98.20,22.30,344190000.0,2.01,2430000.0,3.231,4.43,120500000.0,1.024,41.01,87.58,8660000.0,12.499,8.58,7990000.0,outperform
3441,2011-11-15 05:33:48,1321353228.0,rhi,25.28,1.78,1257.810059,7.77,-5.989999999999999,0.21,28.97,1.05,4.85,3.61,6.03,10.63,16.09,25.87,3600000000.0,3600000000.0,18.37,0.88,0.99,13.23,0.99,1190000000.0,13.23,130030000.0,0.91,114.20,20.50,242730000.0,1.70,1690000.0,2.08,5.54,3600000000.0,1.40,5.19,94.30,8790000.0,4.20,6.40,9790000.0,underperform
3442,2005-02-10 04:36:27,1108028187.0,rhi,24.32,26.15,1197.01001,5.85,20.299999999999997,0.003,52.58,2.05,5.82,3.93,6.57,9.21,11.92,13.875,4950000000.0,4600000000.0,21.31,1.25,1.89,28.75,1.89,726740000.0,28.75,95780000.0,0.54,194.70,3.70,412570000.0,2.38,2360000.0,3.05,4.965,150320000.0,1.376,6.45,86.39,7200000.0,7.728,4.44,7070000.0,outperform
3443,2008-01-25 17:29:15,1201300155.0,rhi,20.32,-21.36,1330.609985,-36.85,15.490000000000002,0.004,13.40,0.87,3.95,6.53,10.42,20.02,29.72,27.746,3810000000.0,3560000000.0,N/A,N/A,0.79,6.645,0.79,1690000000.0,6.645,292770000.0,1.76,0.40,14.70,328660000.0,2.041,4110000.0000000005,2.252,6.107,389930000.0,1.29,19.90,69.60,4500000.0,3.6,3.00,4710000.0,outperform
3444,2006-08-13 13:33:06,1155490386.0,rhi,27.7,3.21,1271.810059,14.24,-11.030000000000001,0.004,20.89,1.51,3.96,7.16,11.44,19.38,27.13,21.999,5410000000.0,4880000000.0,N/A,0.98,1.33,10.201,1.33,1370000000.0,10.201,263209999.99999997,1.51,20.00,20.20,528460000.00000006,3.085,4290000.0,2.819,8.16,351700000.0,1.86,7.40,83.90,4540000.0,4.8,2.90,4490000.0,underperform
3445,2004-07-17 18:53:11,1090104791.0,ccl,35.25,19.86,1111.469971,10.35,9.51,N/A,25.07,4.51,N/A,17.18,20.37,6.10,10.81,10.472,38570000000.0,38570000000.0,17.44,1.49,4.50,15.55,4.50,2060000000.0,15.55,1470000000.0,1.822,9.70,3.70,N/A,N/A,N/A,N/A,N/A,1700000000.0,0.803,54.80,42.49,14790000.0,6.341,3.88,14610000.0,outperform
3446,2005-03-20 22:29:12,1111375752.0,ccl,42.9,-7.72,1190.209961,9.65,-17.37,0.505,24.42,4.82,2.83,19.06,22.34,7.11,12.62,11.437,46430000000.0,53720000000.0,16.92,1.46,5.52,N/A,5.52,4269999999.9999995,2990000000.0,1850000000.0,2.25,82.50,122.70,660000000.0,0.78,7950000000.0,0.343,19.601999,1700000000.0,0.746,54.79,53.45,15510000.0,4.425,4.05,14240000.0,underperform
3447,2004-08-03 23:51:37,1091591497.0,ccl,35.07,14.46,1099.689941,13.22,1.2400000000000002,N/A,25.06,4.57,N/A,17.18,20.37,6.10,10.81,10.472,38550000000.0,39180000000.0,17.43,1.51,4.57,15.8,4.57,2060000000.0,15.8,1470000000.0,1.822,9.70,3.70,N/A,N/A,N/A,N/A,N/A,1700000000.0,0.803,54.80,42.56,15830000.0,5.877,4.15,14790000.0,outperform
3448,2013-01-22 16:14:04,1358889244.0,ccl,36.42,9.99,1492.560059,23.6,-13.610000000000001,37.20,23.21,1.95,1.25,8.44,11.75,2.91,5.44,19.77,38380000000.0,38380000000.0,13.04,1.35,2.50,11.55,2.50,5490000000.0,11.55,1300000000.0,1.67,57.10,3.20,465000000.0,0.60,8900000000.0,0.25,30.84,N/A,1.43,35.69,30.50,11740000.0,3.10,2.80,11850000.0,underperform
3449,2005-04-05 02:33:25,1112682805.0,ccl,39.57,-6.57,1181.390015,11.02,-17.59,0.505,22.37,4.42,2.59,19.06,22.34,7.11,12.62,11.437,42520000000.0,50290000000.0,15.45,1.23,5.17,16.85,5.17,4269999999.9999995,16.85,1850000000.0,2.25,82.50,122.70,660000000.0,0.78,7950000000.0,0.343,19.601999,1700000000.0,0.746,54.79,53.36,14900000.0,5.79,3.89,15510000.0,underperform
3450,2010-03-31 19:32:49,1270078369.0,ccl,34.06,0.0,1169.430054,13.37,-13.37,N/A,18.23,2.31,1.44,12.74,15.67,3.77,8.40,17.011,40810000000.0,40810000000.0,N/A,1.08,3.05,11.922,3.05,5050000000.0,11.922,1710000000.0,2.13,32.70,8.10,753000000.0,0.954,10650000000.0,0.308,27.146999,N/A,1.35,35.33,70.00,9900000.0,2.4,N/A,9910000.0,underperform
3451,2009-10-02 00:09:36,1254456576.0,ccl,28.34,20.57,1025.209961,11.66,8.91,N/A,13.23,1.97,1.21,14.85,17.23,3.99,9.40,16.845,35300000000.0,35300000000.0,N/A,1.01,2.66,9.948,2.66,5610000000.0,9.948,1970000000.0,2.47,19.50,14.00,976000000.0,1.242,10110000000.0,0.363,27.43,N/A,1.35,30.05,71.30,12740000.0,2.9,1.90,11450000.0,outperform
3452,2004-12-09 01:00:52,1102572052.0,ccl,42.15,1.52,1189.23999,5.9,-4.380000000000001,0.491,25.53,4.98,2.87,18.98,22.57,6.99,12.39,11.277,46300000000.0,53200000000.0,20.36,1.85,5.72,18.57,5.72,2060000000.0,18.57,1770000000.0,2.145,9.70,3.70,594000000.0,0.7,7510000000.0,0.361,19.056,1700000000.0,0.821,54.81,53.34,14800000.0,6.007,3.87,16059999.999999998,underperform
3453,2013-04-23 05:21:35,1366708895.0,ccl,32.0,14.75,1578.780029,18.79,-4.039999999999999,40.00,17.49,1.68,1.10,9.58,12.16,3.01,6.25,19.80,34810000000.0,34810000000.0,12.66,1.16,2.26,10.20,2.26,5060000000.0,10.20,1470000000.0,1.90,N/A,0.30,477000000.0,0.62,9410000000.0,0.26,30.35,3080000000.0,1.44,0.06,29.40,8890000.0,1.50,2.50,13440000.0,underperform
3454,2004-11-29 18:23:39,1101770619.0,ccl,41.07,4.7,1178.569946,6.7,-2.0,0.491,24.73,4.81,2.77,18.98,22.57,6.99,12.39,11.277,44840000000.0,51610000000.0,19.72,1.78,5.55,18.01,5.55,2060000000.0,18.01,1770000000.0,2.145,9.70,3.70,594000000.0,0.7,7510000000.0,0.361,19.056,1700000000.0,0.815,54.81,53.43,14800000.0,6.007,3.87,16059999.999999998,underperform
3455,2012-01-22 01:33:51,1327214031.0,ccl,28.96,,1314.5,13.05,,39.24,13.04,1.57,1.04,12.11,14.28,3.70,8.16,20.07,33430000000.0,33430000000.0,11.27,1.38,2.12,8.86,2.12,5380000000.0,8.86,1910000000.0,2.42,12.50,1.50,450000000.0,0.58,9350000000.0,0.22,30.67,N/A,1.47,0.07,38.50,9480000.0,2.40,2.20,9800000.0,underperform
3456,2007-03-14 10:28:24,1173882504.0,ccl,36.42,-10.13,1387.170044,-5.17,-4.960000000000001,0.431,16.36,3.20,1.97,19.25,22.07,5.69,12.99,14.78,37870000000.0,44560000000.0,N/A,1.02,3.76,12.144,3.76,5050000000.0,12.144,2280000000.0,2.77,23.80,9.20,1160000000.0,1.391,7850000000.0,0.368,22.934999,3630000000.0,1.76,30.08,71.30,10420000.0,3.4,2.40,10860000.0,underperform
3457,2012-07-15 10:45:36,1342363536.0,ccl,29.61,17.06,1334.76001,26.05,-8.990000000000002,43.43,17.76,1.58,1.09,9.00,12.75,3.19,6.10,20.34,34370000000.0,34370000000.0,13.03,1.52,2.17,9.68,2.17,5490000000.0,9.68,1430000000.0,1.83,93.20,2.30,900000000.0,1.16,10000000000.0,0.30,29.56,3420000000.0,1.52,0.13,33.00,23480000.0,4.70,5.70,24970000.0,underperform
3458,2013-05-10 02:06:07,1368165967.0,ccl,33.52,14.95,1633.699951,14.97,-0.02000000000000135,40.00,18.58,1.79,1.17,9.58,12.16,3.01,6.25,19.80,36320000000.0,36320000000.0,13.55,1.21,2.36,10.65,2.36,5060000000.0,10.65,1470000000.0,1.90,N/A,0.30,477000000.0,0.62,9410000000.0,0.26,30.35,3080000000.0,1.43,0.06,29.40,9870000.0,1.70,2.80,8890000.0,underperform
3459,2004-02-15 13:24:06,1076869446.0,ccl,33.43,28.75,1152.109985,4.69,24.06,0.516,28.39,5.57,2.62,17.77,21.88,6.67,11.50,9.316,38000000000.0,43950000000.0,0.00,1.47,6.54,24.23,6.54,2060000000.0,24.23,1190000000.0,1.565,9.70,3.70,1050000000.0,1.23,7000000000.0,0.661,16.68,1700000000.0,0.828,55.58,41.06,14260000.0,6.319,3.75,12140000.0,outperform
3460,2004-05-21 18:29:17,1085178557.0,ccl,31.41,31.04,1093.560059,8.41,22.63,0.552,25.50,4.44,2.28,16.57,19.72,5.81,10.23,9.799,34390000000.0,41290000000.0,15.97,1.58,5.39,18.96,5.39,2060000000.0,18.96,1270000000.0,1.597,9.70,3.70,563000000.0,0.67,7830000000.0,0.451,17.683001,1700000000.0,0.848,54.80,42.62,19280000.0,6.394,5.05,16750000.0,outperform
3461,2007-09-22 10:24:02,1190471042.0,ccl,38.74,-13.66,1529.030029,-21.09,7.43,0.491,17.32,3.30,2.08,18.87,21.36,5.26,13.01,15.484,41190000000.0,48240000000.0,N/A,1.15,3.92,13.124,3.92,5050000000.0,13.124,2320000000.0,2.84,2.60,8.90,2069999999.9999998,2.477,9130000000.0,0.351,23.370001,3840000000.0,1.9,16.61,72.80,11320000.0,2.9,2.60,12780000.0,outperform
3462,2010-12-01 03:31:18,1291192278.0,tmo,50.54,-8.77,1206.069946,3.19,-11.959999999999999,14.06,20.89,1.87,1.32,9.32,12.22,3.86,6.56,26.65,21680000000.0,21680000000.0,12.72,1.17,2.00,10.27,2.00,4019999999.9999995,10.27,1010000000.0,2.44,21.40,6.00,939300000.0,2.36,2170000000.0,2.36,38.74,21680000000.0,0.74,0.13,92.40,5120000.0,1.70,1.30,4950000.0,underperform
3463,2010-08-08 15:11:39,1281294699.0,tmo,44.11,11.15,1125.810059,-0.56,11.71,N/A,19.91,1.72,1.20,9.02,12.00,3.78,6.33,26.16,19560000000.0,19560000000.0,11.80,1.17,1.83,9.42,1.83,4019999999.9999995,9.42,962000000.0,2.30,14.70,6.60,1320000000.0,3.22,2140000000.0000002,2.69,37.49,19560000000.0,0.68,0.11,92.80,4730000.0,1.20,1.20,7900000.0,outperform
3464,2013-05-17 00:54:52,1368766492.0,tmo,85.53,35.86,1667.469971,13.26,22.6,45.63,25.24,2.44,1.98,9.78,13.10,3.82,8.54,34.98,36420000000.0,36420000000.0,14.47,1.51,2.88,13.76,2.88,5300000000.0,13.76,1320000000.0,3.39,21.20,4.40,1010000000.0,2.81,7120000000.0,2.23,43.46,1950000000.0,0.93,0.17,90.30,3280000.0,0.90,1.20,3480000.0,outperform
3465,2005-01-19 17:32:54,1106173974.0,tmo,28.09,13.42,1184.630005,8.48,4.9399999999999995,0.1,26.41,2.16,1.93,8.37,10.40,5.41,7.63,12.916,4610000000.0,4520000000.0,19.60,1.55,2.08,18.48,2.08,948020000.0,18.48,182060000.0,1.091,35.40,0.50,425900000.0,2.66,243820000.0,2.162,15.206,289550000.0,1.204,0.03,83.28,1570000.0,1.779,0.98,1120000.0,outperform
3466,2004-09-27 06:53:33,1096282413.0,tmo,26.05,14.4,1103.52002,10.16,4.24,0.106,25.19,2.08,1.82,8.37,9.76,5.33,7.63,12.581,4390000000.0,4280000000.0000005,18.54,1.45,2.01,19.22,2.01,948020000.0,19.22,178410000.0,1.067,35.40,0.50,371780000.0,2.28,259600000.00000003,2.03,14.901,255660000.0,1.177,0.66,84.22,1460000.0,1.276,0.90,1390000.0,outperform
3467,2011-12-24 06:00:08,1324724408.0,tmo,43.78,47.26,1243.719971,16.08,31.18,46.95,13.34,1.50,1.14,11.61,12.98,3.85,6.87,29.88,23490000000.0,23490000000.0,9.64,0.86,2.04,10.12,2.04,4440000000.0,10.12,1050000000.0,3.43,1.20,13.10,898300000.0,2.38,7130000000.0,1.69,40.17,1490000000.0,0.45,0.14,90.90,4620000.0,1.20,1.20,4179999.9999999995,outperform
3468,2011-10-12 06:43:55,1318416235.0,tmo,53.58,9.03,1207.25,18.69,-9.660000000000002,25.71,15.91,1.79,1.28,12.00,12.87,3.97,6.74,28.59,22660000000.0,22660000000.0,10.93,0.88,2.03,10.22,2.03,4440000000.0,10.22,1040000000.0,3.38,120.60,11.60,1360000000.0,3.57,4030000000.0000005,2.76,41.02,22660000000.0,0.80,0.14,90.90,5050000.0,1.60,N/A,4810000.0,underperform
3469,2005-02-07 02:14:45,1107760485.0,tmo,27.79,17.2,1201.719971,4.42,12.78,0.09,21.03,1.97,1.76,9.90,10.77,6.32,8.84,13.159,4430000000.0,4160000000.0,16.79,1.27,1.89,15.98,1.89,948020000.0,15.98,218370000.0,1.32,35.40,0.50,512260000.0,3.2,241090000.0,2.509,15.206,289550000.0,1.204,0.03,83.22,1600000.0,1.957,1.00,1570000.0,outperform
3470,2004-10-23 05:48:27,1098524907.0,tmo,26.24,12.08,1103.660034,6.72,5.36,0.106,24.55,2.05,1.79,8.37,9.76,5.33,7.63,12.581,4280000000.0000005,4250000000.0,18.07,1.44,1.99,19.08,1.99,948020000.0,19.08,178410000.0,1.067,35.40,0.50,371780000.0,2.28,259600000.00000003,2.03,14.901,255660000.0,1.151,0.66,84.03,N/A,1.147,0.50,1460000.0,outperform
3471,2007-02-13 00:08:46,1171343326.0,tmo,46.0,21.83,1444.26001,-5.33,27.159999999999997,0.035,57.30,2.03,0.55,4.46,9.63,1.97,1.99,19.339,7510000000.0,N/A,N/A,1.26,N/A,N/A,N/A,1190000000.0,N/A,166320000.0,0.829,55.10,125.30,691200000.0,4.374,483300000.0,1.7,88.182999,N/A,1.8,6.51,38.20,13680000.0,4.5,8.70,14990000.0,outperform
3472,2007-04-30 17:24:14,1177968254.0,ntri,43.85,-67.64,1482.369995,-6.17,-61.47,0.001,27.24,3.29,19.97,14.98,23.25,56.38,75.92,15.872,2140000000.0000002,1890000000.0,N/A,0.74,3.33,13.464,3.33,296810000.0,13.464,85130000.0,2.29,212.60,91.90,82250000.0,2.289,0.001,3.591,3.169,65640000.0,2.32,36.12,115.60,13470000.0,5.2,40.50,10980000.0,underperform
3473,2007-02-17 03:38:34,1171701514.0,ntri,31.03,-43.28,1455.300049,-7.31,-35.97,0.002,25.43,3.50,15.39,14.24,22.32,60.27,83.28,14.148,1740000000.0,1670000000.0,N/A,0.51,3.30,14.22,3.30,103080000.0,14.22,71790000.0,1.93,225.20,140.60,101720000.0,2.866,0.002,3.451,3.236,85720000.0,1.86,34.61,108.10,9430000.0,7.5,28.90,12360000.0,underperform
3474,2012-07-29 03:12:45,1343545965.0,ntri,9.03,19.16,1360.02002,23.92,-4.760000000000002,42.31,68.87,0.74,4.21,1.12,1.81,3.05,6.14,14.87,254310000.0,254310000.0,14.76,1.73,0.63,13.59,0.63,202930000.0,13.59,4090000.0,0.15,61.80,7.30,70530000.0,2.47,30000000.0,2.50,2.48,38540000.0,0.17,4.13,80.80,4950000.0,16.80,18.00,4880000.0,underperform
3475,2007-03-04 23:32:07,1173069127.0,ntri,31.72,-69.04,1403.170044,-5.12,-63.92000000000001,0.001,19.04,2.84,11.07,14.98,23.25,56.38,75.92,15.872,1570000000.0,1490000000.0,N/A,0.50,2.62,10.57,2.62,296810000.0,10.57,85130000.0,2.293,212.60,91.90,82250000.0,2.289,0.001,3.591,4.05,65640000.0,1.79,34.12,114.10,10980000.0,3.2,33.20,9430000.0,underperform
3476,2007-05-01 19:22:39,1178061759.0,ntri,43.32,-67.22,1486.300049,-6.78,-60.44,0.002,31.63,3.22,19.56,14.24,22.32,60.27,83.28,14.148,2089999999.9999998,1500000000.0,N/A,0.65,2.97,12.765,2.97,103080000.0,12.765,71790000.0,1.93,225.20,140.60,101720000.0,2.866,0.002,3.451,3.169,85720000.0,1.86,27.47,125.40,9430000.0,7.5,30.40,12360000.0,underperform
3477,2007-01-13 10:45:17,1168703117.0,ntri,47.17,-62.52,1414.849976,0.39,-62.910000000000004,0.002,35.35,4.74,20.83,14.24,22.32,60.27,83.28,14.148,2420000000.0,2320000000.0,N/A,1.01,4.59,19.774,4.59,103080000.0,19.774,71790000.0,1.93,225.20,140.60,101720000.0,2.866,0.002,3.451,3.236,85720000.0,2.06,27.47,123.00,12360000.0,39.90,39.90,13070000.0,underperform
3478,2007-05-27 07:38:37,1180265917.0,ntri,,,1507.51001,-8.73,,N/A,23.85,3.33,20.15,15.26,23.73,62.32,95.00,18.474,2230000000.0,2170000000.0,N/A,0.74,3.28,13.167,3.28,296810000.0,13.167,100660000.0,2.73,69.50,62.40,69260000.0,2.016,N/A,2.438,3.173,103340000.0,1.74,36.12,118.80,14390000.0,10.4,45.50,13470000.0,underperform
3479,2007-06-22 07:14:10,1182510850.0,ntri,47.25,-75.17,1502.560059,-10.96,-64.21000000000001,N/A,24.73,3.49,21.10,15.26,23.73,62.32,95.00,18.474,2320000000.0,2250000000.0,N/A,0.78,3.41,13.666,3.41,296810000.0,13.666,100660000.0,2.73,69.50,62.40,69260000.0,2.016,N/A,2.438,3.173,103340000.0,1.62,36.12,136.90,12980000.0,8.3,40.90,14390000.0,underperform
3480,2012-04-22 16:26:13,1335126373.0,ntri,9.34,-26.12,1376.920044,13.48,-39.6,40.02,25.67,0.75,4.01,3.06,4.77,7.96,16.36,14.85,273980000.0,273980000.0,15.55,1.73,0.68,8.78,0.68,202930000.0,8.78,11800000.0,0.43,N/A,23.90,57610000.0,2.11,30000000.0,2.88,2.74,47330000.0,0.04,4.00,82.70,5010000.0,5.00,N/A,6190000.0,underperform
3481,2007-04-27 00:26:09,1177647969.0,ntri,44.76,-66.62,1494.069946,-7.64,-58.980000000000004,0.001,26.23,3.68,14.38,14.98,23.25,56.38,75.92,15.872,2160000000.0,1890000000.0,N/A,0.74,3.33,13.464,3.33,296810000.0,13.464,85130000.0,2.29,212.60,91.90,82250000.0,2.289,0.001,3.591,4.05,65640000.0,2.32,36.12,115.60,13470000.0,5.2,40.50,10980000.0,underperform
3482,2007-05-26 23:29:52,1180236592.0,ntri,44.63,-67.4,1522.280029,-8.4,-59.00000000000001,N/A,23.85,3.33,20.15,15.26,23.73,62.32,95.00,18.474,2230000000.0,2170000000.0,N/A,0.74,3.28,13.167,3.28,296810000.0,13.167,100660000.0,2.73,69.50,62.40,69260000.0,2.016,N/A,2.438,3.173,103340000.0,1.74,36.12,118.80,14390000.0,10.4,45.50,13470000.0,underperform
3483,2009-10-11 02:19:10,1255241950.0,ntri,12.65,16.28,1065.47998,9.37,6.910000000000002,N/A,18.36,0.90,3.93,4.87,9.94,20.65,21.57,19.396,454930000.0,454930000.0,N/A,1.00,0.80,6.788,0.80,349080000.0,6.788,27940000.0,0.93,60.00,32.10,73740000.0,2.384,N/A,3.442,4.253,72990000.0,1.08,7.98,89.00,7510000.0,27.9,26.50,6250000.0,outperform
3484,2007-04-29 14:59:42,1177873182.0,ntri,42.54,-66.57,1494.25,-6.55,-60.019999999999996,0.007,23.21,3.13,18.98,15.26,23.73,62.74,95.00,18.474,2170000000.0,2100000000.0,N/A,0.75,3.19,12.706,3.19,296810000.0,12.706,100660000.0,2.73,69.50,62.40,69260000.0,2.018,0.007,2.438,3.169,103340000.0,2.32,36.12,115.60,13470000.0,5.2,40.50,10980000.0,underperform
3485,2010-11-07 09:01:11,1289138471.0,ntri,16.36,-42.73,1221.060059,3.28,-46.01,N/A,22.83,1.05,5.37,5.33,9.19,17.98,23.15,18.07,468590000.0,468590000.0,15.70,1.04,0.88,7.57,0.88,284040000.0,7.57,26860000.0,0.91,43.40,8.10,88930000.0,3.31,0.00,2.57,3.88,468590000.0,0.90,16.09,108.60,7990000.0,29.80,29.90,8140000.000000001,underperform
3486,2007-02-25 00:38:25,1172381905.0,ntri,32.38,-66.15,1456.380005,-5.81,-60.34,0.001,19.90,2.89,11.30,14.98,23.25,54.13,75.92,15.872,1640000000.0,1560000000.0,N/A,0.53,2.74,11.508,2.74,103080000.0,11.508,85130000.0,2.29,212.60,91.90,82250000.0,2.293,0.001,3.591,4.05,65640000.0,1.86,34.61,108.10,9430000.0,7.5,28.90,12360000.0,underperform
3487,2007-07-17 11:19:55,1184685595.0,ntri,49.8,-76.22,1549.369995,-19.62,-56.599999999999994,N/A,26.74,3.80,22.98,15.26,23.73,62.32,95.00,18.474,2510000000.0,2440000000.0,N/A,0.86,3.69,14.813,3.69,296810000.0,14.813,100660000.0,2.73,69.50,62.40,69260000.0,2.016,N/A,2.438,3.173,103340000.0,1.96,36.12,136.90,11270000.0,10.5,35.50,12980000.0,underperform
3488,2008-10-29 00:29:52,1225254592.0,ntri,9.24,77.81,930.090027,14.62,63.190000000000005,N/A,6.53,0.49,2.70,8.46,13.65,32.15,43.38,22.382,375470000.0,287730000.0,N/A,0.35,0.41,2.745,0.41,412890000.0,2.745,61050000.0,1.86,39.20,13.60,58050000.0,1.877,N/A,2.935,4.147,69210000.0,2.66,10.00,123.90,14790000.0,9.1,54.90,17650000.0,outperform
3489,2012-10-17 14:04:51,1350497091.0,ntri,9.2,56.52,1460.910034,18.63,37.89,42.44,64.65,0.69,3.96,1.12,3.51,5.93,6.14,14.87,240600000.0,240600000.0,14.69,1.77,0.59,9.39,0.59,202930000.0,9.39,4330000.0,0.16,61.80,7.30,70530000.0,2.57,30090000.0,2.50,2.58,38540000.0,0.18,3.71,79.20,4490000.0,30.90,16.30,4630000.0,outperform
3490,2007-02-19 00:47:06,1171864026.0,ntri,,,1455.540039,-7.33,,0.001,21.37,3.14,12.29,14.98,23.25,54.13,75.92,15.872,1760000000.0,1680000000.0,N/A,0.56,2.95,12.4,2.95,103080000.0,12.4,85130000.0,2.29,212.60,91.90,82250000.0,2.293,0.001,3.591,4.05,65640000.0,1.86,34.61,108.10,9430000.0,7.5,28.90,12360000.0,underperform
3491,2013-04-26 11:30:26,1366990226.0,ntri,7.34,91.83,1582.23999,18.53,73.3,N/A,N/A,0.56,3.69,0.71,0.34,0.67,4.15,14.43,187190000.0,187190000.0,17.02,1.83,0.47,15.53,0.47,183780000.0,15.53,2810000.0,0.10,N/A,6.50,19390000.0,0.70,0.00,1.90,2.17,22790000.0,0.19,3.58,80.50,3490000.0,10.10,12.60,3290000.0,outperform
3492,2007-04-07 06:28:11,1175941691.0,ntri,38.62,-72.14,1439.369995,-4.87,-67.27,0.001,24.04,3.45,13.48,14.98,23.25,56.38,75.92,15.872,1980000000.0,1900000000.0,N/A,0.69,3.34,13.495,3.34,296810000.0,13.495,85130000.0,2.29,212.60,91.90,82250000.0,2.289,0.001,3.591,4.05,65640000.0,2.32,36.12,115.10,13470000.0,5.2,40.70,10980000.0,underperform
3493,2007-10-11 03:00:58,1192086058.0,ntri,22.05,-50.7,1554.410034,-42.15,-8.550000000000004,N/A,10.44,1.57,9.00,15.45,24.06,66.06,87.38,20.996,1130000000.0,1080000000.0,N/A,0.46,1.45,5.892,1.45,296810000.0,5.892,114420000.0,3.15,69.50,61.00,82550000.0,2.413,N/A,3.483,3.766,118850000.0,1.91,15.58,116.90,14170000.0,12.5,44.80,11790000.0,underperform
3494,2007-05-02 21:53:22,1178157202.0,ntri,43.93,-67.11,1495.920044,-5.79,-61.32,0.007,22.78,3.11,18.88,15.26,23.73,62.74,95.00,18.474,2130000000.0,2029999999.9999998,N/A,0.74,3.08,12.283,3.08,296810000.0,12.283,100660000.0,2.73,69.50,62.40,69260000.0,2.018,0.007,2.438,3.169,103340000.0,1.74,36.12,115.60,14390000.0,10.4,43.30,13470000.0,underperform
3495,2011-07-18 05:02:07,1310979727.0,cce,25.91,-1.35,1305.439941,4.46,-5.8100000000000005,79.70,15.76,1.30,2.84,8.65,11.93,6.32,19.17,20.95,11410000000.0,11410000000.0,11.94,1.36,1.62,10.22,1.62,2480000000.0,10.22,610000000.0,1.79,11.70,22.30,321000000.0,0.99,2570000000.0,1.35,9.93,11410000000.0,1.29,0.08,82.90,2320000.0,0.70,0.70,2850000.0,underperform
3496,2007-01-15 03:10:07,1168848607.0,cce,,,1430.72998,-3.48,,1.6,19.74,0.52,1.58,2.62,7.83,3.73,8.42,41.143,10040000000.0,20180000000.0,N/A,1.98,1.04,7.839,1.04,7520000000.0,7.839,511000000.0,1.07,10.90,6.30,120000000.0,0.251,10250000000.0,1.063,13.412,1370000000.0,1.01,6.16,41.70,10120000.0,4.5,2.30,10120000.0,underperform
3497,2012-11-18 13:45:54,1353264354.0,cce,28.35,44.16,1353.329956,32.38,11.779999999999994,120.21,13.16,1.06,2.98,8.58,12.38,6.56,23.05,26.77,11150000000.0,11150000000.0,11.67,1.55,1.39,8.53,1.39,3030000000.0,8.53,690000000.0,2.25,7.40,3.30,805000000.0,2.80,3440000000.0,1.41,9.98,892000000.0,0.83,6.42,81.50,4030000.0000000005,1.90,1.30,4860000.0,outperform
3498,2008-10-28 19:21:46,1225236106.0,cce,5.66,108.48,940.51001,10.86,97.62,3.807,N/A,0.20,1.69,12.69,7.00,4.26,72.87,44.486,4450000000.0,13820000000.0,N/A,1.27,0.64,5.37,0.64,7980000000.0,5.37,2730000000.0,5.645,N/A,4.80,135000000.0,0.277,9670000000.0,0.815,5.207,1630000000.0,0.64,44.34,52.40,11490000.0,2.8,2.50,11960000.0,outperform
3499,2006-07-18 14:12:37,1153246357.0,cce,12.42,14.09,1236.859985,25.01,-10.920000000000002,1.852,20.48,0.52,1.71,2.57,8.19,3.78,8.80,39.928,9860000000.0,20110000000.0,N/A,1.95,1.07,7.781,1.07,7520000000.0,7.781,484000000.0,1.01,65.20,3.10,126000000.0,0.266,10530000000.0,0.952,11.986,1750000000.0,1.18,6.21,40.90,4720000.0,3.5,1.10,4440000.0,underperform
3500,2005-01-28 16:54:57,1106949297.0,cce,12.63,-11.8,1171.359985,7.97,-19.77,2.188,15.66,0.57,2.02,3.56,8.58,2.51,14.10,38.438,10040000000.0,21220000000.0,16.08,1.88,1.17,7.93,1.17,7160000000.0,7.93,643000000.0,1.366,36.80,2.60,131000000.0,0.28,11110000000.0,0.989,10.822,1820000000.0,0.025,48.98,40.27,5920000.0,4.942,2.47,5420000.0,underperform
3501,2006-10-23 12:40:03,1161621603.0,cce,12.43,18.1,1377.02002,10.35,7.750000000000002,1.753,20.36,0.52,1.61,2.56,8.12,3.73,8.45,40.561,9920000000.0,20700000000.0,N/A,1.83,1.08,7.962,1.08,7520000000.0,7.962,490000000.0,1.02,1.80,6.40,161000000.0,0.339,10810000000.0,1.099,12.972,1430000000.0,1.15,6.19,41.80,5530000.0,3.8,1.30,4680000.0,outperform
3502,2004-05-18 09:52:31,1084888351.0,cce,15.64,-20.4,1091.48999,8.62,-29.019999999999996,2.605,16.57,0.71,2.77,4.20,9.51,2.97,18.66,38.73,12690000000.0,24330000000.0,16.07,1.77,1.36,8.71,1.36,7160000000.0,8.71,751000000.0,1.629,36.80,2.60,69000000.0,0.15,11710000000.0,0.785,9.754,1800000000.0,0.082,48.99,37.36,6750000.0,6.711,2.82,6510000.0,underperform
3503,2012-11-14 04:24:36,1352885076.0,cce,28.33,45.11,1355.48999,32.1,13.009999999999998,120.21,13.37,1.09,3.06,8.58,12.38,6.56,23.05,26.77,11400000000.0,11400000000.0,11.85,1.59,1.42,8.72,1.42,3030000000.0,8.72,690000000.0,2.25,7.40,3.30,805000000.0,2.80,3440000000.0,1.41,9.98,892000000.0,0.83,6.42,81.50,4030000.0000000005,1.90,1.30,4860000.0,outperform
3504,2008-06-03 03:30:19,1212478219.0,cce,11.72,-9.22,1377.650024,-32.37,23.15,1.698,13.80,0.46,1.72,3.31,7.31,4.07,13.74,44.041,9650000000.0,19450000000.0,N/A,1.69,0.92,7.437,0.92,7980000000.0,7.437,704000000.0,1.44,46.70,7.10,60000000.0,0.123,9690000000.0,0.758,11.711,1660000000.0,0.65,38.57,53.90,12770000.0,3.8,2.70,14920000.0,outperform
3505,2006-06-29 06:02:58,1151575378.0,cce,11.76,21.85,1272.869995,18.11,3.740000000000002,1.852,19.30,0.49,1.63,2.57,8.19,3.78,8.80,39.928,9290000000.0,19690000000.0,N/A,1.89,1.05,7.617,1.05,7520000000.0,7.617,484000000.0,1.01,65.20,3.10,126000000.0,0.266,10530000000.0,0.952,11.986,1750000000.0,1.19,6.21,41.00,4720000.0,3.5,1.10,4440000.0,outperform
3506,2007-12-15 04:42:26,1197711746.0,cce,15.57,-59.28,1486.589966,-41.24,-18.04,1.822,N/A,0.64,2.41,5.67,7.51,3.81,19.63,42.592,12850000000.0,22690000000.0,N/A,2.40,1.11,8.808,1.11,7820000000.0,8.808,1160000000.0,2.42,25.80,3.60,130000000.0,0.268,9820000000.0,1.057,11.112,1610000000.0,0.64,44.60,52.40,12860000.0,6.4,2.90,12410000.0,underperform
3507,2003-11-03 14:07:25,1067886445.0,cce,11.82,3.72,1059.02002,6.76,-3.0399999999999996,2.937,14.88,0.51,2.26,3.50,8.28,2.50,17.45,38.867,9120000000.0,20870000000.0,14.40,1.30,1.17,14.09,1.17,6470000000.0,14.09,623000000.0,1.355,N/A,7.60,172000000.0,0.38,11880000000.0,0.825,8.91,N/A,0.169,48.90,36.17,6890000.0,5.623,2.98,6410000.0,underperform
3508,2013-05-21 16:44:13,1369169053.0,cce,36.89,22.66,1669.160034,13.11,9.55,147.53,18.04,1.31,4.64,7.82,12.59,7.01,24.16,27.93,13590000000.0,13590000000.0,13.59,1.51,1.69,10.28,1.69,2900000000.0,10.28,629000000.0,2.13,44.00,1.00,223000000.0,0.81,3340000000.0,0.96,8.26,1090000000.0,0.77,6.65,83.00,3470000.0,1.30,1.30,3240000.0,outperform
3509,2008-12-26 22:24:45,1230348285.0,cce,7.24,83.43,872.7999880000001,28.39,55.040000000000006,3.717,N/A,0.26,2.27,12.74,6.83,4.32,70.38,45.114,5780000000.0,14750000000.0,N/A,5.43,0.68,5.756,0.68,7980000000.0,5.756,2790000000.0,5.75,20.10,6.30,383000000.0,0.785,9390000000.0,0.761,5.179,1670000000.0,1.36,44.34,52.60,8560000.0,1.80,1.80,9490000.0,outperform
3510,2013-04-22 18:49:03,1366670943.0,aiz,45.46,44.28,1562.5,20.29,23.990000000000002,20.58,8.24,0.43,0.71,5.69,9.62,1.83,9.62,100.96,3530000000.0,3530000000.0,8.07,0.83,0.42,3.75,0.42,2220000000.0,3.75,483700000.0,5.67,84.30,2.50,1210000000.0,15.36,1070000000.0000001,0.68,65.92,679700000.0,0.87,0.80,96.60,3510000.0,3.80,4.50,3810000.0,outperform
3511,2013-05-07 11:26:28,1367940388.0,aiz,46.67,40.39,1625.959961,15.51,24.880000000000003,32.09,9.07,0.45,0.74,5.10,9.02,1.71,8.62,104.61,5470000000.0,5470000000.0,8.23,0.89,0.64,6.09,0.64,2220000000.0,6.09,438230000.0,5.29,27.90,3.70,N/A,N/A,1670000000.0,0.69,65.10,N/A,0.87,0.80,96.60,3360000.0,3.70,4.30,3510000.0,outperform
3512,2010-04-06 18:32:13,1270593133.0,aiz,32.42,11.88,1189.439941,12.28,-0.3999999999999986,N/A,9.76,0.48,0.86,4.95,10.05,2.17,10.06,73.71,3170000000.0,3170000000.0,N/A,1.00,0.36,3.207,0.36,N/A,3.207,430570000.0,3.634,93.50,1.70,1960000000.0,16.83,980220000.0,0.664,41.605999,269920000.0,1.62,0.67,95.20,1340000.0,0.9,N/A,N/A,underperform
3513,2006-05-23 20:17:02,1148429822.0,aiz,42.14,22.8,1256.579956,21.14,1.6600000000000001,0.264,12.51,0.83,1.72,6.97,10.34,2.00,14.34,56.736,6300000000.0,6340000000.0,N/A,1.18,0.84,7.603,0.84,7500000000.0,7.603,525880000.0,3.91,42.00,3.60,912890000.0,7.077,971710000.0,0.631,28.25,845880000.0,1.57,18.10,86.10,2570000.0,3.9,2.00,2780000.0,outperform
3514,2006-11-08 14:58:09,1163015889.0,aiz,48.28,16.18,1385.719971,6.43,9.75,0.257,11.85,0.89,1.86,7.77,11.83,2.27,16.07,60.124,6910000000.0,7880000000.0,N/A,1.22,1.02,8.132,1.02,7500000000.0,8.132,600410000.0,4.62,50.90,5.60,N/A,N/A,971750000.0,0.585,29.5,N/A,1.3,18.49,86.90,2680000.0,5.8,2.10,2990000.0,outperform
3515,2009-11-03 08:25:16,1257254716.0,aiz,27.15,34.36,1045.410034,14.59,19.77,N/A,5.83,0.40,0.72,6.88,10.31,2.21,13.90,74.181,4490000000.0,4490000000.0,N/A,0.84,0.51,4.532,0.51,8600000000.0,4.532,601070000.0,5.09,N/A,10.40,N/A,N/A,980190000.0,0.565,41.490002,N/A,1.71,4.12,96.90,1230000.0,1.1,1.00,1750000.0,outperform
3516,2011-05-08 22:34:13,1304908453.0,aiz,36.02,-0.17,1335.099976,2.58,-2.75,20.48,15.86,0.47,0.83,3.14,11.19,2.22,5.43,78.67,4900000000.0,4900000000.0,7.23,0.87,0.58,4.58,0.58,2490000000.0,4.58,263700000.0,2.45,9.80,6.10,N/A,N/A,972190000.0,0.70,46.91,4900000000.0,1.53,0.67,98.70,1000000.0,0.90,1.00,1090000.0,underperform
3517,2011-07-31 11:16:28,1312125388.0,aiz,33.5,3.04,1300.670044,6.51,-3.4699999999999998,19.94,14.07,0.41,0.74,3.18,9.83,1.93,5.34,80.62,4450000000.0,4450000000.0,6.50,0.77,0.54,4.68,0.54,2490000000.0,4.68,264880000.0,2.53,0.70,3.60,N/A,N/A,972220000.0,0.72,48.48,4450000000.0,1.59,0.67,98.70,1090000.0,1.10,1.10,1020000.0,underperform
3518,2008-01-23 20:26:27,1201137987.0,aiz,58.24,-59.32,1338.599976,-38.18,-21.14,0.246,10.31,0.89,1.90,9.34,14.22,2.90,20.33,69.433,7760000000.0,N/A,N/A,1.03,N/A,N/A,N/A,N/A,N/A,785430000.0,6.39,23.70,8.30,1130000000.0,9.623,971830000.0,0.568,33.278999,1150000000.0,0.86,0.41,89.90,6110000.0,5.9,5.20,5360000.0,underperform
3519,2005-01-31 23:37:39,1107232659.0,aiz,27.74,42.36,1181.27002,8.36,34.0,0.271,26.77,0.60,1.25,2.54,3.55,0.80,5.90,56.344,4550000000.0,4700000000.0,11.10,1.26,0.64,N/A,0.64,7070000000.0,N/A,186800000.0,1.215,N/A,N/A,692370000.0,4.95,971590000.0,N/A,25.245001,N/A,N/A,45.91,61.21,N/A,1.575,1.15,N/A,outperform
3520,2007-11-04 02:11:09,1194160269.0,aiz,54.06,-58.53,1508.439941,-35.94,-22.590000000000003,0.253,10.76,0.90,1.95,9.09,13.86,2.84,20.18,67.061,7690000000.0,7390000000.0,N/A,1.12,0.90,5.957,0.90,8070000000.0,5.957,749550000.0,6.00,10.00,5.90,1270000000.0,10.695,971820000.0,0.59,31.818001,1130000000.0,1.4,19.62,84.90,3630000.0,4.4,3.10,3380000.0,underperform
3521,2008-01-29 03:01:48,1201593708.0,aiz,56.51,-54.17,1362.300049,-35.84,-18.33,0.246,10.07,0.90,1.93,9.34,14.22,2.90,20.33,69.433,7580000000.0,7400000000.0,N/A,1.04,0.88,5.712,0.88,8070000000.0,5.712,785430000.0,6.39,23.70,8.30,1130000000.0,9.623,971830000.0,0.568,33.278999,1150000000.0,0.86,0.41,88.50,6110000.0,5.9,5.20,5360000.0,underperform
3522,2005-02-16 10:35:03,1108568103.0,aiz,28.56,35.75,1210.339966,6.53,29.22,0.271,13.32,0.65,1.36,4.73,3.55,1.49,10.71,53.451,4730000000.0,5010000000.0,11.45,1.36,0.68,N/A,0.68,7070000000.0,N/A,350560000.0,2.54,N/A,N/A,692370000.0,4.95,971590000.0,N/A,25.245001,N/A,N/A,45.91,61.32,N/A,1.575,1.15,N/A,outperform
3523,2005-12-25 21:45:53,1135565153.0,aiz,37.24,29.4,1268.119995,11.25,18.15,0.263,14.03,0.76,1.57,5.72,9.56,1.83,11.79,54.313,5660000000.0,5600000000.0,N/A,1.23,0.75,7.363,0.75,7400000000.0,7.363,428440000.0,3.08,34.00,2.50,1030000000.0,7.859,971670000.0,0.665,27.650999,890590000.0,N/A,0.20,84.40,2790000.0,2.10,2.10,3370000.0,outperform
3524,2007-04-13 11:17:08,1176477428.0,aiz,48.66,11.14,1452.849976,-6.77,17.91,0.252,10.03,0.85,1.79,8.97,13.59,2.69,18.89,63.072,6830000000.0,6500000000.0,N/A,1.15,0.81,5.51,0.81,8070000000.0,5.51,715870000.0,5.57,84.20,13.60,1300000000.0,10.64,971770000.0,0.625,31.256001,923000000.0,1.29,19.02,86.10,2110000.0,2.8,1.70,2250000.0,outperform
3525,2004-08-03 22:54:02,1091588042.0,phm,26.4,70.15,1099.689941,13.22,56.93000000000001,0.785,9.71,0.71,1.91,7.22,11.31,8.98,21.40,78.962,7020000000.0,10050000000.0,6.53,0.53,1.00,8.71,1.00,1090000000.0,8.71,728570000.0,5.70,37.70,21.10,90320000.0,0.71,2990000000.0,N/A,29.464001,273980000.0,1.003,25.77,71.58,4820000.0,3.872,5.12,6400000.0,outperform
3526,2007-10-20 00:01:58,1192852918.0,phm,13.29,-21.07,1541.23999,-38.59,17.520000000000003,0.706,N/A,0.30,0.59,3.47,2.09,1.21,6.64,47.062,3500000000.0,7680000000.0,N/A,N/A,0.65,22.826,0.65,1150000000.0,22.826,410070000.0,1.64,N/A,39.80,74650000.0,0.292,4210000000.0,4.539,23.33,793160000.0,2.23,16.74,81.90,26500000.0,5.5,12.50,27060000.0,outperform
3527,2004-12-10 07:30:49,1102681849.0,phm,28.46,36.19,1188.0,5.84,30.349999999999998,0.906,8.95,0.66,1.72,7.75,12.06,9.54,22.79,82.638,7320000000.0,10670000000.0,6.65,0.49,1.00,7.96,1.00,1090000000.0,7.96,826680000.0,6.406,37.70,21.10,116410000.0,0.91,3720000000.0,N/A,32.162998,1060000000.0,1.05,25.76,69.39,5300000.0,2.929,5.60,5180000.0,outperform
3528,2009-01-22 23:21:40,1232684500.0,phm,10.38,-3.18,827.5,31.93,-35.11,1.101,N/A,0.36,0.86,26.74,4.51,2.22,48.45,29.68,2720000000.0,5060000000.0,N/A,N/A,0.67,12.15,0.67,613570000.0,12.15,2029999999.9999998,7.938,N/A,36.90,1170000000.0,4.559,3500000000.0,4.062,12.363,1660000000.0,0.63,16.59,78.80,28400000.0,4.7,13.30,29520000.0,underperform
3529,2013-05-16 21:53:50,1368755630.0,phm,22.97,-18.42,1650.469971,13.78,-32.2,114.40,30.01,1.82,4.08,5.87,6.43,3.01,14.25,13.34,10000000000.0,10000000000.0,14.41,0.49,1.96,27.95,1.96,756160000.0,27.95,299570000.0,0.78,N/A,32.00,1600000000.0,4.13,2600000000.0,3.06,5.87,916070000.0,2.24,10.23,82.20,26950000.0,2.60,7.90,23230000.0,underperform
3530,2003-11-12 17:48:19,1068677299.0,phm,21.21,26.54,1058.530029,10.86,15.68,0.863,10.19,0.64,1.71,6.40,10.05,7.69,18.90,135.77,5490000000.0,7760000000.0,7.79,0.74,0.92,8.77,0.92,1540000000.0,8.77,541380000.0,8.689,50.50,38.80,312150000.0,5.03,2720000000.0,N/A,50.82,N/A,0.941,24.42,71.62,2850000.0,4.041,6.08,2330000.0,outperform
3531,2011-12-30 06:15:05,1325243705.0,phm,6.21,181.8,1257.599976,12.9,168.9,175.88,N/A,0.56,1.18,9.60,0.57,0.18,18.47,10.69,4520000000.0,4520000000.0,31.55,2.38,1.11,371.15,1.11,509350000.0,371.15,389640000.0,1.03,N/A,8.00,1140000000.0,2.99,3380000000.0,3.38,5.03,382060000.0,1.66,11.65,87.90,28130000.0,2.20,10.00,28130000.0,outperform
3532,2007-02-20 00:47:09,1171950429.0,phm,31.2,-53.94,1459.680054,-6.83,-47.11,0.662,12.17,0.59,1.28,4.82,9.61,6.54,11.00,55.177,8330000000.0,12130000000.0,N/A,2.98,0.85,8.371,0.85,2200000000.0,8.371,689650000.0,2.66,N/A,14.50,551290000.0,2.14,4350000000.0,3.702,25.533001,N/A,14.53,16.73,81.60,19750000.0,9.8,9.40,19430000.0,underperform
3533,2005-09-22 18:41:46,1127428906.0,phm,41.21,-27.01,1214.619995,8.25,-35.260000000000005,0.78,9.50,0.83,2.13,9.14,14.10,11.64,26.97,51.072,11100000000.0,14370000000.0,N/A,0.61,1.11,7.3,1.11,1630000000.0,7.3,1200000000.0,4.52,61.90,30.80,450770000.0,1.744,3970000000.0,3.21,19.672001,550460000.0,N/A,16.77,73.90,15040000.0,4.7,7.00,13570000.0,underperform
3534,2005-09-09 13:27:32,1126286852.0,phm,43.67,-38.45,1241.47998,4.73,-43.18000000000001,0.78,9.69,0.87,2.23,9.14,14.10,11.64,26.97,51.072,11330000000.0,14840000000.0,N/A,0.64,1.14,7.539,1.14,1630000000.0,7.539,1200000000.0,4.521,61.90,30.80,450770000.0,1.744,3970000000.0,3.21,19.672001,550460000.0,N/A,16.77,73.90,15040000.0,4.7,7.00,13570000.0,underperform
3535,2012-06-10 06:27:18,1339324038.0,phm,8.74,132.38,1314.98999,24.93,107.44999999999999,162.00,N/A,0.81,1.77,4.33,0.94,0.34,9.06,11.08,5350000000.0,5350000000.0,14.03,6.19,1.27,76.44,1.27,495350000.0,76.44,182530000.0,0.48,N/A,9.40,1220000000.0,3.17,3120000000.0,3.32,5.03,181550000.0,2.13,10.62,85.60,40040000.0,3.10,11.80,40680000.0,outperform
3536,2012-04-03 20:21:23,1333498883.0,phm,8.5,120.0,1413.380005,9.93,110.07,161.80,N/A,0.80,1.71,5.09,0.08,0.03,10.33,10.89,5310000000.0,5310000000.0,15.71,7.88,1.28,150.64,1.28,495350000.0,150.64,210390000.0,0.55,N/A,6.50,1140000000.0,2.99,3140000000.0,4.57,5.07,17220000.0,1.98,11.71,84.00,35580000.0,3.20,N/A,35870000.0,outperform
3537,2005-04-03 19:39:44,1112571584.0,phm,35.16,3.7,1180.589966,9.93,-6.2299999999999995,0.769,9.71,0.81,2.08,8.52,13.67,10.17,24.08,89.675,9560000000.0,12730000000.0,7.22,0.60,1.09,7.73,1.09,N/A,7.73,998010000.0,7.64,N/A,N/A,314630000.0,2.44,3480000000.0,N/A,35.365002,N/A,0.964,18.01,69.95,6450000.0,2.577,6.10,5000000.0,underperform
3538,2005-02-05 01:59:41,1107586781.0,phm,32.58,10.19,1193.189941,6.51,3.6799999999999997,0.769,9.25,0.79,2.06,8.52,13.67,10.17,24.08,89.675,9020000000.0,11630000000.0,7.19,0.49,0.99,7.26,0.99,1090000000.0,7.26,998010000.0,7.64,37.70,21.10,314630000.0,2.47,3480000000.0,N/A,32.162998,1060000000.0,1.039,23.01,70.19,5680000.0,3.8,5.78,4920000.0,outperform
3539,2011-10-28 02:16:17,1319782577.0,phm,5.41,217.38,1285.089966,9.62,207.76,163.89,N/A,0.47,0.92,31.58,9.03,2.59,47.10,10.48,4170000000.0,4170000000.0,41.31,2.12,1.05,13.00,1.05,N/A,13.00,1260000000.0,3.32,N/A,29.00,1080000000.0,2.81,3360000000.0,3.43,5.35,4170000000.0,1.36,11.65,87.90,28650000.0,2.70,10.20,30170000.0,outperform
3540,2011-01-29 01:59:27,1296284367.0,msft,25.75,5.24,1296.630005,1.68,3.5600000000000005,22.72,11.96,3.76,5.27,31.32,41.55,19.73,46.73,7.53,210820000000.0,210820000000.0,10.32,1.05,3.21,7.06,3.21,50090000000.0,7.06,20600000000.0,2.32,51.40,25.30,43250000000.0,5.06,10660000000.0,2.30,5.48,210820000000.0,1.02,12.01,64.70,85210000.0,1.80,1.10,84470000.0,outperform
3541,2011-09-02 05:12:40,1314954760.0,msft,23.52,22.11,1173.969971,20.15,1.9600000000000009,23.02,9.74,3.19,3.90,33.10,39.31,17.64,44.84,8.24,184630000000.0,184630000000.0,8.35,0.93,2.64,6.15,2.64,54370000000.0,6.15,23150000000.0,2.69,30.00,8.30,51370000000.0,6.13,13140000000.0,2.60,6.82,184630000000.0,0.98,10.91,64.00,83220000.0,1.00,1.10,74420000.0,outperform
3542,2008-10-27 11:09:44,1225120184.0,msft,18.02,38.51,848.919983,25.27,13.239999999999998,1.447,11.76,3.32,5.54,29.26,39.64,22.02,52.48,6.477,200500000000.0,179330000000.0,N/A,0.96,2.97,6.895,2.97,48820000000.0,6.895,17680000000.0,1.87,41.60,18.40,21170000000.0,2.319,1000000.0,1.447,3.965,21610000000.0,1.13,13.37,61.30,61210000.0,0.6,0.80,61260000.0,outperform
3543,2008-10-28 10:13:45,1225203225.0,msft,19.65,24.48,940.51001,10.86,13.620000000000001,1.447,11.34,3.20,5.34,29.26,39.64,22.02,52.48,6.477,193380000000.0,172210000000.0,N/A,0.96,2.85,6.622,2.85,48820000000.0,6.622,17680000000.0,1.87,41.60,18.40,21170000000.0,2.319,1000000.0,1.447,3.965,21610000000.0,1.13,13.37,61.30,61210000.0,0.6,0.80,61260000.0,outperform
3544,2009-01-01 19:07:55,1230854875.0,msft,,,869.419983,29.53,,0.059,10.27,2.79,5.17,28.78,39.05,23.04,54.06,6.669,172930000000.0,155190000000.0,N/A,0.98,2.52,5.899,2.52,48820000000.0,5.899,17770000000.0,1.89,2.00,9.40,19710000000.0,2.216,1980000000.0,1.526,3.742,19100000000.0,1.07,13.38,60.80,73990000.0,0.6,1.00,71610000.0,underperform
3545,2012-03-13 09:40:48,1331646048.0,msft,30.21,-11.95,1395.949951,11.36,-23.31,19.97,11.61,3.73,4.19,32.57,38.04,16.75,41.68,8.57,230950000000.0,230950000000.0,10.68,1.50,3.21,7.70,3.21,54370000000.0,7.70,23470000000.0,2.76,0.20,4.70,50690000000.0,6.04,12800000000.0,2.86,7.65,28970000000.0,1.05,10.19,65.50,61490000.0,1.20,0.80,55430000.0,underperform
3546,2012-03-16 01:20:48,1331875248.0,msft,30.14,-11.75,1404.170044,10.71,-22.46,19.97,11.91,3.82,4.28,32.57,38.04,16.75,41.68,8.57,237080000000.0,237080000000.0,10.91,1.53,3.29,7.90,3.29,54370000000.0,7.90,23470000000.0,2.76,0.20,4.70,50690000000.0,6.04,12800000000.0,2.86,7.65,28970000000.0,1.05,10.19,65.50,61490000.0,1.20,0.80,55430000.0,underperform
3547,2011-06-22 12:51:16,1308761476.0,msft,22.33,25.62,1287.140015,2.98,22.64,24.63,9.84,3.04,3.91,31.76,40.10,18.63,43.96,8.01,173240000000.0,173240000000.0,8.94,0.92,2.53,5.75,2.53,50090000000.0,5.75,21790000000.0,2.52,30.60,13.30,48720000000.0,5.78,13160000000.0,2.76,6.34,173240000000.0,0.97,10.91,64.00,52080000.0,0.80,0.70,67019999.99999999,outperform
3548,2003-10-02 16:41:39,1065127299.0,msft,20.53,-0.05,1020.23999,10.91,-10.96,N/A,31.00,9.59,5.03,31.05,37.50,13.72,17.79,2.958,305920000000.0,259470000000.00003,23.77,2.34,8.06,19.21,8.06,26500000000.0,19.21,9990000000.0,N/A,27.60,13.50,49050000000.0,4.53,N/A,4.22,5.66,N/A,1.723,14.97,53.12,123630000.0,2.234,1.34,108430000.0,underperform
3549,2011-09-25 20:34:22,1316997262.0,msft,22.85,26.21,1129.560059,28.98,-2.7699999999999996,23.02,9.32,3.00,3.68,33.10,39.31,17.64,44.84,8.24,171730000000.0,171730000000.0,8.01,0.88,2.46,5.72,2.46,54370000000.0,5.72,23150000000.0,2.69,30.00,8.30,51370000000.0,6.13,13140000000.0,2.60,6.82,171730000000.0,0.97,10.91,64.00,89400000.0,1.20,1.20,83220000.0,underperform
3550,2005-07-30 08:57:54,1122728274.0,msft,20.92,-5.98,1236.790039,2.14,-8.120000000000001,2.888,22.78,6.99,5.73,30.80,36.60,11.15,19.93,3.671,276700000000.0,238950000000.0,15.71,1.67,6.01,15.5,6.01,30120000000.0,15.5,12250000000.0,1.12,37.50,9.40,37750000000.0,3.494,2.888,2.888,4.493,16610000000.0,1.263,14.14,55.60,59750000.0,0.9,0.60,88000000.0,underperform
3551,2012-01-18 15:27:19,1326918439.0,msft,25.93,-0.69,1308.040039,13.22,-13.91,22.05,10.22,3.34,4.00,33.01,38.78,17.33,44.16,8.43,194890000000.0,194890000000.0,9.31,1.07,2.74,6.46,2.74,54370000000.0,6.46,23480000000.0,2.75,6.10,7.30,55940000000.0,6.65,13100000000.0,2.95,7.06,27290000000.0,0.98,10.19,65.50,67810000.0,1.40,0.90,55790000.0,underperform
3552,2011-11-08 03:03:34,1320739414.0,msft,24.76,10.06,1275.920044,9.3,0.7599999999999998,22.05,9.74,3.10,3.72,33.01,38.78,17.33,44.16,8.43,177980000000.0,177980000000.0,8.73,0.86,2.50,5.90,2.50,54370000000.0,5.90,23480000000.0,2.75,6.10,7.30,55940000000.0,6.65,13100000000.0,2.95,7.06,177980000000.0,0.99,10.91,64.00,77420000.0,1.30,1.00,80120000.0,outperform
3553,2007-10-12 11:49:00,1192204140.0,msft,25.29,-22.58,1561.800049,-36.94,14.36,N/A,21.02,5.49,9.02,27.51,37.23,17.92,39.51,5.248,280420000000.0,259370000000.0,N/A,1.50,5.07,12.689,5.07,40430000000.0,12.689,14070000000.0,1.42,7.30,13.30,21060000000.0,2.246,N/A,1.691,3.315,17800000000.0,1.01,9.97,58.10,83020000.0,1.9,1.00,97160000.0,outperform
3554,2008-12-04 00:16:54,1228367814.0,msft,16.37,60.54,845.2199710000001,30.85,29.689999999999998,0.059,10.50,2.79,5.12,28.78,39.05,23.04,54.06,6.669,178370000000.0,154170000000.0,N/A,0.85,2.50,5.861,2.50,48820000000.0,5.861,17770000000.0,1.89,2.00,9.40,19710000000.0,2.196,1980000000.0,1.526,3.742,19100000000.0,1.07,13.38,60.80,71610000.0,0.9,0.90,82580000.0,outperform
3555,2013-03-17 18:27:50,1363559270.0,msft,26.81,39.2,1563.22998,18.91,20.290000000000003,19.59,15.40,3.23,3.25,21.20,35.43,13.41,22.62,8.69,180990000000.0,180990000000.0,8.93,1.18,2.48,6.27,2.48,56190000000.0,6.27,15460000000.0,1.82,3.70,2.70,68099999999.99999,8.13,14220000000.0,2.81,8.67,30540000000.0,1.14,9.04,67.20,97890000.0,2.30,1.30,83580000.0,outperform
3556,2013-05-16 07:22:53,1368703373.0,msft,32.69,20.31,1650.469971,13.78,6.529999999999999,19.25,17.46,3.72,3.68,21.58,35.62,13.42,22.58,9.06,220990000000.0,220990000000.0,11.02,1.40,2.91,7.25,2.91,56190000000.0,7.25,16410000000.0,1.94,18.50,17.70,73790000000.0,8.84,14760000000.0,2.93,9.19,30610000000.0,1.18,9.04,67.20,99420000.0,1.50,1.30,118710000.0,outperform
3557,2011-10-11 23:47:48,1318391268.0,msft,24.62,10.28,1195.540039,19.83,-9.549999999999999,23.02,10.04,3.23,3.95,33.10,39.31,17.64,44.84,8.24,187480000000.0,187480000000.0,8.63,0.93,2.68,6.24,2.68,54370000000.0,6.24,23150000000.0,2.69,30.00,8.30,51370000000.0,6.13,13140000000.0,2.60,6.82,187480000000.0,1.02,10.91,64.00,102800000.0,1.80,N/A,89400000.0,underperform
3558,2004-07-23 09:31:40,1090589500.0,msft,20.3,4.93,1086.199951,13.72,-8.790000000000001,4.083,38.51,8.75,4.41,22.18,22.38,9.56,12.03,3.395,313050000000.0,256640000000.0,21.64,1.91,6.97,27.44,6.97,26500000000.0,27.44,8170000000.0,0.753,27.60,13.50,56410000000.0,5.23,4.083,4.083,6.549,15660000000.0,1.621,14.66,54.24,167740000.0,2.894,1.82,152920000.0,underperform
3559,2008-12-17 02:56:23,1229500583.0,msft,16.84,54.1,904.419983,21.19,32.91,0.059,10.63,2.74,5.09,28.78,39.05,23.04,54.06,6.669,178890000000.0,151640000000.0,N/A,0.88,2.46,5.764,2.46,48820000000.0,5.764,17770000000.0,1.89,2.00,9.40,19710000000.0,2.216,1980000000.0,1.526,3.742,19100000000.0,1.07,13.38,60.80,73990000.0,0.6,1.00,71610000.0,outperform
3560,2004-07-22 03:41:41,1090482101.0,msft,21.01,-0.62,1096.839966,12.48,-13.1,4.083,42.44,8.59,4.32,20.78,22.38,8.89,11.22,3.274,311530000000.0,249300000000.0,21.54,1.88,7.00,26.65,7.00,26500000000.0,26.65,7400000000.0,0.68,27.60,13.50,56410000000.0,5.23,4.083,4.083,6.549,15660000000.0,1.621,14.66,54.13,167740000.0,2.894,1.82,152920000.0,underperform
3561,2004-10-12 05:52:11,1097574731.0,msft,20.36,-2.65,1121.839966,4.98,-7.630000000000001,4.714,37.36,8.26,4.06,22.18,24.35,9.41,11.79,3.387,305090000000.0,243730000000.0,20.33,1.81,6.62,N/A,6.62,30120000000.0,10150000000.0,8170000000.0,0.751,18.30,14.40,60590000000.0,5.57,4.714,4.714,6.889,14630000000.0,1.615,14.66,55.49,114670000.0,2.27,1.24,135180000.0,underperform
3562,2013-05-21 15:59:00,1369166340.0,msft,33.43,19.2,1669.160034,13.11,6.09,19.25,18.02,3.85,3.82,21.58,35.62,13.42,22.58,9.06,232180000000.0,232180000000.0,11.37,1.42,3.06,7.61,3.06,56190000000.0,7.61,16410000000.0,1.94,18.50,17.70,73790000000.0,8.84,14760000000.0,2.93,9.19,30610000000.0,1.18,9.04,67.20,99420000.0,1.50,1.30,118710000.0,outperform
3563,2011-10-22 19:48:33,1319327313.0,msft,24.74,11.72,1209.880005,20.45,-8.729999999999999,23.02,10.10,3.24,3.97,33.10,39.31,17.64,44.84,8.24,189320000000.0,189320000000.0,8.71,0.96,2.71,6.30,2.71,54370000000.0,6.30,23150000000.0,2.69,30.00,8.30,51370000000.0,6.13,13140000000.0,2.60,6.82,189320000000.0,1.02,10.91,64.00,80120000.0,1.30,1.10,102800000.0,underperform
3564,2012-05-20 12:04:07,1337529847.0,msft,27.66,21.66,1304.859985,27.7,-6.039999999999999,19.15,10.72,3.42,3.64,31.97,38.44,16.12,38.23,8.69,200890000000.0,200890000000.0,9.63,1.38,2.75,6.54,2.75,54370000000.0,6.54,23340000000.0,2.73,2.40,6.00,58160000000.0,6.92,13150000000.0,2.94,8.17,29890000000.0,1.00,10.19,65.50,69600000.0,1.50,0.90,58040000.0,underperform
3565,2008-12-17 08:47:29,1229521649.0,msft,16.84,54.1,904.419983,21.19,32.91,0.059,10.63,2.90,5.37,28.78,39.05,23.04,54.06,6.669,178890000000.0,161150000000.0,N/A,0.88,2.61,6.126,2.61,48820000000.0,6.126,17770000000.0,1.89,2.00,9.40,19710000000.0,2.216,1980000000.0,1.526,3.742,19100000000.0,1.07,13.38,60.80,73990000.0,0.6,1.00,71610000.0,outperform
3566,2005-02-06 07:19:37,1107692377.0,msft,21.16,5.06,1189.890015,6.31,-1.25,2.951,28.70,7.53,3.75,25.98,32.73,11.70,14.79,3.53,286140000000.0,251860000000.0,18.67,1.68,6.55,18.74,6.55,30120000000.0,18.74,10000000000.0,0.92,18.30,14.40,34500000000.0,3.17,2.951,2.951,6.99,14250000000.0,1.527,13.72,53.74,72870000.0,0.955,0.78,128320000.0,underperform
3567,2005-05-28 10:20:45,1117290045.0,msft,20.91,-6.46,1190.01001,6.96,-13.42,2.887,25.31,7.19,5.91,28.89,42.55,13.27,19.07,3.584,281670000000.0,244080000000.0,18.36,1.92,6.27,13.994,6.27,30120000000.0,13.994,11240000000.0,1.03,94.90,4.90,37590000000.0,3.48,2.887,2.887,4.385,14290000000.0,1.341,14.04,54.70,79860000.0,1.2,0.90,79620000.0,underperform
3568,2005-03-05 14:51:09,1110052269.0,msft,20.48,8.11,1210.079956,6.53,1.5799999999999992,2.951,27.45,7.12,5.80,25.98,32.73,11.70,14.79,3.53,273860000000.0,239350000000.0,17.85,1.72,6.22,17.8,6.22,30120000000.0,17.8,10000000000.0,0.92,18.30,14.40,34500000000.0,3.17,2.951,2.951,4.341,14250000000.0,1.492,13.72,54.76,75980000.0,1.043,0.81,72870000.0,outperform
3569,2011-06-04 11:30:21,1307201421.0,msft,22.13,22.77,1314.550049,-0.32,23.09,24.63,9.48,2.98,3.82,31.76,40.10,18.63,43.96,8.01,166080000000.0,166080000000.0,8.62,0.91,2.42,5.51,2.42,50090000000.0,5.51,21790000000.0,2.52,30.60,13.30,48720000000.0,5.78,13160000000.0,2.76,6.34,166080000000.0,0.97,10.91,64.00,67019999.99999999,0.90,0.90,65650000.00000001,outperform
3570,2008-01-23 06:47:48,1201088868.0,msft,26.85,-45.44,1338.599976,-38.18,-7.259999999999998,N/A,20.99,5.71,9.61,27.51,37.87,19.54,43.60,5.63,299280000000.0,289950000000.0,N/A,1.46,5.36,13.137,5.36,40430000000.0,13.137,14880000000.0,1.52,23.30,27.30,18880000000.0,2.018,N/A,1.576,3.435,19610000000.0,1.36,13.65,57.60,113530000.0,1.40,1.40,112880000.0,underperform
3571,2005-01-04 11:35:35,1104856535.0,msft,21.69,1.71,1188.050049,7.19,-5.48,4.61,35.99,7.68,3.82,21.38,24.68,9.05,11.31,3.474,290710000000.0,226290000000.0,19.24,1.79,5.99,21.82,5.99,30120000000.0,21.82,8080000000.0,0.743,N/A,N/A,64420000000.0,5.93,4.61,4.61,6.99,N/A,1.527,13.72,54.90,172340000.0,1.939,1.84,122100000.0,underperform
3572,2004-04-04 00:44:30,1081057470.0,msft,18.17,8.09,1132.170044,3.88,4.21,4.481,31.68,7.90,3.90,25.91,29.70,11.13,14.09,3.15,279030000000.0,226260000000.0,20.20,2.07,6.60,19.34,6.60,26500000000.0,19.34,8880000000.0,0.816,27.60,13.50,52780000000.0,4.89,4.481,4.481,6.427,14860000000.0,1.618,14.66,54.05,143130000.0,2.29,1.55,147500000.0,outperform
3573,2011-05-22 03:59:46,1306051186.0,msft,22.4,23.62,1343.599976,-2.05,25.67,24.63,9.73,3.04,3.90,31.76,40.10,18.63,43.96,8.01,170970000000.0,170970000000.0,8.84,0.93,2.49,5.67,2.49,50090000000.0,5.67,21790000000.0,2.52,30.60,13.30,48720000000.0,5.78,13160000000.0,2.76,6.34,170970000000.0,0.97,10.91,64.00,65650000.00000001,1.00,0.90,71910000.0,outperform
3574,2005-10-31 09:39:29,1130769569.0,msft,20.96,13.26,1207.01001,14.16,-0.9000000000000004,2.888,22.71,6.87,5.68,30.80,41.82,12.60,19.93,3.671,273500000000.0,235740000000.0,N/A,1.56,5.93,13.464,5.93,33590000000.000004,13.464,12250000000.0,1.12,37.50,9.40,37750000000.0,3.524,2.888,2.888,4.493,16610000000.0,N/A,11.57,55.60,85290000.0,1.2,0.90,119260000.0,underperform
3575,2004-06-05 20:29:13,1086481753.0,msft,18.93,10.78,1124.98999,7.05,3.7299999999999995,4.083,38.16,7.85,3.95,20.78,22.38,8.89,11.22,3.274,280120000000.0,223720000000.0,19.37,1.73,6.28,23.92,6.28,26500000000.0,23.92,7400000000.0,0.68,27.60,13.50,56410000000.0,5.23,4.083,4.083,6.549,15660000000.0,1.621,14.66,54.54,152920000.0,2.029,1.66,164410000.0,outperform
3576,2005-02-10 06:24:13,1108034653.0,msft,21.06,3.66,1197.01001,5.85,-2.1899999999999995,2.951,28.43,7.55,3.75,25.98,32.73,11.70,14.79,3.53,283420000000.0,250990000000.0,18.49,1.67,6.52,18.67,6.52,30120000000.0,18.67,10000000000.0,0.92,18.30,14.40,34500000000.0,3.17,2.951,2.951,6.99,14250000000.0,1.492,13.72,53.74,72870000.0,0.955,0.78,128320000.0,underperform
3577,2012-11-13 09:25:40,1352816740.0,msft,25.6,43.98,1374.530029,29.64,14.339999999999996,17.98,15.25,3.26,3.42,21.71,36.02,14.21,24.50,8.62,183810000000.0,183810000000.0,8.71,1.09,2.54,6.38,2.54,56190000000.0,6.38,15710000000.0,1.85,22.20,7.90,66069999999.99999,7.85,12370000000.0,2.68,8.17,31620000000.0,1.17,9.53,65.30,99170000.0,1.90,1.30,92670000.0,outperform
3578,2004-02-13 06:46:12,1076672772.0,msft,19.26,9.4,1145.810059,4.03,5.37,4.481,33.03,8.55,4.22,25.91,29.70,11.13,14.09,3.15,290910000000.0,240290000000.0,0.00,2.23,7.01,20.54,7.01,26500000000.0,20.54,8880000000.0,0.816,27.60,13.50,52780000000.0,4.89,4.481,4.481,6.43,13050000000.0,1.644,14.66,54.10,194390000.0,3.806,2.11,196440000.0,outperform
3579,2012-05-20 21:44:53,1337564693.0,msft,27.66,21.66,1304.859985,27.7,-6.039999999999999,19.15,10.72,3.42,3.64,31.97,38.44,16.12,38.23,8.69,200890000000.0,200890000000.0,9.63,1.38,2.75,6.54,2.75,54370000000.0,6.54,23340000000.0,2.73,2.40,6.00,58160000000.0,6.92,13150000000.0,2.94,8.17,29890000000.0,1.00,10.19,65.50,69600000.0,1.50,0.90,58040000.0,underperform
3580,2011-06-29 09:32:27,1309354347.0,msft,23.21,19.95,1307.410034,1.65,18.3,24.63,10.25,3.17,4.07,31.76,40.10,18.63,43.96,8.01,182010000000.0,182010000000.0,9.31,0.95,2.65,6.04,2.65,50090000000.0,6.04,21790000000.0,2.52,30.60,13.30,48720000000.0,5.78,13160000000.0,2.76,6.34,182010000000.0,0.97,10.91,64.00,61640000.0,1.10,0.80,52080000.0,outperform
3581,2012-10-25 04:16:21,1351152981.0,msft,26.12,32.16,1412.969971,24.54,7.619999999999997,17.98,15.08,3.26,3.43,21.71,36.02,14.21,24.50,8.62,182380000000.0,182380000000.0,8.61,1.09,2.52,6.34,2.52,56190000000.0,6.34,15710000000.0,1.85,22.20,7.90,66069999999.99999,7.85,12370000000.0,2.68,8.17,31620000000.0,1.12,9.53,65.30,101870000.0,2.30,N/A,85910000.0,outperform
3582,2005-04-03 17:26:54,1112563614.0,msft,19.59,15.47,1180.589966,9.93,5.540000000000001,2.951,26.30,6.84,5.57,25.98,32.73,11.70,14.79,3.53,262430000000.0,227930000000.0,17.11,1.72,5.92,16.96,5.92,30120000000.0,16.96,10000000000.0,0.92,18.30,14.40,34500000000.0,3.17,2.951,2.951,4.341,14250000000.0,1.472,13.72,54.77,79620000.0,1.154,0.85,75980000.0,outperform
3583,2005-08-31 04:11:54,1125475914.0,msft,22.33,-4.84,1220.329956,6.84,-11.68,2.888,24.18,7.37,6.04,30.80,36.60,11.15,19.93,3.671,293660000000.0,255590000000.0,N/A,1.68,6.42,16.579,6.42,30120000000.0,16.579,12250000000.0,1.12,37.50,9.40,37750000000.0,3.494,2.888,2.888,4.493,16610000000.0,N/A,14.26,55.60,98870000.0,1.3,1.10,59750000.0,underperform
3584,2012-02-08 09:00:34,1328709634.0,msft,28.16,-8.45,1349.959961,11.81,-20.259999999999998,19.97,11.00,3.53,3.97,32.57,38.04,16.75,41.68,8.57,216770000000.0,216770000000.0,10.15,1.34,3.01,7.23,3.01,54370000000.0,7.23,23470000000.0,2.76,0.20,4.70,50690000000.0,6.04,12800000000.0,2.86,7.65,28970000000.0,0.97,10.19,65.50,101540000.0,1.90,1.30,67810000.0,underperform
3585,2013-01-23 12:03:22,1358960602.0,msft,26.09,34.53,1494.810059,22.32,12.21,17.98,14.68,3.16,3.32,21.71,36.02,14.21,24.50,8.62,174810000000.0,174810000000.0,8.51,1.15,2.42,6.07,2.42,56190000000.0,6.07,15710000000.0,1.85,22.20,7.90,66069999999.99999,7.85,12370000000.0,2.68,8.17,31620000000.0,1.17,9.53,65.30,87340000.0,1.80,1.10,92490000.0,outperform
3586,2012-01-19 02:49:56,1326959396.0,msft,25.83,-0.31,1314.5,13.05,-13.360000000000001,22.05,10.26,3.34,4.00,33.01,38.78,17.33,44.16,8.43,194890000000.0,194890000000.0,9.35,1.07,2.74,6.46,2.74,54370000000.0,6.46,23480000000.0,2.75,6.10,7.30,55940000000.0,6.65,13100000000.0,2.95,7.06,27290000000.0,0.98,10.19,65.50,67810000.0,1.40,0.90,55790000.0,underperform
3587,2012-05-21 08:24:49,1337603089.0,msft,27.69,20.73,1315.98999,26.84,-6.109999999999999,19.15,10.72,3.37,3.58,31.97,38.44,16.12,38.23,8.69,200890000000.0,200890000000.0,9.63,1.38,2.75,6.54,2.75,54370000000.0,6.54,23340000000.0,2.73,2.40,6.00,58160000000.0,6.92,13150000000.0,2.94,8.17,29890000000.0,1.00,10.19,65.50,69600000.0,1.50,0.90,58040000.0,underperform
3588,2011-10-02 21:25:51,1317605151.0,msft,23.2,19.09,1160.400024,24.48,-5.390000000000001,23.02,9.25,3.05,3.73,33.10,39.31,17.64,44.84,8.24,170300000000.0,170300000000.0,7.95,0.90,2.44,5.67,2.44,54370000000.0,5.67,23150000000.0,2.69,30.00,8.30,51370000000.0,6.13,13140000000.0,2.60,6.82,170300000000.0,1.02,10.91,64.00,102800000.0,1.80,N/A,89400000.0,underperform
3589,2004-07-02 23:01:54,1088823714.0,tgt,35.71,32.37,1125.380005,6.62,25.749999999999996,0.955,19.86,0.78,3.37,3.90,6.27,6.25,18.02,53.796,38140000000.0,48920000000.0,15.75,1.06,0.99,9.76,0.99,16370000000.000002,9.76,1930000000.0,2.102,11.30,9.70,622000000.0,0.68,10950000000.0,1.503,12.549,4090000000.0,1.018,1.00,84.09,9230000.0,2.56,1.02,12140000.0,outperform
3590,2007-04-09 13:23:40,1176139420.0,tgt,53.59,-12.39,1444.609985,-5.47,-6.920000000000001,0.642,19.04,0.88,3.36,4.69,8.52,8.93,18.68,69.022,52470000000.0,61690000000.0,N/A,0.99,1.04,9.239,1.04,20090000000.0,9.239,2790000000.0,3.21,19.20,16.30,813000000.0,0.947,10040000000.0,1.323,18.183001,4860000000.0,1.19,0.08,87.70,16260000.000000002,3.9,1.90,15620000.0,underperform
3591,2009-02-03 06:40:02,1233661202.0,tgt,28.62,60.24,838.51001,30.86,29.380000000000003,1.494,9.10,0.36,1.73,4.04,7.80,7.05,17.71,82.648,22730000000.0,42110000000.0,N/A,0.89,0.65,6.123,0.65,21470000000.0,6.123,2630000000.0,3.32,23.60,1.90,918000000.0,1.219,20290000000.0,1.5,18.039,4320000000.0,1.07,4.88,90.60,46180000.0,4.8,6.10,42680000.0,outperform
3592,2011-09-28 04:16:59,1317197819.0,tgt,46.75,30.12,1151.060059,25.72,4.400000000000002,116.56,11.98,0.50,2.26,4.33,7.76,7.44,19.51,97.89,50870000000.0,50870000000.0,11.62,1.06,0.74,6.87,0.74,21660000000.0,6.87,2960000000.0,4.21,3.70,4.60,913000000.0,1.35,17610000000.0,1.38,22.37,50870000000.0,0.92,0.11,88.10,14480000.0,1.60,2.10,14890000.0,outperform
3593,2007-10-27 08:16:15,1193487375.0,tgt,54.11,-44.41,1515.880005,-40.09,-4.319999999999993,0.772,18.35,0.85,3.31,4.78,8.69,8.99,19.53,72.382,53360000000.0,65120000000.00001,N/A,1.18,1.05,9.321,1.05,20090000000.0,9.321,2960000000.0,3.43,12.60,9.50,555000000.0,0.656,12310000000.0,1.373,18.818001,4900000000.0,1.14,0.08,89.30,26640000.0,3.5,3.20,27280000.0,underperform
3594,2013-04-23 18:23:12,1366755792.0,tgt,67.43,-10.57,1578.780029,18.79,-29.36,106.58,15.41,0.60,2.69,4.09,7.33,7.08,18.52,111.62,61140000000.0,61140000000.0,12.55,1.26,0.83,8.14,0.83,22730000000.0,8.14,3000000000.0,4.52,2.00,6.80,788000000.0,1.23,17650000000.0,1.17,25.66,5320000000.0,0.58,0.14,85.60,21220000.0,4.20,3.20,24090000.0,underperform
3595,2007-05-20 12:10:49,1179677449.0,tgt,50.47,-3.82,1512.75,-5.69,1.8700000000000006,0.642,18.12,0.83,3.17,4.69,8.52,8.93,18.68,69.022,49930000000.0,60180000000.0,N/A,0.95,1.01,9.013,1.01,20090000000.0,9.013,2790000000.0,3.21,19.20,16.30,813000000.0,0.947,10040000000.0,1.323,18.183001,4860000000.0,1.04,0.08,87.40,17920000.0,4.1,2.10,16260000.000000002,outperform
3596,2007-01-15 08:11:43,1168866703.0,tgt,,,1430.72998,-3.48,,0.769,20.21,0.91,3.47,4.60,8.36,8.19,18.39,65.469,51800000000.0,62720000000.0,N/A,1.12,1.11,10.11,1.11,17690000000.0,10.11,2610000000.0,2.984,16.30,11.20,451000000.0,0.525,11380000000.0,1.287,17.231001,4340000000.0,1.19,0.15,87.70,19420000.0,4.9,2.30,19270000.0,underperform
3597,2004-08-10 13:25:50,1092158750.0,tgt,35.12,36.16,1079.040039,13.91,22.249999999999996,0.955,19.55,0.76,3.27,3.90,6.27,6.25,18.02,53.796,37530000000.0,47860000000.0,15.56,1.03,0.97,9.55,0.97,16370000000.000002,9.55,1930000000.0,2.102,11.30,9.70,622000000.0,0.68,10950000000.0,1.503,12.549,4090000000.0,1.013,0.77,84.53,8800000.0,1.715,0.97,9230000.0,outperform
3598,2005-01-18 04:07:43,1106039263.0,tgt,43.09,8.17,1195.97998,6.85,1.3200000000000003,0.773,23.65,0.93,3.56,4.08,6.56,6.13,16.73,51.63,44550000000.0,52550000000.0,19.43,1.29,1.11,10.62,1.11,16370000000.000002,10.62,1930000000.0,2.104,11.30,9.70,1590000000.0,1.77,9590000000.0,1.624,13.846,3050000000.0,1.017,10.75,85.34,12400000.0,3.225,1.55,12390000.0,outperform
3599,2007-06-22 08:28:57,1182515337.0,tgt,56.23,-20.08,1502.560059,-10.96,-9.119999999999997,0.73,19.32,0.90,3.49,4.75,8.66,9.16,19.18,70.692,54840000000.0,65340000000.0,N/A,1.03,1.08,9.445,1.08,20090000000.0,9.445,2880000000.0,3.33,17.50,9.20,969000000.0,1.138,11470000000.0,1.457,18.452999,4800000000.0,1.06,0.08,88.20,20710000.0,3.8,2.40,17920000.0,underperform
3600,2004-02-15 13:11:27,1076868687.0,tgt,35.57,19.93,1152.109985,4.69,15.239999999999998,1.216,22.22,0.82,3.70,3.64,5.86,5.76,17.58,50.91,37520000000.0,49510000000.0,0.00,1.21,1.06,10.72,1.06,14660000000.0,10.72,1700000000.0,1.853,20.90,10.10,495000000.0,0.54,12480000000.0,1.545,11.26,2400000000.0,1.006,1.00,85.86,10890000.0,2.611,1.21,10410000.0,outperform
3601,2007-02-24 07:27:31,1172320051.0,tgt,55.54,-18.47,1457.630005,-7.9,-10.569999999999999,0.769,21.15,0.96,3.66,4.60,8.36,8.19,18.39,65.469,54200000000.0,65120000000.00001,N/A,1.18,1.15,10.497,1.15,17690000000.0,10.497,2610000000.0,2.98,16.30,11.20,451000000.0,0.525,11380000000.0,1.287,17.231001,4340000000.0,1.25,0.08,87.50,18000000.0,5.5,2.10,19420000.0,underperform
3602,2005-02-04 02:57:48,1107503868.0,tgt,44.22,6.97,1203.030029,6.6,0.3700000000000001,0.773,24.59,0.97,3.71,4.08,6.56,6.13,16.73,51.63,46330000000.0,53950000000.0,20.21,1.33,1.14,10.9,1.14,16370000000.000002,10.9,1930000000.0,2.10,11.30,9.70,1590000000.0,1.77,9590000000.0,1.624,13.846,3050000000.0,1.017,10.75,84.34,10220000.0,2.545,1.28,12400000.0,outperform
3603,2011-11-07 23:31:01,1320726661.0,tgt,49.41,22.73,1261.119995,13.26,9.47,116.56,12.55,0.51,2.33,4.33,7.76,7.44,19.51,97.89,51920000000.0,51920000000.0,12.17,1.12,0.76,7.02,0.76,21660000000.0,7.02,2960000000.0,4.21,3.70,4.60,913000000.0,1.35,17610000000.0,1.38,22.37,51920000000.0,0.88,0.11,88.10,11660000.0,1.60,1.70,11730000.0,outperform
3604,2012-07-22 10:34:43,1342967683.0,tgt,58.25,21.94,1376.51001,23.18,-1.2399999999999984,110.45,14.16,0.57,2.55,4.15,7.55,7.49,18.89,105.30,57410000000.0,57410000000.0,12.65,1.27,0.81,7.66,0.81,22000000000.0,7.66,2940000000.0,4.33,1.20,5.80,690000000.0,1.04,17520000000.0,1.25,24.00,5690000000.0,0.49,0.12,85.20,13480000.0,2.60,2.00,13850000.0,underperform
3605,2008-11-03 20:05:27,1225760727.0,tgt,34.86,27.6,966.2999880000001,8.19,19.410000000000004,1.461,11.75,0.47,2.25,4.23,7.98,7.66,18.69,79.961,29730000000.0,48400000000.0,N/A,0.93,0.75,6.986,0.75,21470000000.0,6.986,2750000000.0,3.353,7.60,5.80,1530000000.0,2.023,19660000000.0,1.639,17.823999,4680000000.0,0.91,0.11,93.60,45810000.0,2.4,6.10,38800000.0,outperform
3606,2006-08-29 23:01:45,1156906905.0,tgt,42.37,32.31,1304.280029,12.23,20.080000000000002,0.685,17.47,0.76,2.88,4.57,8.21,8.37,18.00,61.516,42060000000.0,50060000000.0,N/A,0.88,0.93,8.593,0.93,17690000000.0,8.593,2470000000.0,2.79,12.10,12.10,989000000.0,1.145,9850000000.0,1.396,16.549999,4380000000.0,0.93,0.15,87.60,14240000.0,2.7,1.70,12340000.0,outperform
3607,2012-01-07 12:51:41,1325958701.0,tgt,47.03,23.07,1277.300049,14.25,8.82,124.74,11.39,0.47,2.13,4.31,7.80,7.23,19.79,100.54,51090000000.0,51090000000.0,11.36,0.97,0.74,6.81,0.74,21660000000.0,6.81,2980000000.0,4.30,3.70,5.10,821000000.0,1.22,19040000000.0,1.30,22.74,5390000000.0,0.81,0.10,84.60,9300000.0,1.60,1.40,10670000.0,outperform
3608,2008-12-19 21:33:12,1229740392.0,tgt,30.68,40.25,887.8800050000001,24.92,15.329999999999998,1.494,10.37,0.41,1.96,4.04,7.80,7.05,17.71,82.648,25910000000.0,46040000000.0,N/A,0.95,0.71,6.695,0.71,21470000000.0,6.695,2630000000.0,3.32,23.60,1.90,918000000.0,1.219,20290000000.0,1.5,18.039,4320000000.0,1.04,0.11,93.00,47480000.0,2.4,6.30,51870000.0,outperform
3609,2012-10-14 10:54:54,1350226494.0,tgt,58.59,6.33,1432.839966,19.35,-13.020000000000001,116.90,14.10,0.56,2.52,4.12,7.43,7.13,18.95,107.03,57410000000.0,57410000000.0,12.58,1.15,0.81,7.69,0.81,22000000000.0,7.69,2940000000.0,4.36,N/A,3.30,1460000000.0,2.23,18580000000.0,1.23,24.31,5570000000.0,0.43,0.14,84.20,8650000.0,2.40,1.30,8800000.0,underperform
3610,2013-03-14 18:59:05,1363301945.0,tgt,65.16,-9.56,1563.22998,17.78,-27.340000000000003,106.58,14.90,0.59,2.63,4.09,7.11,6.87,18.52,111.62,59680000000.0,59680000000.0,12.07,1.25,0.81,8.12,0.81,22000000000.0,8.12,3000000000.0,4.52,2.00,6.80,784000000.0,1.22,17650000000.0,1.17,25.66,5320000000.0,0.54,0.14,85.60,19100000.0,3.90,2.90,14070000.0,underperform
3611,2013-05-12 12:08:01,1368374881.0,tgt,67.23,-11.94,1626.670044,16.6,-28.54,106.58,15.43,0.61,2.71,4.09,7.33,7.08,18.52,111.62,61590000000.0,61590000000.0,12.61,1.29,0.84,8.20,0.84,22730000000.0,8.20,3000000000.0,4.52,2.00,6.80,788000000.0,1.23,17650000000.0,1.17,25.66,5320000000.0,0.58,0.14,85.60,18410000.0,5.20,2.90,20240000.0,underperform
3612,2003-10-27 05:57:46,1067252266.0,tgt,33.02,25.77,1031.130005,7.75,18.02,1.18,21.01,0.78,3.54,3.67,5.93,5.83,17.97,49.773,34960000000.0,46390000000.0,16.97,1.13,1.02,10.14,1.02,14660000000.0,10.14,1670000000.0,1.827,20.90,10.10,429000000.0,0.47,11860000000.0,1.72,11.03,N/A,1.169,1.00,86.43,11920000.0,3.208,1.32,10490000.0,outperform
3613,2007-04-20 10:46:27,1177080387.0,tgt,54.23,-12.82,1484.349976,-8.06,-4.76,0.642,19.09,0.88,3.37,4.69,8.52,8.93,18.68,69.022,52600000000.0,61820000000.0,N/A,0.98,1.04,9.259,1.04,20090000000.0,9.259,2790000000.0,3.21,19.20,16.30,813000000.0,0.947,10040000000.0,1.323,18.183001,4860000000.0,1.19,0.08,87.70,16260000.000000002,3.9,1.90,15620000.0,underperform
3614,2007-05-29 18:49:18,1180478958.0,tgt,53.19,-13.07,1518.109985,-8.38,-4.6899999999999995,0.73,18.18,0.85,3.29,4.75,8.66,9.16,19.18,70.692,51600000000.0,62240000000.0,N/A,0.98,1.03,8.996,1.03,20090000000.0,8.996,2880000000.0,3.33,17.50,9.20,969000000.0,1.138,11470000000.0,1.457,18.452999,4800000000.0,1.04,0.08,89.10,17920000.0,4.1,2.10,16260000.000000002,underperform
3615,2006-07-19 02:54:32,1153292072.0,tgt,39.66,51.97,1259.810059,23.28,28.689999999999998,0.685,16.33,0.76,2.87,4.57,8.21,8.37,18.00,61.516,39310000000.0,49920000000.0,N/A,0.89,0.92,8.568,0.92,17690000000.0,8.568,2470000000.0,2.79,12.10,12.10,989000000.0,1.145,9850000000.0,1.396,16.549999,4380000000.0,0.91,0.15,87.70,9310000.0,1.4,1.10,7870000.0,outperform
3616,2008-01-23 23:24:46,1201148686.0,all,42.11,-46.26,1338.599976,-38.18,-8.079999999999998,0.261,6.16,0.76,1.30,13.80,20.88,3.01,23.22,60.825,29280000000.0,29500000000.0,N/A,0.94,0.80,3.715,0.80,35800000000.0,3.715,5090000000.0,8.33,15.50,2.90,4179999999.9999995,7.317,5640000000.0,0.536,37.689999,5530000000.0,0.89,0.16,68.00,4880000.0,1.3,0.90,5140000.0,underperform
3617,2005-01-30 21:16:48,1107137808.0,all,38.32,6.21,1174.550049,9.42,-3.21,0.257,11.75,1.04,1.65,8.97,12.40,2.17,14.48,47.3,34080000000.0,39110000000.0,8.68,1.19,1.17,N/A,1.17,32150000000.0,N/A,2990000000.0,4.229,138.50,8.70,370000000.0,0.54,5400000000.0,N/A,30.534,5660000000.0,0.346,0.34,68.54,10110000.0,4.981,1.48,8480000.0,underperform
3618,2004-09-24 23:35:21,1096083321.0,all,36.59,9.87,1110.109985,9.02,0.8499999999999996,0.235,9.40,1.02,1.63,10.98,15.46,2.71,17.86,46.736,33439999999.999996,38100000000.0,8.51,0.90,1.15,N/A,1.15,32150000000.0,N/A,3620000000.0,5.132,138.50,8.70,295000000.0,0.43,4850000000.0,N/A,29.76,5460000000.0,0.381,0.34,68.39,9300000.0,3.528,1.35,8660000.0,outperform
3619,2012-08-20 11:29:53,1345476593.0,all,36.25,31.5,1418.130005,16.52,14.98,31.11,9.25,0.55,0.94,6.27,10.19,1.66,10.86,65.70,21950000000.0,21950000000.0,8.66,1.02,0.66,5.92,0.66,9090000000.0,5.92,2080000000.0,4.10,N/A,2.40,2470000000.0,5.10,6060000000.0,0.50,40.07,2440000000.0,0.91,0.09,75.80,10660000.0,2.80,2.20,11040000.0,outperform
3620,2011-09-12 04:48:27,1315817307.0,all,23.51,56.66,1162.27002,23.34,33.31999999999999,31.43,23.65,0.41,0.70,1.75,2.96,0.46,3.05,60.29,15360000000.0,15360000000.0,6.62,1.82,0.48,12.23,0.48,8830000000.0,12.23,562000000.0,1.05,N/A,5.70,3360000000.0,6.50,5910000000.0,0.51,36.29,15360000000.0,1.60,0.08,72.00,8620000.0,1.30,1.70,7750000.0,outperform
3621,2013-05-09 08:24:15,1368102255.0,all,47.8,19.98,1626.670044,15.48,4.5,31.80,10.79,0.70,1.13,6.73,10.86,1.80,11.29,69.10,25350000000.0,25350000000.0,9.63,1.12,0.76,6.61,0.76,11700000000.0,6.61,2250000000.0,4.61,7.40,1.20,3990000000.0,8.52,6560000000.0,0.57,44.06,2990000000.0,1.01,0.11,77.00,9760000.0,3.10,2.20,11290000.0,outperform
3622,2007-02-22 20:38:57,1172194737.0,all,49.55,-21.09,1456.380005,-7.09,-14.0,0.213,7.90,1.07,1.76,13.95,21.82,3.11,23.76,56.594,38500000000.0,40250000000.0,N/A,1.06,1.12,5.007,1.12,12590000000.0,5.007,4990000000.0,7.836,16.50,1.80,2870000000.0,4.619,4660000000.0,0.485,35.122002,5040000000.0,0.71,0.13,69.00,11430000.0,6.3,1.80,9820000.0,underperform
3623,2011-05-05 15:24:18,1304623458.0,all,30.64,5.45,1335.099976,2.55,2.9000000000000004,30.87,13.71,0.56,0.92,4.18,6.79,1.03,7.19,59.05,21280000000.0,21280000000.0,8.93,1.11,0.67,8.83,0.67,8830000000.0,8.83,1330000000.0,2.45,332.50,4.50,2630000000.0,5.03,5970000000.0,0.51,36.85,21280000000.0,1.58,0.08,72.00,7480000.0,1.90,1.50,7280000.0,outperform
3624,2013-04-23 04:40:20,1366706420.0,all,48.16,15.12,1578.780029,18.79,-3.67,33.24,10.47,0.70,1.14,6.92,11.07,1.83,11.85,68.07,27080000000.0,27080000000.0,9.55,1.24,0.81,6.94,0.81,11700000000.0,6.94,2310000000.0,4.68,44.70,3.80,3140000000.0,6.58,6840000000.0,0.83,42.97,3050000000.0,1.02,0.11,77.00,11290000.0,3.80,N/A,13940000.0,underperform
3625,2005-02-04 03:29:23,1107505763.0,all,39.92,1.78,1203.030029,6.6,-4.819999999999999,0.244,10.66,1.05,1.67,9.89,13.58,2.36,15.88,48.459,34950000000.0,39810000000.0,8.90,1.16,1.17,N/A,1.17,32150000000.0,N/A,3360000000.0,4.78,138.50,8.70,414000000.0,0.61,5330000000.0,N/A,30.534,5660000000.0,0.346,0.34,68.60,10110000.0,4.981,1.49,8480000.0,underperform
3626,2012-03-11 04:48:46,1331455726.0,all,29.51,56.46,1365.910034,13.93,42.53,33.86,20.97,0.48,0.84,2.41,4.24,0.68,4.18,62.71,20040000000.0,20040000000.0,7.84,0.95,0.61,12.48,0.61,9090000000.0,12.48,788000000.0,1.51,144.60,1.80,2069999999.9999998,4.15,6330000000.0,0.71,37.27,1930000000.0,1.22,0.07,77.20,8500000.0,1.70,1.70,7790000.0,outperform
3627,2007-04-10 15:14:21,1176232461.0,all,48.8,-17.85,1448.390015,-6.48,-11.370000000000001,0.217,7.73,1.04,1.72,13.95,21.82,3.11,23.76,56.594,37480000000.0,39220000000.0,N/A,1.04,1.10,4.875,1.10,35800000000.0,4.875,4990000000.0,7.84,16.50,1.80,2870000000.0,4.643,4750000000.0,0.395,35.122002,5060000000.0,0.7,0.13,69.80,6210000.0,2.1,1.00,5470000.0,underperform
3628,2007-01-13 10:07:07,1168700827.0,all,51.75,-17.84,1414.849976,0.39,-18.23,0.249,8.62,1.12,1.81,13.53,21.11,2.97,23.17,55.815,40370000000.0,41730000000.0,N/A,0.92,1.17,5.378,1.17,12590000000.0,5.378,4820000000.0,7.49,N/A,2.30,4170000000.0,6.676,5530000000.0,0.529,35.407001,3980000000.0,0.79,0.22,68.00,9820000.0,4.6,1.60,10530000.0,underperform
3629,2011-10-28 00:34:15,1319776455.0,all,25.27,55.84,1285.089966,9.62,46.220000000000006,31.43,26.42,0.43,0.74,1.75,2.96,0.46,3.05,60.29,16420000000.000002,16420000000.000002,7.49,3.23,0.51,13.07,0.51,8830000000.0,13.07,562000000.0,1.05,N/A,5.70,3360000000.0,6.50,5910000000.0,0.51,36.29,16420000000.000002,1.72,0.08,72.00,10530000.0,2.00,2.10,10900000.0,outperform
3630,2011-07-14 00:16:09,1310616969.0,all,27.42,17.47,1308.869995,3.66,13.809999999999999,30.87,12.17,0.49,0.81,4.18,6.79,1.03,7.19,59.05,19020000000.0,19020000000.0,7.90,2.76,0.60,7.89,0.60,8830000000.0,7.89,1330000000.0,2.45,332.50,4.50,2630000000.0,5.03,5970000000.0,0.51,36.85,19020000000.0,1.60,0.08,72.00,7280000.0,1.80,1.40,8440000.0,outperform
3631,2004-09-15 18:12:55,1095286375.0,bsx,38.74,-36.55,1120.369995,9.58,-46.129999999999995,0.69,42.74,7.55,8.88,17.63,24.81,13.20,25.58,5.114,32400000000.0,34049999999.999996,17.02,1.19,7.82,28.93,7.82,2520000000.0,28.93,768000000.0,0.90,26.50,19.10,1260000000.0,1.5,2550000000.0,1.686,4.398,1010000000.0,0.509,32.03,59.01,12090000.0,1.052,2.11,13100000.0,underperform
3632,2005-01-17 08:42:32,1105969352.0,bsx,,,1184.52002,8.31,,0.623,31.47,5.70,7.06,18.17,25.51,14.02,27.56,5.799,27990000000.0,28940000000.0,15.27,1.21,5.83,21.05,5.83,2520000000.0,21.05,902000000.0,1.053,26.50,19.10,1540000000.0,1.83,2500000000.0,1.616,4.743,1380000000.0,0.544,31.31,58.18,8780000.0,1.756,1.51,7760000.0,underperform
3633,2004-07-26 02:07:10,1090822030.0,bsx,35.71,-20.86,1084.069946,13.57,-34.43,0.52,50.06,7.41,8.63,15.17,21.49,10.83,20.64,4.422,28050000000.0,29110000000.0,14.17,0.97,7.76,32.45,7.76,2520000000.0,32.45,569000000.0,0.671,26.50,19.10,615000000.0,0.74,1680000000.0,1.141,3.855,720000000.0,0.51,32.03,58.55,13100000.0,3.206,2.31,14180000.0,underperform
3634,2005-02-04 07:39:48,1107520788.0,bsx,34.12,-35.84,1203.030029,6.6,-42.440000000000005,0.588,27.77,5.92,7.33,18.88,27.99,15.12,29.81,6.557,29060000000.0,29790000000.0,14.90,1.04,5.30,17.67,5.30,2520000000.0,17.67,1060000000.0,1.24,26.50,19.10,1640000000.0,1.94,2370000000.0,1.263,4.743,1380000000.0,0.544,31.31,58.04,8369999.999999999,2.148,1.44,8780000.0,underperform
3635,2013-05-09 23:54:58,1368158098.0,bsx,8.3,53.37,1626.670044,15.48,37.89,65.42,N/A,1.48,1.63,63.48,13.17,3.10,50.67,5.16,14370000000.0,14370000000.0,17.66,1.93,2.01,8.81,2.01,4900000000.0,8.81,4540000000.0,3.28,N/A,5.60,268000000.0,0.20,4250000000.0,1.90,4.82,N/A,1.24,1.19,86.30,34410000.0,1.80,2.60,28160000.0,outperform
3636,2005-04-05 00:51:18,1112676678.0,bsx,30.71,-29.37,1181.390015,11.02,-40.39,0.588,23.64,4.28,5.95,18.88,27.99,15.12,29.81,6.557,24570000000.0,24770000000.0,12.96,0.86,4.41,14.69,4.41,2520000000.0,14.69,1060000000.0,1.24,26.50,19.10,1640000000.0,1.96,2370000000.0,1.263,4.818,1380000000.0,0.512,31.29,56.67,7910000.0,1.164,1.37,6820000.0,underperform
3637,2004-05-12 19:03:37,1084403017.0,bsx,39.33,-22.81,1097.280029,5.66,-28.47,0.52,57.63,8.75,10.19,15.17,21.49,10.83,20.64,4.422,32290000000.0,33880000000.000004,15.98,1.10,9.03,37.77,9.03,2520000000.0,37.77,569000000.0,0.671,26.50,19.10,615000000.0,0.74,1680000000.0,1.141,3.855,787000000.0,0.576,32.03,57.57,16430000.0,3.666,2.90,15420000.0,underperform
3638,2005-08-29 14:02:17,1125338537.0,bsx,26.53,-34.15,1212.280029,7.59,-41.739999999999995,0.488,19.79,3.41,5.10,17.71,32.52,16.54,28.23,7.549,21320000000.0,22690000000.0,N/A,0.98,3.59,9.642,3.59,2520000000.0,9.642,1120000000.0,1.31,34.50,10.80,883000000.0,1.077,2060000000.0,1.546,5.142,1910000000.0,N/A,20.09,55.40,7460000.0,1.7,1.10,7740000.0,underperform
3639,2008-02-20 09:02:24,1203516144.0,bsx,12.61,-31.09,1360.030029,-42.73,11.639999999999997,0.542,N/A,2.27,1.26,5.92,14.47,2.42,3.26,5.62,19010000000.0,25740000000.0,N/A,2.22,3.08,12.146,3.08,5610000000.0,12.146,495000000.0,0.33,N/A,4.20,1450000000.0,0.974,8189999999.999999,1.891,10.127,N/A,1.03,14.49,66.70,41910000.0,4.4,3.10,41100000.0,outperform
3640,2012-03-10 15:16:10,1331410570.0,bsx,5.73,29.67,1352.630005,14.17,15.500000000000002,37.53,20.52,1.13,0.76,5.79,13.49,2.96,3.89,5.05,12630000000.0,12630000000.0,12.40,2.86,1.66,7.24,1.66,4960000000.0,7.24,441000000.0,0.29,54.70,7.70,267000000.0,0.18,4260000000.0,1.72,7.84,1010000000.0,1.10,6.96,82.00,31660000.0,2.20,2.40,31550000.0,outperform
3641,2008-12-22 23:13:34,1230005614.0,bsx,7.53,16.87,871.6300050000001,28.27,-11.399999999999999,0.432,N/A,1.42,0.74,1.22,16.85,2.83,0.64,5.482,11310000000.0,16719999999.999998,N/A,1.14,2.04,7.383,2.04,6020000000.0,7.383,100000000.0,0.067,N/A,3.40,1730000000.0,1.155,6770000000.0,1.494,10.452,1470000000.0,1.23,11.67,77.70,25020000.0,1.5,1.70,24540000.0,underperform
3642,2005-01-16 18:00:17,1105916417.0,bsx,33.5,,1177.449951,9.36,,0.623,31.47,5.70,7.06,18.17,25.51,14.02,27.56,5.799,27990000000.0,28940000000.0,15.27,1.21,5.83,21.05,5.83,2520000000.0,21.05,902000000.0,1.053,26.50,19.10,1540000000.0,1.83,2500000000.0,1.616,4.743,1380000000.0,0.544,31.31,58.18,8780000.0,1.756,1.51,7760000.0,underperform
3643,2004-06-20 18:10:28,1087769428.0,bsx,41.42,-30.9,1132.050049,7.42,-38.32,0.52,61.04,9.22,10.74,15.17,21.49,10.83,20.64,4.422,34210000000.0,35270000000.0,17.21,1.16,9.40,39.31,9.40,2520000000.0,39.31,569000000.0,0.671,26.50,19.10,615000000.0,0.74,1680000000.0,1.141,3.855,720000000.0,0.562,32.03,59.04,14120000.0,2.727,2.49,16430000.0,underperform
3644,2013-04-22 01:27:30,1366608450.0,bsx,7.27,89.13,1562.5,20.29,68.84,61.95,N/A,1.33,1.40,56.12,13.17,3.11,44.65,5.15,13920000000.0,13920000000.0,15.47,1.80,1.92,8.50,1.92,4900000000.0,8.50,4070000000.0000005,2.89,43.00,1.50,207000000.0,0.15,4260000000.0,1.71,5.07,1260000000.0,1.25,1.19,86.30,28160000.0,1.70,2.10,32020000.000000004,outperform
3645,2007-03-15 07:34:28,1173958468.0,bsx,14.98,-15.69,1392.280029,-7.48,-8.209999999999999,0.582,N/A,2.85,1.45,45.74,20.78,5.53,36.54,6.14,22560000000.0,29790000000.0,N/A,2.69,3.81,11.828,3.81,5610000000.0,11.828,3580000000.0,2.81,17.10,34.10,1670000000.0,1.127,8900000000.0,1.863,10.374,1850000000.0,1.1,11.57,65.00,18450000.0,1.6,1.40,25940000.0,underperform
3646,2011-09-03 23:37:40,1315107460.0,bsx,6.78,-19.91,1218.890015,14.82,-34.730000000000004,36.40,16.17,1.32,0.89,7.93,14.77,3.24,5.53,5.13,13860000000.0,13860000000.0,12.11,1.51,1.77,7.15,1.77,5210000000.0,7.15,620000000.0,0.40,46.50,2.40,170000000.0,0.11,4200000000.0,1.66,7.55,13860000000.0,1.17,3.09,90.20,45050000.0,1.90,3.40,46520000.0,underperform
3647,2008-10-21 22:17:19,1224641839.0,bsx,8.62,-4.76,955.0499880000001,13.23,-17.990000000000002,0.466,N/A,1.61,0.85,3.75,16.54,2.80,1.97,5.539,12940000000.0,19020000000.0,N/A,1.06,2.30,8.381,2.30,6020000000.0,8.381,310000000.0,0.21,14.80,2.30,1620000000.0,1.077,7290000000.0,1.703,10.432,1310000000.0,0.67,13.12,77.00,41410000.0,2.5,2.90,28210000.0,underperform
3648,2008-12-19 00:29:41,1229664581.0,bsx,7.78,12.85,887.8800050000001,24.92,-12.070000000000002,0.432,N/A,1.42,0.74,1.22,16.85,2.83,0.64,5.482,11710000000.0,16710000000.0,N/A,1.11,2.04,7.376,2.04,6020000000.0,7.376,100000000.0,0.07,N/A,3.40,1730000000.0,1.155,6770000000.0,1.494,10.452,1470000000.0,1.23,11.68,77.70,25020000.0,1.5,1.70,24540000.0,underperform
3649,2006-06-18 20:14:23,1150676063.0,bsx,19.52,-16.24,1256.160034,21.88,-38.12,0.566,27.79,4.54,3.43,9.57,31.50,14.86,13.29,7.648,29410000000.0,30970000000.0,N/A,1.78,4.93,13.252,4.93,4900000000.0,13.252,602000000.0,0.723,7.30,0.30,1080000000.0,0.74,2640000000.0,1.412,5.684,1030000000.0,0.94,11.94,71.70,19840000.0,1.3,2.90,68110000.0,underperform
3650,2004-02-15 17:36:29,1076884589.0,bsx,42.42,-22.35,1152.109985,4.69,-27.040000000000003,0.603,76.21,10.00,12.56,13.58,20.05,9.48,18.11,4.112,34900000000.0,35870000000.0,0.00,1.27,10.32,45.63,10.32,2049999999.9999998,45.63,472000000.0,0.559,N/A,9.20,752000000.0,0.92,1720000000.0,1.35,3.38,749000000.0,0.696,32.02,61.01,21850000.0,6.487,3.92,24040000.0,underperform
3651,2008-01-24 09:54:03,1201186443.0,bsx,11.96,-35.37,1352.069946,-38.47,3.1000000000000014,0.526,74.63,2.18,1.16,2.90,15.32,2.55,1.57,5.577,18020000000.0,24940000000.0,N/A,3.18,3.02,11.231,3.02,5610000000.0,11.231,240000000.0,0.16,N/A,1.10,1240000000.0,0.83,8160000000.0,1.388,10.413,991000000.0,1.57,14.49,68.70,41100000.0,3.9,3.00,38940000.0,outperform
3652,2008-04-27 00:57:41,1209272261.0,clf,138.49,-86.97,1388.819946,-38.26,-48.71,0.339,31.76,3.13,5.91,11.87,16.57,9.40,24.35,54.832,7380000000.0,7660000000.0,N/A,N/A,3.37,15.819,3.37,462000000.0,15.819,264600000.00000003,5.14,33.90,42.50,157100000.0,3.478,440000000.0,1.888,26.700001,288900000.0,2.61,19.57,94.20,3530000.0,2.2,8.00,3230000.0,underperform
3653,2004-09-11 04:29:15,1094891355.0,clf,62.17,4.78,1116.27002,10.34,-5.56,2.516,59.18,0.77,3.56,1.64,2.17,1.94,9.10,98.126,789730000.0,595150000.0,6.42,N/A,0.58,11.15,0.58,22700000.0,11.15,14400000.0,1.247,N/A,39.00,197900000.0,18.49,2.516,2.516,20.794001,39100000.0,0.439,5.62,95.00,1470000.0,4.153,14.52,1220000.0,underperform
3654,2011-09-29 08:30:41,1317299441.0,clf,49.0,-25.49,1160.400024,24.15,-49.64,64.95,5.05,1.41,1.47,26.27,35.25,13.14,32.20,42.25,12120000000.0,12120000000.0,3.72,0.21,2.11,5.09,2.11,N/A,5.09,1510000000.0,11.03,56.40,52.50,238100000.0,1.63,4230000000.0000005,1.42,37.99,12120000000.0,2.52,1.30,87.20,5080000.0,1.50,N/A,4810000.0,underperform
3655,2006-10-23 12:46:18,1161621978.0,clf,38.41,121.66,1377.02002,10.35,111.31,N/A,8.87,1.02,2.63,15.36,18.76,12.36,34.65,40.91,1820000000.0,1640000000.0,N/A,N/A,0.92,4.158,0.92,389000000.0,4.158,267399999.99999997,4.92,16.60,0.20,127300000.0,3.056,N/A,1.834,16.58,277900000.0,3.46,9.51,122.70,5700000.0,7.1,14.10,5300000.0,outperform
3656,2012-03-31 13:50:50,1333216250.0,clf,62.53,-70.89,1405.540039,11.64,-82.53,56.37,6.03,1.48,1.74,23.83,36.23,13.79,33.67,48.45,13280000000.0,13280000000.0,6.00,13.05,1.96,4.60,1.96,2690000000.0,4.60,1640000000.0,11.48,48.40,16.70,521600000.0,3.67,3970000000.0,1.20,40.73,2290000000.0,2.33,0.44,85.70,8870000.0,2.20,6.60,7690000.0,underperform
3657,2011-11-29 05:27:44,1322562464.0,clf,57.29,-50.78,1195.189941,17.97,-68.75,61.29,4.86,1.30,1.49,27.53,38.58,15.04,38.66,47.33,12190000000.0,12190000000.0,4.85,0.26,1.86,4.18,1.86,1520000000.0,4.18,1820000000.0,12.95,98.20,59.20,545100000.0,3.81,4200000000.0,1.47,40.02,12190000000.0,2.36,1.30,87.20,9950000.0,1.80,7.40,8700000.0,underperform
3658,2012-11-26 12:48:12,1353952092.0,clf,29.23,-16.63,1406.290039,28.19,-44.82,54.35,4.93,0.72,0.70,14.66,16.90,4.46,13.34,43.36,8590000000.0,8590000000.0,9.38,13.13,1.39,5.56,1.39,2690000000.0,5.56,921600000.0,6.33,85.80,26.00,36300000.0,0.26,4179999999.9999995,0.97,44.47,1020000000.0,2.45,0.76,81.20,27250000.0,3.40,19.20,29780000.0,underperform
3659,2012-02-04 09:15:36,1328364936.0,clf,66.36,-46.46,1324.089966,13.14,-59.6,61.29,5.80,1.60,1.83,27.53,38.58,15.04,38.66,47.33,14400000000.0,14400000000.0,7.38,0.61,2.20,4.94,2.20,1520000000.0,4.94,1820000000.0,12.95,98.20,59.20,545100000.0,3.81,4200000000.0,1.47,40.02,2230000000.0,2.51,0.44,85.70,7040000.0,2.40,5.20,6610000.0,underperform
3660,2011-11-04 12:28:22,1320424102.0,clf,64.61,-47.62,1253.22998,12.68,-60.3,57.59,5.48,1.56,1.79,27.53,37.63,14.67,38.66,47.33,13630000000.0,13630000000.0,5.03,0.29,2.08,4.76,2.08,1520000000.0,4.76,1820000000.0,12.95,98.20,59.20,545100000.0,3.78,3950000000.0,1.47,39.69,13630000000.0,2.36,1.30,87.20,8700000.0,1.70,N/A,6670000.0,underperform
3661,2013-04-05 05:42:38,1365154958.0,clf,17.67,13.64,1553.280029,21.74,-8.099999999999998,75.41,N/A,0.45,0.58,15.32,12.62,3.30,18.16,41.26,6820000000.0,6820000000.0,7.88,1.83,1.16,5.38,1.16,1170000000.0,5.38,935300000.0,6.32,N/A,4.20,195200000.0,1.37,4340000000.0,1.19,32.51,514500000.0,1.93,0.67,0.60,31890000.0,2.90,N/A,32020000.000000004,underperform
3662,2007-06-03 19:41:25,1180914085.0,clf,77.27,22.14,1530.619995,-9.47,31.61,N/A,17.19,1.88,4.84,14.58,18.28,12.26,32.12,45.676,3670000000.0,3320000000.0,N/A,N/A,1.73,7.62,1.73,389000000.0,7.62,274200000.0,5.20,5.90,17.10,351700000.0,8.573,N/A,2.087,18.232,428800000.0,3.01,10.36,120.50,5430000.0,6.7,13.60,5690000.0,outperform
3663,2007-03-12 17:36:23,1173735383.0,clf,51.04,95.65,1406.599976,-6.11,101.76,N/A,11.56,1.19,3.12,15.00,18.21,12.35,31.98,43.034,2400000000.0,2080000000.0,N/A,N/A,1.13,5.147,1.13,389000000.0,5.147,270200000.0,5.05,4.10,12.80,206900000.0,5.023,N/A,1.885,18.417,352400000.0,3.42,37.87,115.10,6540000.0,8.9,16.30,6370000.0,outperform
3664,2008-12-06 19:27:11,1228609631.0,clf,17.51,124.44,870.73999,26.32,98.12,0.354,3.79,0.56,1.16,15.99,25.83,15.22,39.02,36.638,2109999999.9999998,2320000000.0,N/A,N/A,0.67,2.186,0.67,462000000.0,2.186,553300000.0,5.22,207.40,92.00,388300000.0,3.638,598300000.0,1.06,15.82,790100000.0,2.79,0.19,79.80,6270000.0,5.60,5.60,6770000.0,outperform
3665,2007-08-18 02:59:37,1187420377.0,clf,55.24,54.27,1406.699951,-8.09,62.36,0.117,11.78,1.24,2.76,13.91,17.57,11.20,28.72,49.058,2560000000.0,2480000000.0,N/A,N/A,1.24,5.542,1.24,425700000.0,5.542,272900000.0,5.30,4.60,12.60,129300000.00000001,3.152,125000000.0,2.401,21.943001,298400000.0,3.86,0.07,115.50,6030000.0,15.10,15.10,6700000.0,outperform
3666,2009-06-27 21:06:35,1246151195.0,clf,21.12,128.31,900.9400019999999,19.17,109.14,N/A,5.56,0.79,1.63,13.74,26.88,16.42,31.78,33.361,3240000000.0,3240000000.0,N/A,N/A,0.91,2.746,0.91,1160000000.0,2.746,491500000.0,4.46,N/A,6.00,97300000.0,0.856,525000000.0,1.015,15.279,928400000.0,2.66,5.39,66.80,6470000.0,5.80,5.80,5820000.0,outperform
3667,2013-05-11 13:35:20,1368293720.0,clf,22.17,-23.18,1632.689941,14.88,-38.06,54.08,N/A,0.60,0.70,20.14,11.84,2.99,19.98,40.35,6470000000.0,6470000000.0,12.72,1.43,1.12,5.24,1.12,1170000000.0,5.24,1210000000.0,8.20,71.50,5.90,287200000.0,1.88,3710000000.0,1.66,32.49,618100000.0,1.95,0.67,0.60,34970000.0,2.30,24.80,36510000.0,underperform
3668,2007-04-08 18:22:18,1176070938.0,clf,59.07,110.06,1443.76001,-4.93,114.99000000000001,N/A,13.39,1.37,3.59,15.00,18.21,12.35,31.98,43.034,2750000000.0,2080000000.0,N/A,N/A,1.13,5.147,1.13,389000000.0,5.147,270200000.0,5.05,4.10,12.80,206900000.0,5.023,N/A,1.885,18.660999,352400000.0,3.42,37.87,115.10,6540000.0,8.9,16.30,6370000.0,outperform
3669,2007-07-05 18:00:10,1183672810.0,clf,73.08,,1525.400024,-15.77,,0.053,15.96,1.70,4.24,14.15,18.66,12.31,30.52,46.993,3390000000.0,3230000000.0,N/A,N/A,1.66,7.112,1.66,425700000.0,7.112,269000000.0,5.18,14.20,6.20,118800000.0,2.896,50000000.0,2.031,18.966,337300000.0,3.11,10.36,121.00,6700000.0,16.80,16.80,5430000.0,underperform
3670,2008-10-26 17:53:20,1225058000.0,clf,23.87,38.46,908.1099849999999,17.49,20.970000000000002,0.461,5.91,1.06,1.70,15.07,22.27,12.90,31.99,32.528,2790000000.0,3230000000.0,N/A,N/A,1.11,4.096,1.11,462000000.0,4.096,433900000.0,4.16,210.90,84.20,320400000.0,2.823,767600000.0,2.801,16.023001,409500000.0,2.67,17.32,80.10,4800000.0,1.1,4.60,6230000.0,outperform
3671,2013-04-23 17:01:02,1366750862.0,clf,16.58,8.38,1578.780029,18.79,-10.409999999999998,75.41,N/A,0.43,0.54,15.32,12.62,3.30,18.16,41.26,6660000000.0,6660000000.0,8.29,1.62,1.13,5.26,1.13,1170000000.0,5.26,935300000.0,6.32,N/A,4.20,195200000.0,1.37,4340000000.0,1.19,32.51,514500000.0,1.93,0.67,0.60,36510000.0,2.80,25.80,31890000.0,underperform
3672,2004-12-17 03:47:53,1103273273.0,clf,85.84,-8.08,1194.199951,6.58,-14.66,2.489,10.94,0.89,3.80,8.66,11.18,10.98,49.58,112.885,1080000000.0,812280000.0,7.11,N/A,0.67,4.96,0.67,22700000.0,4.96,100400000.0,9.108,N/A,39.00,265600000.00000003,24.6,2.489,2.489,26.254999,42600000.0,0.485,5.51,95.00,1630000.0,3.893,15.99,1530000.0,underperform
3673,2012-04-21 18:01:31,1335045691.0,clf,63.89,-73.74,1385.140015,11.3,-85.03999999999999,56.37,5.86,1.43,1.68,23.83,36.23,13.79,33.67,48.45,13000000000.0,13000000000.0,5.92,10.42,1.91,4.50,1.91,2690000000.0,4.50,1640000000.0,11.48,48.40,16.70,521600000.0,3.67,3970000000.0,1.20,40.73,2290000000.0,2.36,0.44,85.70,10460000.0,2.50,7.40,8870000.0,underperform
3674,2011-10-18 20:00:58,1318982458.0,fast,32.03,34.97,1225.380005,19.22,15.75,N/A,30.28,3.73,6.99,12.70,20.47,21.67,25.01,8.96,9720000000.0,9720000000.0,24.44,1.73,3.68,16.63,3.68,1170000000.0,16.63,335620000.0,1.13,29.10,20.40,137250000.0,0.47,0.00,5.56,4.77,9720000000.0,0.95,9.26,88.90,30030000.0,10.10,13.20,28200000.0,outperform
3675,2008-12-08 17:04:27,1228773867.0,fast,16.48,6.8,909.7000119999999,20.03,-13.23,N/A,19.91,2.28,4.70,11.81,19.13,22.51,25.68,15.525,5420000000.0,5220000000.0,N/A,1.23,2.26,10.843,2.26,1050000000.0,10.843,273360000.0,1.83,17.30,17.10,52330000.0,0.352,N/A,5.703,7.552,241200000.0,1.01,15.21,79.10,18640000.0,7.3,14.30,17050000.0,underperform
3676,2012-04-18 21:41:33,1334799693.0,fast,45.77,0.11,1385.140015,11.3,-11.190000000000001,N/A,37.88,5.01,9.43,13.08,20.98,22.74,26.75,9.81,14280000000.0,14280000000.0,27.24,1.89,4.93,21.84,4.93,1430000000.0,21.84,378580000.0,1.28,26.00,20.00,226070000.0,0.76,0.00,5.72,5.20,326390000.0,0.95,9.04,86.80,18380000.0,9.20,7.90,18420000.0,underperform
3677,2004-06-20 22:25:21,1087784721.0,fast,12.11,14.78,1132.050049,7.42,7.359999999999999,5.838,44.76,3.98,7.00,8.94,14.40,14.67,16.69,13.743,4170000000.0,4099999999.9999995,28.80,1.76,3.93,23.91,3.93,489070000.0,23.91,93230000.0,1.229,11.40,9.90,75690000.0,5.838,5.838,5.838,7.815,110010000.0,0.458,19.61,74.95,4070000.0000000005,7.821,6.67,4440000.0,outperform
3678,2007-02-21 06:37:29,1172057849.0,fast,16.82,10.76,1457.630005,-7.9,18.66,N/A,28.31,3.07,6.02,11.00,17.69,20.76,23.34,11.98,5640000000.0,5610000000.0,N/A,1.34,3.10,15.845,3.10,758100000.0,15.845,199040000.0,1.32,16.40,16.80,30180000.0,0.2,N/A,7.39,6.098,97880000.0,0.66,16.60,66.30,8320000.0,7.3,6.60,7800000.0,outperform
3679,2006-08-15 10:28:48,1155652128.0,fast,16.39,24.22,1285.579956,9.42,14.799999999999999,N/A,29.08,3.19,6.30,11.00,17.69,20.61,23.49,11.101,5350000000.0,5300000000.0,N/A,1.31,3.16,16.202,3.16,758100000.0,16.202,184500000.0,1.22,15.40,19.70,49820000.0,0.33,N/A,6.393,5.631,127830000.0,11.39,16.86,67.00,6240000.0,5.8,5.00,6090000.0,outperform
3680,2008-01-22 19:45:53,1201049153.0,fast,16.91,-13.42,1310.5,-35.88,22.46,N/A,25.01,2.53,5.01,11.15,17.96,20.82,23.62,13.196,5520000000.0,4980000000.0,N/A,1.18,2.50,12.626,2.50,907680000.0,12.626,222000000.0,1.47,14.90,13.50,58600000.0,0.391,N/A,6.841,6.703,177060000.0,1.4,27.13,61.80,9350000.0,9.8,7.40,11120000.0,outperform
3681,2008-04-16 21:07:20,1208394440.0,fast,22.45,-27.44,1364.709961,-36.59,9.150000000000002,N/A,30.32,3.40,6.98,11.53,18.60,21.45,24.89,14.255,7430000000.0,7190000000.0,N/A,1.36,3.36,16.505,3.36,1050000000.0,16.505,246680000.0,1.64,26.00,15.80,75420000.0,0.506,N/A,5.496,6.977,230180000.0,1.03,13.42,78.90,14890000.0,6.4,11.50,14200000.0,outperform
3682,2004-11-30 16:35:19,1101850519.0,fast,13.55,30.18,1173.819946,6.45,23.73,6.029,39.68,3.98,7.24,10.04,16.10,17.04,19.56,15.422,4660000000.0,4630000000.0,29.39,1.46,3.95,21.93,3.95,489070000.0,21.93,117610000.0,1.548,11.40,9.90,33620000.0,0.44,6.029,6.029,8.501,67460000.0,0.582,19.34,75.35,3980000.0,5.096,6.51,3780000.0,outperform
3683,2013-02-06 12:31:48,1360171908.0,fast,48.48,-9.49,1512.119995,17.28,-26.770000000000003,N/A,35.30,4.74,9.53,13.42,21.49,24.04,27.86,10.58,14790000000.0,14790000000.0,26.25,1.74,4.72,20.33,4.72,1430000000.0,20.33,420540000.0,1.42,12.90,8.50,79960000.0,0.27,0.00,6.30,5.26,396290000.0,0.91,8.72,79.70,16370000.000000002,8.20,7.00,15870000.0,underperform
3684,2011-08-16 07:11:54,1313493114.0,fast,30.45,34.22,1192.76001,17.84,16.38,N/A,30.63,3.84,7.14,12.45,20.10,20.93,24.02,8.55,9560000000.0,9560000000.0,22.76,1.61,3.79,17.42,3.79,1170000000.0,17.42,313810000.0,1.07,36.10,22.90,115650000.0,0.39,0.00,5.73,4.59,9560000000.0,0.97,9.26,88.90,23510000.0,9.80,10.30,24200000.0,outperform
3685,2013-05-09 00:41:09,1368074469.0,fast,47.43,1.16,1626.670044,15.48,-14.32,N/A,33.43,4.55,8.79,13.54,21.65,22.84,27.01,10.70,14040000000.0,14040000000.0,25.63,1.73,4.43,18.89,4.43,1610000000.0,18.89,429390000.0,1.45,8.80,4.90,159660000.0,0.54,0.00,5.44,5.53,424350000.0,0.85,8.45,81.00,17520000.0,11.00,7.60,17390000.0,underperform
3686,2013-04-23 03:24:02,1366701842.0,fast,47.66,4.11,1578.780029,18.79,-14.68,N/A,33.55,4.50,8.70,13.54,21.65,22.84,27.01,10.70,14120000000.0,14120000000.0,25.72,1.71,4.45,19.00,4.45,1610000000.0,19.00,429390000.0,1.45,8.80,4.90,159660000.0,0.54,0.00,5.44,5.53,424350000.0,0.87,8.45,81.00,17390000.0,14.10,7.50,17770000.0,underperform
3687,2009-11-06 13:47:24,1257533244.0,swk,43.55,28.73,1069.300049,12.03,16.700000000000003,N/A,22.86,1.03,2.08,4.50,10.23,4.97,9.57,48.552,5210000000.0,5210000000.0,N/A,2.96,1.35,8.727,1.35,1670000000.0,8.727,180900000.0,2.17,63.30,16.50,207400000.0,2.594,1450000000.0,1.134,23.893,441700000.0,1.31,0.70,77.40,3970000.0,5.2,5.00,3400000.0,outperform
3688,2008-02-01 09:50:20,1201877420.0,swk,42.82,-30.06,1395.420044,-37.36,7.300000000000001,0.871,12.82,0.97,2.49,7.51,12.14,7.80,20.52,54.473,4219999999.9999995,5450000000.0,N/A,0.98,1.22,7.721,1.22,1460000000.0,7.721,336600000.0,4.01,6.60,14.50,240400000.0,2.948,1500000000.0,1.384,20.627001,544100000.0,1.51,0.45,78.10,2430000.0,2.3,3.00,2200000.0,outperform
3689,2005-05-09 14:09:07,1115662147.0,swk,33.88,24.2,1178.839966,12.41,11.79,0.542,14.74,1.16,2.83,8.09,10.78,8.71,22.06,36.265,3560000000.0,3940000000.0,12.11,0.99,1.28,8.52,1.28,1110000000.0,8.52,248400000.0,2.93,240.00,13.60,310500000.0,3.77,687200000.0,1.618,15.304,371500000.0,0.804,0.07,75.48,2160000.0,4.114,2.63,1790000.0,outperform
3690,2004-10-15 12:00:38,1097856038.0,swk,31.88,10.29,1108.199951,6.27,4.02,0.757,18.29,1.15,3.26,6.35,8.91,7.26,20.97,35.833,3400000000.0,3950000000.0,13.05,1.13,1.33,10.25,1.33,892800000.0,10.25,188300000.0,2.269,41.70,3.30,235700000.0,2.88,787800000.0,1.386,12.711,491500000.0,0.892,0.62,75.86,2900000.0,6.68,3.56,3290000.0,outperform
3691,2012-02-12 19:25:50,1329092750.0,swk,70.43,3.38,1351.949951,12.21,-8.830000000000002,48.85,18.95,1.19,1.76,6.50,11.10,4.63,9.78,62.57,14820000000.0,14820000000.0,11.26,0.74,1.43,9.49,1.43,2950000000.0,9.49,691300000.0,3.96,20.00,15.70,906900000.0,5.55,3450000000.0,1.32,42.86,998900000.0,1.70,3.31,80.70,5590000.0,3.10,3.40,5910000.0,underperform
3692,2006-07-08 12:18:53,1152375533.0,swk,37.6,35.66,1270.910034,20.02,15.639999999999997,0.921,16.19,1.08,2.82,6.96,13.25,8.49,18.84,41.477,3710000000.0,4850000000.0,N/A,1.12,1.40,8.64,1.40,1180000000.0,8.64,244400000.0,2.82,43.40,21.70,204900000.0,2.522,1220000000.0,1.277,16.330999,386900000.0,1.6,0.56,72.20,3080000.0,3.80,3.80,2760000.0,outperform
3693,2012-03-28 23:28:18,1332991698.0,swk,73.37,6.49,1405.540039,11.64,-5.15,50.16,19.70,1.29,1.90,6.50,11.13,4.64,9.78,62.57,15990000000.0,15990000000.0,11.70,1.09,1.54,10.22,1.54,3790000000.0,10.22,689900000.0,3.97,N/A,N/A,928600000.0,5.48,3540000000.0,1.32,41.43,998900000.0,1.76,3.31,80.70,5780000.0,3.20,3.40,5520000.0,underperform
3694,2005-12-06 22:29:14,1133926154.0,swk,38.15,10.64,1263.699951,11.81,-1.17,0.492,13.80,1.24,2.94,9.08,13.87,9.63,22.22,39.494,4030000000.0000005,4390000000.0,N/A,1.27,1.34,7.992,1.34,1110000000.0,7.992,274800000.0,3.49,20.30,12.40,338100000.0,4.044,678700000.0,1.694,16.492001,341800000.0,N/A,0.41,72.60,2740000.0,4.7,3.30,1620000.0,underperform
3695,2003-11-03 19:21:53,1067905313.0,swk,25.08,38.96,1059.02002,6.76,32.2,1.163,31.04,1.03,3.65,3.33,5.30,3.88,9.83,31.783,2840000000.0,3610000000.0,13.23,1.42,1.32,14.03,1.32,835800000.0,14.03,91400000.0,1.074,0.00,0.00,127700000.0,1.5,903600000.0,1.512,9.14,N/A,0.722,0.68,69.26,3500000.0,9.589,4.14,3020000.0,outperform
3696,2005-02-07 15:28:58,1107808138.0,swk,36.69,4.91,1201.719971,4.42,0.4900000000000002,0.483,16.62,1.27,3.59,7.89,10.81,8.46,21.53,36.126,3920000000.0,4269999999.9999995,13.33,1.10,1.40,9.31,1.40,892800000.0,9.31,240200000.0,2.86,41.70,3.30,250000000.0,3.04,584300000.0,1.624,13.328,440900000.0,0.911,0.68,72.83,2830000.0,8.2,3.46,2930000.0,outperform
3697,2013-05-17 17:28:12,1368826092.0,swk,78.1,8.59,1667.469971,13.26,-4.67,73.16,15.77,1.27,1.97,8.22,11.48,4.43,6.10,63.75,17200000000.0,17200000000.0,12.87,1.12,1.68,10.67,1.68,N/A,10.67,424100000.0,5.13,33.40,2.50,577800000.0,3.57,4870000000.0,1.07,40.85,851000000.0,1.79,0.64,92.50,6680000.0,4.20,4.20,6140000.0,underperform
3698,2004-04-14 14:10:13,1081966213.0,swk,33.33,7.44,1128.170044,3.0,4.44,0.806,38.09,1.33,4.13,3.61,4.97,3.94,11.87,31.567,3500000000.0,4040000000.0,14.11,1.22,1.51,16.3,1.51,835800000.0,16.3,96700000.0,1.13,0.00,0.00,204400000.0,2.51,692200000.0,1.593,10.564,343300000.0,0.911,0.53,70.62,1960000.0,5.683,2.41,1650000.0,outperform
3699,2005-03-06 21:38:27,1110163107.0,swk,36.03,12.27,1210.469971,5.6,6.67,0.483,16.52,1.25,3.16,7.89,10.81,8.46,21.53,36.126,3890000000.0,4230000000.0000005,13.22,1.08,1.39,9.22,1.39,892800000.0,9.22,240200000.0,2.86,41.70,3.30,250000000.0,3.04,584300000.0,1.624,14.679,440900000.0,0.864,0.68,74.54,1880000.0,3.466,2.30,2830000.0,outperform
3700,2007-02-21 22:35:47,1172115347.0,srcl,39.74,36.06,1457.630005,-7.9,43.96,0.745,34.06,4.47,5.64,13.33,26.03,10.92,18.36,17.506,3520000000.0,3980000000.0,N/A,1.61,5.04,17.097,5.04,268040000.00000003,17.097,105270000.0,2.33,N/A,25.30,16040000.0,0.362,465800000.0,1.37,14.125,160160000.0,0.35,1.71,84.90,1810000.0,4.30,4.30,2060000.0,outperform
3701,2004-08-22 18:34:55,1093214095.0,srcl,23.07,26.74,1091.22998,11.96,14.779999999999998,0.45,29.60,4.44,4.40,15.68,28.51,10.19,17.61,10.173,2130000000.0,2330000000.0,22.37,1.33,4.97,16.98,4.97,196620000.0,16.98,73570000.0,1.595,43.90,12.90,15170000.0,0.34,212650000.0,1.718,10.483,108150000.0,0.209,14.78,85.23,2200000.0,7.461,5.72,1860000.0,outperform
3702,2005-05-11 00:38:55,1115786335.0,srcl,24.73,27.58,1171.109985,11.51,16.07,0.424,27.94,3.98,4.42,15.00,26.98,10.08,16.94,11.707,2160000000.0,2340000000.0,20.35,1.38,4.34,14.87,4.34,228210000.0,14.87,80870000.0,1.76,18.80,13.90,13310000.0,0.3,206300000.0,1.244,11.016,114610000.0,0.279,4.86,90.69,2240000.0,7.287,5.33,2480000.0,outperform
3703,2013-05-23 18:32:00,1369348320.0,srcl,111.28,1.08,1650.51001,15.15,-14.07,78.30,34.96,4.87,5.94,14.12,25.82,9.31,18.95,22.95,11010000000.0,11010000000.0,26.66,1.99,5.60,18.73,5.60,857300000.0,18.73,277760000.0,3.18,15.00,11.70,13200000.0,0.15,1270000000.0,1.37,18.66,386060000.0,0.23,3.15,91.00,2460000.0,6.00,2.90,2360000.0,underperform
3704,2011-02-04 04:12:18,1296810738.0,srcl,83.63,1.66,1310.869995,1.01,0.6499999999999999,95.40,33.79,4.93,6.54,14.90,27.20,10.59,22.50,16.03,7640000000.0,7640000000.0,28.65,1.98,5.62,18.21,5.62,553100000.0,18.21,202510000.0,2.34,21.80,21.90,39260000.0,0.46,977440000.0,1.16,11.99,7640000000.0,0.21,15.46,83.50,4600000.0,9.40,5.80,5210000.0,outperform
3705,2012-07-13 02:19:13,1342160353.0,srcl,92.82,24.23,1356.780029,21.8,2.4299999999999997,101.06,33.05,4.52,6.04,14.04,26.26,9.64,19.64,20.37,9170000000.0,9170000000.0,25.21,1.72,5.28,17.47,5.28,760740000.0,17.47,243930000.0,2.80,16.50,15.60,30680000.0,0.36,1340000000.0,1.28,15.29,340080000.0,0.16,8.66,87.50,4400000.0,8.60,6.00,3700000.0,outperform
3706,2013-03-31 18:33:04,1364769184.0,srcl,106.18,7.01,1569.189941,19.32,-12.31,87.08,34.47,4.71,5.84,14.01,25.81,9.18,19.39,22.40,10470000000.0,10470000000.0,25.40,1.87,5.47,18.36,5.47,857300000.0,18.36,268000000.0,3.08,9.00,12.80,31830000.0,0.37,1360000000.0,1.33,17.93,387450000.0,0.24,3.15,91.00,2310000.0,3.90,3.10,2020000.0,underperform
3707,2013-06-19 09:57:38,1371650258.0,abbv,40.94,30.36,1628.930054,20.29,10.07,512.61,12.88,3.72,23.32,28.92,36.65,18.41,71.43,11.73,76110000000.0,76110000000.0,13.48,2.05,4.11,9.69,4.11,13870000000.0,9.69,5360000000.0,3.38,9.60,3.70,7480000000.0,4.72,15160000000.0,2.21,1.87,5940000000.0,1.81,0.02,6.30,11400000.0,2.10,0.70,11000000.0,outperform
3708,2007-04-08 10:16:28,1176041788.0,afl,40.08,38.5,1443.76001,-4.93,43.43,0.171,16.22,1.61,2.83,10.15,15.62,2.46,18.23,29.491,23570000000.0,23790000000.0,N/A,0.98,1.63,10.16,1.63,14620000000.0,10.16,1480000000.0,2.96,8.50,3.40,1200000000.0,2.446,1430000000.0,0.396,16.934,4400000000.0,0.25,2.43,61.40,4560000.0,2.3,1.00,5520000.0,outperform
3709,2005-03-17 18:20:48,1111101648.0,afl,31.2,23.91,1190.209961,9.83,14.08,0.189,15.18,1.44,2.54,9.78,13.61,2.42,18.75,25.717,19180000000.0,16790000000.0,12.74,0.99,1.26,N/A,1.26,13280000000.0,N/A,1300000000.0,2.52,3.20,11.60,3810000000.0,7.6,1430000000.0,N/A,15.037,4310000000.0,0.4,4.42,58.21,3190000.0,1.917,0.67,3340000.0,outperform
3710,2009-01-29 12:02:15,1233248535.0,afl,20.1,114.83,845.1400150000001,27.06,87.77,0.241,8.43,0.72,1.84,8.83,13.65,2.08,19.26,34.082,11680000000.0,12740000000.0,N/A,0.41,0.78,5.545,0.78,15390000000.0,5.545,1440000000.0,2.97,76.20,4.40,514000000.0,1.103,1570000000.0,0.383,13.64,4960000000.0,0.81,2.54,65.80,16970000.0,4.7,3.70,17700000.0,outperform
3711,2007-02-20 18:32:53,1172014373.0,afl,40.5,33.21,1459.680054,-6.83,40.04,0.171,16.40,1.62,2.83,10.15,15.49,2.44,18.23,29.491,23860000000.0,25060000000.0,N/A,0.98,1.72,10.584,1.72,14360000000.0,10.584,1480000000.0,2.96,8.80,3.40,N/A,N/A,1430000000.0,N/A,16.934,N/A,0.29,2.43,57.90,4510000.0,2.9,0.90,3680000.0,outperform
3712,2004-06-27 21:50:24,1088387424.0,afl,32.73,8.43,1140.650024,4.39,4.04,0.203,24.11,1.72,2.94,7.32,11.18,1.77,12.51,22.885,20550000000.0,20800000000.0,15.36,1.17,1.75,N/A,1.75,11450000000.0,N/A,873000000.0,1.676,3.20,11.60,1170000000.0,2.3,1420000000.0,N/A,13.756,3630000000.0,0.483,4.42,58.30,4099999.9999999995,3.237,0.84,3740000.0,outperform
3713,2006-05-28 02:32:55,1148797975.0,afl,38.8,,1272.880005,19.08,,0.185,15.48,1.63,3.08,10.65,16.13,2.56,19.93,28.739,23330000000.0,23570000000.0,N/A,1.07,1.64,9.718,1.64,14360000000.0,9.718,1530000000.0,3.02,14.30,N/A,1160000000.0,2.316,1400000000.0,0.357,15.2,4280000000.0000005,0.48,3.42,58.90,3170000.0,2.1,0.70,3050000.0,underperform
3714,2005-01-25 00:35:34,1106631334.0,afl,32.32,20.61,1168.410034,8.24,12.37,0.189,21.48,1.58,2.77,7.52,11.54,1.84,14.14,24.471,20030000000.0,20020000000.0,14.94,1.15,1.58,N/A,1.58,11450000000.0,N/A,954000000.0,1.843,3.20,11.60,1390000000.0,2.74,1370000000.0,N/A,14.318,4310000000.0,0.456,4.42,59.29,3500000.0,1.72,0.72,4040000.0,outperform
3715,2005-08-28 22:41:53,1125283313.0,afl,36.35,1.32,1212.369995,7.37,-6.05,0.162,16.05,1.60,2.62,10.07,14.20,2.24,19.13,27.581,22040000000.0,21980000000.0,N/A,1.13,1.58,N/A,1.58,13280000000.0,N/A,1400000000.0,2.74,30.20,10.30,1430000000.0,2.846,1370000000.0,0.371,16.878,4590000000.0,N/A,3.34,58.20,4860000.0,2.1,1.00,4810000.0,underperform
3716,2008-01-23 12:52:38,1201110758.0,afl,52.95,-62.76,1338.599976,-38.18,-24.58,0.172,19.18,1.99,3.54,10.52,16.24,2.51,19.23,30.771,29910000000.0,30030000000.0,N/A,1.28,1.99,11.986,1.99,14620000000.0,11.986,1580000000.0,3.20,14.40,5.10,1330000000.0,2.722,1450000000.0,0.472,17.326,4500000000.0,0.52,2.47,61.90,5350000.0,2.9,1.10,5270000.0,underperform
3717,2005-04-06 19:09:19,1112828959.0,afl,30.22,24.98,1184.069946,10.55,14.43,0.189,14.69,1.40,2.46,9.78,13.61,2.42,18.75,25.717,18600000000.0,16239999999.999998,12.37,0.95,1.22,N/A,1.22,13280000000.0,N/A,1300000000.0,2.52,63.40,16.00,3810000000.0,7.58,1430000000.0,N/A,15.037,4490000000.0,0.244,3.54,58.11,4240000.0,2.201,0.88,3190000.0,outperform
3718,2012-07-17 03:10:14,1342509014.0,afl,41.45,39.2,1363.670044,23.26,15.940000000000001,30.49,8.59,0.88,1.49,10.17,16.08,2.15,19.14,49.82,22310000000.0,22310000000.0,6.29,0.60,0.96,5.88,0.96,6700000000.0,5.88,2360000000.0,5.03,101.80,20.30,2240000000.0,4.79,4160000000.0,0.43,29.18,12230000000.0,1.76,3.05,64.30,6950000.0,2.10,1.50,8340000.0,outperform
3719,2013-05-07 11:42:45,1367941365.0,afl,53.77,15.72,1625.959961,15.51,0.21000000000000085,27.57,8.79,1.03,1.67,11.79,18.29,2.44,20.38,54.01,30080000000.0,30080000000.0,8.50,1.27,1.19,6.42,1.19,8289999999.999999,6.42,2970000000.0,6.33,13.60,0.30,N/A,N/A,4280000000.0000005,N/A,33.33,N/A,1.66,3.01,65.30,9620000.0,2.80,2.10,8490000.0,outperform
3720,2003-10-03 17:29:50,1065216590.0,afl,26.9,18.4,1029.849976,8.25,10.149999999999999,0.173,19.17,1.54,2.25,8.25,12.67,2.04,13.84,21.017,17180000000.0,16620000000.000002,15.42,1.18,1.51,N/A,1.51,10260000000.0,N/A,911000000.0,N/A,19.50,6.50,1740000000.0,3.38,1310000000.0,N/A,14.73,N/A,0.705,4.44,56.92,4250000.0,2.898,0.87,3180000.0,outperform
3721,2011-12-30 09:10:57,1325254257.0,afl,40.53,27.26,1257.599976,12.9,14.360000000000001,33.03,10.98,0.94,1.59,8.62,14.16,1.79,15.56,46.04,22440000000.0,22440000000.0,6.50,0.62,1.04,7.17,1.04,4930000000.0,7.17,1860000000.0,3.94,7.80,11.90,1960000000.0,4.20,4200000000.0,0.42,27.25,9610000000.0,2.53,3.03,65.30,9160000.0,2.50,2.00,9130000.0,outperform
3722,2003-12-07 12:26:30,1070817990.0,afl,29.04,10.33,1069.719971,11.27,-0.9399999999999995,0.206,20.44,1.64,2.77,8.06,12.54,1.97,13.45,21.512,18190000000.0,18390000000.0,16.21,1.25,1.63,N/A,1.63,10260000000.0,N/A,908000000.0,1.735,19.50,6.50,1180000000.0,2.29,1380000000.0,N/A,13.01,N/A,0.561,4.43,57.62,4580000.0,2.455,0.94,4500000.0,underperform
3723,2004-08-29 05:10:22,1093770622.0,afl,32.38,12.01,1105.089966,9.7,2.3100000000000005,0.226,23.33,1.64,3.28,7.24,11.19,1.76,13.07,23.654,20280000000.0,20600000000.0,15.26,1.17,1.68,N/A,1.68,11450000000.0,N/A,890000000.0,1.714,3.20,11.60,1070000000.0000001,2.11,1400000000.0,N/A,12.162,4050000000.0,0.522,4.43,59.28,1950000.0,0.621,0.40,3140000.0,outperform
3724,2012-09-23 14:04:56,1348423496.0,ges,24.09,19.8,1460.26001,16.54,3.2600000000000016,1.06,10.37,0.88,2.20,8.80,12.55,11.81,20.77,29.36,1980000000.0,1980000000.0,10.13,1.15,0.75,4.79,0.75,1160000000.0,4.79,229980000.0,2.55,29.30,6.20,281510000.0,3.31,11350000.0,2.80,12.34,320770000.0,1.82,30.70,71.10,6810000.0,3.50,10.50,6290000.0,outperform
3725,2003-10-27 11:08:46,1067270926.0,ges,4.35,54.94,1031.130005,7.75,47.19,0.515,N/A,0.84,3.18,2.09,1.69,3.62,7.55,13.759,485740000.0,560200000.0,35.33,19.43,0.94,22.23,0.94,199330000.0,22.23,12470000.0,0.288,280.70,13.90,7100000.0,0.16,81560000.0,1.916,3.66,N/A,2.309,82.40,14.32,N/A,6.877,6.60,N/A,outperform
3726,2004-09-22 02:48:16,1095835696.0,ges,6.6,16.36,1113.560059,9.08,7.279999999999999,0.322,35.79,1.10,3.91,3.18,6.47,6.11,12.16,15.231,764860000.0,783580000.0,19.51,1.15,1.16,9.98,1.16,220160000.0,9.98,21390000.0,0.485,N/A,9.20,50380000.0,1.14,60720000.0,2.049,4.28,76030000.0,2.368,63.00,29.20,N/A,5.394,4.70,N/A,outperform
3727,2012-07-23 13:13:10,1343063590.0,ges,24.78,25.22,1350.52002,25.31,-0.08999999999999986,1.05,10.42,0.95,2.14,9.32,14.44,13.40,21.41,29.42,2069999999.9999998,2069999999.9999998,9.55,0.97,0.77,4.43,0.77,1160000000.0,4.43,247520000.0,2.71,37.60,2.20,489970000.0,5.45,12740000.0,3.19,13.20,353310000.0,1.89,30.70,71.10,8530000.0,4.80,13.20,7440000.0,underperform
3728,2011-12-29 05:03:31,1325153011.0,ges,25.93,-12.65,1263.02002,11.04,-23.689999999999998,1.16,10.10,1.07,2.33,10.23,16.17,14.88,22.88,29.11,2430000000.0,2430000000.0,8.86,0.81,0.91,4.77,0.91,1090000000.0,4.77,270690000.0,2.93,4.00,4.70,430810000.0,4.64,14460000.0,2.99,13.17,362010000.0,1.59,31.96,71.30,4000000.0,2.50,6.20,4360000.0,underperform
3729,2004-11-14 20:07:38,1100480858.0,ges,6.03,99.17,1173.47998,5.14,94.03,0.307,26.33,0.98,3.44,3.76,7.33,7.30,14.38,15.842,692980000.0,691450000.0,17.43,1.06,0.98,7.97,0.98,220160000.0,7.97,26520000.0,0.596,N/A,9.20,63060000.0,1.43,61530000.0,1.911,4.537,75710000.0,2.478,65.13,31.38,N/A,4.947,5.49,N/A,outperform
3730,2012-09-21 15:21:31,1348255291.0,ges,23.46,25.28,1460.150024,18.17,7.109999999999999,1.06,10.66,0.88,2.20,8.80,12.55,11.81,20.77,29.36,2040000000.0,2040000000.0,10.42,1.15,0.78,4.94,0.78,1160000000.0,4.94,229980000.0,2.55,29.30,6.20,281510000.0,3.31,11350000.0,2.80,12.34,320770000.0,1.82,30.70,71.10,6810000.0,3.50,10.50,6290000.0,outperform
3731,2007-02-18 19:33:13,1171845193.0,ges,32.3,,1456.810059,-7.33,,0.122,37.72,3.43,8.86,9.26,14.82,15.16,32.17,24.745,3880000000.0,3710000000.0,N/A,1.35,3.33,18.05,3.33,380870000.0,18.05,103290000.0,2.25,77.10,25.20,220330000.0,4.822,52380000.0,1.86,9.435,106960000.0,1.82,56.48,65.40,3240000.0,12.40,12.40,3250000.0,underperform
3732,2013-05-11 18:45:58,1368312358.0,ges,27.14,-1.22,1632.689941,14.88,-16.1,1.00,14.12,0.91,2.22,6.72,10.71,10.00,15.74,30.82,2040000000.0,2040000000.0,13.72,1.76,0.77,5.44,0.77,1070000000.0000001,5.44,177400000.0,2.05,24.30,5.10,335930000.0,3.94,11070000.0,2.88,12.73,268900000.0,1.78,32.43,72.60,8260000.0,6.00,12.80,8600000.0,underperform
3733,2012-09-21 08:18:43,1348229923.0,ges,23.46,25.28,1460.150024,18.17,7.109999999999999,1.06,10.65,0.88,2.20,8.80,12.55,11.81,20.77,29.36,2040000000.0,2040000000.0,10.41,1.15,0.78,4.94,0.78,1160000000.0,4.94,229980000.0,2.55,29.30,6.20,281510000.0,3.31,11350000.0,2.80,12.34,320770000.0,1.82,30.70,71.10,6810000.0,3.50,10.50,6290000.0,outperform
3734,2012-10-11 10:08:06,1349964486.0,ges,22.17,27.88,1432.839966,18.87,9.009999999999998,1.06,9.80,0.81,2.03,8.80,12.55,11.81,20.77,29.36,1860000000.0,1860000000.0,9.72,1.07,0.71,4.49,0.71,1160000000.0,4.49,229980000.0,2.55,29.30,6.20,281510000.0,3.31,11350000.0,2.80,12.34,320770000.0,1.80,29.85,75.20,6710000.0,5.10,10.40,6790000.0,outperform
3735,2011-12-30 03:16:46,1325233006.0,ges,25.88,-12.36,1257.599976,12.9,-25.259999999999998,1.16,10.20,1.03,2.25,10.23,16.17,14.88,22.88,29.11,2330000000.0,2330000000.0,8.95,0.81,0.87,4.56,0.87,1090000000.0,4.56,270690000.0,2.93,4.00,4.70,430810000.0,4.64,14460000.0,2.99,13.17,362010000.0,1.59,31.96,71.30,4000000.0,2.50,6.20,4360000.0,underperform
3736,2012-10-01 10:48:37,1349102917.0,ges,22.45,27.26,1444.48999,17.34,9.920000000000002,1.06,9.97,0.82,2.06,8.80,12.55,11.81,20.77,29.36,1890000000.0,1890000000.0,9.74,1.08,0.72,4.58,0.72,1160000000.0,4.58,229980000.0,2.55,29.30,6.20,281510000.0,3.31,11350000.0,2.80,12.34,320770000.0,1.80,30.70,71.10,6790000.0,3.30,10.50,6810000.0,outperform
3737,2008-06-26 00:06:03,1214453163.0,ges,30.28,-31.57,1283.150024,-28.39,-3.1799999999999997,0.093,18.47,1.95,5.11,10.68,17.58,19.36,33.17,20.105,3710000000.0,3440000000.0,N/A,0.69,1.85,9.09,1.85,792770000.0,9.09,198750000.0,2.12,34.50,29.40,260390000.0,2.741,66010000.00000001,2.35,7.496,186590000.0,1.21,36.20,69.40,7100000.0,9.4,11.80,7430000.0,underperform
3738,2012-11-04 04:51:47,1352022707.0,ges,22.96,32.36,1427.589966,23.84,8.52,1.06,9.56,0.84,2.10,8.80,12.55,11.81,20.77,29.36,1810000000.0,1810000000.0,9.72,1.03,0.69,4.36,0.69,1160000000.0,4.36,229980000.0,2.55,29.30,6.20,281510000.0,3.31,11350000.0,2.80,12.34,320770000.0,1.81,29.85,75.20,7160000.0,6.10,11.10,6710000.0,outperform
3739,2010-12-12 22:03:48,1292209428.0,ges,40.11,-38.57,1233.0,0.28,-38.85,1.32,16.44,1.81,3.72,11.50,16.51,15.42,25.89,25.95,3850000000.0,3850000000.0,13.76,1.06,1.62,8.42,1.62,941490000.0,8.42,269270000.0,2.92,7.80,17.40,469020000.0,5.16,15210000.0,3.00,12.71,3850000000.0,1.78,30.27,68.10,3110000.0,2.40,4.80,5020000.0,underperform
3740,2012-01-28 06:08:48,1327748928.0,expr,22.12,-17.27,1326.060059,12.73,-30.0,145.32,15.11,0.96,8.89,6.37,12.56,17.99,73.88,22.84,2109999999.9999998,2109999999.9999998,11.57,0.80,1.04,6.63,1.04,678320000.0,6.63,128710000.00000001,1.45,24.20,8.00,144980000.0,1.63,316910000.0,1.58,2.45,233440000.0,N/A,4.60,94.50,6200000.0,4.70,9.90,5470000.0,underperform
3741,2011-08-19 07:58:41,1313755121.0,expr,16.75,-7.4,1123.530029,25.1,-32.5,203.94,16.68,0.75,8.71,4.51,11.90,18.68,205.21,22.03,1620000000.0,1620000000.0,8.91,0.64,0.83,5.45,0.83,678320000.0,5.45,87760000.0,0.99,14.60,9.60,180790000.0,2.04,341240000.0,1.58,1.89,1620000000.0,N/A,21.50,81.70,4190000.0000000005,6.00,6.70,4270000.0,underperform
3742,2013-05-24 04:30:36,1369384236.0,expr,19.2,-28.91,1649.599976,14.45,-43.36,53.57,12.25,0.76,4.40,6.48,11.72,16.69,42.70,24.73,1540000000.0,1540000000.0,11.40,0.65,0.72,4.85,0.72,742640000.0,4.85,139270000.0,1.60,5.90,8.30,256300000.0,3.02,198840000.0,1.65,4.37,269360000.0,1.32,9.91,95.80,3120000.0,3.10,4.30,3840000.0,underperform
3743,2011-10-23 11:01:10,1319382070.0,expr,21.9,-48.26,1215.390015,17.97,-66.22999999999999,173.65,25.21,0.98,10.62,3.94,12.35,18.67,54.76,22.45,2160000000.0,2160000000.0,12.05,0.74,1.09,6.95,1.09,678320000.0,6.95,78270000.0,0.89,42.90,9.50,144550000.0,1.63,317150000.0,1.50,2.06,2160000000.0,N/A,21.50,81.70,4570000.0,4.40,7.30,4330000.0,underperform
3744,2012-01-28 15:16:57,1327781817.0,expr,22.12,-17.27,1326.060059,12.73,-30.0,145.32,15.11,0.96,8.89,6.37,12.56,17.99,73.88,22.84,2120000000.0,2120000000.0,11.57,0.80,1.05,6.64,1.05,678320000.0,6.64,128710000.00000001,1.45,24.20,8.00,144980000.0,1.63,316910000.0,1.58,2.45,233440000.0,N/A,4.60,94.50,6200000.0,4.70,9.90,5470000.0,underperform
3745,2011-12-29 00:45:18,1325137518.0,expr,20.22,-27.0,1263.02002,11.04,-38.04,145.32,13.79,0.88,8.16,6.37,12.56,17.99,73.88,22.84,1950000000.0,1950000000.0,10.50,0.72,0.97,6.12,0.97,678320000.0,6.12,128710000.00000001,1.45,24.20,8.00,144980000.0,1.63,316910000.0,1.58,2.45,233440000.0,N/A,21.50,81.70,3600000.0,5.00,5.80,3610000.0,underperform
3746,2011-12-21 18:41:56,1324510916.0,expr,19.95,-25.96,1243.719971,16.08,-42.04,145.32,13.75,0.88,8.15,6.37,12.51,17.93,73.88,22.84,1950000000.0,1950000000.0,10.47,0.73,0.96,6.14,0.96,678320000.0,6.14,128710000.00000001,1.45,24.20,8.00,144980000.0,1.63,316910000.0,1.58,2.45,233440000.0,N/A,21.50,81.70,3600000.0,5.00,5.80,3610000.0,underperform
3747,2004-12-09 07:02:14,1102593734.0,mcd,23.73,11.84,1189.23999,5.9,5.9399999999999995,0.684,19.95,2.11,3.03,10.78,17.68,7.81,16.28,14.627,39600000000.0,46560000000.0,15.83,2.00,2.50,10.37,2.50,5200000000.0,10.37,2009999999.9999998,1.579,64.70,11.30,1560000000.0,1.24,8860000000.0,0.985,10.309,3960000000.0,0.806,0.40,73.90,6380000.0,1.146,0.51,6300000.0,outperform
3748,2012-07-18 09:48:38,1342619318.0,mcd,84.89,12.23,1372.780029,23.06,-10.829999999999998,87.17,17.17,3.40,6.37,20.26,30.76,16.13,38.20,26.74,103850000000.0,103850000000.0,14.97,1.69,3.79,10.51,3.79,10690000000.0,10.51,5560000000.0,5.35,4.80,7.10,2310000000.0,2.27,12780000000.0,1.17,14.43,7230000000.0,0.24,0.07,67.20,10290000.0,1.40,1.00,11240000.0,underperform
3749,2005-05-28 08:32:15,1117283535.0,mcd,23.06,9.84,1190.01001,6.96,2.88,0.592,16.00,2.05,2.73,12.82,18.48,8.48,18.48,15.433,39620000000.0,46920000000.0,14.68,1.92,2.41,9.738,2.41,10490000000.0,9.738,2490000000.0,1.95,42.30,9.20,1360000000.0,1.07,8660000000.0,1.048,11.548,3830000000.0,0.809,0.07,72.70,6700000.0,1.1,0.50,7120000.0,outperform
3750,2009-02-12 04:30:15,1234431015.0,mcd,46.89,15.63,835.1900019999999,28.77,-13.139999999999999,N/A,15.16,2.71,4.89,18.34,26.71,N/A,30.45,20.526,63620000000.0,72230000000.0,N/A,1.68,3.07,9.601,3.07,N/A,9.601,4310000000.0,3.76,22.60,3.30,1490000000.0,1.334,9880000000.0,N/A,11.71,N/A,0.75,0.04,76.10,13090000.0,1.7,1.20,12120000.0,underperform
3751,2005-05-25 23:45:37,1117079137.0,mcd,23.06,9.84,1190.01001,6.96,2.88,0.592,15.76,2.01,2.67,12.82,18.45,9.40,18.67,15.3,39150000000.0,46430000000.0,14.50,1.88,2.38,9.65,2.38,10490000000.0,9.65,2490000000.0,1.96,54.90,11.20,1360000000.0,1.07,8660000000.0,1.048,11.548,3900000000.0,0.805,0.43,73.89,6700000.0,1.109,0.53,7120000.0,outperform
3752,2012-03-13 08:47:30,1331642850.0,mcd,88.39,6.09,1395.949951,11.36,-5.27,86.97,18.34,3.65,6.86,20.38,30.71,15.96,37.92,26.17,108620000000.0,108620000000.0,15.32,1.71,4.02,11.19,4.02,10690000000.0,11.19,5500000000.0,5.27,10.80,9.80,2350000000.0,2.30,12510000000.0,1.25,14.09,7150000000.0,0.18,0.08,68.90,7670000.0,1.70,0.70,6410000.0,underperform
3753,2004-06-10 19:26:07,1086909967.0,mcd,19.83,11.2,1136.469971,5.42,5.779999999999999,0.788,20.83,1.89,2.71,9.33,17.00,6.56,14.15,13.884,33979999999.999996,42250000000.0,14.58,1.91,2.38,10.12,2.38,5200000000.0,10.12,1660000000.0,1.295,64.70,11.30,969600000.0,0.77,9750000000.0,0.881,9.821,3580000000.0,0.783,0.15,73.31,8160000.0,1.499,0.65,11990000.0,outperform
3754,2005-01-16 07:46:05,1105879565.0,mcd,23.06,,1177.449951,9.36,,0.684,19.83,2.09,3.00,10.78,17.68,7.81,16.28,14.627,39360000000.0,46670000000.0,15.58,2.02,2.51,10.4,2.51,5200000000.0,10.4,2009999999.9999998,1.579,64.70,11.30,1560000000.0,1.24,8860000000.0,0.985,10.309,3960000000.0,0.894,0.40,74.32,7650000.0,1.58,0.61,6380000.0,underperform
3755,2007-05-20 17:57:51,1179698271.0,mcd,40.77,19.5,1512.75,-5.69,25.19,0.559,17.62,2.82,3.96,16.63,21.76,10.64,19.80,18.133,62480000000.0,68850000000.0,N/A,2.27,3.11,10.96,3.11,6980000000.0,10.96,3060000000.0,2.97,21.90,11.20,2440000000.0,2.042,8810000000.0,1.266,13.206,4660000000.0,1.37,0.08,75.80,16329999.999999998,1.40,1.40,16540000.0,outperform
3756,2007-04-20 10:52:19,1177080739.0,mcd,37.72,22.19,1484.349976,-8.06,30.25,0.592,17.22,2.72,3.80,16.42,20.56,N/A,18.73,17.246,58710000000.0,60210000000.0,N/A,1.99,2.79,10.452,2.79,6320000000.0,10.452,2870000000.0,2.832,104.00,7.60,4280000000.0000005,3.463,9190000000.0,N/A,12.842,N/A,1.4,0.08,82.50,16700000.0,3.2,1.40,13620000.0,outperform
3757,2005-02-25 15:58:00,1109365080.0,mcd,24.62,11.21,1211.369995,6.71,4.500000000000001,0.684,20.54,2.21,3.17,10.78,17.68,7.81,16.28,14.627,40770000000.0,48350000000.0,14.54,1.96,2.60,10.77,2.60,5200000000.0,10.77,2009999999.9999998,1.58,N/A,N/A,1560000000.0,1.24,8860000000.0,0.985,10.309,N/A,0.877,0.40,68.85,5520000.0,1.126,0.44,6780000.0,outperform
3758,2013-05-10 01:56:13,1368165373.0,mcd,94.54,5.15,1633.699951,14.97,-9.82,84.04,18.49,3.66,6.65,19.79,30.13,15.42,36.59,27.46,114110000000.0,114110000000.0,15.95,2.06,4.13,11.60,4.13,10820000000.0,11.60,5470000000.0,5.39,0.30,0.90,1870000000.0,1.87,12800000000.0,1.39,15.19,7020000000.0,0.34,0.06,64.40,11000000.0,2.40,1.10,11310000.0,underperform
3759,2005-03-06 06:31:29,1110108689.0,mcd,24.95,5.85,1210.469971,5.6,0.25,0.649,18.95,2.26,3.24,11.95,18.57,8.68,17.75,14.974,42690000000.0,51040000000.0,15.23,2.09,2.68,10.76,2.68,5200000000.0,10.76,2280000000.0,1.79,64.70,11.30,1380000000.0,1.08,9220000000.0,0.812,10.309,3960000000.0,0.877,0.40,74.80,5520000.0,1.126,0.44,6780000.0,outperform
3760,2013-02-06 07:57:56,1360155476.0,mcd,88.99,3.14,1512.119995,17.28,-14.14,95.53,17.72,3.45,6.84,19.82,30.33,N/A,38.66,27.02,106360000000.0,106360000000.0,14.90,1.89,3.86,10.82,3.86,10690000000.0,10.82,5460000000.0,5.36,1.40,1.90,2190000000.0,2.18,13260000000.0,N/A,13.83,N/A,0.34,0.07,66.30,11640000.0,2.30,1.10,12100000.0,underperform
3761,2012-09-23 16:54:17,1348433657.0,mcd,86.42,7.93,1460.26001,16.54,-8.61,96.71,17.60,3.42,6.69,20.03,30.61,15.87,37.93,26.90,105000000000.0,105000000000.0,15.72,1.81,3.83,10.65,3.83,10690000000.0,10.65,5500000000.0,5.32,4.50,0.20,2500000000.0,2.48,13570000000.0,1.24,13.92,7070000000.0,0.30,0.07,67.20,9350000.0,1.80,0.90,9010000.0,underperform
3762,2003-12-15 21:35:58,1071542158.0,mcd,18.64,27.84,1068.040039,12.67,15.17,0.808,31.31,1.98,2.81,6.30,13.72,4.25,9.43,12.935,32259999999.999996,41480000000.0,16.74,2.25,2.52,12.36,2.52,4660000000.0,12.36,1040000000.0,0.812,45.40,3.60,647400000.0,0.51,9410000000.0,0.736,9.18,N/A,0.793,1.00,71.18,6000000.0,0.936,0.48,8540000.0,outperform
3763,2007-01-14 02:12:33,1168758753.0,mcd,34.72,26.73,1423.819946,-0.53,27.26,0.592,19.09,2.53,3.55,13.36,20.78,9.80,19.38,17.506,54690000000.0,59590000000.0,N/A,2.15,2.74,10.188,2.74,6320000000.0,10.188,2910000000.0,2.32,14.70,10.40,4280000000.0000005,3.463,9190000000.0,1.275,12.555,4130000000.0,1.42,0.08,81.00,13620000.0,2.1,1.10,15080000.0,outperform
3764,2006-06-17 10:51:55,1150555915.0,mcd,25.02,62.91,1230.040039,23.81,39.099999999999994,0.653,16.83,2.00,2.74,12.04,20.37,9.41,16.77,16.517,41290000000.0,47400000000.0,N/A,1.78,2.28,8.594,2.28,6320000000.0,8.594,2500000000.0,1.97,14.10,6.20,3800000000.0,3.052,9910000000.0,1.425,12.172,4160000000.0,0.98,0.08,75.60,10160000.0,1.9,0.80,9570000.0,outperform
3765,2007-01-13 00:59:30,1168667970.0,mcd,34.52,34.91,1414.849976,0.39,34.519999999999996,0.592,19.09,2.53,3.55,13.36,20.78,9.80,19.38,17.506,54690000000.0,59950000000.0,N/A,2.15,2.75,10.249,2.75,6320000000.0,10.249,2910000000.0,2.32,14.70,10.40,4280000000.0000005,3.463,9190000000.0,1.275,12.555,4130000000.0,1.42,0.08,81.00,13620000.0,2.1,1.10,15080000.0,outperform
3766,2007-10-16 05:46:42,1192528002.0,mcd,44.31,-5.06,1538.530029,-40.99,35.93,0.542,32.42,2.98,4.50,9.38,22.29,10.80,10.75,18.819,66970000000.0,73000000000.0,N/A,2.25,3.20,11.546,3.20,6980000000.0,11.546,1650000000.0,1.73,N/A,12.00,2140000000.0000002,1.797,8170000000.0,1.272,12.659,4860000000.0,1.74,0.06,76.20,20370000.0,1.70,1.70,23190000.0,outperform
3767,2004-04-23 18:37:23,1082759843.0,mcd,20.05,11.47,1140.599976,-0.27,11.74,0.812,23.29,2.02,2.89,8.80,16.52,6.07,13.37,13.428,34700000000.0,43810000000.0,15.28,2.01,2.56,11.01,2.56,5200000000.0,11.01,1510000000.0,1.181,64.70,11.30,492800000.0,0.39,9730000000.0,0.758,9.495,3270000000.0,0.77,0.15,72.68,11990000.0,2.85,0.95,12500000.0,outperform
3768,2013-04-23 05:22:50,1366708970.0,mcd,94.13,2.68,1578.780029,18.79,-16.11,89.14,18.42,3.63,6.55,19.79,30.21,N/A,N/A,27.48,100200000000.0,100200000000.0,15.74,2.02,3.63,10.18,3.63,10820000000.0,10.18,5470000000.0,5.39,0.30,0.90,N/A,N/A,N/A,N/A,15.25,N/A,0.34,0.06,64.40,11310000.0,2.50,N/A,13490000.0,underperform
3769,2007-05-30 16:25:41,1180556741.0,mcd,39.18,22.36,1530.22998,-8.62,30.979999999999997,0.559,16.87,2.73,3.83,16.63,21.76,10.64,19.80,18.133,59830000000.0,66800000000.0,N/A,2.20,3.02,10.633,3.02,6980000000.0,10.633,3060000000.0,2.97,21.90,11.20,2440000000.0,2.042,8810000000.0,1.266,13.206,4660000000.0,1.37,0.08,75.80,16329999.999999998,1.40,1.40,16540000.0,outperform
3770,2008-10-28 20:42:13,1225240933.0,mcd,46.21,7.27,940.51001,10.86,-3.59,0.756,14.31,2.46,3.98,19.41,26.20,N/A,N/A,20.82,63680000000.0,66930000000.00001,N/A,1.35,2.82,N/A,2.82,N/A,7440000000.0,4600000000.0,3.958,11.20,6.20,2340000000.0,2.083,11060000000.0,N/A,13.001,N/A,1.01,0.05,75.10,12670000.0,1.1,1.10,12110000.0,underperform
3771,2007-03-12 03:44:23,1173685463.0,mcd,34.84,25.52,1406.599976,-6.11,31.63,0.592,15.59,2.43,3.40,16.42,20.56,N/A,18.73,17.246,53130000000.0,60210000000.0,N/A,1.99,2.79,10.452,2.79,6320000000.0,10.452,2870000000.0,2.83,104.00,7.60,4280000000.0000005,3.463,9190000000.0,N/A,12.842,N/A,1.4,0.08,82.50,16700000.0,3.2,1.40,13620000.0,outperform
3772,2012-03-16 00:12:50,1331871170.0,mcd,89.2,5.12,1404.170044,10.71,-5.590000000000001,86.97,18.60,3.67,6.90,20.38,30.71,15.96,37.92,26.17,109260000000.0,109260000000.0,15.54,1.72,4.05,11.26,4.05,10690000000.0,11.26,5500000000.0,5.27,10.80,9.80,2350000000.0,2.30,12510000000.0,1.25,14.09,7150000000.0,0.18,0.08,68.90,7670000.0,1.70,0.70,6410000.0,underperform
3773,2008-12-18 12:45:48,1229622348.0,mcd,50.45,5.07,885.2800289999999,24.53,-19.46,0.757,15.82,2.94,5.35,19.41,26.35,13.51,32.84,20.779,69800000000.0,78200000000.0,N/A,1.65,3.30,10.483,3.30,N/A,10.483,4600000000.0,3.96,11.20,6.20,1490000000.0,1.334,9880000000.0,0.98,11.71,5730000000.0,0.71,0.05,75.70,12480000.0,0.9,1.10,11290000.0,underperform
3774,2011-09-02 18:17:06,1315001826.0,mcd,80.2,2.89,1173.969971,20.15,-17.259999999999998,82.15,18.11,3.64,6.21,20.56,30.44,15.80,37.39,24.36,103140000000.0,103140000000.0,15.51,1.67,4.04,11.32,4.04,9640000000.0,11.32,5250000000.0,4.94,15.00,16.10,2069999999.9999998,2.01,12280000000.0,1.02,14.49,103140000000.0,0.34,0.07,71.20,12380000.0,1.60,1.20,9500000.0,underperform
3775,2008-01-23 15:46:39,1201121199.0,mcd,42.44,13.88,1338.599976,-38.18,52.06,0.518,26.84,2.68,4.14,10.20,22.95,10.99,11.94,19.322,61370000000.0,66790000000.00001,N/A,1.97,2.88,10.205,2.88,6980000000.0,10.205,1820000000.0,1.93,27.00,7.20,2990000000.0,2.53,7750000000.0,1.056,12.656,4930000000.0,1.67,0.04,76.70,12430000.0,1.9,1.10,15120000.0,outperform
3776,2011-11-08 01:32:51,1320733971.0,mcd,85.16,-5.37,1275.920044,9.3,-14.670000000000002,82.15,18.56,3.67,6.47,20.34,30.49,N/A,N/A,25.40,107000000000.0,107000000000.0,16.57,1.78,4.05,11.34,4.05,9640000000.0,11.34,5370000000.0,5.10,8.60,13.70,2069999999.9999998,2.01,12280000000.0,N/A,14.49,107000000000.0,0.34,0.07,71.20,13370000.0,1.80,1.30,13890000.0,underperform
3777,2011-04-25 20:34:51,1303778091.0,mcd,68.46,26.19,1335.25,2.75,23.44,78.62,16.84,3.33,5.54,20.55,30.34,14.68,34.51,22.58,89360000000.0,89360000000.0,13.95,1.48,3.71,10.41,3.71,9640000000.0,10.41,4950000000.0,4.58,2.10,4.00,2390000000.0,2.29,11510000000.0,1.49,13.88,89360000000.0,0.40,0.07,71.20,6850000.0,1.10,0.70,6660000.0,outperform
3778,2011-10-28 04:25:24,1319790324.0,mcd,83.98,-3.57,1285.089966,9.62,-13.19,82.15,18.34,3.59,6.33,20.34,30.49,N/A,N/A,25.40,104900000000.0,104900000000.0,16.38,1.72,3.97,11.12,3.97,9640000000.0,11.12,5370000000.0,5.10,8.60,13.70,2069999999.9999998,2.01,12280000000.0,N/A,14.49,104900000000.0,0.36,0.07,71.20,13370000.0,1.80,1.30,13890000.0,underperform
3779,2006-01-07 23:26:35,1136694395.0,mcd,25.76,31.83,1273.459961,11.38,20.449999999999996,0.556,18.21,2.11,2.94,11.82,18.20,8.64,17.41,16.04,42870000000.0,48630000000.0,N/A,2.01,2.40,9.734,2.40,10490000000.0,9.734,2390000000.0,1.87,5.50,8.10,2300000000.0,1.825,8060000000.000001,0.919,11.535,4160000000.0,N/A,0.07,74.50,11290000.0,1.7,0.90,8910000.0,outperform
3780,2011-09-26 02:23:37,1317018217.0,mcd,80.43,7.11,1162.949951,23.96,-16.85,82.15,17.68,3.47,5.93,20.56,30.44,15.80,37.39,24.36,100350000000.0,100350000000.0,15.27,1.65,3.93,11.02,3.93,9640000000.0,11.02,5250000000.0,4.94,15.00,16.10,2069999999.9999998,2.01,12280000000.0,1.02,14.49,100350000000.0,0.34,0.07,71.20,14560000.0,1.70,1.40,12380000.0,underperform
3781,2004-02-15 10:02:58,1076857378.0,mcd,19.56,24.49,1152.109985,4.69,19.799999999999997,0.808,22.51,1.98,2.91,8.80,13.72,6.11,13.58,13.481,33799999999.999996,42560000000.0,0.00,2.08,2.48,12.68,2.48,4660000000.0,12.68,1510000000.0,1.183,45.40,3.60,647400000.0,0.51,9410000000.0,0.736,9.18,2950000000.0,0.751,1.00,71.98,9440000.0,1.364,0.75,7500000.0,outperform
3782,2012-10-12 07:44:07,1350042247.0,mcd,85.83,4.18,1428.589966,15.95,-11.77,96.71,17.35,3.39,6.64,20.03,30.61,15.87,37.93,26.90,104210000000.0,104210000000.0,15.50,1.86,3.80,10.57,3.80,10690000000.0,10.57,5500000000.0,5.32,4.50,0.20,2500000000.0,2.48,13570000000.0,1.24,13.92,7070000000.0,0.31,0.07,66.30,10810000.0,2.10,1.10,9580000.0,underperform
3783,2007-06-22 08:32:02,1182515522.0,mcd,39.33,20.06,1502.560059,-10.96,31.02,0.559,17.20,2.75,3.87,16.63,21.76,10.64,19.80,18.133,60970000000.0,67349999999.99999,N/A,2.24,3.04,10.721,3.04,6980000000.0,10.721,3060000000.0,2.97,21.90,11.20,2440000000.0,2.042,8810000000.0,1.266,13.206,4660000000.0,1.37,0.08,76.00,24830000.0,3.4,2.10,16329999.999999998,outperform
3784,2004-08-11 10:01:33,1092232893.0,mcd,19.32,34.06,1075.790039,15.06,19.0,0.722,19.21,1.81,2.60,9.76,17.35,6.98,14.71,14.261,33590000000.000004,41810000000.0,14.00,1.84,2.30,9.64,2.30,5200000000.0,9.64,1780000000.0,1.392,64.70,11.30,930800000.0,0.74,9140000000.0,1.123,10.08,3580000000.0,0.757,0.15,74.39,7510000.0,1.867,0.60,8220000.000000001,outperform
3785,2005-04-05 02:16:20,1112681780.0,var,33.83,66.89,1181.390015,11.02,55.870000000000005,0.098,26.28,3.52,7.15,14.07,21.47,15.47,28.96,8.947,4420000000.0,4200000000.0,19.70,1.11,3.32,14.11,3.32,517490000.0,14.11,178380000.0,1.26,27.80,18.60,324630000.0,2.43,61080000.0,1.903,4.677,217330000.0,0.431,0.49,87.62,4910000.0,3.941,3.70,4750000.0,outperform
3786,2004-09-08 19:16:47,1094685407.0,var,34.73,18.72,1116.27002,10.34,8.379999999999999,0.093,31.21,3.99,7.61,13.31,20.37,14.59,27.08,8.369,4720000000.0,4470000000.0,25.73,1.44,3.74,16.74,3.74,421910000.0,16.74,158960000.0,1.113,39.80,19.30,354030000.0,2.61,58500000.0,1.936,4.608,238690000.0,0.329,3.34,94.98,4430000.0,2.655,3.37,5380000.0,outperform
3787,2007-02-19 02:27:55,1171870075.0,var,,,1455.540039,-7.33,,0.072,26.43,3.89,8.06,15.35,19.36,16.04,33.27,12.657,6390000000.0,6080000000.0,N/A,1.73,3.68,15.483,3.68,663330000.0,15.483,251900000.0,1.88,20.30,16.00,362840000.0,2.825,57260000.0,1.795,6.2,270670000.0,1.87,0.55,83.80,3040000.0,2.40,2.40,2360000.0,underperform
3788,2013-04-22 02:43:24,1366613004.0,var,67.03,21.53,1562.5,20.29,1.240000000000002,13.08,17.56,2.54,4.62,15.11,21.32,13.81,29.43,25.85,6740000000.0,6740000000.0,14.53,1.35,2.36,10.01,2.36,1200000000.0,10.01,432100000.0,3.83,5.60,8.50,807290000.0,7.40,206250000.0,1.81,14.42,511320000.0,0.94,0.32,96.00,4790000.0,7.40,4.40,4670000.0,outperform
3789,2008-12-20 04:25:09,1229765109.0,var,35.46,26.03,904.419983,21.19,4.84,0.039,15.80,2.13,4.34,13.50,20.26,14.32,31.94,16.584,4300000000.0,4050000000.0,N/A,0.83,1.96,8.888,1.96,877530000.0,8.888,295260000.0,2.19,N/A,N/A,397310000.0,3.198,40390000.0,1.784,8.179,372230000.0,0.71,0.52,92.20,7670000.0,3.7,6.20,6940000.0,outperform
3790,2005-02-05 16:20:40,1107638440.0,var,38.57,54.39,1193.189941,6.51,47.88,0.094,33.08,4.18,8.46,13.54,20.72,14.87,27.70,8.688,5190000000.0,4900000000.0,23.58,1.28,3.97,17.43,3.97,517480000.0,17.43,167240000.0,1.18,27.80,18.60,351950000.0,2.64,58500000.0,1.941,4.578,233910000.0,0.311,0.54,87.85,4470000.0,6.589,3.37,4120000.0,outperform
3791,2011-05-14 13:24:09,1305393849.0,var,70.18,-8.65,1342.079956,1.19,-9.84,10.84,21.58,3.36,6.27,15.87,23.22,14.81,29.32,20.64,7710000000.0,7710000000.0,17.54,1.32,3.14,12.44,3.14,1030000000.0,12.44,397180000.0,3.20,13.20,10.70,584390000.0,4.95,142600000.0,1.77,11.15,7710000000.0,0.86,0.31,91.10,5670000.0,6.90,4.80,5770000.0,underperform
3792,2007-04-05 15:54:50,1175802890.0,var,48.55,2.53,1443.76001,-5.08,7.609999999999999,0.072,25.69,3.75,7.78,15.35,19.36,16.04,33.27,12.657,6210000000.0,5890000000.0,N/A,1.67,3.57,14.999,3.57,663330000.0,14.999,251900000.0,1.88,20.30,16.00,362840000.0,2.825,57260000.0,1.795,6.2,270670000.0,1.9,0.56,83.90,3600000.0,3.4,2.80,3890000.0,outperform
3793,2013-05-12 03:27:49,1368343669.0,var,68.21,22.25,1626.670044,16.6,5.649999999999999,14.63,17.57,2.55,4.56,15.03,21.24,13.48,28.54,26.50,6590000000.0,6590000000.0,15.11,1.34,2.27,9.63,2.27,1200000000.0,9.63,437150000.0,3.91,4.70,6.70,795870000.0,7.32,238120000.0,1.81,14.96,N/A,0.93,0.32,96.00,5070000.0,7.90,4.70,4790000.0,outperform
3794,2004-07-02 15:57:03,1088798223.0,wtw,33.58,34.99,1125.380005,6.62,28.37,2.447,27.94,4.25,23.22,15.61,27.55,20.15,98.96,8.898,4120000000.0,4540000000.0,19.53,1.25,4.66,16.92,4.66,503530000.0,16.92,152060000.0,1.391,0.20,16.60,37370000.0,0.35,434930000.0,0.771,1.684,222500000.0,0.094,62.23,45.10,7030000.0,5.336,17.58,8880000.0,outperform
3795,2005-03-17 18:22:02,1111101722.0,wtw,36.54,19.51,1190.209961,9.83,9.680000000000001,2.378,23.04,4.23,21.97,19.03,29.43,24.76,100.86,9.578,4350000000.0,4810000000.0,19.35,1.51,4.69,15.94,4.69,503530000.0,15.94,195020000.0,1.82,0.20,16.60,N/A,467100000.0,467100000.0,0.824,1.907,237920000.0,0.099,62.26,42.57,6220000.0,7.888,15.90,6340000.0,outperform
3796,2004-11-30 01:34:54,1101796494.0,wtw,34.56,20.54,1173.819946,6.45,14.09,2.241,22.70,4.11,20.30,18.84,30.13,24.42,101.39,9.322,4130000000.0,4550000000.0,21.57,1.31,4.51,14.99,4.51,503530000.0,14.99,189920000.0,1.758,0.20,16.60,43780000.0,0.42,456880000.0,0.76,1.968,237920000.0,0.114,62.26,44.42,6210000.0,8.741,15.87,7240000.0,outperform
3797,2012-08-21 18:50:14,1345589414.0,wtw,48.48,-25.64,1413.170044,16.25,-41.89,N/A,12.51,1.50,N/A,15.20,28.14,27.83,N/A,26.25,5160000000.0,5160000000.0,10.31,1.05,2.84,9.45,2.84,1050000000.0,9.45,276380000.0,3.95,10.90,0.30,90900000.0,1.63,2510000000.0,0.49,32.10,327180000.0,1.52,51.90,57.60,3820000.0,5.20,10.90,4050000.0,underperform
3798,2004-09-15 20:58:48,1095296328.0,wtw,34.29,39.52,1120.369995,9.58,29.940000000000005,2.085,28.26,4.20,19.81,15.43,26.29,19.60,85.50,8.995,4130000000.0,4510000000.0,20.49,1.16,4.61,17.52,4.61,503530000.0,17.52,151170000.0,1.392,0.20,16.60,37940000.0,0.36,432710000.0,0.687,1.977,222500000.0,0.134,62.21,44.94,9890000.0,16.671,24.90,8090000.0,outperform
3799,2005-09-04 16:16:43,1125865003.0,wtw,49.08,,1221.589966,7.32,,13.342,32.58,5.18,N/A,16.01,25.84,21.08,209.59,10.851,5730000000.0,6080000000.0,N/A,1.91,5.43,20.208,5.43,537800000.0,20.208,179540000.0,1.71,34.80,18.00,134270000.0,1.302,483630000.0,0.458,0.351,287680000.0,N/A,62.50,47.10,6150000.0,11.8,6.00,6090000.0,underperform
3800,2013-05-23 20:34:05,1369355645.0,wtw,44.95,-52.12,1650.51001,15.15,-67.27,N/A,10.17,1.41,N/A,13.90,27.44,24.92,N/A,32.38,4870000000.0,4870000000.0,11.09,1.88,2.69,9.09,2.69,1080000000.0,9.09,251570000.0,4.46,10.70,3.30,121380000.0,2.17,2410000000.0,0.47,29.00,359800000.0,1.68,0.14,108.00,3210000.0,6.20,16.10,3790000.0,underperform
3801,2005-04-12 08:29:04,1113308944.0,wtw,35.96,23.72,1187.76001,8.45,15.27,2.388,22.47,4.10,21.36,19.03,29.43,24.76,100.86,9.58,4210000000.0,4640000000.0,18.88,1.46,4.53,15.38,4.53,537800000.0,15.38,195030000.0,1.82,27.20,8.60,35160000.0,0.34,469130000.0,0.824,1.918,252440000.0,0.102,58.41,43.65,6370000.0,7.717,14.93,6220000.0,outperform
3802,2004-04-23 19:14:15,1082762055.0,wtw,37.13,-0.54,1140.599976,-0.27,-0.27,2.593,32.58,4.81,25.04,15.25,28.47,19.90,112.97,8.603,4550000000.0,4990000000.0,18.92,1.08,5.28,18.56,5.28,439350000.0,18.56,143940000.0,1.312,2.40,29.80,23440000.0,0.22,469870000.0,0.854,1.704,208700000.0,0.092,62.04,42.43,7140000.0,12.355,17.68,6060000.0,underperform
3803,2009-09-25 21:51:36,1253929896.0,wtw,24.94,19.57,1044.380005,8.61,10.96,N/A,10.04,1.42,N/A,14.12,28.60,23.83,N/A,18.944,3550000000.0,3550000000.0,N/A,1.47,2.43,7.998,2.43,834980000.0,7.998,206390000.0,2.67,26.00,6.90,53220000.0,0.691,1530000000.0,0.389,10.318,225420000.0,1.32,56.25,48.40,2640000.0,15.6,3.40,2600000.0,outperform
3804,2005-02-05 01:20:31,1107584431.0,wtw,41.13,-1.0,1193.189941,6.51,-7.51,2.241,26.56,4.79,23.67,18.84,30.13,24.42,101.39,9.322,4840000000.0,5240000000.0,25.11,1.83,5.20,17.25,5.20,503530000.0,17.25,189920000.0,1.76,0.20,16.60,43780000.0,0.42,456880000.0,0.76,1.968,237920000.0,0.179,62.26,46.05,6340000.0,10.595,16.20,6620000.0,underperform
3805,2007-07-03 02:32:28,1183444348.0,wtw,45.43,-31.06,1524.869995,-17.27,-13.79,N/A,23.46,3.10,N/A,16.01,30.35,26.94,N/A,13.607,3990000000.0,5770000000.0,N/A,1.61,4.47,13.795,4.47,676160000.0,13.795,206650000.0,2.16,5.60,16.80,53890000.0,0.685,1820000000.0,0.696,13.383,267010000.0,1.12,68.30,48.70,3510000.0,12.5,4.50,3350000.0,underperform
3806,2004-08-03 22:54:18,1091588058.0,stj,30.93,38.02,1099.689941,13.22,24.800000000000004,0.195,33.03,5.64,6.16,17.68,24.04,14.29,21.50,11.426,11760000000.0,11690000000.0,24.54,1.82,5.57,23.15,5.57,1330000000.0,23.15,371470000.0,2.021,22.80,21.50,521440000.00000006,2.96,374660000.0,3.212,10.917,492210000.0,0.104,1.74,80.84,1770000.0,1.89,1.02,2049999.9999999998,outperform
3807,2006-07-18 15:41:20,1153251680.0,stj,29.9,39.23,1236.859985,25.01,14.219999999999995,0.271,29.58,3.83,3.86,13.55,25.92,12.05,14.74,8.301,11510000000.0,12080000000.0,N/A,1.38,3.98,12.8,3.98,2120000000.0,12.8,411210000.0,1.08,14.80,18.20,392670000.0,1.088,837110000.0,1.446,8.362,727970000.0,0.98,1.78,81.20,2950000.0,0.8,0.80,3570000.0,outperform
3808,2005-03-09 01:48:35,1110350915.0,stj,35.94,18.03,1207.01001,5.4,12.63,0.101,35.56,6.10,5.93,17.87,23.36,14.38,21.13,6.184,14050000000.0,13540000000.0,24.10,1.64,5.90,25.26,5.90,1330000000.0,25.26,409930000.0,1.11,22.80,21.50,688040000.0,1.92,234870000.0,3.052,6.603,525460000.00000006,0.084,1.61,82.38,2510000.0,0.897,0.71,3900000.0,outperform
3809,2013-05-11 02:58:08,1368255488.0,stj,41.3,51.82,1632.689941,14.88,36.94,87.46,17.77,2.27,3.23,14.01,26.99,10.02,18.47,17.81,14120000000.0,14120000000.0,11.24,1.22,2.59,8.04,2.59,3960000000.0,8.04,763000000.0,2.49,5.20,4.10,966000000.0,3.36,3360000000.0,2.09,13.35,N/A,1.30,2.22,83.20,10250000.0,4.10,4.90,9220000.0,outperform
3810,2005-09-14 17:34:39,1126733679.0,stj,43.55,-20.25,1227.160034,7.26,-27.509999999999998,0.073,40.57,6.62,6.53,16.95,26.99,13.65,19.29,7.183,17260000000.0,16730000000.0,N/A,1.82,6.49,20.881,6.49,1620000000.0,20.881,436770000.0,1.17,2.70,30.00,517450000.00000006,1.419,188990000.0,2.8,7.163,642380000.0,N/A,1.76,81.70,3190000.0,1.3,0.90,2330000.0,underperform
3811,2005-04-09 19:06:36,1113087996.0,stj,33.89,1.33,1184.069946,10.55,-9.22,0.101,32.98,5.79,5.66,17.87,23.36,14.38,21.13,6.184,13160000000.0,12700000000.0,22.36,1.55,5.54,20.43,5.54,1620000000.0,20.43,409930000.0,1.11,20.80,18.70,688040000.0,1.91,234870000.0,3.078,6.506,604280000.0,0.14,1.32,81.37,2760000.0,1.869,0.78,2510000.0,underperform
3812,2007-04-09 15:23:08,1176146588.0,stj,35.64,16.3,1444.609985,-5.47,21.77,0.289,26.14,4.01,4.58,16.60,23.56,11.01,18.74,9.193,13240000000.0,13970000000.0,N/A,1.48,4.23,13.757,4.23,2390000000.0,13.757,548250000.0,1.47,3074.10,9.40,133660000.0,0.388,859380000.0,2.499,8.389,648810000.0,1.17,0.11,81.10,6790000.0,2.8,2.00,6280000.0,outperform
3813,2008-12-25 11:36:01,1230222961.0,stj,,,871.6300050000001,28.27,,0.405,16.19,2.60,3.18,16.41,25.58,12.23,22.40,12.411,11090000000.0,11890000000.0,N/A,0.97,2.80,9.213,2.80,2740000000.0,9.213,697060000.0,1.99,20.40,17.00,601140000.0,1.747,1400000000.0,1.325,10.071,1030000000.0,0.72,2.00,85.80,3120000.0,0.7,0.90,3860000.0,underperform
3814,2013-04-23 08:14:29,1366719269.0,stj,39.89,53.75,1578.780029,18.79,34.96,87.46,16.34,2.14,3.04,14.01,26.99,10.02,18.47,17.81,14140000000.0,14140000000.0,10.34,1.15,2.60,8.06,2.60,3960000000.0,8.06,763000000.0,2.49,5.20,4.10,966000000.0,3.36,3360000000.0,2.09,13.35,N/A,1.29,2.22,83.20,9220000.0,3.70,4.40,8770000.0,outperform
3815,2008-01-24 11:35:16,1201192516.0,stj,38.6,-25.54,1352.069946,-38.47,12.93,0.512,24.93,3.93,5.16,16.42,23.60,10.88,21.57,10.511,14260000000.0,15590000000.0,N/A,1.39,4.30,14.875,4.30,2390000000.0,14.875,595370000.0,1.67,38.70,12.90,90050000.0,0.263,1410000000.0,3.273,8.07,725700000.0,0.89,1.92,83.80,5430000.0,2.1,1.60,4090000.0,outperform
3816,2011-12-04 06:22:06,1322997726.0,stj,36.21,-10.69,1244.579956,13.25,-23.939999999999998,67.68,13.03,2.21,2.77,16.33,25.35,10.67,21.04,16.96,13430000000.0,13430000000.0,10.01,1.06,2.42,7.90,2.42,3750000000.0,7.90,907240000.0,2.75,8.70,11.50,998000000.0,3.13,3000000000.0,3.44,13.91,13430000000.0,0.72,1.14,87.10,4260000.0,1.00,1.30,6120000.0,underperform
3817,2004-11-24 08:57:36,1101304656.0,iff,32.68,,1181.76001,6.18,,0.865,19.84,1.86,4.52,9.49,13.74,8.33,25.12,21.423,3800000000.0,4510000000.0,16.80,N/A,2.22,14.16,2.22,809060000.0,14.16,193280000.0,2.033,1.90,5.10,14730000.0,0.16,728240000.0,2.151,8.927,310250000.0,0.555,17.98,74.84,1160000.0,2.674,1.50,N/A,underperform
3818,2005-02-10 03:31:31,1108024291.0,iff,33.92,-19.16,1197.01001,5.85,-25.009999999999998,0.754,20.12,1.94,4.70,9.64,13.82,8.41,23.98,21.313,3900000000.0,4610000000.0,N/A,N/A,2.27,14.41,2.27,809060000.0,14.41,196070000.0,2.06,1.90,5.10,33000000.0,0.35,684930000.0,2.381,8.927,310250000.0,0.573,10.76,73.93,1150000.0,3.827,1.36,1410000.0,underperform
3819,2005-01-31 06:42:38,1107171758.0,iff,34.22,-20.34,1181.27002,8.36,-28.7,0.754,20.45,1.94,4.71,9.64,13.82,8.41,23.98,21.313,3960000000.0,4610000000.0,N/A,N/A,2.27,14.43,2.27,809060000.0,14.43,196070000.0,2.056,1.90,5.10,33000000.0,0.35,684930000.0,2.381,8.927,310250000.0,0.583,10.76,73.54,1150000.0,3.827,1.36,1410000.0,underperform
3820,2004-09-29 15:17:21,1096485441.0,iff,30.52,-6.95,1114.800049,10.13,-17.080000000000002,1.034,17.69,1.77,4.39,10.04,14.63,8.70,27.61,21.252,3560000000.0,4360000000.0,14.81,N/A,2.17,13.1,2.17,809060000.0,13.1,202040000.0,2.135,1.90,5.10,11710000.0,0.12,837380000.0,1.884,8.595,289890000.0,0.616,17.96,75.00,N/A,2.538,0.83,N/A,underperform
3821,2006-08-24 02:05:06,1156399506.0,iff,32.3,31.95,1296.060059,14.14,17.81,0.766,17.95,1.76,3.73,9.95,14.81,7.72,21.66,21.671,3480000000.0,4200000000.0,N/A,1.72,2.10,10.831,2.10,824400000.0,10.831,198680000.0,2.14,7.90,2.90,30150000.0,0.333,724730000.0,1.413,10.402,240580000.0,0.7,17.23,85.70,2040000.0,6.9,2.60,1860000.0,outperform
3822,2007-04-10 20:09:35,1176250175.0,iff,40.47,-3.71,1448.390015,-6.48,2.7700000000000005,0.896,19.56,2.05,4.73,10.64,15.69,8.03,24.55,23.168,4290000000.0,5060000000.0,N/A,1.82,2.42,12.104,2.42,824400000.0,12.104,222990000.0,2.44,191.80,11.40,115110000.0,1.283,807340000.0,2.396,10.123,261779999.99999997,0.93,12.55,87.30,1680000.0,3.2,2.10,1500000.0,outperform
3823,2012-09-18 21:44:12,1348019052.0,iff,57.77,41.92,1459.319946,18.24,23.680000000000003,70.52,17.89,1.76,4.00,9.90,16.99,9.82,22.88,34.53,5660000000.0,5660000000.0,13.93,2.57,2.03,10.30,2.03,1100000000.0,10.30,274490000.0,3.36,16.30,0.80,105050000.0,1.29,864880000.0,2.69,15.02,322410000.0,0.88,1.73,83.20,1590000.0,2.90,2.00,1910000.0,outperform
3824,2013-04-25 05:07:29,1366880849.0,iff,74.51,26.13,1585.160034,17.55,8.579999999999998,82.33,24.86,2.23,5.04,9.01,17.31,9.82,21.54,34.79,6820000000.0,6820000000.0,15.84,2.22,2.42,12.08,2.42,1180000000.0,12.08,252530000.0,3.09,179.20,5.60,324750000.0,3.99,1030000000.0,2.53,15.30,323800000.0,0.76,1.73,80.00,2.10,2.10,0.90,1.36,outperform
3825,2007-02-21 20:19:31,1172107171.0,iff,41.31,-11.11,1457.630005,-7.9,-3.209999999999999,0.896,20.05,2.10,4.87,10.64,15.69,8.03,24.55,23.168,4390000000.0,5090000000.0,N/A,1.84,2.43,12.158,2.43,824400000.0,12.158,222990000.0,2.44,191.80,11.40,115110000.0,1.283,807340000.0,2.396,10.061,261779999.99999997,0.93,11.10,84.60,1680000.0,3.2,2.10,1500000.0,underperform
3826,2005-03-16 02:45:15,1110959115.0,iff,32.49,-11.73,1188.069946,9.87,-21.6,0.754,19.86,1.91,4.27,9.64,13.82,8.41,23.98,21.313,3850000000.0,4530000000.0,N/A,N/A,2.23,14.16,2.23,809060000.0,14.16,196070000.0,2.06,1.90,5.10,32990000.000000004,0.35,684930000.0,2.381,9.643,310250000.0,0.544,10.76,76.26,1230000.0,4.735,1.46,1150000.0,underperform
3827,2011-08-19 18:00:47,1313791247.0,pgr,15.18,16.07,1123.530029,25.1,-9.030000000000001,31.58,9.95,0.74,1.79,7.61,11.96,5.30,18.48,23.59,11890000000.0,11890000000.0,10.67,1.66,0.77,6.19,0.77,1730000000.0,6.19,1170000000.0,1.78,15.70,5.10,1490000000.0,2.32,2000000000.0,0.87,9.88,11890000000.0,0.89,7.75,75.40,10670000.0,2.90,2.00,10330000.0,underperform
3828,2008-12-27 03:45:10,1230367510.0,pgr,11.18,29.52,868.150024,29.76,-0.240000000000002,0.511,409.00,0.73,2.21,0.05,0.21,0.09,0.14,19.275,9520000000.0,10840000000.0,N/A,1.42,0.84,86.164,0.84,14690000000.0,86.164,6800000.0,0.01,N/A,40.40,740400000.0,1.096,2180000000.0,0.748,6.306,1550000000.0,0.58,7.94,70.00,15990000.0,1.9,2.60,10500000.0,underperform
3829,2005-01-07 07:45:27,1105101927.0,pgr,15.63,34.48,1186.189941,7.36,27.119999999999997,0.21,12.02,1.31,3.07,12.02,17.80,9.28,29.48,60.408,17460000000.0,18620000000.0,13.22,1.23,1.40,N/A,1.40,10640000000.0,N/A,1590000000.0,7.259,88.10,27.90,34500000.0,0.17,1290000000.0,N/A,28.253,2730000000.0,0.821,8.79,79.92,2680000.0,3.867,1.46,3180000.0,outperform
3830,2008-04-26 11:15:26,1209222926.0,pgr,14.43,-12.4,1379.930054,-38.26,25.86,0.458,12.35,0.85,2.61,7.26,11.13,5.23,18.12,21.006,12630000000.0,13270000000.0,N/A,2.23,0.91,7.675,0.91,14690000000.0,7.675,1060000000.0,1.51,34.10,2.70,1530000000.0,2.263,2170000000.0,0.937,7.01,N/A,0.28,7.82,72.50,24100000.0,3.5,3.90,21930000.0,outperform
3831,2013-06-26 01:48:56,1372225736.0,pgr,23.41,7.69,1603.26001,22.08,-14.389999999999997,33.67,15.51,0.84,2.27,5.49,8.75,4.15,15.08,28.88,14530000000.0,14530000000.0,14.57,1.82,0.84,8.99,0.84,1490000000.0,8.99,953300000.0,1.57,19.80,7.50,2430000000.0,4.03,2150000000.0,0.95,10.59,1710000000.0,0.59,7.64,76.00,10300000.0,3.80,1.90,6940000.0,underperform
3832,2008-01-02 05:05:18,1199268318.0,pgr,14.73,-56.28,1447.160034,-39.92,-16.36,0.407,10.50,0.26,0.64,9.13,13.87,6.47,22.35,20.21,3780000000.0,15170000000.0,N/A,1.74,1.03,7.043,1.03,14790000000.0,7.043,1350000000.0,1.83,27.00,0.40,381800000.0,0.547,2170000000.0,0.573,29.48,1900000000.0,0.08,14.29,74.50,19110000.0,5.3,3.00,18800000.0,underperform
3833,2007-07-02 00:30:48,1183350648.0,pgr,17.08,-10.25,1519.430054,-15.43,5.18,0.171,11.74,1.18,2.52,10.64,16.18,7.62,23.77,19.386,17620000000.0,18200000000.0,N/A,1.61,1.23,7.281,1.23,14790000000.0,7.281,1570000000.0,2.04,16.70,0.70,604200000.0,0.821,1190000000.0,0.627,9.414,1960000000.0,0.19,7.12,70.60,8480000.0,2.5,1.20,7820000.0,outperform
3834,2010-04-14 11:43:23,1271259803.0,efx,33.41,5.39,1210.650024,8.58,-3.1900000000000004,N/A,19.46,2.47,2.81,12.82,23.70,7.94,16.06,14.446,5570000000.0,5570000000.0,N/A,1.63,3.05,9.426,3.05,1060000000.0,9.426,233900000.0,1.83,5.90,4.00,103100000.0,0.816,1180000000.0,0.847,12.688,418400000.0,1.09,0.85,80.90,4090000.0,4.2,3.90,3260000.0,underperform
3835,2013-04-23 03:42:38,1366702958.0,efx,58.52,18.54,1578.780029,18.79,-0.25,88.34,26.69,3.27,3.65,12.59,22.63,7.61,15.26,18.02,8640000000.0,8640000000.0,15.16,1.29,4.00,13.25,4.00,1330000000.0,13.25,272100000.0,2.22,N/A,N/A,146800000.0,1.22,1730000000.0,0.82,16.06,496300000.0,0.92,0.98,89.70,2150000.0,2.40,1.80,2320000.0,underperform
3836,2011-07-18 04:56:23,1310979383.0,efx,32.04,47.6,1305.439941,4.46,43.14,57.38,16.14,2.22,2.40,14.15,23.02,7.79,14.37,15.24,5160000000.0,5160000000.0,12.54,1.30,2.73,8.56,2.73,1100000000.0,8.56,238500000.0,2.13,1.10,6.70,86900000.0,0.71,1020000000.0,1.41,14.23,5160000000.0,1.05,6.63,77.40,1280000.0,1.20,1.10,1780000.0,outperform
3837,2013-05-09 06:01:19,1368093679.0,efx,61.88,13.96,1626.670044,15.48,-1.5199999999999996,79.35,25.52,3.42,3.76,13.58,22.95,8.06,15.08,18.51,9010000000.0,9010000000.0,15.74,1.36,4.06,13.25,4.06,1330000000.0,13.25,283100000.0,2.46,41.40,12.00,107600000.0,0.89,1620000000.0,1.08,16.74,514299999.99999994,0.93,0.98,89.70,1860000.0,2.60,1.60,2150000.0,underperform
3838,2007-06-14 17:43:00,1181857380.0,efx,40.89,-17.8,1522.969971,-10.7,-7.100000000000001,0.491,20.28,3.50,5.95,17.79,29.12,16.01,31.44,12.512,5550000000.0,5910000000.0,N/A,1.60,3.75,10.59,3.75,919900000.0,10.59,280600000.0,2.19,9.70,8.30,69600000.0,0.556,455900000.0,0.658,7.421,374800000.0,1.34,0.34,74.10,6570000.0,6.9,5.30,5340000.0,underperform
3839,2006-07-14 07:21:13,1152876073.0,efx,29.54,43.33,1236.199951,22.86,20.47,0.655,16.94,2.84,4.88,17.02,29.12,15.19,35.25,11.382,4139999999.9999995,4690000000.0,N/A,1.66,3.18,9.115,3.18,849200000.0,9.115,250800000.0,1.90,7.30,8.90,56400000.0,0.439,561200000.0,1.022,6.672,361300000.0,1.08,1.84,78.80,1.6,1.6,0.70,N/A,outperform
3840,2004-10-15 00:30:05,1097814605.0,efx,23.5,31.28,1108.199951,6.27,25.01,1.707,16.83,2.76,8.03,16.82,25.83,13.24,55.84,9.172,3410000000.0,4120000000.0,15.29,1.62,3.32,10.03,3.32,712500000.0,10.03,208500000.0,1.545,7.40,10.50,24900000.0,0.19,725900000.0,1.115,3.239,306700000.0,0.794,0.08,76.68,4019999.9999999995,10.612,3.07,3800000.0,outperform
3841,2005-01-26 16:43:34,1106775814.0,efx,25.35,37.55,1174.069946,8.5,29.049999999999997,1.476,17.96,2.92,7.92,16.64,26.08,13.40,52.04,9.337,3640000000.0,4310000000.0,16.44,1.86,3.44,10.5,3.44,712500000.0,10.5,208400000.0,1.556,7.40,10.50,22700000.0,0.17,680800000.0,0.579,3.546,308300000.0,0.902,0.38,78.96,3530000.0,7.346,2.72,4010000.0,outperform
3842,2006-06-24 06:48:27,1151146107.0,efx,32.19,26.47,1252.199951,21.56,4.91,0.655,18.21,3.05,5.24,17.02,29.12,15.19,35.25,11.382,4450000000.0,4950000000.0,N/A,1.77,3.36,9.619,3.36,849200000.0,9.619,250800000.0,1.90,7.30,8.90,56400000.0,0.439,561200000.0,1.022,6.672,361300000.0,1.06,1.84,78.70,1.3,1.3,0.70,N/A,outperform
3843,2005-03-08 20:08:53,1110330533.0,efx,27.96,20.53,1219.430054,4.84,15.690000000000001,1.249,17.44,3.18,7.73,18.64,29.53,15.49,50.48,9.534,3990000000.0,4650000000.0,16.41,1.78,3.65,10.17,3.65,712500000.0,10.17,237300000.0,1.77,7.40,10.50,52100000.0,0.4,654200000.0,0.656,4.046,308300000.0,0.885,0.39,78.19,3420000.0,5.08,2.65,3530000.0,outperform
3844,2010-04-13 05:51:22,1271152282.0,efx,33.2,5.93,1197.300049,9.78,-3.8499999999999996,N/A,19.35,2.46,2.80,12.82,23.70,7.94,16.06,14.446,5550000000.0,5550000000.0,N/A,1.63,3.04,9.384,3.04,1060000000.0,9.384,233900000.0,1.83,5.90,4.00,103100000.0,0.816,1180000000.0,0.847,12.688,418400000.0,1.09,0.85,80.90,4090000.0,4.2,3.90,3260000.0,underperform
3845,2007-03-27 07:07:49,1174993669.0,met,54.35,-4.47,1428.609985,-6.12,1.6500000000000004,0.458,8.04,0.99,1.42,13.00,11.86,0.71,9.87,63.586,48340000000.0,53250000000.0,N/A,1.06,1.10,8.682,1.10,48400000000.0,8.682,2970000000.0,7.99,444.90,11.90,10580000000.0,14.05,15490000000.0,5.623,44.944,6600000000.0,1.1,37.35,53.70,6750000.0,2.7,0.90,7700000.0,outperform
3846,2007-03-25 11:50:59,1174837859.0,met,54.09,-1.94,1434.540039,-5.9,3.9600000000000004,0.458,7.96,0.99,1.41,13.00,11.86,0.71,9.87,63.586,47870000000.0,52780000000.0,N/A,1.06,1.09,8.606,1.09,48400000000.0,8.606,2970000000.0,7.99,444.90,11.90,10580000000.0,14.05,15490000000.0,5.623,44.944,6600000000.0,1.1,37.35,53.70,6750000.0,2.7,0.90,7700000.0,outperform
3847,2007-03-28 08:50:21,1175086221.0,met,54.0,-3.69,1417.22998,-6.45,2.7600000000000002,0.458,7.98,0.99,1.42,13.00,11.86,0.71,9.87,63.586,48000000000.0,52910000000.0,N/A,1.07,1.09,8.627,1.09,48400000000.0,8.627,2970000000.0,7.99,444.90,11.90,10580000000.0,14.05,15490000000.0,5.623,44.944,6600000000.0,1.1,37.35,53.70,6750000.0,2.7,0.90,7700000.0,outperform
3848,2007-04-06 08:39:47,1175863187.0,met,54.34,-1.34,1437.77002,-4.89,3.55,0.458,7.99,0.99,1.41,13.00,11.86,0.71,9.87,63.586,48040000000.0,52660000000.0,N/A,1.06,1.09,8.587,1.09,48400000000.0,8.587,2970000000.0,7.99,444.90,11.90,10580000000.0,14.05,15490000000.0,5.623,44.944,6600000000.0,1.13,37.35,53.70,19360000.0,7.5,2.60,6750000.0,outperform
3849,2013-05-25 07:34:16,1369481656.0,met,40.98,22.6,1655.349976,14.33,8.270000000000001,97.32,19.56,0.66,0.72,3.49,10.13,0.54,3.94,65.12,77040000000.0,77040000000.0,7.32,0.85,1.10,10.02,1.10,30160000000.0,10.02,2300000000.0,2.15,N/A,8.60,33580000000.0,30.67,63220000000.0,1.47,58.90,14140000000.0,1.95,18.70,74.10,25470000.0,3.20,2.80,25150000.0,outperform
3850,2008-05-09 20:38:05,1210379885.0,met,51.8,-44.92,1388.280029,-33.76,-11.160000000000004,0.628,11.87,0.81,1.30,7.43,12.39,0.75,11.64,72.169,42620000000.0,49240000000.0,N/A,0.89,0.93,6.976,0.93,53010000000.0,6.976,3770000000.0,5.06,36.30,0.90,14290000000.0,20.149,20710000000.0,18.982,46.514999,N/A,1.18,36.37,59.90,14100000.0,3.5,2.00,13190000.0,underperform
3851,2006-05-28 06:39:58,1148812798.0,met,43.54,,1272.880005,19.08,,0.48,9.08,0.85,1.37,9.70,12.20,0.82,11.97,60.981,39560000000.0,43870000000.0,N/A,1.09,0.95,7.37,0.95,44780000000.0,7.37,2990000000.0,5.74,24.30,12.90,9400000000.0,12.384,13700000000.0,7.947,37.678001,8650000000.0,1.01,38.12,51.10,5410000.0,0.70,0.70,4700000.0,underperform
3852,2011-10-16 21:25:38,1318814738.0,met,28.65,14.31,1203.660034,19.65,-5.339999999999998,127.39,13.71,0.53,0.62,4.24,12.22,0.71,5.70,62.24,75800000000.0,75800000000.0,5.71,0.58,1.22,9.21,1.22,23170000000.0,9.21,2390000000.0,2.35,20.60,56.90,26790000000.0,25.34,68580000000.0,1.57,50.42,75800000000.0,2.17,20.89,58.10,29350000.0,2.40,3.80,29620000.0,underperform
3853,2012-03-09 13:58:56,1331319536.0,met,36.01,-2.25,1370.869995,12.44,-14.69,113.50,6.06,0.58,0.67,9.97,17.01,0.97,12.71,66.07,69760000000.0,69760000000.0,6.83,0.80,1.00,5.55,1.00,34800000000.0,5.55,6690000000.0,6.29,N/A,N/A,39040000000.0,36.82,68410000000.0,1.96,56.52,10290000000.0,2.08,20.24,74.40,18540000.0,1.90,2.40,23740000.0,underperform
3854,2005-03-20 22:27:22,1111375642.0,met,33.09,29.83,1190.209961,9.65,20.18,0.388,11.00,0.74,1.31,6.95,9.71,0.79,12.14,51.754,28910000000.0,33720000000.0,9.76,1.05,0.86,N/A,0.86,39010000000.0,N/A,2710000000.0,3.59,24.40,9.00,4050000000.0,5.53,8860000000.0,N/A,30.143,8070000000.0,0.461,46.67,46.22,3920000.0,1.76,1.00,4460000.0,outperform
3855,2003-10-26 16:21:10,1067203270.0,met,24.94,15.96,1033.77002,5.9,10.06,0.45,16.47,0.68,1.12,3.98,5.46,0.48,7.51,47.243,23120000000.0,26690000000.0,9.83,0.90,0.78,N/A,0.78,33150000000.0,N/A,1340000000.0,1.847,239.30,1.90,5710000000.0,7.52,9280000000.0,N/A,27.13,N/A,0.429,55.85,42.60,5100000.0,3.128,1.52,5230000.0,outperform
3856,2011-02-22 03:12:30,1298362350.0,met,42.44,-16.31,1315.439941,3.21,-19.52,129.60,15.89,0.95,1.03,5.29,7.51,0.39,6.72,59.26,72870000000.0,72870000000.0,8.24,0.70,1.38,16.28,1.38,14090000000.0,16.28,2660000000.0,3.00,N/A,N/A,41020000000.0,38.91,63650000000.0,2.32,46.12,72870000000.0,1.90,0.03,63.10,15140000.0,3.10,2.60,16230000.0,underperform
3857,2010-12-08 09:19:35,1291817975.0,met,39.24,-26.07,1228.280029,0.49,-26.56,78.58,11.92,0.77,0.80,5.78,11.82,0.67,7.49,62.72,41070000000.0,41070000000.0,8.17,0.79,0.78,6.12,0.78,14090000000.0,6.12,2900000000.0,3.46,N/A,21.50,35970000000.0,36.50,36470000000.0,1.79,51.18,41070000000.0,1.85,0.03,63.10,14760000.0,1.50,2.50,13690000.0,underperform
3858,2010-08-10 17:44:57,1281476697.0,met,38.23,-23.65,1121.060059,-0.03,-23.619999999999997,N/A,17.69,0.69,0.88,4.17,8.92,0.52,6.25,61.07,37090000000.0,37090000000.0,7.94,0.75,0.74,7.42,0.74,N/A,7.42,1960000000.0,2.39,N/A,72.40,28150000000.0,34.31,31250000000.0,1.77,47.99,37090000000.0,1.96,0.01,62.60,6980000.0,1.10,1.20,7820000.0,underperform
3859,2008-10-17 00:04:28,1224216268.0,met,26.85,25.59,940.5499880000001,16.1,9.489999999999998,0.662,7.09,0.45,0.75,6.96,11.82,0.72,11.18,73.66,24350000000.0,29120000000.0,N/A,0.58,0.54,4.266,0.54,53010000000.0,4.266,3560000000.0,4.84,18.70,3.80,16680000000.0,23.497,21550000000.0,21.084,45.847,11300000000.0,0.8,35.56,60.40,16329999.999999998,0.9,2.30,72710000.0,outperform
3860,2006-08-29 00:38:36,1156826316.0,met,45.92,18.62,1304.280029,12.23,6.390000000000001,0.556,15.34,0.88,1.49,6.18,10.92,0.72,9.69,61.083,41670000000.0,47870000000.0,N/A,1.01,1.03,8.882,1.03,44780000000.0,8.882,2580000000.0,3.58,71.00,4.10,8710000000.0,11.472,15400000000.0,7.48,36.459999,8400000000.0,1.23,37.35,55.90,7600000.0,1.00,1.00,5710000.0,outperform
3861,2011-04-30 18:38:59,1304203139.0,met,41.61,-17.86,1355.660034,3.27,-21.13,129.60,15.60,0.93,1.01,5.29,7.71,0.40,6.72,59.77,113020000000.0,113020000000.0,8.11,0.68,2.14,24.31,2.14,23170000000.0,24.31,2660000000.0,3.00,N/A,N/A,N/A,N/A,63650000000.0,N/A,46.08,113020000000.0,1.91,20.89,58.10,26230000.0,2.80,3.40,29180000.0,underperform
3862,2012-07-15 10:24:17,1342362257.0,met,28.01,68.05,1334.76001,26.05,42.0,111.78,5.64,0.45,0.54,8.51,14.52,0.81,10.77,66.00,59500000000.0,59500000000.0,5.53,0.56,0.85,5.48,0.85,34800000000.0,5.48,5760000000.0,5.48,N/A,0.10,39400000000.0,37.10,66090000000.0,2.07,55.30,12550000000.0,1.92,19.70,72.60,38020000.0,3.60,4.50,37960000.0,outperform
3863,2008-02-22 17:59:05,1203721145.0,met,51.72,-58.74,1353.109985,-41.73,-17.010000000000005,0.587,9.39,0.80,1.23,9.07,12.90,0.80,14.21,70.876,42750000000.0,50780000000.0,N/A,0.89,0.94,6.893,0.94,48400000000.0,6.893,4760000000.0,6.25,67.80,9.30,13020000000.0,17.85,20660000000.0,12.88,48.242001,N/A,1.37,39.19,51.20,11540000.0,2.6,1.60,10580000.0,underperform
3864,2006-08-18 17:53:44,1155938024.0,met,45.63,11.44,1302.300049,8.02,3.42,0.556,15.13,0.88,1.49,6.18,10.92,0.72,9.69,61.083,41090000000.0,47810000000.0,N/A,0.99,1.03,8.871,1.03,44780000000.0,8.871,2580000000.0,3.58,71.00,4.10,8710000000.0,11.472,15400000000.0,7.48,36.459999,8400000000.0,1.23,37.39,52.60,5710000.0,2.6,0.80,5230000.0,outperform
3865,2003-12-31 21:13:27,1072923207.0,met,27.78,22.25,1111.920044,9.14,13.11,0.426,14.42,0.75,1.23,5.03,6.76,0.58,8.78,47.257,25580000000.0,29190000000.0,10.81,1.02,0.85,N/A,0.85,33150000000.0,N/A,1690000000.0,2.334,239.30,1.90,5370000000.0,7.07,8920000000.0,N/A,27.5,N/A,0.473,55.85,41.13,5560000.0,3.292,1.66,4780000.0,outperform
3866,2012-01-01 13:32:03,1325442723.0,met,29.45,7.2,1263.02002,12.92,-5.72,116.67,5.84,0.50,0.55,8.87,13.23,0.79,11.00,63.68,67239999999.99999,67239999999.99999,6.17,0.65,1.01,7.12,1.01,23170000000.0,7.12,5660000000.0,5.34,033.50,55.80,36760000000.0,34.76,71020000000.0,1.67,57.06,11840000000.0,2.18,20.89,58.10,21630000.0,2.10,2.80,21530000.0,underperform
3867,2013-04-23 05:18:09,1366708689.0,met,36.35,40.85,1578.780029,18.79,22.060000000000002,97.46,31.87,0.57,0.60,1.92,8.55,0.45,2.14,64.27,59080000000.0,59080000000.0,6.29,0.77,0.86,9.12,0.86,30160000000.0,9.12,1150000000.0,1.12,87.20,6.10,43160000000.0,39.47,63300000000.0,1.62,59.04,17160000000.0,1.96,18.70,74.10,25390000.0,2.60,2.80,23750000.0,outperform
3868,2011-11-04 18:17:24,1320445044.0,met,31.89,4.3,1253.22998,12.68,-8.379999999999999,127.39,14.76,0.59,0.69,4.24,12.22,0.71,5.70,62.24,78740000000.0,78740000000.0,6.39,0.65,1.27,9.57,1.27,23170000000.0,9.57,2390000000.0,2.35,20.60,56.90,26790000000.0,25.34,68580000000.0,1.57,50.42,78740000000.0,2.13,20.89,58.10,27800000.0,2.20,N/A,29350000.0,underperform
3869,2008-12-18 21:41:22,1229654482.0,met,31.81,0.35,885.2800289999999,24.53,-24.18,0.748,8.25,0.49,0.86,6.06,11.99,0.76,12.16,76.445,28620000000.0,24140000000.0,N/A,0.76,0.44,3.395,0.44,53010000000.0,3.395,3680000000.0,4.372,38.20,14.60,23570000000.0,29.697,20810000000.0,20.545,39.348999,9930000000.0,1.53,30.75,56.20,14950000.0,0.8,1.90,13810000.0,underperform
3870,2011-05-01 03:26:57,1304234817.0,met,42.6,-20.73,1360.47998,2.75,-23.48,129.60,15.60,0.93,1.01,5.29,7.71,0.40,6.72,59.77,113020000000.0,113020000000.0,8.11,0.68,2.14,24.31,2.14,23170000000.0,24.31,2660000000.0,3.00,N/A,N/A,N/A,N/A,63650000000.0,N/A,46.08,113020000000.0,1.91,20.89,58.10,26230000.0,2.80,3.40,29180000.0,underperform
3871,2011-08-08 11:10:16,1312816216.0,met,30.03,7.06,1119.459961,25.18,-18.12,124.35,15.46,0.66,0.72,4.51,6.35,0.35,5.70,58.40,63630000000.0,63630000000.0,6.20,0.67,1.09,14.67,1.09,23170000000.0,14.67,2390000000.0,2.35,20.60,20.40,41750000000.0,39.48,66940000000.0,2.07,50.41,63630000000.0,1.96,20.89,58.10,21840000.0,2.70,2.90,21460000.0,underperform
3872,2005-04-05 17:32:27,1112736747.0,met,33.18,25.77,1181.390015,11.02,14.75,0.388,11.08,0.74,1.32,6.95,9.71,0.79,12.14,51.754,29130000000.0,33860000000.0,9.79,1.00,0.87,N/A,0.87,39010000000.0,N/A,2710000000.0,3.59,24.40,9.00,4050000000.0,5.53,8860000000.0,N/A,30.143,8070000000.0,0.469,43.64,46.22,5120000.0,2.4,1.24,3920000.0,outperform
3873,2004-09-19 22:39:35,1095647975.0,met,31.24,32.84,1123.5,9.57,23.270000000000003,0.443,11.05,0.75,1.33,6.87,9.30,0.80,12.17,49.554,28210000000.0,33189999999.999996,10.53,0.99,0.88,N/A,0.88,35790000000.0,N/A,2590000000.0,3.404,38.10,8.00,4460000000.0,5.94,9440000000.0,N/A,28.419001,7280000000.0,0.466,46.68,42.99,5590000.0,2.864,1.40,4510000.0,outperform
3874,2013-04-23 18:33:22,1366756402.0,lyb,56.43,60.07,1578.780029,18.79,41.28,39.36,12.04,0.74,3.03,6.28,10.31,12.42,26.19,79.15,34960000000.0,34960000000.0,8.34,0.90,0.77,6.24,0.77,5760000000.0,6.24,2870000000.0,4.92,N/A,1.10,2730000000.0,4.75,4400000000.0,2.41,19.36,4790000000.0,2.52,14.06,80.80,5710000.0,1.50,N/A,6340000.0,outperform
3875,2011-05-28 07:45:20,1306583120.0,lyb,30.72,11.13,1320.469971,0.02,11.110000000000001,48.05,10.93,0.54,1.87,24.75,25.55,25.10,554.64,77.00,25950000000.0,25950000000.0,N/A,N/A,0.60,2.16,0.60,4050000000.0,2.16,2170000000.0,3.91,530.00,25.60,4380000000.0,7.73,6110000000.0,2.51,22.35,25950000000.0,N/A,16.42,47.40,6860000.0,1.80,2.50,7460000.0,outperform
3876,2011-08-10 05:37:16,1312969036.0,lyb,22.99,80.43,1120.76001,25.17,55.260000000000005,48.05,6.87,0.34,1.27,5.75,8.85,N/A,N/A,81.03,17870000000.0,17870000000.0,N/A,N/A,0.38,3.56,0.38,4050000000.0,3.56,2640000000.0,4.63,91.00,33.90,4380000000.0,7.73,6110000000.0,N/A,22.35,17870000000.0,N/A,16.42,47.40,9920000.0,1.90,3.60,10750000.0,outperform
3877,2010-10-26 00:30:39,1288067439.0,lyb,20.43,15.42,1185.640015,4.75,10.67,74.08,N/A,0.41,1.58,19.67,4.10,3.68,626.12,66.59,19140000000.0,19140000000.0,N/A,N/A,0.51,6.30,0.51,N/A,6.30,1160000000.0,2.06,N/A,39.80,3750000000.0,6.64,7310000000.0,2.68,17.45,19140000000.0,N/A,N/A,N/A,N/A,N/A,N/A,N/A,outperform
3878,2013-05-12 12:21:16,1368375676.0,lyb,58.46,62.42,1626.670044,16.6,45.82,37.87,11.34,0.80,3.04,7.11,11.30,12.95,27.51,77.22,36970000000.0,36970000000.0,8.62,0.92,0.84,6.21,0.84,5760000000.0,6.21,3180000000.0,5.43,50.20,9.10,2880000000.0,5.00,4420000000.0,2.48,20.23,4670000000.0,2.51,14.06,80.80,7620000.0,1.70,1.90,6880000.0,outperform
3879,2013-05-12 08:27:29,1368361649.0,act,106.81,90.23,1626.670044,16.6,73.63,177.28,N/A,2.21,3.84,0.96,12.95,4.84,1.65,49.49,21400000000.0,21400000000.0,12.85,0.96,3.40,14.79,3.40,2520000000.0,14.79,60300000.0,0.48,N/A,24.40,337400000.0,2.64,6420000000.0,1.31,27.82,784000000.0,0.18,0.74,86.80,1790000.0,1.50,1.40,1780000.0,outperform
3880,2007-04-05 16:09:31,1175803771.0,nflx,24.2,49.63,1443.76001,-5.08,54.71,N/A,33.97,1.69,4.06,4.93,6.46,9.90,15.33,15.927,1660000000.0,1280000000.0,N/A,1.00,1.29,13.804,1.29,369680000.0,13.804,49080000.0,0.71,61.10,43.60,400430000.0,5.828,N/A,2.215,6.037,247860000.0,3.59,6.27,91.20,12490000.0,19.20,19.20,11460000.0,outperform
3881,2010-01-05 18:55:43,1262735743.0,nflx,51.51,248.92,1136.52002,12.32,236.6,N/A,28.29,1.84,12.59,6.79,11.01,20.29,38.66,27.378,2810000000.0,2810000000.0,N/A,1.75,1.77,13.266,1.77,454430000.0,13.266,107680000.0,1.81,48.00,24.00,155460000.0,2.845,38280000.0,1.154,4.249,311350000.0,0.58,17.77,100.80,10520000.0,10.2,31.40,10910000.0,outperform
3882,2011-09-02 15:32:00,1314991920.0,nflx,213.11,-70.23,1173.969971,20.15,-90.38,70.41,54.38,4.61,36.69,8.04,13.75,20.16,83.62,50.61,12110000000.0,12110000000.0,31.15,1.62,4.56,30.04,4.56,805270000.0,30.04,213510000.0,3.94,56.70,51.70,376410000.0,7.17,235180000.0,1.33,6.36,12110000000.0,0.40,5.80,85.10,8130000.000000001,1.80,16.40,9000000.0,underperform
3883,2006-07-21 00:48:24,1153457304.0,nflx,23.05,-12.71,1240.290039,24.66,-37.370000000000005,N/A,29.15,1.87,5.53,7.33,3.29,7.38,28.34,13.928,1390000000.0,1180000000.0,N/A,0.91,1.57,23.863,1.57,217660000.0,23.863,55240000.0,0.80,N/A,47.00,227760000.0,3.83,N/A,1.655,4.284,191160000.0,5.05,7.32,101.40,12890000.0,12.9,23.30,12310000.0,underperform
3884,2004-10-23 06:00:28,1098525628.0,nflx,10.1,153.76,1103.660034,6.72,147.04,0.002,38.13,1.18,4.31,4.12,0.18,10.02,16.16,7.218,511090000.0,371980000.0,81.67,0.53,0.84,N/A,0.84,123880000.0,74470000.0,18300000.0,0.257,N/A,78.20,153440000.0,2.94,0.002,1.938,2.339,119110000.0,2.071,29.44,N/A,18780000.0,9.678,51.02,18200000.0,outperform
3885,2013-01-20 19:21:29,1358727689.0,nflx,97.7,,1480.939941,24.16,,55.80,127.96,1.53,7.57,1.26,2.86,2.19,8.05,64.32,5110000000.0,5110000000.0,247.92,116.51,1.44,34.87,1.44,1160000000.0,34.87,44470000.0,0.78,87.70,10.10,798350000.0,14.37,400000000.0,1.39,12.91,104420000.0,0.68,12.93,83.00,13160000.0,3.20,24.30,14140000.0,underperform
3886,2006-07-18 06:45:15,1153219515.0,nflx,23.4,-14.02,1236.859985,25.01,-39.03,N/A,29.73,1.91,5.65,7.33,3.29,7.38,28.34,13.928,1420000000.0,1190000000.0,N/A,0.94,1.58,24.007,1.58,217660000.0,24.007,55240000.0,0.80,N/A,47.00,227760000.0,3.83,N/A,1.655,4.284,191160000.0,5.05,7.32,101.40,12890000.0,12.9,23.30,12310000.0,underperform
3887,2007-05-28 01:10:17,1180329017.0,nflx,,,1515.72998,-8.6,,N/A,28.95,1.43,3.59,5.06,6.57,10.20,16.28,16.344,1540000000.0,1140000000.0,N/A,1.18,1.06,11.397,1.06,369680000.0,11.397,54540000.0,0.78,124.00,36.20,387980000.0,5.642,N/A,2.223,6.286,264899999.99999997,2.85,6.27,85.00,12310000.0,19.00,19.00,12490000.0,underperform
3888,2012-07-17 06:03:00,1342519380.0,nflx,81.78,227.61,1363.670044,23.26,204.35000000000002,60.30,28.09,1.40,7.10,4.81,8.37,7.68,34.35,62.70,4310000000.0,4310000000.0,39.14,45.60,1.28,13.21,1.28,1160000000.0,13.21,161310000.0,2.95,N/A,21.00,804530000.0,14.49,400000000.0,1.42,11.95,220500000.0,0.81,5.05,87.40,12700000.0,3.50,23.40,14130000.0,outperform
3889,2007-03-11 22:26:35,1173666395.0,nflx,21.24,56.36,1401.890015,-9.17,65.53,N/A,29.62,1.46,3.52,4.93,6.46,9.90,15.33,15.927,1450000000.0,1050000000.0,N/A,0.90,1.05,11.243,1.05,369680000.0,11.243,49080000.0,0.71,61.10,43.60,400430000.0,5.828,N/A,2.215,6.037,247860000.0,3.48,6.27,90.70,11460000.0,4.9,17.70,9140000.0,outperform
3890,2012-04-03 06:58:19,1333450699.0,nflx,112.96,50.27,1413.380005,9.93,40.34,67.54,27.40,1.99,9.91,7.06,12.02,11.88,48.47,60.64,5950000000.0,5950000000.0,45.23,25.37,1.86,13.88,1.86,1160000000.0,13.88,226130000.0,4.16,25.20,46.90,797810000.0,14.40,434120000.0,1.50,11.60,317710000.0,0.36,5.27,80.30,10880000.0,1.80,21.90,10820000.0,outperform
3891,2006-07-20 00:12:02,1153368722.0,nflx,23.35,-15.93,1249.130005,22.81,-38.739999999999995,N/A,29.58,1.85,5.46,7.33,3.29,7.38,28.34,13.928,1410000000.0,1190000000.0,N/A,0.93,1.58,24.007,1.58,217660000.0,24.007,55240000.0,0.80,N/A,47.00,227760000.0,3.83,N/A,1.655,4.284,191160000.0,5.05,7.32,101.40,12890000.0,12.9,23.30,12310000.0,underperform
3892,2009-01-12 10:22:18,1231773738.0,nflx,31.21,67.8,870.26001,30.56,37.239999999999995,0.121,27.25,1.45,5.87,5.84,7.90,10.69,20.11,20.911,1890000000.0,1680000000.0,N/A,1.39,1.29,12.732,1.29,419170000.0,12.732,76330000.0,1.18,30.20,16.10,250830000.0,4.275,39380000.0,1.45,5.494,315050000.0,1.07,5.36,121.20,15790000.0,13.6,28.30,15850000.0,outperform
3893,2007-03-23 03:17:08,1174634228.0,nflx,23.73,46.94,1436.109985,-9.59,56.53,N/A,32.49,1.59,3.82,4.93,6.46,9.90,15.33,15.927,1590000000.0,1180000000.0,N/A,0.95,1.19,12.712,1.19,369680000.0,12.712,49080000.0,0.71,61.10,43.60,400430000.0,5.828,N/A,2.215,6.037,247860000.0,3.48,6.27,91.40,11460000.0,4.9,17.60,9140000.0,outperform
3894,2011-11-21 20:23:08,1321924988.0,nflx,74.47,10.65,1192.97998,16.33,-5.679999999999998,60.42,16.79,1.40,10.55,8.14,13.42,17.97,82.02,55.61,3970000000.0,3970000000.0,66.54,0.82,1.36,9.14,1.36,805270000.0,9.14,238000000.0,4.40,64.50,48.60,365770000.0,6.97,234660000.0,1.23,7.40,3970000000.0,0.13,5.80,85.10,9290000.0,0.80,18.70,8930000.0,underperform
3895,2007-10-18 06:13:06,1192702386.0,nflx,24.03,-3.04,1540.079956,-38.93,35.89,N/A,27.07,1.41,3.65,5.52,6.85,8.69,15.57,16.71,1630000000.0,1260000000.0,N/A,2.37,1.10,13.01,1.10,369680000.0,13.01,63080000.0,0.90,50.10,26.90,377950000.0,5.618,N/A,2.458,6.566,283720000.0,1.92,1.10,95.70,14890000.0,23.30,23.30,14890000.0,outperform
3896,2013-04-23 22:54:52,1366772092.0,nflx,216.99,62.91,1578.780029,18.79,44.12,57.99,738.06,2.71,13.02,0.48,1.39,0.89,2.47,65.01,8830000000.0,8830000000.0,75.61,6.83,2.45,92.51,2.45,983420000.0,92.51,17150000.0,0.29,77.60,8.00,748080000.0,13.36,431800000.0,1.34,13.40,22760000.0,1.16,2.37,94.10,7490000.0,2.00,13.80,8470000.0,outperform
3897,2005-01-11 06:31:37,1105443097.0,nflx,11.01,125.7,1182.98999,9.4,116.3,0.001,43.18,1.31,4.02,4.12,3.65,9.47,15.30,7.241,590110000.0,414600000.0,80.50,0.81,0.93,4.22,0.93,123880000.0,4.22,18300000.0,0.261,N/A,78.20,167810000.0,3.2,0.001,1.955,2.769,146390000.0,2.032,29.53,95.00,19060000.0,7.321,51.66,19540000.0,outperform
3898,2007-03-21 09:23:57,1174483437.0,nflx,23.05,57.22,1435.040039,-7.35,64.57,N/A,31.62,1.55,3.72,4.93,6.46,9.90,15.33,15.927,1540000000.0,1140000000.0,N/A,0.89,1.15,12.291,1.15,369680000.0,12.291,49080000.0,0.71,61.10,43.60,400430000.0,5.828,N/A,2.215,6.037,247860000.0,3.48,6.27,91.40,11460000.0,4.9,17.60,9140000.0,outperform
3899,2003-10-27 06:16:03,1067253363.0,nflx,26.88,-64.25,1031.130005,7.75,-72.0,0.005,398.00,5.35,12.04,0.82,0.06,1.38,2.05,8.812,1260000000.0,1140000000.0,50.13,3.05,4.81,26.69,4.81,74670000.0,26.69,1930000.0,0.005,N/A,101.30,124410000.0,5.13,0.005,2.383,4.33,N/A,N/A,55.01,95.00,9610000.0,8.308,88.18,8260000.0,underperform
3900,2007-04-27 18:18:56,1177712336.0,nflx,22.21,40.75,1494.069946,-7.64,48.39,N/A,31.18,1.41,3.52,4.93,6.46,9.90,15.33,15.927,1520000000.0,1080000000.0,N/A,1.00,1.08,11.575,1.08,369680000.0,11.575,49080000.0,0.71,61.10,43.60,400430000.0,5.828,N/A,2.215,6.286,247860000.0,3.59,6.27,86.60,12490000.0,19.20,19.20,11460000.0,outperform
3901,2007-03-20 13:50:42,1174413042.0,nflx,22.48,55.12,1410.939941,-7.97,63.089999999999996,N/A,30.06,1.47,3.54,4.93,6.46,9.90,15.33,15.927,1470000000.0,1070000000.0000001,N/A,0.89,1.07,11.464,1.07,369680000.0,11.464,49080000.0,0.711,61.10,43.60,400430000.0,5.828,N/A,2.215,6.037,247860000.0,3.48,6.27,91.40,11460000.0,4.9,17.60,9140000.0,outperform
3902,2008-01-25 17:19:43,1201299583.0,nflx,21.77,40.97,1330.609985,-36.85,77.82,N/A,23.85,1.22,3.32,5.60,7.01,8.80,16.08,17.378,1480000000.0,1060000000.0,N/A,1.21,0.90,10.294,0.90,369680000.0,10.294,66040000.00000001,0.946,23.10,14.90,386180000.0,5.871,N/A,2.227,6.616,292840000.0,1.95,12.08,73.40,14980000.0,11.5,24.00,14890000.0,outperform
3903,2010-11-03 22:10:48,1288836648.0,nflx,171.46,-46.17,1197.959961,5.27,-51.44,123.29,64.70,4.46,46.71,7.19,12.85,25.59,68.21,38.12,8730000000.0,8730000000.0,45.36,2.11,4.34,29.33,4.34,591000000.0,29.33,144670000.0,2.65,26.00,30.70,256810000.0,4.91,236690000.0,1.58,3.67,8730000000.0,0.53,3.39,89.70,11700000.0,2.00,34.10,12070000.0,underperform
3904,2012-09-18 09:52:13,1347976333.0,nflx,56.06,447.48,1459.319946,18.24,429.24,58.12,32.47,0.92,4.60,2.87,5.26,4.50,19.42,63.67,2750000000.0,2750000000.0,61.98,388.70,0.80,12.07,0.80,1160000000.0,12.07,99260000.0,1.76,91.00,12.80,813340000.0,14.65,400000000.0,1.43,12.39,153800000.0,0.84,5.05,87.40,15450000.0,4.20,28.50,14310000.0,outperform
3905,2013-05-13 07:25:19,1368444319.0,nflx,229.38,51.34,1633.77002,16.14,35.2,86.11,533.56,3.25,15.04,0.65,2.23,1.34,3.31,67.63,11900000000.0,11900000000.0,69.55,7.93,3.16,91.55,3.16,983420000.0,91.55,24420000.0,0.41,N/A,17.70,1030000000.0,18.27,700000000.0,1.51,14.48,8510000.0,1.15,2.37,94.10,10370000.0,1.90,24.40,8189999.999999999,outperform
3906,2007-01-12 00:21:48,1168579308.0,nflx,22.71,1.28,1430.72998,-1.51,2.79,N/A,22.85,1.81,4.24,7.94,5.76,9.87,25.61,15.451,1660000000.0,1280000000.0,N/A,1.18,1.40,16.055,1.40,217660000.0,16.055,72430000.0,1.06,84.00,48.20,368740000.0,5.386,N/A,2.432,5.678,225290000.0,3.91,10.22,92.00,8540000.0,11.8,13.20,8740000.0,outperform
3907,2011-11-21 13:28:45,1321900125.0,nflx,74.47,10.65,1192.97998,16.33,-5.679999999999998,60.42,17.74,1.40,10.55,8.14,13.42,17.97,82.02,55.61,3970000000.0,3970000000.0,70.32,0.82,1.36,9.14,1.36,805270000.0,9.14,238000000.0,4.40,64.50,48.60,365770000.0,6.97,234660000.0,1.23,7.40,3970000000.0,0.13,5.80,85.10,9290000.0,0.80,18.70,8930000.0,underperform
3908,2009-01-30 23:41:44,1233376904.0,nflx,36.14,41.03,825.880005,32.89,8.14,0.113,30.52,1.66,6.25,5.84,7.90,10.69,20.11,20.911,2130000000.0,1910000000.0,N/A,1.64,1.46,14.485,1.46,419170000.0,14.485,76330000.0,1.18,44.10,18.90,297270000.0,5.05,39140000.0,1.45,5.898,315050000.0,1.07,5.36,121.20,15590000.0,14.5,27.90,16059999.999999998,outperform
3909,2013-08-09 07:43:04,1376048584.0,nflx,252.75,70.25,1691.4200440000002,13.53,56.72,45.22,311.83,3.74,13.34,1.21,3.16,1.96,5.32,70.02,13930000000.0,13930000000.0,75.88,7.47,3.53,81.02,3.53,983420000.0,81.02,47730000.0,0.80,378.10,20.30,1080000000.0,18.33,500000000.0,1.54,18.76,5940000.0,1.75,2.21,88.20,7590000.0,2.40,17.80,7210000.0,outperform
3910,2012-10-22 13:56:12,1350928572.0,nflx,67.88,375.13,1433.819946,22.38,352.75,58.12,37.95,1.04,5.24,2.87,5.26,4.50,19.42,63.67,3200000000.0,3200000000.0,78.40,N/A,0.92,14.01,0.92,1160000000.0,14.01,99260000.0,1.76,91.00,12.80,813340000.0,14.65,400000000.0,1.43,12.39,153800000.0,0.81,12.93,83.00,15570000.0,3.60,28.70,15560000.0,outperform
3911,2009-06-12 04:21:09,1244794869.0,vprt,43.25,10.2,946.2100220000001,11.57,-1.370000000000001,N/A,32.99,3.50,7.10,10.45,11.92,11.51,21.43,11.284,1780000000.0,1780000000.0,N/A,1.14,3.63,19.361,3.63,246540000.0,19.361,51320000.0,1.14,23.70,20.60,114650000.0,2.712,19250000.0,2.081,5.49,110920000.0,1.58,6.36,125.80,10560000.0,7.9,26.40,11050000.0,underperform
3912,2007-05-11 12:07:03,1178899623.0,vprt,37.5,-9.97,1505.849976,-7.52,-2.450000000000001,0.158,63.71,7.01,9.86,11.96,12.24,11.68,20.12,5.465,1600000000.0,1520000000.0,N/A,1.05,6.63,31.761,6.63,102290000.0,31.761,27350000.0,0.583,40.30,66.70,113040000.0,2.62,25680000.0,3.178,3.769,54390000.0,2.03,34.85,83.20,4500000.0,13.9,11.00,4070000.0000000005,underperform
3913,2007-06-12 16:22:12,1181679732.0,vprt,37.77,-27.19,1493.0,-10.55,-16.64,0.158,66.38,7.49,10.53,11.96,12.24,11.68,20.12,5.465,1670000000.0,1630000000.0,N/A,1.17,7.11,34.067,7.11,102290000.0,34.067,27350000.0,0.58,40.30,66.70,113040000.0,2.62,25680000.0,3.178,3.769,54390000.0,1.94,34.85,94.60,4130000.0,10.5,10.10,4500000.0,underperform
3914,2007-01-12 07:22:18,1168604538.0,vprt,37.79,-11.3,1430.72998,-1.51,-9.790000000000001,0.201,76.99,8.93,11.65,12.92,12.58,11.26,19.57,4.264,1580000000.0,1470000000.0,N/A,1.21,8.48,40.236,8.48,102290000.0,40.236,22380000.0,0.49,108.50,73.00,106040000.0,2.529,26680000.0,4.564,3.169,41810000.0,2.02,58.37,83.00,2510000.0,6.5,6.50,2680000.0,underperform
3915,2013-04-23 05:38:54,1366709934.0,vprt,40.88,22.28,1578.780029,18.79,3.490000000000002,109.82,57.36,1.18,6.20,2.29,4.47,4.97,10.63,31.78,1470000000.0,1470000000.0,16.19,0.95,1.33,13.84,1.33,665060000.0,13.84,25390000.0,0.70,27.60,16.20,64730000.00000001,1.93,230500000.0,0.73,6.26,124140000.0,1.46,6.66,104.30,7930000.0,13.90,43.10,7770000.0,outperform
3916,2007-04-06 11:43:43,1175874223.0,vprt,37.89,0.66,1437.77002,-4.89,5.55,0.181,72.41,7.96,10.93,12.56,12.28,11.81,20.39,4.882,1670000000.0,1520000000.0,N/A,1.04,7.57,35.743,7.57,102290000.0,35.743,25230000.0,0.54,52.10,76.10,104160000.0,2.452,26340000.0,3.827,3.445,44770000.0,31.30,35.68,85.30,4070000.0000000005,9.5,10.10,4110000.0000000005,outperform
3917,2011-11-04 15:15:13,1320434113.0,vprt,35.92,-15.17,1253.22998,12.68,-27.85,N/A,19.61,1.67,3.99,9.26,10.54,11.68,20.79,20.08,1210000000.0,1210000000.0,16.54,1.06,1.41,8.96,1.41,529200000.00000006,8.96,79500000.0,1.80,24.20,24.60,161090000.0,4.19,0.00,2.00,8.97,1210000000.0,0.80,10.20,97.60,7030000.0,8.60,24.20,5640000.0,underperform
3918,2007-07-14 11:44:10,1184427850.0,vprt,40.0,-33.8,1518.76001,-17.47,-16.33,0.158,69.43,7.67,10.79,11.96,12.24,11.68,20.12,5.465,1750000000.0,1660000000.0,N/A,1.39,7.26,34.772,7.26,102290000.0,34.772,27350000.0,0.58,40.30,66.70,113040000.0,2.62,25680000.0,3.178,3.769,54390000.0,2.11,34.85,94.60,4780000.0,16.9,11.60,4130000.0,underperform
3919,2009-02-07 22:39:53,1234064393.0,vprt,23.85,125.58,832.22998,27.74,97.84,0.088,23.20,2.18,4.43,10.36,11.44,11.10,22.16,10.67,1040000000.0,952300000.0,N/A,0.68,2.03,11.277,2.03,246540000.0,11.277,48600000.0,1.07,66.10,32.30,111010000.0,2.635,20410000.0,1.779,5.49,108400000.0,1.79,11.39,125.00,11860000.0,37.7,29.80,11880000.0,outperform
3920,2012-11-04 19:30:26,1352075426.0,vprt,30.42,83.14,1427.589966,23.84,59.3,130.19,32.19,0.98,5.23,3.22,4.62,5.62,12.20,29.49,1230000000.0,1230000000.0,12.93,0.94,1.16,11.85,1.16,665060000.0,11.85,34130000.0,0.93,N/A,18.40,59320000.0,1.73,259310000.0,0.89,5.82,116750000.0,1.36,6.67,109.30,7480000.0,19.50,39.10,7510000.0,outperform
3921,2013-05-09 21:13:23,1368148403.0,vprt,45.1,,1626.670044,15.48,,118.25,51.19,1.25,7.19,2.72,4.52,5.34,12.81,33.41,1530000000.0,1530000000.0,17.55,0.97,1.35,14.18,1.35,665060000.0,14.18,30980000.0,0.88,040.90,11.70,51310000.0,1.57,238500000.0,0.68,6.08,122660000.0,1.48,6.66,104.30,8270000.0,29.20,44.90,7930000.0,underperform
3922,2011-09-14 14:56:04,1316026564.0,mcp,52.73,-75.9,1188.680054,22.82,-98.72,24.22,190.25,28.33,5.42,16.56,15.89,2.50,6.06,1.96,3940000000.0,3940000000.0,13.59,0.56,25.26,113.48,25.26,34750000.0,113.48,21590000.0,0.28,N/A,131.90,680280000.0,8.11,200070000.0,7.54,9.73,3940000000.0,N/A,48.19,28.50,9850000.0,2.00,22.00,8890000.0,underperform
3923,2011-01-14 06:27:53,1295004473.0,mcp,46.13,-40.08,1293.23999,-0.06,-40.019999999999996,1.12,N/A,280.37,9.60,N/A,327.22,N/A,N/A,0.30,4150000000.0000005,4150000000.0000005,N/A,N/A,269.67,93.58,269.67,N/A,93.58,50280000.0,0.98,N/A,329.10,351470000.0,4.27,5010000.0,23.11,5.46,4150000000.0000005,N/A,N/A,N/A,4530000.0,1.60,10.80,4160000.0,underperform
3924,2010-10-11 09:37:25,1286804245.0,mcp,27.73,29.32,1165.319946,2.59,26.73,8.51,N/A,246.48,22.77,N/A,526.16,N/A,N/A,0.20,2200000000.0,2200000000.0,N/A,N/A,246.46,52.90,246.46,N/A,52.90,47040000.0,1.07,N/A,50.00,5230000.0,0.06,5010000.0,0.64,1.18,2200000000.0,N/A,N/A,N/A,0.40,0.40,N/A,N/A,outperform
3925,2011-04-14 06:11:10,1302775870.0,mcp,73.37,-55.4,1314.52002,4.24,-59.64,0.69,N/A,166.39,13.05,139.62,131.91,10.01,18.78,0.56,5540000000.0,5540000000.0,28.61,N/A,157.48,140.35,157.48,39450000.0,140.35,49080000.0,0.79,N/A,897.30,316430000.0,3.85,3090000.0,17.15,5.45,5540000000.0,N/A,48.19,28.50,7400000.0,1.10,17.70,7110000.0,underperform
3926,2013-04-23 14:52:11,1366743131.0,mcp,5.18,-3.47,1578.780029,18.79,-22.259999999999998,98.44,N/A,1.85,0.58,85.00,23.62,3.67,42.40,4.94,1980000000.0,1980000000.0,21.56,0.46,3.75,27.60,3.75,17340000.0,27.60,460940000.0,4.31,N/A,1.00,227790000.0,1.21,1230000000.0,1.76,8.91,89640000.0,3.40,24.99,35.60,45440000.0,6.00,85.30,37220000.0,underperform
3927,2011-07-16 08:43:16,1310820196.0,mcp,54.33,-64.02,1317.719971,1.29,-65.31,0.44,N/A,74.49,6.60,77.44,72.37,6.60,12.49,0.82,3860000000.0,3860000000.0,13.54,0.69,66.10,112.64,66.10,34270000.0,112.64,46470000.0,0.65,N/A,770.10,492490000.0,5.87,2870000.0,13.47,7.86,3860000000.0,N/A,48.19,28.50,9970000.0,1.50,22.30,10790000.0,underperform
3928,2010-08-08 00:26:07,1281241567.0,mcp,13.35,247.04,1125.810059,-0.56,247.6,N/A,N/A,85.29,8.34,N/A,369.47,N/A,N/A,0.20,694860000.0,694860000.0,N/A,N/A,83.57,26.99,83.57,N/A,26.99,30740000.0,0.75,N/A,71.90,7450000.0,0.14,0.00,1.94,1.60,694860000.0,N/A,N/A,3.50,N/A,N/A,N/A,N/A,outperform
3929,2011-11-14 20:05:10,1321319110.0,mcp,32.84,-79.69,1251.780029,9.81,-89.5,24.22,118.29,17.98,3.44,16.56,15.89,2.50,6.06,1.96,2330000000.0,2330000000.0,8.99,0.64,14.90,66.95,14.90,34750000.0,66.95,21590000.0,0.28,N/A,131.90,680280000.0,8.11,200070000.0,7.54,9.73,2330000000.0,N/A,48.19,28.50,13910000.0,3.40,31.10,13450000.0,underperform
3930,2013-05-21 08:01:56,1369137716.0,mcp,7.22,-62.05,1669.160034,13.11,-75.16,93.98,N/A,2.30,0.94,83.50,30.80,4.64,36.21,4.78,2190000000.0,2190000000.0,65.64,0.52,3.71,19.92,3.71,17340000.0,19.92,504680000.0,4.09,N/A,73.30,404830000.0,2.15,1370000000.0,3.03,7.66,142290000.0,3.41,24.99,35.60,44830000.0,7.90,36.70,45660000.0,underperform
3931,2011-11-20 04:59:40,1321783180.0,mcp,30.35,-78.15,1216.130005,14.04,-92.19,22.96,30.23,8.91,2.97,29.64,41.09,8.80,12.99,3.45,2020000000.0,2020000000.0,7.77,0.67,7.06,15.33,7.06,131550000.00000001,15.33,77560000.0,0.94,N/A,517.80,561960000.0,6.70,198770000.0,6.49,10.21,2020000000.0,N/A,48.19,28.50,13910000.0,3.40,31.10,13450000.0,underperform
3932,2012-08-29 03:12:55,1346224375.0,mcp,12.23,-49.55,1410.48999,16.14,-65.69,76.14,N/A,2.28,0.72,0.19,21.47,2.87,0.12,5.20,1790000000.0,1790000000.0,18.53,0.99,3.90,14.90,3.90,218940000.0,14.90,10530000.0,0.12,N/A,5.00,369260000.0,3.36,1110000000.0,1.43,13.16,52770000.0,3.92,25.30,63.20,20850000.0,4.80,39.10,17290000.0,underperform
3933,2010-01-26 15:14:34,1264536874.0,pnr,28.31,20.84,1092.170044,18.72,2.120000000000001,N/A,33.90,1.12,1.54,3.29,9.18,3.84,5.30,28.294,3870000000.0,3870000000.0,N/A,1.73,1.40,11.335,1.40,1010000000.0,11.335,107460000.0,0.923,10.10,22.60,50210000.0,0.511,833270000.0,2.015,20.346001,305990000.0,1.02,0.81,80.90,1610000.0,3.1,1.70,1600000.0,outperform
3934,2013-04-23 03:16:36,1366701396.0,pnr,51.5,44.7,1578.780029,18.79,25.910000000000004,37.90,N/A,2.35,1.63,2.43,3.21,1.08,2.45,34.67,12550000000.0,12550000000.0,12.64,0.91,2.84,41.08,2.84,1270000000.0,41.08,107190000.0,0.84,N/A,102.30,261339999.99999997,1.27,2460000000.0,2.12,30.89,67960000.0,1.15,0.88,85.80,2450000.0,1.70,1.20,3630000.0,outperform
3935,2013-05-09 12:44:00,1368117840.0,pnr,54.51,36.32,1626.670044,15.48,20.84,40.96,N/A,2.13,1.82,2.20,4.29,1.73,2.70,34.64,13470000000.0,13470000000.0,14.15,1.11,2.53,30.17,2.53,1270000000.0,30.17,117190000.0,0.76,16.10,106.80,215000000.0,1.05,2600000000.0,2.22,30.45,155960000.0,1.15,0.88,85.80,2160000.0,1.60,1.10,2450000.0,outperform
3936,2008-02-12 13:02:19,1202839339.0,pnr,29.34,-24.13,1348.859985,-38.19,14.059999999999999,0.555,16.07,0.98,1.74,6.21,11.12,6.42,11.76,34.413,3330000000.0,4300000000.0,N/A,1.21,1.27,9.299,1.27,906250000.0,9.299,210490000.0,2.11,25.60,11.70,70790000.0,0.719,1060000000.0,1.851,19.41,341880000.0,1.49,0.75,74.40,6230000.0,16.7,6.40,5830000.0,outperform
3937,2004-04-12 23:47:46,1081828066.0,pnr,24.03,38.37,1145.199951,3.72,34.65,0.639,20.32,1.07,2.30,5.30,9.53,5.51,12.31,54.696,2930000000.0,3680000000.0,15.86,1.35,1.35,11.3,1.35,679040000.0,11.3,144290000.0,2.896,8.80,5.60,47990000.0,0.96,806490000.0,1.667,25.483,262940000.0,0.968,0.67,72.24,N/A,1.864,1.25,N/A,outperform
3938,2004-01-30 08:29:57,1075469397.0,pnr,18.66,92.55,1131.130005,3.8,88.75,0.554,16.48,0.83,1.87,5.15,9.33,5.46,12.12,53.901,2260000000.0,2850000000.0,14.08,1.37,1.06,8.94,1.06,615710000.0,8.94,138200000.0,2.776,295.20,1.30,50380000.0,1.02,662730000.0,1.578,24.23,N/A,0.896,0.56,69.58,N/A,3.06,1.04,N/A,outperform
3939,2004-09-23 02:51:58,1095922318.0,pnr,27.46,12.02,1108.359985,9.65,2.369999999999999,0.561,20.11,1.16,2.53,5.70,10.19,6.09,13.41,29.354,3370000000.0,4099999999.9999995,16.40,1.79,1.39,11.09,1.39,679040000.0,11.09,168220000.0,1.671,8.80,5.60,58250000.0,0.58,754240000.0,1.796,13.4,293360000.0,0.889,0.56,70.63,1620000.0,2.637,1.62,N/A,outperform
3940,2011-11-17 09:12:27,1321539147.0,pnr,34.78,24.87,1216.130005,11.82,13.05,59.13,17.44,1.11,1.70,6.42,11.24,5.31,9.83,34.09,5010000000.0,5010000000.0,13.48,1.27,1.50,10.53,1.50,930640000.0,10.53,217010000.0,2.16,7.20,15.10,52670000.0,0.53,1360000000.0,1.78,22.15,5010000000.0,1.06,0.86,85.00,5820000.0,7.40,6.80,6160000.0,outperform
3941,2005-03-06 23:41:49,1110170509.0,pnr,34.37,1.13,1210.469971,5.6,-4.47,0.508,31.25,1.84,2.87,6.02,10.85,4.19,10.00,22.379,4250000000.0,4950000000.0,17.73,1.52,2.17,16.09,2.17,679040000.0,16.09,137020000.0,1.35,8.80,5.60,31500000.0,0.31,736110000.0,1.573,14.476,282310000.0,0.937,2.01,75.39,3020000.0,4.114,3.06,2440000.0,underperform
3942,2007-03-23 02:49:18,1174632558.0,pnr,26.13,4.44,1436.109985,-9.59,14.030000000000001,0.446,16.88,0.97,1.82,5.82,9.73,6.28,11.39,31.613,3060000000.0,3730000000.0,N/A,1.41,1.18,9.164,1.18,906250000.0,9.164,183770000.0,1.81,0.80,1.50,54820000.0,0.549,744060000.0,1.837,16.737,231610000.0,1.83,0.48,69.40,3000000.0,3.8,3.00,3280000.0,outperform
3943,2004-06-19 11:58:37,1087660717.0,pnr,25.61,42.8,1133.560059,6.83,35.97,0.642,20.22,1.10,2.42,5.49,9.82,5.82,12.94,28.556,3180000000.0,3920000000.0,16.00,1.76,1.37,11.26,1.37,679040000.0,11.26,156650000.0,1.567,8.80,5.60,63250000.0,0.63,834020000.0,1.993,12.979,268260000.0,0.862,0.70,72.29,N/A,1.055,0.73,N/A,outperform
3944,2005-02-20 13:39:05,1108924745.0,pnr,34.58,,1200.75,7.2,,0.508,31.00,1.85,2.89,6.02,10.85,4.19,10.00,22.379,4219999999.9999995,4920000000.0,17.58,1.51,2.16,15.98,2.16,679040000.0,15.98,137020000.0,1.35,8.80,5.60,31500000.0,0.31,736100000.0,1.573,14.476,282310000.0,0.937,2.01,70.84,2440000.0,3.7,2.47,2029999.9999999998,underperform
3945,2007-03-29 23:34:22,1175225662.0,fisv,26.5,-9.89,1422.530029,-7.54,-2.3500000000000005,0.308,20.91,1.99,3.73,9.90,16.58,7.98,18.12,25.968,9040000000.0,9590000000.0,N/A,1.32,2.11,9.778,2.11,1330000000.0,9.778,443230000.0,2.53,29.60,11.10,185330000.0,1.086,747260000.0,1.556,14.177,634960000.0,1.27,3.66,78.30,2320000.0,2.3,1.40,3140000.0,underperform
3946,2004-12-01 03:49:40,1101890980.0,fisv,19.54,17.96,1191.369995,6.15,11.81,0.286,20.95,2.09,3.05,9.84,16.77,4.70,15.68,18.661,7530000000.0,7940000000.0,17.58,1.27,2.16,9.83,2.16,1220000000.0,9.83,362160000.0,1.838,18.40,18.10,450060000.0,2.3,719340000.0,N/A,12.868,544810000.0,1.087,3.93,81.69,4890000.0,2.842,2.60,4920000.0,outperform
3947,2005-03-07 04:48:42,1110188922.0,fisv,19.57,7.77,1225.310059,4.13,3.6399999999999997,0.236,19.30,1.99,2.90,10.59,17.68,4.81,15.80,18.905,7460000000.0,7550000000.0,15.51,1.17,2.03,8.94,2.03,1380000000.0,8.94,394900000.0,2.00,19.90,22.90,516130000.0,2.67,605330000.0,N/A,13.202,698380000.0,1.059,3.81,83.44,8660000.0,4.759,4.66,6530000.0,outperform
3948,2010-08-22 07:07:29,1282475249.0,fisv,25.46,2.32,1075.630005,4.48,-2.1600000000000006,N/A,16.42,1.87,2.45,11.78,23.53,6.92,16.95,26.72,10800000000.0,10800000000.0,11.60,1.04,2.64,8.62,2.64,1700000000.0,8.62,505000000.0,3.12,9.30,2.20,338000000.0,2.25,3440000000.0,1.36,20.79,10800000000.0,1.06,1.76,83.40,2620000.0,2.20,1.60,3550000.0,underperform
3949,2012-08-18 18:30:13,1345329013.0,fisv,35.58,39.46,1405.530029,18.2,21.26,107.87,17.89,2.19,2.98,12.70,23.78,7.84,18.17,31.84,12900000000.0,12900000000.0,12.40,1.17,2.91,9.64,2.91,1800000000.0,9.64,576000000.0,3.99,78.90,3.30,302000000.0,2.23,3510000000.0,1.04,23.99,908000000.0,1.02,1.85,87.80,1770000.0,2.80,1.30,2130000.0,outperform
3950,2009-08-03 07:38:36,1249299516.0,fisv,23.96,5.72,1002.6300050000001,11.75,-6.03,N/A,19.62,1.65,2.73,9.08,22.17,6.06,12.70,26.792,10960000000.0,10960000000.0,N/A,1.04,2.60,8.865,2.60,1720000000.0,8.865,361000000.0,2.42,41.40,20.30,309000000.0,1.983,3880000000.0,1.164,17.392,846000000.0,1.13,2.08,83.30,5610000.0,3.8,3.70,5260000.0,underperform
3951,2009-01-03 08:40:09,1230990009.0,fisv,18.18,33.33,903.25,23.45,9.879999999999999,1.535,10.45,1.21,2.12,12.54,18.97,7.19,13.96,29.402,6120000000.0,9900000000.0,N/A,0.66,2.06,7.904,2.06,1290000000.0,7.904,360000000.0,3.65,35.50,16.90,472000000.0,2.947,4260000000.0,1.351,17.193001,1410000000.0,1.42,2.36,85.90,3500000.0,1.8,2.20,3890000.0,outperform
3952,2006-08-29 06:27:36,1156847256.0,fisv,21.7,7.47,1304.280029,12.23,-4.760000000000001,0.327,16.15,1.77,3.18,11.62,17.46,7.70,19.55,23.599,7620000000.0,8250000000.0,N/A,1.23,1.93,8.692,1.93,1260000000.0,8.692,484910000.0,2.71,3.20,9.70,151980000.0,0.872,783090000.0,1.492,13.713,629710000.0,0.98,3.52,79.90,3570000.0,3.3,2.10,4420000.0,underperform
3953,2013-02-06 16:21:03,1360185663.0,fisv,40.16,36.58,1512.119995,17.28,19.299999999999997,105.86,19.47,2.40,3.32,12.82,24.03,7.97,18.44,32.60,13930000000.0,13930000000.0,13.50,1.27,3.10,10.20,3.10,1800000000.0,10.20,591000000.0,4.12,9.40,5.20,307000000.0,2.30,3450000000.0,1.26,24.35,806000000.0,1.00,1.86,87.90,2600000.0,3.00,1.90,2400000.0,outperform
3954,2013-05-12 03:16:34,1368342994.0,fisv,44.49,38.46,1626.670044,16.6,21.86,115.79,20.49,2.61,3.39,13.14,23.32,7.33,17.34,33.74,15250000000.0,15250000000.0,13.52,1.19,3.36,11.31,3.36,1880000000.0,11.31,582000000.0,4.37,11.40,5.00,356000000.0,2.67,4050000000.0,1.22,26.25,889000000.0,1.02,1.88,90.60,2360000.0,5.30,2.00,2320000.0,outperform
3955,2007-04-04 17:13:56,1175721236.0,fisv,27.25,-5.91,1439.369995,-4.87,-1.04,0.308,21.53,2.04,3.83,9.90,16.58,7.98,18.12,25.968,9310000000.0,9810000000.0,N/A,1.34,2.16,10.004,2.16,1330000000.0,10.004,443230000.0,2.53,29.60,11.10,185330000.0,1.086,747260000.0,1.556,14.177,634960000.0,1.18,3.66,78.30,3450000.0,3.6,2.10,2320000.0,underperform
3956,2012-07-31 04:13:06,1343722386.0,fisv,35.06,37.25,1379.319946,22.21,15.04,108.18,20.91,2.25,3.09,11.19,23.79,7.81,16.06,31.23,13050000000.0,13050000000.0,12.57,1.14,2.97,9.80,2.97,1800000000.0,9.80,510000000.0,3.46,17.90,5.70,311000000.0,2.28,3480000000.0,0.97,23.42,890000000.0,0.99,1.85,87.80,2130000.0,3.00,1.60,2190000.0,outperform
3957,2006-11-01 18:31:48,1162423908.0,fisv,24.5,11.02,1367.810059,10.28,0.7400000000000002,0.339,18.02,1.94,3.50,11.18,17.21,8.00,19.64,24.856,8570000000.0,9220000000.0,N/A,1.29,2.08,9.456,2.08,1260000000.0,9.456,485650000.0,2.74,2.50,14.30,170900000.0,0.986,829140000.0,1.548,14.119,657140000.0,0.97,3.52,80.10,3100000.0,2.5,1.80,3430000.0,outperform
3958,2007-12-17 10:01:22,1197903682.0,fisv,26.93,-35.02,1445.900024,-36.84,1.8200000000000003,0.408,20.59,1.84,3.73,9.27,16.20,7.88,18.90,28.721,8890000000.0,9700000000.0,N/A,1.32,2.01,9.703,2.01,1330000000.0,9.703,456340000.0,2.62,9.80,4.60,161250000.0,0.979,971960000.0,1.096,14.472,657040000.0,1.36,2.34,77.60,3020000.0,2.1,1.90,2560000.0,outperform
3959,2011-07-19 20:19:13,1311121153.0,fisv,30.66,17.35,1326.72998,3.47,13.88,106.92,18.90,2.07,2.76,11.67,24.16,7.61,15.89,28.05,11480000000.0,11480000000.0,12.10,1.07,2.75,8.90,2.75,1750000000.0,8.90,497000000.0,3.25,7.40,4.00,517000000.0,3.60,3360000000.0,1.42,21.84,11480000000.0,0.94,1.53,85.30,2480000.0,2.30,1.70,3450000.0,outperform
3960,2004-12-05 00:57:22,1102226242.0,fisv,19.5,13.49,1190.329956,6.03,7.46,0.286,21.13,2.07,3.03,9.84,16.77,4.70,15.68,18.661,7590000000.0,7860000000.0,17.73,1.27,2.14,9.73,2.14,1220000000.0,9.73,362160000.0,1.838,18.40,18.10,450060000.0,2.3,719340000.0,N/A,12.868,544810000.0,1.087,3.93,81.52,4890000.0,2.842,2.60,4920000.0,outperform
3961,2005-04-05 13:53:44,1112723624.0,fisv,19.66,7.99,1181.390015,11.02,-3.0299999999999994,0.236,19.90,2.05,3.00,10.59,17.68,4.81,15.80,18.905,7690000000.0,7740000000.0,15.92,1.14,2.08,9.16,2.08,1380000000.0,9.16,394900000.0,2.00,19.90,22.90,516130000.0,2.67,605330000.0,N/A,13.202,698380000.0,0.811,3.81,82.63,8550000.0,6.678,4.60,8660000.0,underperform
3962,2005-08-29 20:20:54,1125361254.0,fisv,22.38,-3.04,1212.280029,7.59,-10.629999999999999,0.23,19.80,2.17,3.29,11.44,18.38,6.37,18.34,19.988,8420000000.0,8830000000.0,N/A,1.37,2.28,9.896,2.28,1380000000.0,9.896,456740000.0,2.26,20.00,8.30,566580000.0,3.012,590660000.0,1.742,13.55,618840000.0,N/A,4.30,82.20,9210000.0,7.5,5.10,9950000.0,underperform
3963,2008-06-15 00:47:23,1213505243.0,key,10.67,-48.64,1339.869995,-31.06,-17.580000000000002,N/A,5.89,1.15,0.56,18.83,25.44,0.82,9.82,10.652,4700000000.0,25260000000.0,N/A,20.93,6.04,N/A,6.04,6080000000.0,N/A,801000000.0,1.99,37.70,3.50,2750000000.0,6.855,23300000000.0,N/A,21.476,421000000.0,0.43,5.73,59.50,14120000.0,4.2,3.50,12810000.0,underperform
3964,2008-12-08 21:23:57,1228789437.0,key,8.04,-32.96,909.7000119999999,20.03,-52.99,N/A,N/A,1.50,0.52,33.12,10.88,0.93,11.20,6.543,4370000000.0,23510000000.0,N/A,N/A,8.47,N/A,8.47,6080000000.0,N/A,934000000.0,2.19,N/A,36.50,3390000000.0,6.844,22750000000.0,N/A,16.155001,1150000000.0,0.72,0.26,72.40,31190000.0,3.7,6.30,31640000.0,underperform
3965,2013-04-25 11:56:49,1366905409.0,key,9.51,40.38,1585.160034,17.55,22.830000000000002,N/A,10.79,2.24,0.89,21.54,29.89,0.97,8.36,4.30,17390000000.0,17390000000.0,10.14,2.55,4.35,N/A,4.35,N/A,N/A,827000000.0,0.90,2.00,3.10,1930000000.0,2.09,10640000000.0,N/A,10.89,N/A,1.57,0.24,83.00,15860000.0,1.20,1.70,25530000.0,outperform
3966,2009-02-26 05:35:14,1235644514.0,key,7.33,-9.82,752.830017,46.71,-56.53,N/A,N/A,1.50,0.48,61.71,30.69,1.44,16.11,5.286,3840000000.0,26060000000.0,N/A,N/A,10.95,N/A,10.95,6080000000.0,N/A,1510000000.0,3.36,N/A,43.10,2540000000.0,5.125,25030000000.0,N/A,14.966,N/A,0.72,0.18,72.80,35430000.0,2.6,7.20,31620000.0,underperform
3967,2007-03-07 07:14:35,1173269675.0,key,30.82,-41.76,1391.969971,-6.3,-35.46,N/A,14.56,3.08,1.92,22.02,48.37,1.29,15.59,11.847,14950000000.0,N/A,N/A,1.87,N/A,N/A,N/A,5670000000.0,N/A,1190000000.0,2.57,50.70,2.10,3670000000.0,9.197,19370000000.0,N/A,19.298,N/A,0.58,13.97,55.00,6680000.0,1.70,1.70,9860000.0,underperform
3968,2005-03-19 20:17:04,1111281424.0,key,25.04,18.93,1188.069946,9.87,9.06,N/A,14.11,3.46,1.86,24.99,N/A,1.10,13.68,9.19,13160000000.0,30220000000.0,11.70,1.68,7.91,N/A,7.91,4890000000.0,N/A,954000000.0,2.30,5.60,2.90,2450000000.0,6.04,19510000000.0,N/A,17.462,1630000000.0,0.333,0.25,52.80,9770000.0,5.356,2.41,8350000.0,outperform
3969,2006-05-24 21:31:18,1148520678.0,key,28.83,3.85,1258.569946,19.78,-15.930000000000001,N/A,12.92,3.02,1.88,24.28,48.45,1.25,15.53,11.628,14550000000.0,30020000000.0,N/A,1.55,6.32,N/A,6.32,5670000000.0,N/A,1150000000.0,2.79,9.50,2.50,4460000000.0,11.034,20050000000.0,N/A,18.847,1270000000.0,1.02,0.28,54.90,8580000.0,2.10,2.10,9060000.0,underperform
3970,2011-10-17 10:20:51,1318861251.0,key,5.84,35.45,1200.859985,21.16,14.290000000000003,N/A,6.81,1.41,0.66,23.66,38.01,1.18,10.39,4.92,17850000000.0,17850000000.0,8.80,0.75,4.05,N/A,4.05,N/A,N/A,882000000.0,0.96,242.90,16.50,2520000000.0,2.65,14170000000.0,N/A,9.88,17850000000.0,0.66,0.28,82.20,21620000.0,1.50,2.50,24340000.0,outperform
3971,2011-11-10 14:57:12,1320955032.0,key,6.8,16.62,1239.699951,11.31,5.3100000000000005,N/A,7.45,1.54,0.70,23.67,38.42,1.21,10.37,4.81,17900000000.0,17900000000.0,9.47,0.96,4.07,N/A,4.07,N/A,N/A,948000000.0,0.98,0.90,2.20,2960000000.0,3.11,14100000000.0,N/A,10.09,17900000000.0,1.04,0.28,82.20,16920000.0,1.00,N/A,21620000.0,outperform
3972,2012-09-15 05:18:50,1347700730.0,key,8.32,40.62,1436.560059,17.18,23.439999999999998,N/A,10.31,2.08,0.85,21.33,31.10,1.00,8.82,4.22,16680000000.0,16680000000.0,10.51,1.68,4.17,N/A,4.17,N/A,N/A,850000000.0,0.88,1.70,2.30,2210000000.0,2.35,10360000000.0,N/A,10.43,671000000.0,1.32,0.25,82.10,12820000.0,1.30,1.30,17460000.0,outperform
3973,2008-01-24 01:32:02,1201156322.0,key,21.63,-67.91,1352.069946,-38.47,-29.439999999999998,N/A,9.81,1.98,1.18,22.35,32.19,1.27,15.60,11.771,9910000000.0,25180000000.0,N/A,1.79,5.41,N/A,5.41,5930000000.0,N/A,1230000000.0,2.60,32.70,12.40,3740000000.0,9.618,19690000000.0,N/A,20.118,924000000.0,0.45,0.36,58.60,9420000.0,1.8,2.40,10030000.0,underperform
3974,2011-10-13 06:38:01,1318502281.0,key,6.15,29.59,1203.660034,18.69,10.899999999999999,N/A,7.07,1.43,0.67,23.66,38.01,1.18,10.39,4.92,17930000000.0,17930000000.0,9.01,0.74,4.07,N/A,4.07,N/A,N/A,882000000.0,0.96,242.90,16.50,2520000000.0,2.65,14170000000.0,N/A,9.88,17930000000.0,0.66,0.28,82.20,24340000.0,1.80,2.80,22810000.0,outperform
3975,2005-02-05 15:57:13,1107637033.0,key,25.64,9.63,1193.189941,6.51,3.120000000000001,N/A,14.77,3.64,1.96,24.99,N/A,1.10,13.68,9.19,13790000000.0,30840000000.0,12.25,1.75,8.08,N/A,8.08,5030000000.0,N/A,954000000.0,2.30,7.50,6.60,2450000000.0,6.04,19510000000.0,N/A,17.120001,629000000.0,0.38,0.25,49.40,8350000.0,7.417,2.06,7690000.0,outperform
3976,2008-12-19 16:59:05,1229723945.0,key,7.35,-27.89,887.8800050000001,24.92,-52.81,N/A,N/A,1.46,0.51,33.12,10.88,0.93,11.20,6.543,4019999999.9999995,23420000000.0,N/A,N/A,8.44,N/A,8.44,6080000000.0,N/A,934000000.0,2.19,N/A,36.50,3390000000.0,6.84,22750000000.0,N/A,16.155001,1150000000.0,0.72,0.26,72.40,33710000.0,2.6,6.80,31190000.0,underperform
3977,2005-09-04 02:06:58,1125814018.0,acn,24.59,,1221.589966,7.32,,0.04,17.16,0.81,7.99,5.39,11.36,13.26,49.36,28.138,13570000000.0,10450000000.0,N/A,1.11,0.63,4.86,0.63,4620000000.0,4.86,894330000.0,1.48,45.10,11.00,3200000000.0,5.959,71510000.0,1.408,3.119,1710000000.0,N/A,N/A,38.60,4760000.0,1.7,0.50,4880000.0,underperform
3978,2006-08-22 06:44:05,1156243445.0,acn,27.69,43.48,1298.819946,12.72,30.759999999999998,0.034,20.22,0.93,11.32,4.72,9.92,13.40,52.62,30.921,16489999999.999998,13550000000.0,N/A,1.24,0.75,6.039,0.75,5090000000.0,6.039,856020000.0,1.41,12.10,6.80,2990000000.0,5.175,50390000.0,1.21,2.571,2420000000.0,1.43,3.18,47.40,3080000.0,1.2,0.50,2730000.0,outperform
3979,2007-05-05 07:47:14,1178365634.0,acn,38.44,-1.48,1495.920044,-5.79,4.3100000000000005,0.015,19.05,1.19,12.10,6.50,11.91,16.45,82.31,32.726,23210000000.0,19610000000.0,N/A,1.34,1.00,7.15,1.00,4990000000.0,7.15,1270000000.0,2.05,325.80,15.10,3140000000.0,5.293,29260000.0,1.244,3.243,2490000000.0,2.01,78.20,69.50,2990000.0,1.1,0.50,5120000.0,outperform
3980,2006-08-27 03:22:58,1156663378.0,acn,28.1,41.21,1296.060059,13.17,28.04,0.034,20.07,0.91,11.08,4.72,9.92,13.40,52.62,30.921,16370000000.000002,13430000000.0,N/A,1.21,0.74,5.985,0.74,5090000000.0,5.985,856020000.0,1.41,12.10,6.80,2990000000.0,5.175,50390000.0,1.21,2.571,2420000000.0,1.43,3.18,47.40,4220000.0,2.4,0.70,3080000.0,outperform
3981,2005-04-04 05:07:40,1112605660.0,acn,24.03,24.64,1176.119995,11.04,13.600000000000001,0.023,20.12,1.45,12.97,7.74,10.95,15.15,48.93,15.748,22960000000.0,20140000000.0,15.57,1.11,1.29,10.29,1.29,4620000000.0,10.29,712760000.0,1.22,38.70,12.80,2870000000.0,3.05,40000000.0,1.45,1.862,1570000000.0,1.671,6.38,38.48,4690000.0,1.752,0.53,4450000.0,outperform
3982,2008-04-07 01:42:51,1207546971.0,acn,36.68,-25.79,1372.540039,-40.58,14.79,0.004,16.14,0.92,10.25,6.23,11.67,16.59,72.24,38.252,21750000000.0,19100000000.0,N/A,0.98,0.82,6.069,0.82,6040000000.0,6.069,1450000000.0,2.28,37.00,17.20,2660000000.0,4.493,9130000.0,1.26,3.536,2450000000.0,1.15,0.31,73.50,10900000.0,3.8,1.90,10430000.0,outperform
3983,2011-09-01 16:51:37,1314910297.0,acn,52.2,16.44,1204.420044,16.78,-0.33999999999999986,0.11,17.02,1.33,9.32,8.12,12.83,15.56,62.34,40.45,29280000000.0,29280000000.0,14.11,1.46,1.13,7.64,1.13,7250000000.0,7.64,2109999999.9999998,3.15,28.00,20.60,5260000000.0,8.16,4620000.0,1.51,5.75,29280000000.0,0.79,45.71,73.70,12350000.0,1.80,1.90,11590000.0,underperform
3984,2004-12-10 06:26:24,1102677984.0,acn,26.17,8.37,1188.0,5.84,2.5299999999999994,0.023,21.49,1.65,16.89,8.09,11.64,16.38,54.30,15.096,24570000000.0,22060000000.0,16.90,1.25,1.46,10.94,1.46,4310000000.0,10.94,690830000.0,1.219,103.40,2.20,2840000000.0,3.03,33880000.0,1.381,1.57,1800000000.0,1.702,6.45,36.09,2420000.0,0.523,0.28,2029999.9999999998,outperform
3985,2012-11-04 02:11:28,1352013088.0,acn,67.92,5.64,1427.589966,23.84,-18.2,0.00,17.68,1.85,10.51,9.16,13.90,14.94,62.95,43.32,44320000000.0,44320000000.0,14.54,1.41,1.59,10.58,1.59,8990000000.0,10.58,2550000000.0,3.84,5.50,2.20,6640000000.0,8.85,0.00,1.55,6.55,4260000000.0,1.23,0.28,81.30,5320000.0,1.40,0.80,6050000.0,underperform
3986,2006-08-22 00:50:41,1156222241.0,acn,27.69,43.48,1298.819946,12.72,30.759999999999998,0.034,20.22,0.93,11.32,4.72,9.92,13.40,52.62,30.921,16489999999.999998,13860000000.0,N/A,1.24,0.76,6.175,0.76,5090000000.0,6.175,856020000.0,1.41,12.10,6.80,2990000000.0,5.175,50390000.0,1.21,2.571,2420000000.0,1.43,3.18,47.40,3080000.0,1.2,0.50,2730000.0,outperform
3987,2008-12-02 16:28:13,1228253293.0,acn,29.62,40.01,848.8099980000001,30.68,9.329999999999998,0.003,11.32,0.70,7.01,6.68,11.99,16.39,73.49,41.434,18370000000.0,14200000000.0,N/A,0.99,0.56,4.026,0.56,7190000000.0,4.026,1690000000.0,2.65,37.30,17.70,3620000000.0,5.911,8279999.999999999,1.338,4.145,2800000000.0,0.81,0.32,79.20,9690000.0,2.7,1.60,7920000.0,outperform
3988,2007-03-14 19:10:39,1173913839.0,acn,34.99,-3.97,1387.170044,-5.17,1.1999999999999997,0.018,20.92,1.12,12.18,5.53,10.03,13.63,72.17,31.834,20850000000.0,18320000000.0,N/A,1.27,0.97,8.044,0.97,4990000000.0,8.044,1040000000.0,1.69,32.20,13.70,2740000000.0,4.644,31580000.0,1.216,2.929,2470000000.0,1.83,74.44,66.20,5120000.0,1.8,0.90,3520000.0,outperform
3989,2008-10-18 23:21:07,1224386467.0,acn,30.75,24.52,907.840027,20.79,3.7300000000000004,0.003,11.86,0.75,7.45,6.68,11.99,16.50,73.49,41.434,19250000000.0,15630000000.0,N/A,0.96,0.62,4.434,0.62,6040000000.0,4.434,1690000000.0,2.65,37.30,17.70,3620000000.0,5.91,8279999.999999999,1.346,4.144,2800000000.0,0.79,0.29,79.30,6490000.0,1.5,1.10,11300000.0,outperform
3990,2007-07-06 07:06:36,1183719996.0,acn,42.43,-5.94,1530.439941,-17.57,11.629999999999999,0.015,21.02,1.23,13.28,6.28,11.73,15.59,75.75,33.72,25310000000.0,21960000000.0,N/A,1.62,1.08,7.851,1.08,4990000000.0,7.851,1270000000.0,2.04,0.90,15.40,3380000000.0,5.713,28230000.0,1.206,3.179,2660000000.0,1.61,78.20,64.10,4680000.0,2.3,0.80,5000000.0,outperform
3991,2007-06-05 04:17:34,1181031454.0,acn,41.2,-3.33,1530.949951,-10.04,6.709999999999999,0.015,20.09,1.25,12.72,6.50,11.91,16.45,82.31,32.726,24480000000.0,21380000000.0,N/A,1.41,1.10,7.795,1.10,4990000000.0,7.795,1270000000.0,2.05,325.80,15.10,3140000000.0,5.293,29260000.0,1.244,3.243,2490000000.0,1.8,78.20,64.10,5000000.0,2.5,0.80,3560000.0,outperform
3992,2013-04-23 04:45:22,1366706722.0,acn,75.29,3.68,1578.780029,18.79,-15.11,0.00,17.47,1.72,8.91,10.85,14.12,15.51,61.32,43.98,42950000000.0,42950000000.0,16.05,1.55,1.52,9.92,1.52,8990000000.0,9.92,3070000000.0,4.29,71.10,3.80,5640000000.0,8.67,0.00,1.63,8.39,3450000000.0,1.27,0.30,82.10,6610000.0,2.50,1.00,7310000.0,underperform
3993,2005-02-10 03:10:56,1108023056.0,acn,25.08,25.8,1197.01001,5.85,19.950000000000003,0.023,21.00,1.56,13.88,7.74,10.95,15.15,48.93,15.748,23970000000.0,21460000000.0,16.25,1.19,1.37,10.97,1.37,4620000000.0,10.97,712760000.0,1.22,38.70,12.80,2870000000.0,3.05,40000000.0,1.45,1.862,1570000000.0,1.686,6.38,36.29,2780000.0,0.979,0.32,2640000.0,outperform
3994,2006-11-02 16:40:55,1162503655.0,acn,32.89,15.2,1367.339966,10.41,4.789999999999999,0.027,20.74,1.06,10.11,5.34,9.84,12.20,54.21,30.943,19260000000.0,15900000000.0,N/A,1.17,0.87,7.524,0.87,4990000000.0,7.524,973330000.0,1.59,51.20,1.90,3420000000.0,5.852,51860000.0,1.264,3.263,2670000000.0,1.58,3.21,47.40,3940000.0,1.5,0.70,3950000.0,outperform
3995,2012-02-29 00:47:01,1330494421.0,acn,58.75,24.89,1365.680054,10.91,13.98,0.15,16.81,1.36,10.21,8.38,13.00,16.43,70.63,43.97,33520000000.000004,33520000000.000004,14.19,1.40,1.18,7.93,1.18,8390000000.000001,7.93,2390000000.0,3.55,20.10,17.10,5100000000.0,7.88,6380000.0,1.45,5.84,3810000000.0,0.86,0.30,81.40,8510000.0,1.80,1.30,8870000.0,outperform
3996,2006-11-11 01:01:42,1163224902.0,acn,33.0,5.15,1385.719971,6.43,-1.2799999999999994,0.027,21.32,1.07,10.23,5.34,9.84,12.20,54.21,30.943,19790000000.0,16129999999.999998,N/A,1.19,0.89,7.632,0.89,4990000000.0,7.632,973330000.0,1.59,51.20,1.90,3420000000.0,5.852,51860000.0,1.264,3.263,2670000000.0,1.58,3.21,46.90,3940000.0,1.5,0.70,3950000.0,underperform
3997,2009-08-10 19:40:05,1249947605.0,acn,35.45,12.64,1007.099976,11.32,1.3200000000000003,N/A,13.14,0.90,7.42,7.31,12.41,15.83,65.39,39.021,17890000000.0,17890000000.0,N/A,1.02,0.74,5.089,0.74,7190000000.0,5.089,1770000000.0,2.729,5.40,16.00,4010000000.0,6.531,1660000.0,1.46,4.805,3140000000.0,0.64,0.17,81.00,5280000.0,1.2,0.90,3720000.0,outperform
3998,2013-05-10 03:17:29,1368170249.0,acn,79.41,-2.82,1633.699951,14.97,-17.79,0.00,18.67,1.84,9.53,10.85,14.12,15.51,61.32,43.98,46040000000.0,46040000000.0,17.15,1.63,1.63,10.64,1.63,8990000000.0,10.64,3070000000.0,4.29,71.10,3.80,5640000000.0,8.67,0.00,1.63,8.39,3450000000.0,1.27,0.30,82.10,6850000.0,2.40,1.10,6610000.0,underperform
3999,2011-11-08 00:40:19,1320730819.0,acn,58.11,13.15,1275.920044,9.3,3.8499999999999996,0.10,17.07,1.36,9.63,8.33,12.97,15.52,66.97,42.37,31630000000.0,31630000000.0,13.74,1.44,1.16,7.79,1.16,8390000000.000001,7.79,2280000000.0,3.40,37.40,23.00,5710000000.0,8.90,4420000.0,1.45,6.05,31630000000.0,0.82,45.71,73.70,11830000.0,1.90,1.90,11120000.0,outperform
4000,2006-12-03 00:17:12,1165123032.0,acn,33.25,1.23,1400.630005,5.13,-3.9,0.027,21.28,1.08,10.33,5.34,9.84,12.20,54.21,30.943,19760000000.0,16390000000.0,N/A,1.22,0.90,7.754,0.90,4990000000.0,7.754,973330000.0,1.59,51.20,1.90,3420000000.0,5.852,51860000.0,1.264,3.263,2670000000.0,1.58,3.21,48.60,3640000.0,1.6,0.60,3940000.0,underperform
4001,2006-06-03 23:44:14,1149392654.0,acn,27.78,45.43,1270.089966,20.51,24.919999999999998,0.045,20.28,0.91,13.91,4.59,9.91,12.66,53.74,30.437,16059999999.999998,13770000000.0,N/A,1.24,0.77,6.611,0.77,5090000000.0,6.611,819030000.0,1.38,66.80,6.50,2350000000.0,4.075,52490000.0,1.173,2.018,2210000000.0,1.46,3.13,43.40,3970000.0,1.9,0.50,3990000.0,outperform
4002,2008-12-21 20:10:46,1229908246.0,acn,30.01,33.59,885.2800289999999,25.84,7.7500000000000036,0.001,11.54,0.72,8.91,6.97,12.14,17.98,88.73,41.859,19550000000.0,16760000000.000002,N/A,1.01,0.65,4.651,0.65,7190000000.0,4.651,1790000000.0,2.79,25.90,6.00,2800000000.0,4.606,2450000.0,1.3,3.414,3300000000.0,0.81,0.32,79.20,10280000.0,2.1,1.70,9690000.0,outperform
4003,2003-11-08 10:24:47,1068305087.0,acn,23.98,3.42,1051.810059,10.44,-7.02,0.076,23.81,1.71,28.88,7.81,11.58,17.56,79.37,13.462,23500000000.0,20620000000.0,19.06,1.39,1.54,13.29,1.54,4680000000.0,13.29,498240000.0,1.052,76.80,0.30,2330000000.0,2.49,60120000.0,1.504,0.85,N/A,1.786,9.14,21.67,4640000.0,0.887,0.54,5370000.0,underperform
4004,2006-06-21 00:03:49,1150862629.0,coh,26.19,65.9,1252.199951,21.56,44.34,0.003,22.73,5.63,7.49,24.63,37.70,30.14,40.90,5.298,11130000000.0,10520000000.0,N/A,1.06,5.22,12.728,5.22,1310000000.0,12.728,496530000.0,1.27,34.60,19.70,838360000.0,2.178,5110000.0,4.315,3.936,601820000.0,1.89,1.69,86.20,7070000.0,1.7,1.90,7440000.0,outperform
4005,2004-05-21 06:44:30,1085136270.0,coh,18.14,48.35,1093.560059,8.41,39.94,0.025,33.61,6.32,11.37,19.89,31.62,32.87,44.11,6.346,7450000000.0,7240000000.0,24.29,1.35,5.96,17.09,5.96,677430000.0,17.09,225940000.0,1.178,70.80,32.50,445340000.0,2.37,16800000.0,3.733,3.587,359180000.0,1.321,1.75,84.23,2820000.0,2.335,1.52,3770000.0,outperform
4006,2009-02-05 12:20:21,1233854421.0,coh,13.49,131.88,845.849976,26.05,105.83,0.019,6.72,1.46,3.23,22.81,33.57,29.23,48.47,9.626,4740000000.0,4340000000.0,N/A,0.63,1.34,3.618,1.34,2410000000.0,3.618,738650000.0,2.18,14.00,1.80,424150000.0,1.311,27480000.0,2.351,4.53,N/A,1.6,1.46,90.80,11810000.0,1.8,3.70,11300000.0,outperform
4007,2008-10-28 03:18:32,1225178312.0,coh,17.53,65.15,940.51001,10.86,54.290000000000006,0.002,7.25,1.80,4.33,23.77,35.06,29.80,46.12,9.422,5340000000.0,5440000000.0,N/A,0.56,1.67,4.38,1.67,2410000000.0,4.38,774060000.0,2.22,5.80,11.20,409510000.0,1.234,2580000.0,2.627,4.071,N/A,1.62,1.42,97.50,14070000.0,1.8,4.20,15500000.0,outperform
4008,2005-12-19 02:20:54,1134976854.0,coh,29.96,29.97,1259.920044,13.15,16.82,0.015,34.02,7.18,11.19,22.72,36.20,32.36,42.83,4.517,12880000000.0,11230000000.0,N/A,1.10,6.57,16.613,6.57,1310000000.0,16.613,388650000.0,1.00,48.60,23.80,383050000.0,1.008,15710000.0,2.669,3.066,544260000.0,N/A,1.71,89.60,7530000.0,3.3,2.00,8710000.0,outperform
4009,2003-10-26 17:58:16,1067209096.0,coh,15.27,23.58,1033.77002,5.9,17.68,0.064,37.77,6.09,12.57,17.22,27.26,30.30,44.45,5.431,6190000000.0,5960000000.0,26.16,1.54,5.85,21.47,5.85,677430000.0,21.47,166480000.0,0.891,70.80,32.50,255360000.0,1.39,31770000.0,2.972,2.69,N/A,1.344,0.39,89.02,4820000.0,5.153,2.63,5510000.0,outperform
4010,2012-06-10 06:27:30,1339324050.0,coh,58.52,-3.35,1314.98999,24.93,-28.28,1.21,19.12,3.84,9.20,21.34,31.74,32.25,53.78,16.03,17490000000.0,17490000000.0,15.38,1.12,3.77,10.91,3.77,3020000000.0,10.91,989960000.0,3.35,21.00,16.60,929670000.0,3.24,23450000.0,2.82,6.75,1160000000.0,1.37,0.89,90.70,5190000.0,1.80,1.80,4930000.0,underperform
4011,2004-10-27 15:08:03,1098904083.0,coh,20.72,37.45,1125.400024,4.75,32.7,0.034,30.17,6.34,10.80,21.71,34.42,33.13,43.13,7.261,8410000000.0,7960000000.0,21.72,1.10,5.66,16.45,5.66,990080000.0,16.45,287140000.0,1.483,78.50,38.60,441890000.0,2.35,26520000.0,3.249,4.126,448570000.0,1.309,1.95,83.99,3310000.0,2.732,1.80,4760000.0,outperform
4012,2011-11-08 05:04:16,1320746656.0,coh,61.03,-11.58,1275.920044,9.3,-20.880000000000003,1.33,21.28,4.39,10.38,21.11,31.21,30.55,53.36,14.65,17800000000.0,17800000000.0,16.19,1.28,4.14,12.15,4.14,3020000000.0,12.15,906910000.0,3.02,13.80,15.20,847970000.0,2.93,24060000.0,2.68,6.27,17800000000.0,1.71,1.62,89.10,5120000.0,1.30,1.80,4910000.0,underperform
4013,2013-03-30 07:42:37,1364643757.0,coh,47.53,2.02,1562.849976,18.31,-16.29,1.09,13.79,2.83,6.69,21.31,31.39,30.32,53.18,17.28,13280000000.0,13280000000.0,12.10,0.97,2.69,7.85,2.69,3470000000.0,7.85,1050000000.0,3.63,1.50,3.80,858660000.0,3.06,22710000.0,2.40,7.42,1220000000.0,1.21,0.94,91.90,13110000.0,2.10,4.70,12060000.0,underperform
4014,2007-10-26 06:06:35,1193393195.0,coh,32.71,-48.09,1535.280029,-41.59,-6.5,0.002,20.00,5.20,7.10,25.40,38.03,30.47,41.08,7.067,13130000000.0,11940000000.0,N/A,0.87,4.57,11.117,4.57,2020000000.0,11.117,636530000.0,1.76,36.50,30.00,1190000000.0,3.178,3100000.0,4.265,5.128,779100000.0,1.76,1.23,84.30,9540000.0,1.8,2.60,7430000.0,underperform
4015,2013-05-23 17:59:00,1369346340.0,coh,56.14,-27.31,1650.51001,15.15,-42.46,1.01,15.77,3.31,7.39,21.26,31.12,31.13,50.90,17.66,15740000000.0,15740000000.0,14.16,1.32,3.14,9.21,3.14,3470000000.0,9.21,1060000000.0,3.70,6.20,7.10,928490000.0,3.30,22610000.0,3.08,7.99,1320000000.0,1.22,0.94,91.90,17500000.0,2.90,6.20,17990000.0,underperform
4016,2012-05-22 20:33:55,1337733235.0,coh,64.25,-11.94,1316.630005,25.73,-37.67,1.21,20.45,4.20,10.06,21.34,31.74,32.25,53.78,16.03,18600000000.0,18600000000.0,16.45,1.19,4.01,11.61,4.01,3020000000.0,11.61,989960000.0,3.35,21.00,16.60,929670000.0,3.24,23450000.0,2.82,6.75,1160000000.0,1.35,0.93,90.00,4930000.0,1.70,1.70,3500000.0,underperform
4017,2013-04-22 03:05:55,1366614355.0,coh,48.47,0.39,1562.5,20.29,-19.9,1.09,14.12,2.93,6.92,21.31,31.39,30.32,53.18,17.28,13540000000.0,13540000000.0,12.43,1.00,2.75,8.00,2.75,3470000000.0,8.00,1050000000.0,3.63,1.50,3.80,858660000.0,3.06,22710000.0,2.40,7.42,1220000000.0,1.20,0.94,91.90,15530000.0,2.50,5.50,12830000.0,underperform
4018,2004-02-03 06:20:09,1075807209.0,coh,16.4,55.3,1136.030029,5.03,50.269999999999996,0.064,34.07,5.86,11.13,18.85,29.94,31.75,44.86,5.916,6630000000.0,6240000000.0,24.43,1.43,5.56,18.58,5.56,677430000.0,18.58,199480000.0,1.048,70.80,32.50,372780000.0,2.01,37970000.0,2.904,3.18,242420000.0,1.345,1.71,87.68,3970000.0,1.932,2.18,4070000.0000000005,outperform
4019,2011-11-17 07:36:43,1321533403.0,coh,57.31,-9.82,1216.130005,11.82,-21.64,1.66,20.78,4.37,10.33,21.11,31.21,30.55,53.36,14.65,17500000000.0,17500000000.0,15.81,1.25,4.07,11.94,4.07,3020000000.0,11.94,906910000.0,3.02,13.80,15.20,847970000.0,2.91,30200000.0,2.68,6.24,17500000000.0,1.71,1.62,89.10,4130000.0,1.10,1.40,5120000.0,underperform
4020,2009-02-17 21:48:38,1234925318.0,coh,12.64,159.97,789.169983,39.32,120.65,N/A,6.41,1.38,3.06,22.81,33.57,29.23,48.47,9.626,4480000000.0,4090000000.0,N/A,0.57,1.26,3.407,1.26,2410000000.0,3.407,738650000.0,2.18,14.00,1.80,424150000.0,1.321,27480000.0,2.351,4.567,740470000.0,1.6,1.49,92.30,8210000.000000001,0.8,2.60,11810000.0,outperform
4021,2012-10-13 20:04:33,1350173073.0,coh,50.22,4.66,1432.560059,18.15,-13.489999999999998,1.17,15.22,3.26,7.79,21.81,31.74,32.93,57.63,16.52,14420000000.0,14420000000.0,12.12,1.01,3.03,8.77,3.03,3470000000.0,8.77,1040000000.0,3.53,24.20,12.00,917220000.0,3.22,23360000.0,2.51,6.99,1220000000.0,1.29,0.91,92.40,14950000.0,2.80,5.30,17110000.0,underperform
4022,2005-02-07 09:58:01,1107788281.0,coh,25.42,27.1,1201.719971,4.42,22.68,0.055,33.23,7.56,13.45,22.61,35.80,32.49,42.61,7.848,10500000000.0,10030000000.0,24.82,1.33,6.57,18.35,6.57,990080000.0,18.35,325830000.0,1.67,78.50,38.60,526630000.0,2.79,53880000.0,2.695,4.188,478000000.0,1.311,1.97,84.91,4150000.0000000005,3.042,2.24,5250000.0,outperform
4023,2006-10-23 12:50:30,1161622230.0,coh,32.87,0.73,1377.02002,10.35,-9.62,0.003,27.73,6.11,10.97,23.41,36.12,34.70,44.04,5.562,12900000000.0,12680000000.0,N/A,1.01,6.01,14.139,6.01,1640000000.0,14.139,494280000.0,1.272,30.90,22.90,537570000.0,1.469,3270000.0,2.851,3.214,596600000.0,1.87,1.91,85.00,11130000.0,3.6,3.10,8470000.0,underperform
4024,2010-04-12 10:57:11,1271084231.0,hsp,56.11,0.09,1196.47998,9.84,-9.75,N/A,22.73,2.38,3.51,10.41,17.21,7.89,18.36,24.095,10000000000.0,10000000000.0,N/A,1.33,2.58,11.384,2.58,1460000000.0,11.384,403900000.0,2.48,7.60,15.50,946600000.0,5.777,1730000000.0,2.864,16.047001,944900000.0,0.97,0.17,81.10,1630000.0,2.2,N/A,1750000.0,underperform
4025,2007-07-15 02:54:34,1184482474.0,hsp,40.78,-4.81,1547.699951,-20.64,15.830000000000002,1.919,50.56,2.28,4.66,4.56,14.88,6.79,9.92,17.976,6380000000.0,8760000000.0,N/A,1.65,3.12,14.915,3.12,939240000.0,14.915,128139999.99999999,0.81,N/A,17.80,250220000.0,1.598,2630000000.0,2.393,8.747,343480000.0,0.12,0.08,73.30,1920000.0,1.20,1.20,1610000.0,outperform
4026,2006-08-29 06:04:53,1156845893.0,hsp,37.83,1.56,1304.280029,12.23,-10.67,0.537,27.65,2.16,4.39,8.37,13.88,8.75,17.66,16.523,5890000000.0,6330000000.0,N/A,1.51,2.40,12.151,2.40,849060000.0,12.151,220760000.0,1.36,24.80,1.40,256450000.0,1.633,697120000.0,2.613,8.268,450860000.0,0.67,0.23,70.70,1390000.0,0.90,0.90,1110000.0,underperform
4027,2004-11-29 02:19:18,1101712758.0,hsp,32.0,37.81,1178.569946,6.7,31.110000000000003,0.773,16.21,1.89,5.53,11.79,16.43,13.68,26.62,16.87,5030000000.0,5600000000.0,18.32,2.60,2.12,9.64,2.12,N/A,9.64,310990000.0,1.989,N/A,N/A,135450000.0,0.87,698810000.0,2.165,5.79,N/A,N/A,6.02,62.11,1400000.0,1.646,0.96,N/A,outperform
4028,2013-05-23 10:55:46,1369320946.0,hsp,35.18,36.38,1650.51001,15.15,21.230000000000004,58.51,N/A,1.46,1.96,1.81,0.04,0.02,2.41,24.28,6930000000.0,6930000000.0,17.10,2.38,1.73,29.96,1.73,1110000000.0,29.96,72600000.0,0.44,N/A,8.50,726800000.0,4.39,1750000000.0,2.65,18.04,411800000.0,0.60,0.36,91.60,11540000.0,8.20,7.00,11340000.0,outperform
4029,2013-04-22 03:01:02,1366614062.0,hsp,30.99,41.05,1562.5,20.29,20.759999999999998,57.06,116.38,1.26,1.69,1.08,3.78,1.63,1.48,24.80,6120000000.0,6120000000.0,15.14,2.05,1.50,15.99,1.50,1110000000.0,15.99,44200000.0,0.27,N/A,8.40,772100000.0,4.67,1740000000.0,2.68,18.40,478000000.0,0.60,0.36,91.60,11890000.0,7.20,7.20,9720000.0,outperform
4030,2012-07-27 04:13:47,1343376827.0,hsp,35.08,12.66,1385.969971,21.64,-8.98,58.55,N/A,1.40,1.85,2.96,9.37,3.86,3.67,24.38,6740000000.0,6740000000.0,13.02,2.00,1.68,10.86,1.68,1400000000.0,10.86,119100000.0,0.73,73.20,3.60,655900000.0,3.97,1780000000.0,2.98,18.41,515299999.99999994,0.58,0.34,95.00,9820000.0,9.30,6.70,9710000.0,underperform
4031,2007-10-16 18:22:50,1192573370.0,atvi,10.48,4.39,1538.530029,-40.99,45.38,N/A,53.69,3.54,4.40,7.25,7.51,5.22,9.79,6.446,6440000000.0,5490000000.0,N/A,1.46,3.02,17.196,3.02,534950000.00000006,17.196,131919999.99999999,0.42,N/A,163.40,963800000.0,3.376,N/A,4.013,5.135,137340000.0,1.89,2.46,91.80,9840000.0,2.3,3.50,8700000.0,outperform
4032,2004-09-25 10:50:03,1096123803.0,atvi,3.46,98.84,1113.560059,9.08,89.76,6.339,23.30,1.81,2.12,8.55,12.04,9.40,11.32,6.875,1850000000.0,1270000000.0,16.69,0.99,1.27,5.49,1.27,380510000.0,5.49,85510000.0,0.573,17.40,9.70,539150000.0,3.9,6.339,6.339,6.175,38960000.0,0.975,1.93,80.25,3650000.0,1.476,2.69,2680000.0,outperform
4033,2004-10-13 12:41:21,1097685681.0,atvi,3.35,105.97,1113.650024,5.67,100.3,6.339,22.25,1.76,2.06,8.55,12.04,9.40,11.32,6.875,1760000000.0,1220000000.0,16.14,0.98,1.22,5.27,1.22,380510000.0,5.27,85510000.0,0.573,17.40,9.70,539150000.0,3.9,6.339,6.339,6.175,38960000.0,1.01,1.93,80.99,4340000.0,2.163,3.20,3650000.0,outperform
4034,2007-01-17 17:40:27,1169073627.0,atvi,8.73,43.76,1430.619995,-6.81,50.57,N/A,202.50,N/A,N/A,1.96,1.55,1.27,2.36,5.136,N/A,4370000000.0,N/A,1.83,3.09,20.215,3.09,527640000.0,20.215,27660000.0,0.09,N/A,22.00,792580000.0,2.827,N/A,6.584,N/A,38810000.0,1.8,7.61,95.80,22550000.0,4.9,8.20,21640000.0,outperform
4035,2006-12-17 17:56:20,1166396180.0,atvi,8.2,51.95,1425.48999,1.43,50.52,N/A,190.22,3.47,3.98,1.96,1.55,1.27,2.36,5.136,4910000000.0,4110000000.0000005,N/A,1.68,2.91,19.01,2.91,527640000.0,19.01,27660000.0,0.09,N/A,22.00,792580000.0,2.827,N/A,6.584,4.405,38810000.0,2.02,7.61,96.30,21640000.0,4.2,7.90,22360000.0,outperform
4036,2013-05-21 18:52:15,1369176735.0,atvi,15.42,35.34,1669.160034,13.11,22.230000000000004,N/A,14.45,3.39,1.47,24.38,30.93,7.39,11.09,4.51,12080000000.0,12080000000.0,15.23,2.33,2.41,7.23,2.41,3190000000.0,7.23,1190000000.0,1.08,18.80,13.00,4620000000.0,4.13,0.00,3.06,10.33,1520000000.0,0.71,62.15,35.50,7610000.0,1.40,1.80,7390000.0,outperform
4037,2009-01-26 21:32:19,1233023539.0,atvi,8.76,6.96,836.570007,30.55,-23.59,N/A,166.96,6.58,1.05,3.96,8.29,N/A,N/A,1.425,12380000000.0,9470000000.0,N/A,N/A,5.02,26.139,5.02,1250000000.0,26.139,74700000.0,0.06,N/A,118.10,2940000000.0,2.217,N/A,3.816,8.896,249200000.0,1.14,54.50,41.30,20150000.0,1.8,1.50,23870000.0,underperform
4038,2012-01-03 15:46:55,1325623615.0,atvi,11.76,-8.93,1277.060059,14.51,-23.439999999999998,N/A,19.68,2.95,1.33,15.77,26.40,6.39,7.07,4.11,11200000000.0,11200000000.0,12.85,1.14,2.34,7.78,2.34,2320000000.0,7.78,741000000.0,0.63,190.20,1.20,2900000000.0,2.54,0.00,3.19,9.25,1100000000.0,0.37,61.11,33.90,23300000.0,1.90,5.50,22400000.0,underperform
4039,2013-02-06 14:09:10,1360177750.0,atvi,11.67,45.76,1512.119995,17.28,28.479999999999997,N/A,15.29,2.93,1.21,19.89,22.36,5.07,8.33,4.01,9820000000.0,9820000000.0,12.22,1.11,2.19,8.58,2.19,3000000000.0,8.58,876000000.0,0.78,52.70,11.50,3360000000.0,3.02,0.00,3.02,9.79,1220000000.0,0.77,62.24,34.00,16559999.999999998,2.20,3.90,17320000.0,outperform
4040,2004-08-27 19:14:54,1093648494.0,atvi,3.82,93.72,1107.77002,9.19,84.53,6.339,25.27,2.00,2.35,8.55,12.04,9.40,11.32,6.875,2000000000.0,1470000000.0,18.10,1.06,1.47,6.31,1.47,380510000.0,6.31,85510000.0,0.573,17.40,9.70,539150000.0,3.9,6.339,6.339,6.175,38960000.0,0.976,1.93,80.47,3650000.0,1.476,2.69,2680000.0,outperform
4041,2004-10-14 00:45:07,1097729107.0,atvi,3.37,114.24,1103.290039,7.55,106.69,6.339,22.16,1.76,2.06,8.55,12.04,9.40,11.32,6.875,1760000000.0,1220000000.0,16.08,0.98,1.22,5.27,1.22,380510000.0,5.27,85510000.0,0.573,17.40,9.70,539150000.0,3.9,6.339,6.339,6.175,38960000.0,1.01,1.93,80.99,4340000.0,2.163,3.20,3650000.0,outperform
4042,2007-06-17 06:28:10,1182076090.0,atvi,9.05,80.88,1522.969971,-10.69,91.57,N/A,68.08,3.61,3.87,5.67,4.84,3.84,6.51,5.382,5410000000.0,4460000000.0,N/A,1.31,2.95,15.541,2.95,527640000.0,15.541,85790000.0,0.28,N/A,66.10,954850000.0,3.374,N/A,4.107,4.988,N/A,1.72,2.41,95.20,17890000.0,3.7,6.50,22440000.0,outperform
4043,2007-04-05 23:27:29,1175830049.0,atvi,8.98,42.87,1443.76001,-5.08,47.949999999999996,N/A,72.65,3.93,3.93,5.79,7.10,4.23,6.19,4.963,5420000000.0,4650000000.0,N/A,2.36,3.35,17.426,3.35,527640000.0,17.426,80350000.0,0.26,83.60,0.80,805200000.0,2.85,N/A,3.761,4.914,N/A,43.18,2.43,74.70,22210000.0,4.9,8.10,19380000.0,outperform
4044,2007-02-21 22:31:09,1172115069.0,atvi,8.18,53.67,1457.630005,-7.9,61.57,N/A,66.17,3.58,3.58,5.79,7.10,4.23,6.19,4.963,4940000000.0,4160000000.0,N/A,2.12,3.00,15.594,3.00,527640000.0,15.594,80350000.0,0.26,83.60,0.80,805200000.0,2.85,N/A,3.761,4.914,N/A,1.78,2.43,93.50,23100000.0,5.6,8.40,22550000.0,outperform
4045,2005-02-20 04:31:33,1108891893.0,atvi,5.68,,1200.75,7.2,,3.893,23.56,2.25,2.99,10.36,14.08,12.85,16.10,8.922,3060000000.0,2350000000.0,22.90,1.37,1.72,6.91,1.72,380510000.0,6.91,141430000.0,0.91,17.40,9.70,713180000.0,5.01,3.893,3.893,7.214,117450000.0,1.244,7.46,82.96,5150000.0,1.809,3.91,4130000.0,underperform
4046,2008-12-18 00:52:29,1229579549.0,atvi,8.64,19.91,885.2800289999999,24.53,-4.620000000000001,N/A,173.57,6.71,1.07,3.96,8.29,N/A,N/A,1.425,12870000000.0,9730000000.0,N/A,N/A,5.16,26.833,5.16,1250000000.0,26.833,74700000.0,0.06,N/A,118.10,2940000000.0,2.217,N/A,3.816,8.896,249200000.0,1.21,54.50,41.90,24590000.0,1.90,1.90,18620000.0,underperform
4047,2012-03-16 09:15:37,1331903737.0,atvi,12.19,20.18,1404.170044,10.71,9.469999999999999,N/A,13.54,2.94,1.35,22.82,28.73,6.39,10.49,4.14,10470000000.0,10470000000.0,11.64,1.14,2.20,6.91,2.20,3000000000.0,6.91,1070000000.0000001,0.92,N/A,1.50,3520000000.0,3.14,0.00,2.11,9.26,952000000.0,0.68,60.05,32.40,25100000.0,2.30,5.90,21390000.0,outperform
4048,2011-09-03 23:37:40,1315107460.0,atvi,11.42,-0.09,1218.890015,14.82,-14.91,N/A,20.90,2.77,1.26,13.76,24.12,5.90,6.15,4.04,10000000000.0,10000000000.0,12.18,1.00,2.10,7.46,2.10,2320000000.0,7.46,645000000.0,0.54,53.00,18.50,2940000000.0,2.58,0.00,3.17,9.16,10000000000.0,0.53,61.11,33.90,14650000.0,1.50,3.40,14470000.0,underperform
4049,2013-04-22 01:29:47,1366608587.0,atvi,14.34,38.77,1562.5,20.29,18.480000000000004,N/A,14.12,3.24,1.39,23.66,29.88,6.60,10.54,4.37,11510000000.0,11510000000.0,13.84,2.09,2.37,7.32,2.37,3190000000.0,7.32,1120000000.0,1.01,257.60,25.70,4380000000.0,3.93,0.00,2.37,10.18,1340000000.0,0.70,62.15,35.50,8150000.0,1.20,1.90,15450000.0,outperform
4050,2011-11-04 01:21:51,1320384111.0,atvi,13.07,-18.52,1253.22998,12.68,-31.2,N/A,24.69,3.19,1.45,13.76,24.12,5.90,6.15,4.04,12240000000.0,12240000000.0,14.39,1.22,2.57,9.13,2.57,2320000000.0,9.13,645000000.0,0.54,53.00,18.50,2940000000.0,2.58,0.00,3.17,9.16,12240000000.0,0.40,61.11,33.90,15310000.0,2.00,3.60,16660000.0,underperform
4051,2004-01-05 02:22:00,1073287320.0,atvi,3.28,53.66,1122.219971,5.87,47.79,N/A,71.44,2.07,2.43,3.90,5.20,3.76,4.45,8.155,1670000000.0,1250000000.0,22.21,1.52,1.61,8.32,1.61,298940000.0,8.32,30460000.0,0.263,26.70,9.90,411440000.0,4.64,N/A,6.042,7.51,N/A,0.795,1.55,84.01,8270000.0,6.115,9.48,8540000.0,outperform
4052,2004-06-22 14:13:06,1087927986.0,atvi,3.92,59.44,1134.410034,7.01,52.43,5.966,28.17,2.19,2.48,8.20,11.59,9.10,11.03,6.66,2040000000.0,1490000000.0,19.46,1.63,1.57,7.14,1.57,380510000.0,7.14,77720000.0,0.525,17.40,9.70,587650000.0,4.26,5.966,5.966,6.064,67400000.0,0.977,1.94,82.53,4300000.0,1.64,3.18,4730000.0,outperform
4053,2003-10-03 19:55:57,1065225357.0,atvi,2.22,59.91,1029.849976,8.25,51.66,N/A,26.57,1.32,1.74,5.97,8.27,5.99,7.10,8.251,1110000000.0,709040000.0,20.82,1.42,0.85,3.9,0.85,298940000.0,3.9,49640000.0,N/A,26.70,9.90,389780000.0,4.43,N/A,5.523,7.17,N/A,0.724,1.45,90.61,5010000.0,4.097,5.78,7670000.0,outperform
4054,2004-01-16 20:23:23,1074302603.0,atvi,3.26,59.51,1139.829956,4.2,55.309999999999995,N/A,70.99,2.09,2.45,3.90,5.20,3.76,4.45,8.155,1660000000.0,1220000000.0,22.19,1.52,1.57,8.1,1.57,298940000.0,8.1,30460000.0,0.263,26.70,9.90,411440000.0,4.64,N/A,6.042,7.51,N/A,0.931,1.55,86.77,8270000.0,6.115,9.48,8540000.0,outperform
4055,2005-04-19 16:14:47,1113941687.0,atvi,5.41,18.3,1152.780029,13.63,4.67,3.893,22.39,2.11,2.81,10.36,14.08,12.85,16.10,6.692,2920000000.0,2170000000.0,21.66,1.27,1.59,6.39,1.59,380510000.0,6.39,141430000.0,0.69,17.40,9.70,713180000.0,3.75,3.893,3.893,5.411,117450000.0,1.39,10.40,62.88,4120000.0,1.658,2.42,5200000.0,outperform
4056,2005-01-23 18:53:04,1106524384.0,cinf,27.42,8.86,1175.410034,7.52,1.3399999999999999,0.079,14.32,2.12,1.22,14.81,19.90,3.35,8.56,20.656,7360000000.0,7530000000.0,14.08,1.54,2.14,N/A,2.14,3180000000.0,N/A,520000000.0,3.059,57.10,8.30,311000000.0,1.85,478000000.0,N/A,36.214001,896000000.0,0.472,11.69,52.93,2120000.0,5.247,1.43,2770000.0,outperform
4057,2009-06-20 23:27:00,1245554820.0,cinf,17.41,31.82,910.7100220000001,22.55,9.27,N/A,7.30,0.92,0.95,12.62,18.18,3.14,10.85,24.678,4000000000.0,4000000000.0,N/A,1.36,1.00,5.258,1.00,3820000000.0,5.258,506000000.0,3.11,N/A,26.40,528000000.0,3.248,839000000.0,1.552,23.957001,346000000.0,0.7,9.91,58.10,4660000.0,3.8,3.20,4770000.0,outperform
4058,2006-07-18 21:25:22,1153272322.0,cinf,31.64,-4.49,1236.859985,25.01,-29.5,0.181,8.14,1.80,1.29,22.66,33.94,5.81,16.54,25.515,8060000000.000001,8670000000.0,N/A,1.55,1.94,5.604,1.94,3770000000.0,5.604,1010000000.0,5.72,283.30,75.40,494000000.0,2.851,1120000000.0,1.319,35.861,1000000000.0,0.68,9.09,51.20,1580000.0,3.3,1.00,1270000.0,underperform
4059,2007-02-20 14:20:55,1171999255.0,cinf,30.5,-10.2,1459.680054,-6.83,-3.369999999999999,0.123,8.34,1.68,1.12,20.44,30.37,5.20,14.43,26.236,7640000000.0,8189999999.999999,N/A,1.49,1.80,5.78,1.80,3770000000.0,5.78,930000000.0,5.30,29.00,3.00,297000000.0,1.717,840000000.0,1.488,39.353001,N/A,0.53,14.43,52.50,1310000.0,2.6,0.80,1410000.0,underperform
4060,2005-04-13 10:27:00,1113402420.0,cinf,27.84,0.9,1173.790039,9.83,-8.93,0.127,13.11,2.09,1.21,16.16,22.14,3.71,9.47,20.275,7550000000.0,8039999999.999999,13.96,1.41,2.22,N/A,2.22,3610000000.0,N/A,584000000.0,3.28,56.10,13.60,306000000.0,1.74,791000000.0,N/A,35.637001,823000000.0,0.285,9.12,51.35,2400000.0,5.833,1.51,1880000.0,underperform
4061,2013-05-23 16:34:19,1369341259.0,cinf,44.88,5.44,1650.51001,15.15,-9.71,16.16,16.02,1.85,1.35,11.57,17.12,2.74,8.90,25.98,8670000000.0,8670000000.0,21.04,9.04,2.05,11.32,2.05,634000000.0,11.32,489000000.0,2.98,79.10,11.90,380000000.0,2.33,935000000.0,1.27,35.49,547000000.0,0.73,9.15,62.40,4390000.0,6.50,3.00,4840000.0,underperform
4062,2005-09-25 06:42:52,1127644972.0,cinf,27.09,21.59,1214.619995,9.2,12.39,0.129,12.45,1.94,1.16,15.91,22.90,3.34,9.56,20.913,7160000000.0,7780000000.0,N/A,1.37,2.12,8.873,2.12,3610000000.0,8.873,585000000.0,3.29,1.90,1.80,172000000.0,0.984,791000000.0,1.411,35.040001,723000000.0,N/A,8.85,50.90,2620000.0,6.9,1.70,2470000.0,outperform
4063,2004-09-08 18:10:57,1094681457.0,cinf,25.08,8.29,1116.27002,10.34,-2.0500000000000007,0.084,13.06,1.99,1.13,15.39,20.84,3.48,8.86,20.408,6910000000.0,7130000000.0,13.77,1.45,2.05,N/A,2.05,3180000000.0,N/A,534000000.0,3.142,57.10,8.30,285000000.0,1.69,512000000.0,N/A,36.327,824000000.0,0.378,14.26,52.88,1380000.0,3.619,0.96,1870000.0,underperform
4064,2005-02-16 10:46:35,1108568795.0,cinf,28.13,5.44,1210.339966,6.53,-1.0899999999999999,0.127,13.27,2.11,1.22,16.16,22.14,3.71,9.47,21.288,7630000000.0,8119999999.999999,14.24,1.46,2.25,N/A,2.25,3180000000.0,N/A,584000000.0,3.44,57.10,8.30,306000000.0,1.83,791000000.0,N/A,37.418999,896000000.0,0.448,11.98,53.54,1980000.0,5.36,1.35,2120000.0,underperform
4065,2007-01-18 20:13:50,1169169230.0,cinf,31.2,-19.81,1426.369995,-7.09,-12.719999999999999,0.287,8.09,1.73,1.21,21.74,32.49,5.46,15.75,26.013,7830000000.0,9430000000.0,N/A,1.50,2.08,6.254,2.08,3770000000.0,6.254,983000000.0,5.59,1.70,2.40,239000000.0,1.38,1860000000.0,1.272,37.363998,660000000.0,0.56,9.09,52.40,1410000.0,3.2,0.90,1700000.0,underperform
4066,2004-11-30 09:25:26,1101824726.0,cinf,27.61,7.28,1173.819946,6.45,0.8300000000000001,0.079,14.64,2.14,1.23,14.81,19.90,3.35,8.56,20.656,7530000000.0,7690000000.0,14.49,1.58,2.19,N/A,2.19,3180000000.0,N/A,520000000.0,3.059,57.10,8.30,311000000.0,1.85,478000000.0,N/A,36.214001,896000000.0,0.406,11.69,53.03,2770000.0,5.594,1.87,1560000.0,outperform
4067,2012-09-19 07:29:15,1348054155.0,cinf,36.22,25.12,1461.050049,17.88,7.240000000000002,18.18,23.65,1.65,1.25,6.99,10.12,1.55,5.35,24.05,7100000000.0,7100000000.0,24.71,5.35,1.82,16.28,1.82,243000000.0,16.28,273000000.0,1.67,N/A,4.60,263000000.0,1.62,935000000.0,1.22,31.75,508000000.0,0.70,9.12,63.00,8000000.0,12.80,5.40,7890000.0,outperform
4068,2005-03-13 06:40:23,1110714023.0,cinf,28.38,4.3,1209.25,6.19,-1.8900000000000006,0.127,13.17,2.11,1.22,16.16,22.14,3.71,9.47,21.288,7580000000.0,8060000000.000001,14.13,1.45,2.23,N/A,2.23,3180000000.0,N/A,584000000.0,3.45,57.10,8.30,306000000.0,1.83,791000000.0,N/A,37.418999,896000000.0,0.452,11.98,59.70,1790000.0,4.766,1.22,1980000.0,underperform
4069,2009-12-26 08:17:46,1261833466.0,life,51.82,7.26,1120.589966,12.15,-4.890000000000001,N/A,064.69,3.13,2.42,0.27,15.72,4.67,0.28,18.303,12020000000.0,12020000000.0,N/A,1.54,4.08,14.693,4.08,940750000.0,14.693,7870000.0,0.05,119.10,121.40,528280000.0,2.962,3250000000.0,1.3,21.448,582260000.0,0.88,0.20,97.60,8690000.0,6.4,5.40,8950000.0,underperform
4070,2005-08-18 07:51:27,1124365887.0,life,41.72,-29.41,1219.02002,6.83,-36.24,3.472,33.27,3.29,4.31,10.28,14.93,10.62,14.71,10.157,459920000.0,431190000.0,N/A,1.81,3.08,12.805,3.08,N/A,12.805,14380000.0,1.00,30.80,17.10,36700000.0,2.604,3.472,3.472,7.706,27910000.0,N/A,11.98,69.50,9.3,9.3,4.00,N/A,underperform
4071,2009-01-06 20:36:49,1231292209.0,life,25.29,107.28,934.7000119999999,21.66,85.62,0.625,13.70,1.62,1.25,12.66,19.48,5.21,9.97,15.297,2320000000.0,2770000000.0,N/A,0.64,1.96,7.202,1.96,715890000.0,7.202,177320000.0,1.83,18.60,14.80,673080000.0,7.288,1150000000.0,4.711,19.931999,333100000.0,1.18,0.13,62.90,6450000.0,2.3,7.00,24800000.0,outperform
4072,2013-05-23 17:08:07,1369343287.0,life,73.94,,1650.51001,15.15,,51.15,31.32,3.34,2.71,10.97,20.89,5.83,8.92,21.99,14770000000.0,14770000000.0,15.87,1.75,3.87,12.33,3.87,2130000000.0,12.33,419410000.0,2.36,8.60,2.50,277880000.0,1.62,2400000000.0,1.56,27.34,808790000.0,1.28,0.43,98.60,2060000.0,0.30,1.20,2610000.0,underperform
4073,2006-01-03 12:39:11,1136309951.0,life,33.17,-14.56,1268.800049,11.65,-26.21,3.471,30.32,3.55,4.45,12.05,15.01,10.53,16.94,10.494,516890000.0,481180000.0,N/A,2.15,3.31,13.846,3.31,72080000.0,13.846,17530000.0,1.21,97.40,16.70,35710000.0,2.526,3.471,3.471,8.217,26670000.0,N/A,11.88,69.50,7.8,7.8,4.00,N/A,underperform
4074,2005-05-11 00:38:47,1115786327.0,life,38.48,-14.6,1171.109985,11.51,-26.11,4.243,N/A,N/A,4.57,N/A,N/A,0.00,0.00,N/A,455810000.0,417680000.0,27.49,1.96,N/A,N/A,N/A,N/A,N/A,0.00,0.00,N/A,N/A,47890000.0,3.44,4.243,4.243,7.306,N/A,0.106,11.73,71.42,N/A,5.915,2.84,N/A,underperform
4075,2008-12-05 05:35:57,1228473357.0,aci,11.32,66.61,876.070007,26.62,39.989999999999995,0.767,4.62,0.68,1.13,12.88,15.31,7.47,23.40,20.178,1700000000.0,3000000000.0,N/A,0.19,1.04,4.123,1.04,525360000.0,4.123,373300000.0,2.58,258.70,28.40,41070000.0,0.288,1340000000.0,0.975,12.251,574520000.0,2.14,2.04,86.50,7870000.0,1.1,5.60,9320000.0,outperform
4076,2005-01-24 04:33:07,1106559187.0,aci,15.18,152.37,1163.75,8.86,143.51,1.18,18.54,1.18,2.61,6.39,3.09,4.59,14.46,31.053,2150000000.0,3110000000.0,15.69,7.47,1.72,51.51,1.72,139480000.0,51.51,108610000.0,1.862,N/A,1.50,10380000.0,0.17,968700000.0,1.22,13.171,87910000.0,0.107,1.03,88.01,5490000.0,4.591,8.90,4770000.0,outperform
4077,2005-02-05 03:36:51,1107592611.0,aci,16.84,121.32,1193.189941,6.51,114.80999999999999,1.18,20.62,1.33,2.92,6.39,3.09,4.59,14.46,31.053,2390000000.0,3360000000.0,17.30,N/A,1.85,55.62,1.85,139480000.0,55.62,108610000.0,1.86,N/A,1.50,10380000.0,0.17,968700000.0,1.22,13.171,87910000.0,0.107,1.03,86.61,7010000.0,7.427,11.36,5490000.0,outperform
4078,2008-06-05 02:23:56,1212647036.0,aci,63.06,-73.39,1404.050049,-33.04,-40.35,0.899,42.87,3.98,6.26,8.95,10.80,4.67,15.15,17.793,9730000000.0,11540000000.0,N/A,1.51,4.54,21.691,4.54,525360000.0,21.691,227130000.0,1.58,182.50,22.40,13230000.0,0.092,1450000000.0,0.828,11.199,381350000.0,1.57,0.93,96.50,13740000.0,3.1,9.60,11700000.0,underperform
4079,2013-04-23 05:25:15,1366709115.0,aci,4.47,0.22,1578.780029,18.79,-18.57,179.32,N/A,0.25,0.36,16.74,3.84,0.97,21.22,19.33,5120000000.0,5120000000.0,N/A,0.81,1.25,7.78,1.25,721020000.0,7.78,683960000.0,3.24,N/A,27.10,1020000000.0,4.80,5120000000.0,3.32,13.45,332800000.0,2.15,0.56,73.10,29930000.0,3.00,14.30,30490000.0,underperform
4080,2007-03-11 21:41:07,1173663667.0,aci,26.55,50.21,1401.890015,-9.17,59.38,0.86,16.69,1.71,3.12,10.44,11.38,5.76,20.47,17.514,4280000000.0000005,5450000000.0,N/A,1.51,2.18,10.866,2.18,334770000.0,10.866,260550000.0,1.80,770.10,0.20,2520000.0,0.018,1170000000.0,1.105,9.605,308100000.0,0.69,0.50,92.70,12440000.0,3.3,8.80,12670000.0,outperform
4081,2003-12-15 23:12:24,1071547944.0,aci,13.42,12.89,1068.040039,12.67,0.22000000000000064,1.074,N/A,1.06,2.46,0.17,0.72,0.11,1.20,28.805,1620000000.0,2180000000.0,27.16,N/A,1.44,71.5,1.44,121600000.0,71.5,7310000.0,0.142,135.50,3.10,125550000.0,2.38,700140000.0,1.525,12.38,N/A,0.116,8.08,90.96,3600000.0,7.22,7.44,3460000.0,outperform
4082,2013-04-25 06:05:53,1366884353.0,aci,4.72,-6.57,1585.160034,17.55,-24.12,179.32,N/A,0.24,0.34,16.74,3.84,0.97,21.22,19.33,5120000000.0,5120000000.0,N/A,0.75,1.25,7.78,1.25,721020000.0,7.78,683960000.0,3.24,N/A,27.10,1020000000.0,4.80,5120000000.0,3.32,13.45,332800000.0,2.15,0.56,73.10,29930000.0,3.00,14.30,30490000.0,underperform
4083,2012-07-26 21:31:10,1343352670.0,aci,5.07,-19.13,1360.02002,24.38,-43.51,113.56,12.20,0.25,0.32,1.96,9.44,3.49,3.00,22.00,5080000000.0,5080000000.0,N/A,2.08,1.14,5.64,1.14,1020000000.0,5.64,87290000.0,0.43,97.80,19.10,117770000.0,0.56,4070000000.0000005,1.55,16.83,611090000.0,2.26,0.55,79.90,50360000.0,3.90,31.00,43060000.0,underperform
4084,2009-08-01 05:52:40,1249120360.0,aci,15.36,35.61,975.150024,12.96,22.65,N/A,14.22,0.91,1.43,6.42,8.28,3.55,10.10,19.112,3870000000.0,3870000000.0,N/A,5.42,1.42,7.506,1.42,799880000.0,7.506,175640000.0,1.22,N/A,29.40,50560000.0,0.354,1440000000.0,1.142,12.258,503810000.0,1.66,0.76,82.00,19030000.0,13.30,13.30,17320000.0,outperform
4085,2008-03-02 17:50:27,1204498227.0,aci,48.22,-77.46,1367.680054,-48.76,-28.699999999999996,0.851,42.12,3.20,5.05,7.25,9.51,4.15,12.08,16.936,7300000000.0,8600000000.0,N/A,1.31,3.56,18.229,3.56,590610000.0,18.229,174710000.0,1.21,2.20,4.20,5080000.0,0.036,1300000000.0,0.936,10.719,330810000.0,1.5,5.95,93.40,12580000.0,4.5,8.90,12860000.0,underperform
4086,2011-08-18 01:16:41,1313644601.0,aci,16.77,-59.69,1140.650024,24.33,-84.02,118.77,20.59,1.23,1.20,4.62,12.59,3.65,5.69,21.08,8400000000.0,8400000000.0,5.24,0.38,2.41,10.08,2.41,790460000.0,10.08,161180000.0,0.96,83.30,28.90,82350000.0,0.39,4200000000.0,1.24,16.73,8400000000.0,1.83,0.73,89.30,6310000.0,1.10,5.00,7820000.0,underperform
4087,2012-11-04 10:32:06,1352043126.0,aci,8.22,-44.04,1427.589966,23.84,-67.88,144.73,N/A,0.41,0.57,7.19,4.85,1.35,9.45,20.86,5680000000.0,5680000000.0,N/A,6.80,1.29,19.43,1.29,1020000000.0,19.43,317650000.0,1.50,140.10,9.30,650110000.0,3.07,4580000000.0,2.03,14.93,527270000.0,2.05,4.77,72.20,50550000.0,3.70,31.10,45380000.0,underperform
4088,2005-03-30 06:50:28,1112183428.0,aci,18.47,83.0,1181.410034,10.06,72.94,0.936,22.02,1.35,2.47,5.73,3.92,3.92,11.81,31.153,2580000000.0,3380000000.0,11.96,3.83,1.70,13.83,1.70,438460000.0,13.83,106520000.0,1.87,581.40,33.30,323170000.0,5.15,1010000000.0,1.949,17.375999,146730000.0,0.035,0.67,95.00,7740000.0,4.298,12.42,6890000.0,outperform
4089,2007-04-07 18:52:27,1175986347.0,aci,28.64,42.88,1439.369995,-4.87,47.75,0.86,18.83,1.84,3.37,10.44,11.38,5.76,20.47,17.514,4830000000.0,6000000000.0,N/A,1.51,2.40,11.959,2.40,590610000.0,11.959,260550000.0,1.80,770.10,0.20,2520000.0,0.018,1170000000.0,1.105,9.605,308100000.0,0.78,0.50,92.50,13960000.0,4.4,9.90,12440000.0,outperform
4090,2006-05-24 04:17:01,1148458621.0,aci,39.7,-9.6,1258.569946,19.78,-29.380000000000003,0.854,79.43,2.55,5.29,3.63,4.14,2.07,7.91,19.326,6630000000.0,7480000000.0,N/A,0.75,2.94,22.789,2.94,334770000.0,22.789,78390000.0,0.58,823.00,5.70,40280000.0,0.282,1040000000.0,1.091,8.553,219160000.0,1.58,0.71,48.90,13160000.0,4.2,9.30,13650000.0,underperform
4091,2008-10-08 20:51:28,1223513488.0,aci,22.45,-4.59,984.9400019999999,8.18,-12.77,0.772,11.99,1.29,2.03,11.10,14.52,6.67,19.22,19.039,3630000000.0,4850000000.0,N/A,0.23,1.78,7.265,1.78,525360000.0,7.265,302580000.0,2.09,200.90,31.10,1160000.0,0.008,1330000000.0,0.945,11.971,497060000.0,1.74,7.11,88.30,10580000.0,7.40,7.40,11350000.0,underperform
4092,2007-03-07 02:53:36,1173254016.0,aep,31.86,-5.62,1391.969971,-6.3,0.6799999999999997,1.342,26.68,1.40,1.83,5.36,15.32,3.32,9.80,31.84,17930000000.0,29920000000.0,N/A,3.10,2.39,8.875,2.39,3930000000.0,8.875,907000000.0,1.70,31.50,8.00,446000000.0,1.127,12790000000.0,0.567,24.146,2390000000.0,0.47,0.10,69.60,4870000.0,2.6,1.20,5500000.0,outperform
4093,2011-11-13 10:16:12,1321197372.0,aep,34.21,11.31,1239.699951,11.32,-0.009999999999999787,120.73,10.51,1.24,1.28,11.98,19.96,3.73,10.83,31.37,36290000000.0,36290000000.0,12.31,3.09,2.40,7.54,2.40,8260000000.0,7.54,1540000000.0,3.76,67.20,6.60,622000000.0,1.29,17760000000.0,0.77,30.34,36290000000.0,0.41,0.08,68.30,6270000.0,1.80,N/A,5970000.0,underperform
4094,2007-04-10 20:12:53,1176250373.0,aep,34.83,-10.13,1448.390015,-6.48,-3.6500000000000004,1.457,19.53,1.56,2.09,7.94,16.68,3.63,10.72,32.018,19570000000.0,32710000000.0,N/A,3.36,2.59,8.909,2.59,7950000000.0,8.909,992000000.0,2.53,N/A,2.90,726000000.0,1.83,13720000000.0,0.658,23.726999,2730000000.0,0.42,0.10,69.20,6130000.0,3.3,1.50,4870000.0,underperform
4095,2005-04-04 22:37:45,1112668665.0,aep,22.14,5.19,1176.119995,11.04,-5.849999999999999,1.435,11.93,0.96,1.59,8.02,16.31,3.24,13.42,35.497,13460000000.0,25190000000.0,13.27,4.03,1.79,7.01,1.79,7610000000.0,7.01,1130000000.0,2.85,890.00,3.40,708000000.0,1.79,12310000000.0,0.803,21.51,2600000000.0,0.383,0.76,65.52,19500000.0,11.574,4.96,7040000.0,underperform
4096,2004-10-10 13:54:05,1097430845.0,aep,20.58,22.69,1130.650024,5.01,17.68,1.739,26.03,0.91,1.58,3.51,11.41,1.36,6.02,35.491,12810000000.0,25860000000.0,13.55,4.00,1.84,8.93,1.84,7940000000.0,8.93,492000000.0,1.244,N/A,0.10,1070000000.0000001,2.69,14060000000.0,0.757,20.429001,2770000000.0,0.369,0.52,66.46,7970000.0,8.962,2.02,8420000.0,outperform
4097,2004-08-03 23:58:46,1091591926.0,aep,20.0,28.1,1099.689941,13.22,14.88,1.754,24.04,0.88,1.54,3.69,11.42,1.43,6.30,35.721,12520000000.0,25390000000.0,13.24,3.38,1.80,8.71,1.80,7940000000.0,8.71,520000000.0,1.316,N/A,0.10,1250000000.0,3.17,14150000000.0,0.765,20.4,2430000000.0,0.386,0.52,63.42,9540000.0,9.799,2.42,9720000.0,outperform
4098,2011-04-08 04:53:43,1302252823.0,aep,29.95,14.82,1328.170044,5.33,9.49,136.63,14.02,1.19,1.26,8.39,20.49,3.74,9.04,30.10,35310000000.0,35310000000.0,10.91,2.81,2.45,7.46,2.45,8260000000.0,7.46,1210000000.0,2.53,26.10,4.60,485000000.0,1.01,18690000000.0,0.77,28.33,35310000000.0,0.55,0.08,68.30,4840000.0,1.80,1.00,4120000.0,outperform
4099,2008-01-23 20:30:47,1201138247.0,aep,32.02,-24.89,1338.599976,-38.18,13.29,1.55,16.84,1.30,1.72,7.94,17.66,3.81,11.44,32.909,17530000000.0,32020000000.000004,N/A,2.39,2.45,8.214,2.45,7950000000.0,8.214,1110000000.0,2.602,53.60,5.40,405000000.0,1.012,15360000000.0,0.634,24.783001,2170000000.0,0.38,0.10,69.70,2940000.0,1.6,0.70,4110000.0000000005,outperform
4100,2013-04-25 05:13:54,1366881234.0,aep,47.33,9.61,1585.160034,17.55,-7.940000000000001,126.19,19.59,1.65,1.61,8.42,20.01,3.51,8.44,30.84,43520000000.0,43520000000.0,15.33,4.29,2.91,8.87,2.91,8550000000.000001,8.87,1260000000.0,2.60,93.20,4.90,362000000.0,0.75,19230000000.0,0.67,31.37,3800000000.0,0.34,0.08,62.80,4370000.0,2.00,0.90,5180000.0,underperform
4101,2012-07-27 00:36:41,1343363801.0,aep,38.28,14.05,1385.969971,21.64,-7.59,123.75,10.25,1.33,1.34,13.17,18.94,3.44,11.20,31.09,38040000000.0,38040000000.0,13.40,4.01,2.53,8.17,2.53,8270000000.0,8.17,1600000000.0,4.09,10.20,2.80,366000000.0,0.76,18380000000.0,0.66,30.69,3830000000.0,0.36,0.08,61.90,7360000.0,2.50,1.50,5780000.0,underperform
4102,2004-12-14 04:46:27,1103017587.0,chrw,23.15,35.55,1203.380005,5.76,29.79,1.93,36.40,1.11,7.68,3.13,5.08,13.67,23.69,47.306,4600000000.0,4310000000.0,29.97,2.27,1.05,19.64,1.05,544850000.0,19.64,128130000.0,1.482,18.50,9.70,233740000.0,2.74,1.93,1.93,6.926,96740000.0,0.19,9.52,69.17,3640000.0,4.314,4.72,3520000.0,outperform
4103,2006-10-23 13:13:35,1161623615.0,chrw,36.54,23.15,1377.02002,10.35,12.799999999999999,N/A,32.12,1.20,8.58,3.78,5.93,17.03,29.89,36.758,7540000000.0,6690000000.0,N/A,1.87,1.07,16.691,1.07,879750000.0,16.691,236940000.0,1.35,35.00,21.10,362560000.0,2.091,N/A,1.81,5.065,267200000.0,0.91,6.62,74.10,6540000.0,6.2,4.00,6260000.0,outperform
4104,2009-11-01 06:16:21,1257074181.0,chrw,50.83,26.91,1066.109985,11.09,15.82,N/A,25.90,1.26,8.45,4.81,7.77,19.41,32.63,44.757,8830000000.0,8830000000.0,N/A,1.93,1.17,14.36,1.17,1370000000.0,14.36,361980000.0,2.13,2.00,15.60,388190000.0,2.322,N/A,1.88,6.688,514620000.0,0.84,0.88,79.50,9200000.0,5.60,5.60,9020000.0,outperform
4105,2008-02-06 00:10:27,1202274627.0,chrw,47.19,-9.18,1326.449951,-36.23,27.049999999999997,N/A,29.39,1.27,8.92,4.43,6.97,18.50,32.66,42.912,9290000000.0,8850000000.0,N/A,1.43,1.21,16.474,1.21,1080000000.0,16.474,324260000.0,1.86,18.70,18.80,454730000.0,2.681,N/A,1.834,6.146,308430000.0,0.91,0.94,72.90,6310000.0,5.5,3.80,6600000.0,outperform
4106,2006-05-24 20:52:43,1148518363.0,chrw,38.26,14.9,1258.569946,19.78,-4.880000000000001,N/A,35.83,1.30,9.25,3.68,5.88,17.24,29.11,35.056,7820000000.0,7430000000.0,N/A,2.07,1.24,19.737,1.24,879750000.0,19.737,219700000.0,1.26,39.10,23.40,380650000.0,2.191,N/A,1.898,4.844,261570000.0,0.96,6.61,71.10,6300000.0,3.90,3.90,5730000.0,underperform
4107,2005-02-27 18:27:50,1109546870.0,chrw,22.82,68.49,1200.199951,7.83,60.66,1.868,34.59,1.07,7.38,3.16,5.13,14.00,24.20,50.149,4680000000.0,4390000000.0,25.74,1.97,1.01,18.71,1.01,544850000.0,18.71,137250000.0,1.59,18.50,9.70,288080000.0,3.38,1.868,1.868,7.344,96740000.0,0.152,9.52,72.46,3490000.0,5.578,4.52,2890000.0,outperform
4108,2005-03-06 15:37:10,1110141430.0,chrw,22.7,67.67,1210.469971,5.6,62.07,1.868,34.23,1.06,7.34,3.16,5.13,14.00,24.20,50.149,4630000000.0,4340000000.0,25.47,1.95,1.00,18.51,1.00,544850000.0,18.51,137250000.0,1.59,18.50,9.70,288080000.0,3.38,1.868,1.868,7.344,96740000.0,0.152,9.52,70.60,3420000.0,5.429,4.42,3490000.0,outperform
4109,2013-04-23 04:17:59,1366705079.0,chrw,55.36,3.03,1578.780029,18.79,-15.76,16.86,15.53,0.80,6.04,5.23,6.44,18.51,43.14,70.31,9120000000.0,9120000000.0,16.43,1.48,0.80,11.84,0.80,1720000000.0,11.84,593800000.0,3.67,134.80,15.70,210020000.0,1.30,253650000.0,1.36,9.32,460340000.0,0.60,0.74,78.30,5350000.0,3.20,3.40,5310000.0,underperform
4110,2007-02-18 20:15:35,1171847735.0,chrw,45.12,,1456.810059,-7.33,,N/A,34.52,1.40,9.63,4.07,6.37,17.26,30.97,38.365,9180000000.0,8710000000.0,N/A,1.94,1.33,19.708,1.33,879750000.0,19.708,266920000.00000003,1.53,23.50,3.70,473360000.0,2.718,N/A,1.829,5.452,343380000.0,1.22,6.04,72.10,8300000.000000001,5.10,5.10,9560000.0,underperform
4111,2004-06-22 03:08:42,1087888122.0,chrw,18.15,34.38,1134.410034,7.01,27.370000000000005,1.913,31.59,0.98,6.78,3.11,5.00,13.38,23.61,43.395,3640000000.0,3440000000.0,25.50,1.98,0.92,17.38,0.92,544850000.0,17.38,116360000.0,1.348,18.50,9.70,229480000.0,2.69,1.913,1.913,6.342,111690000.0,0.18,11.39,65.88,3560000.0,6.947,4.71,2830000.0,outperform
4112,2004-10-14 00:45:27,1097729127.0,chrw,19.39,35.89,1103.290039,7.55,28.34,1.905,33.17,1.02,7.03,3.08,4.98,13.26,23.19,44.982,3920000000.0,3740000000.0,27.18,2.12,0.96,18.29,0.96,544850000.0,18.29,119690000.0,1.385,18.50,9.70,223040000.0,2.61,1.905,1.905,6.602,85170000.0,0.16,9.48,68.08,3520000.0,8.064,4.56,3240000.0,outperform
4113,2013-05-10 00:28:28,1368160108.0,chrw,54.97,4.75,1633.699951,14.97,-10.22,16.86,15.26,0.81,6.14,5.23,6.44,18.51,43.14,70.31,9780000000.0,9780000000.0,16.14,1.56,0.86,12.71,0.86,1720000000.0,12.71,593800000.0,3.67,134.80,15.70,210020000.0,1.30,253650000.0,1.36,9.32,460340000.0,0.59,0.74,78.30,5460000.0,3.80,3.50,5350000.0,underperform
4114,2013-02-06 17:49:15,1360190955.0,chrw,57.99,-11.11,1512.119995,17.28,-28.39,N/A,21.99,0.99,8.37,4.08,6.46,20.00,34.91,67.60,10530000000.0,10530000000.0,19.08,2.05,0.96,14.18,0.96,1630000000.0,14.18,446630000.0,2.75,1.70,6.90,272950000.0,1.69,0.00,1.84,8.01,403310000.0,0.58,0.66,78.90,5290000.0,4.10,3.30,5940000.0,underperform
4115,2010-02-12 03:07:12,1265962032.0,chrw,47.09,44.72,1075.51001,22.81,21.91,N/A,24.89,1.14,7.98,4.76,7.72,20.03,33.00,45.184,8230000000.0,8230000000.0,N/A,1.57,1.09,13.38,1.09,1370000000.0,13.38,360830000.0,2.13,1.30,2.70,385620000.0,2.319,N/A,1.786,6.495,372570000.0,0.79,0.87,78.00,7570000.0,6.1,4.50,7950000.0,outperform
4116,2003-11-11 01:01:33,1068530493.0,chrw,17.07,34.09,1046.569946,11.12,22.970000000000006,N/A,32.63,1.00,7.13,3.10,5.01,13.49,24.35,40.877,3500000000.0,3270000000.0,27.17,2.05,0.93,17.45,0.93,483780000.0,17.45,109020000.0,1.268,14.70,6.60,224520000.0,2.65,N/A,1.857,5.79,N/A,0.276,11.46,61.89,1690000.0,4.244,2.26,1590000.0,outperform
4117,2012-10-25 02:10:43,1351145443.0,rdc,33.13,9.93,1412.969971,24.54,-14.61,33.60,12.08,3.47,0.93,28.29,17.25,1.88,3.92,9.66,4970000000.0,4970000000.0,10.10,0.70,4.16,11.52,4.16,431160000.0,11.52,170890000.0,2.71,89.40,57.10,665640000.0,5.36,1490000000.0,3.28,35.76,111590000.0,1.75,0.49,80.90,3900000.0,2.50,3.20,4980000.0,underperform
4118,2013-05-07 10:15:11,1367936111.0,rdc,34.31,-8.63,1625.959961,15.51,-24.14,43.63,21.26,2.92,0.92,13.71,20.47,2.59,4.80,11.81,5230000000.0,5230000000.0,9.11,0.62,3.60,9.49,3.60,640430000.0,9.49,215900000.0,1.61,37.50,18.20,1020000000.0,8.21,2009999999.9999998,6.53,37.09,433710000.0,1.75,0.45,78.40,2610000.0,2.50,2.10,2750000.0,underperform
4119,2007-07-18 09:23:49,1184765029.0,rdc,42.33,-5.01,1546.170044,-18.49,13.479999999999999,0.273,13.80,2.82,2.42,20.65,28.53,9.27,19.07,15.154,4720000000.0,4920000000.0,N/A,0.41,2.94,8.377,2.94,626850000.0,8.377,344230000.0,3.09,46.10,54.20,420220000.0,3.798,531620000.0,2.369,17.645,404380000.0,1.83,1.20,76.30,9270000.0,3.4,8.40,9670000.0,outperform
4120,2004-11-11 09:56:35,1100184995.0,rdc,22.98,39.03,1173.47998,5.22,33.81,0.45,467.14,3.19,1.80,0.12,2.02,0.04,0.07,7.686,2590000000.0,2940000000.0,24.52,13.41,3.71,26.39,3.71,114340000.0,26.39,0.007,0.007,109.00,10.00,292980000.0,2.74,637300000.0,4.47,13.109,77320000.0,1.422,13.02,92.68,7620000.0,4.459,8.20,9090000.0,outperform
4121,2013-02-03 03:25:11,1359879911.0,rdc,34.36,-8.96,1498.109985,16.27,-25.23,31.11,25.52,3.26,0.96,13.07,18.15,2.17,3.74,10.67,5430000000.0,5430000000.0,14.51,0.48,4.13,11.39,4.13,431160000.0,11.39,165880000.0,1.38,85.80,50.80,328290000.0,2.64,1390000000.0,3.47,36.06,156170000.0,1.84,0.49,80.90,3480000.0,2.60,2.80,3410000.0,underperform
4122,2008-04-28 00:33:52,1209357232.0,rdc,39.48,-61.35,1396.369995,-38.76,-22.590000000000003,0.207,9.40,2.12,1.89,23.09,33.10,11.86,22.92,18.884,4510000000.0,4710000000.0,N/A,0.58,2.25,5.797,2.25,907070000.0,5.797,483800000.0,4.31,N/A,N/A,284460000.0,2.555,485400000.0,2.629,21.107,432540000.0,1.51,20.17,68.00,12570000.0,3.2,11.30,14090000.0,underperform
4123,2003-11-17 22:46:35,1069127195.0,rdc,22.21,2.21,1043.630005,12.63,-10.420000000000002,0.536,N/A,3.57,1.99,2.39,1.61,0.72,1.33,6.69,2180000000.0,2800000000.0,31.51,N/A,4.44,38.05,4.44,90280000.0,38.05,15040000.0,0.164,12.10,15.60,50010000.0,0.53,604920000.0,3.027,12.02,N/A,1.262,12.95,95.00,9540000.0,7.96,11.67,9150000.0,underperform
4124,2013-04-22 02:10:03,1366611003.0,rdc,31.3,-2.52,1562.5,20.29,-22.81,44.35,21.44,2.79,0.86,12.97,19.50,2.37,4.59,11.32,4870000000.0,4870000000.0,7.99,0.62,3.50,9.37,3.50,640430000.0,9.37,203300000.0,1.46,19.90,28.80,1020000000.0,8.24,2009999999.9999998,5.28,36.48,393710000.0,1.77,0.45,78.40,2750000.0,2.50,2.20,3230000.0,underperform
4125,2005-03-30 13:55:17,1112208917.0,rdc,27.73,56.47,1181.410034,10.06,46.41,0.454,114.92,4.34,2.17,3.72,8.00,1.08,1.88,6.7,3080000000.0,3250000000.0,16.96,1.35,4.59,24.18,4.59,114340000.0,24.18,26370000.0,0.25,109.00,10.00,465980000.0,4.31,639270000.0,3.47,13.117,85060000.0,1.351,3.99,89.90,6580000.0,3.338,6.34,7550000.0,outperform
4126,2012-08-19 04:16:01,1345364161.0,rdc,35.75,-2.18,1415.51001,16.29,-18.47,33.60,13.26,3.71,1.00,28.30,17.80,1.94,3.92,9.69,5260000000.0,5260000000.0,9.92,0.75,4.41,12.02,4.41,431160000.0,12.02,170940000.0,2.71,89.40,57.00,665600000.0,5.39,1490000000.0,3.28,35.95,111580000.0,1.76,0.27,91.20,4010000.0,2.20,3.30,4770000.0,underperform
4127,2007-05-28 00:29:09,1180326549.0,rdc,,,1515.72998,-8.6,,0.273,12.44,2.48,2.13,20.65,28.53,9.27,19.07,15.154,4260000000.0,4370000000.0,N/A,0.32,2.61,7.438,2.61,626850000.0,7.438,344230000.0,3.09,46.10,54.20,420220000.0,3.798,531620000.0,2.369,17.645,404380000.0,1.96,1.20,76.00,7250000.0,2.4,6.60,6430000.0,underperform
4128,2007-03-08 11:42:04,1173372124.0,rdc,29.73,31.99,1401.890015,-7.74,39.73,0.294,10.83,2.26,1.82,21.07,30.21,9.14,18.15,13.699,3410000000.0,3700000000.0,N/A,0.23,2.45,6.62,2.45,420500000.0,6.62,316980000.0,2.85,10.20,29.50,258040000.00000003,2.335,550330000.0,2.134,16.966,292070000.0,1.81,1.21,79.10,5380000.0,1.9,4.90,6110000.0,outperform
4129,2007-07-15 18:29:01,1184538541.0,rdc,43.16,-0.6,1547.699951,-20.64,20.04,0.273,14.25,2.92,2.50,20.65,28.53,9.27,19.07,15.154,4870000000.0,4990000000.0,N/A,0.41,2.98,8.49,2.98,626850000.0,8.49,344230000.0,3.09,46.10,54.20,420220000.0,3.798,531620000.0,2.369,17.645,404380000.0,1.83,1.20,76.30,9270000.0,3.4,8.40,9670000.0,outperform
4130,2012-11-05 07:45:47,1352119547.0,rdc,32.47,11.3,1417.26001,24.39,-13.09,31.11,23.52,3.06,0.90,13.07,17.73,2.12,3.74,10.69,5130000000.0,5130000000.0,11.62,0.72,3.91,10.90,3.91,431160000.0,10.90,165840000.0,1.38,85.80,50.80,328300000.0,2.62,1390000000.0,3.47,35.70,156180000.0,1.78,0.49,80.90,4300000.0,2.80,3.50,3900000.0,underperform
4131,2009-11-10 06:22:32,1257852152.0,rdc,26.32,20.74,1093.01001,11.5,9.239999999999998,N/A,7.57,1.46,0.98,20.22,28.47,7.46,14.16,17.598,3230000000.0,3230000000.0,N/A,1.07,1.63,4.428,1.63,958130000.0,4.428,401030000.0,3.54,31.30,25.40,681100000.0,5.98,866100000.0,3.355,26.094,669870000.0,1.52,4.24,84.00,10220000.0,3.2,9.10,9680000.0,outperform
4132,2004-11-23 09:52:45,1101221565.0,cof,71.33,6.52,1176.939941,7.53,-1.0100000000000007,N/A,11.93,4.07,2.38,34.80,N/A,3.35,23.94,18.886,18980000000.0,33990000000.000004,11.24,0.81,7.34,N/A,7.34,8890000000.0,N/A,1610000000.0,6.553,26.30,1.40,454840000.0,1.87,15460000000.0,N/A,32.672001,3970000000.0,1.565,0.46,81.95,9980000.0,5.626,4.13,9210000.0,underperform
4133,2007-01-16 02:22:34,1168932154.0,cof,68.58,-42.77,1431.900024,-4.1,-38.67,N/A,10.17,2.31,1.39,22.95,51.49,2.97,16.63,34.024,23470000000.0,44190000000.0,N/A,0.76,4.40,N/A,4.40,10910000000.0,N/A,2300000000.0,7.571,19.70,23.20,5600000000.0,18.374,26320000000.0,N/A,54.782001,4380000000.0,1.26,1.46,85.80,7030000.0,2.4,2.30,17430000.0,underperform
4134,2009-02-17 02:52:16,1234857136.0,cof,9.69,266.05,789.169983,39.32,226.73000000000002,N/A,N/A,0.54,0.20,0.52,17.37,0.05,0.33,23.453,4710000000.0,20400000000.0,N/A,2.73,2.32,N/A,2.32,16230000000.0,N/A,51790000.0,0.21,N/A,59.00,7490000000.0,19.248,23180000000.0,N/A,60.421001,N/A,1.31,1.31,100.50,39260000.0,2.4,10.10,43950000.0,outperform
4135,2012-02-29 06:38:24,1330515504.0,cof,49.15,1.22,1365.680054,10.91,-9.69,N/A,7.41,1.63,0.77,22.61,32.96,1.61,11.58,30.56,56420000000.0,56420000000.0,7.47,1.16,4.05,N/A,4.05,N/A,N/A,3250000000.0,6.80,41.60,2.10,5840000000.0,12.79,39560000000.0,N/A,65.00,N/A,1.84,0.76,94.40,27420000.0,4.20,6.90,28240000.0,underperform
4136,2006-08-18 08:05:20,1155902720.0,cof,66.84,-15.04,1302.300049,8.02,-23.06,1.404,10.01,2.37,1.43,22.82,52.11,3.01,16.78,33.94,22960000000.0,42690000000.0,N/A,0.74,4.41,N/A,4.41,10910000000.0,N/A,2210000000.0,7.50,4.00,16.70,2600000000.0,8.487,22330000000.0,1.405,52.313999,4190000000.0000005,1.21,1.46,82.30,16610000.0,9.4,5.50,13170000.0,underperform
4137,2012-01-28 22:05:11,1327806311.0,cof,44.26,25.12,1326.060059,12.73,12.39,N/A,6.77,1.50,0.70,22.61,32.96,1.61,11.58,30.56,54740000000.0,54740000000.0,6.92,1.08,3.93,N/A,3.93,N/A,N/A,3250000000.0,6.80,41.60,2.10,5840000000.0,12.79,39560000000.0,N/A,65.00,N/A,2.17,0.76,94.40,28240000.0,5.30,7.10,26090000.0,outperform
4138,2004-05-09 17:36:50,1084138610.0,cof,59.63,8.02,1113.98999,5.82,2.1999999999999993,N/A,11.83,3.60,2.33,29.20,N/A,2.98,22.48,18.568,15330000000.0,30490000000.0,9.75,0.73,6.89,N/A,6.89,8890000000.0,N/A,1290000000.0,5.405,26.30,1.40,323350000.0,1.35,15480000000.0,N/A,28.538,2029999999.9999998,1.742,0.90,80.79,14240000.0,7.098,5.99,14610000.0,outperform
4139,2012-01-24 15:35:10,1327437310.0,cof,43.71,25.33,1314.650024,13.7,11.629999999999999,N/A,6.71,1.51,0.71,22.61,32.96,1.61,11.58,30.56,54760000000.0,54760000000.0,6.87,1.07,3.93,N/A,3.93,N/A,N/A,3250000000.0,6.80,41.60,2.10,5840000000.0,12.79,39560000000.0,N/A,65.00,N/A,2.17,0.76,94.40,26090000.0,5.10,6.60,28440000.0,outperform
4140,2006-10-23 12:50:19,1161622219.0,cof,72.81,-23.2,1377.02002,10.35,-33.55,N/A,10.84,2.61,1.55,23.15,51.42,3.01,16.78,33.452,24870000000.0,44420000000.0,N/A,0.81,4.66,N/A,4.66,10910000000.0,N/A,2210000000.0,7.50,4.00,17.70,2600000000.0,8.487,22330000000.0,N/A,52.313999,4190000000.0000005,1.23,1.45,86.90,18030000.0,7.5,6.00,16530000.000000002,underperform
4141,2012-02-26 09:13:22,1330265602.0,cof,47.89,3.4,1363.459961,9.12,-5.719999999999999,N/A,7.25,1.62,0.76,22.61,32.96,1.61,11.58,30.56,56220000000.0,56220000000.0,7.31,1.16,4.04,N/A,4.04,N/A,N/A,3250000000.0,6.80,41.60,2.10,5840000000.0,12.79,39560000000.0,N/A,65.00,N/A,1.84,0.76,94.40,27420000.0,4.20,6.90,28240000.0,underperform
4142,2012-01-29 09:12:38,1327846358.0,cof,44.26,23.25,1318.430054,13.79,9.46,N/A,6.77,1.50,0.70,22.61,32.96,1.61,11.58,30.56,54740000000.0,54740000000.0,6.92,1.08,3.93,N/A,3.93,N/A,N/A,3250000000.0,6.80,41.60,2.10,5840000000.0,12.79,39560000000.0,N/A,65.00,N/A,2.17,0.76,94.40,28240000.0,5.30,7.10,26090000.0,outperform
4143,2011-11-04 15:28:49,1320434929.0,cof,44.74,30.89,1253.22998,12.68,18.21,N/A,6.17,1.54,0.73,25.43,37.46,1.76,12.96,29.69,50900000000.0,50900000000.0,7.64,0.77,3.78,N/A,3.78,N/A,N/A,3500000000.0,7.47,49.80,14.70,8050000000.000001,17.67,38300000000.0,N/A,64.41,50900000000.0,1.81,0.79,88.10,30820000.0,3.60,7.80,29590000.0,outperform
4144,2012-02-10 19:10:08,1328919008.0,cof,46.9,19.36,1342.640015,12.62,6.74,N/A,7.08,1.61,0.76,22.61,32.96,1.61,11.58,30.56,56130000000.0,56130000000.0,7.18,1.15,4.03,N/A,4.03,N/A,N/A,3250000000.0,6.80,41.60,2.10,5840000000.0,12.79,39560000000.0,N/A,65.00,N/A,1.84,0.76,94.40,28240000.0,5.30,7.10,26090000.0,outperform
4145,2008-01-18 12:43:57,1200678237.0,cof,35.77,-33.3,1325.189941,-36.42,3.1200000000000045,N/A,9.13,1.45,0.64,14.59,34.24,2.20,12.83,31.238,17180000000.0,46250000000.0,N/A,0.86,3.89,N/A,3.89,13380000000.0,N/A,2660000000.0,4.50,N/A,21.10,4450000000.0,10.623,33509999999.999996,N/A,64.310997,9200000000.0,1.6,0.87,76.90,18200000.0,2.8,4.40,20610000.0,outperform
4146,2012-11-04 12:51:15,1352051475.0,cof,59.76,14.63,1427.589966,23.84,-9.209999999999999,N/A,10.77,2.35,0.91,20.40,27.58,1.31,9.55,28.45,67920000000.0,67920000000.0,8.71,1.03,4.50,N/A,4.50,N/A,N/A,3260000000.0,5.70,44.90,35.00,5970000000.0,10.32,38380000000.0,N/A,67.13,N/A,1.19,0.74,89.40,7010000.0,1.70,2.00,6380000.0,underperform
4147,2012-03-01 07:23:19,1330604599.0,cof,48.8,3.63,1374.089966,10.49,-6.86,N/A,7.44,1.65,0.77,22.61,32.96,1.61,11.58,30.56,56820000000.0,56820000000.0,7.51,1.19,4.08,N/A,4.08,N/A,N/A,3250000000.0,6.80,41.60,2.10,5840000000.0,12.79,39560000000.0,N/A,65.00,N/A,1.84,0.76,94.40,27100000.0,4.20,N/A,27420000.0,underperform
4148,2013-05-22 22:15:49,1369275349.0,cof,60.3,26.17,1655.349976,14.33,11.840000000000002,N/A,11.47,2.09,0.87,18.40,35.49,1.13,8.62,29.86,64840000000.0,64840000000.0,9.24,1.31,3.75,N/A,3.75,N/A,N/A,3330000000.0,5.37,24.00,23.80,8330000000.0,14.35,37860000000.0,N/A,71.14,10020000000.0,1.16,0.61,89.60,7920000.0,1.70,1.40,9360000.0,outperform
4149,2012-01-28 04:05:43,1327741543.0,cof,44.26,25.12,1326.060059,12.73,12.39,N/A,6.77,1.50,0.70,22.61,32.96,1.61,11.58,30.56,54540000000.0,54540000000.0,6.92,1.07,3.92,N/A,3.92,N/A,N/A,3250000000.0,6.80,41.60,2.10,5840000000.0,12.79,39560000000.0,N/A,65.00,N/A,2.17,0.76,94.40,28240000.0,5.30,7.10,26090000.0,outperform
4150,2012-02-24 12:10:47,1330103447.0,cof,47.88,6.43,1365.73999,10.71,-4.280000000000001,N/A,7.25,1.62,0.76,22.61,32.96,1.61,11.58,30.56,56220000000.0,56220000000.0,7.31,1.14,4.04,N/A,4.04,N/A,N/A,3250000000.0,6.80,41.60,2.10,5840000000.0,12.79,39560000000.0,N/A,65.00,N/A,1.84,0.76,94.40,27420000.0,4.20,6.90,28240000.0,underperform
4151,2012-02-19 19:43:49,1329698629.0,cof,47.88,,1358.040039,11.91,,N/A,7.18,1.62,0.76,22.61,32.96,1.61,11.58,30.56,56010000000.0,56010000000.0,7.28,1.15,4.02,N/A,4.02,N/A,N/A,3250000000.0,6.80,41.60,2.10,5840000000.0,12.79,39560000000.0,N/A,65.00,N/A,1.84,0.76,94.40,27420000.0,4.20,6.90,28240000.0,underperform
4152,2005-12-18 07:53:00,1134910380.0,cof,77.06,-10.04,1270.939941,11.92,-21.96,1.655,12.94,2.88,2.07,21.69,47.13,3.07,18.18,31.893,22860000000.0,36520000000.0,N/A,0.98,4.60,N/A,4.60,9690000000.0,N/A,1720000000.0,6.63,0.20,4.40,4600000000.0,17.263,18270000000.0,1.788,41.397999,3630000000.0,N/A,0.72,84.80,15900000.0,5.7,6.10,13330000.0,underperform
4153,2012-01-27 11:34:21,1327682061.0,cof,44.69,22.58,1316.329956,13.56,9.019999999999998,N/A,6.71,1.50,0.70,22.61,32.96,1.61,11.58,30.56,54540000000.0,54540000000.0,6.86,1.07,3.92,N/A,3.92,N/A,N/A,3250000000.0,6.80,41.60,2.10,5840000000.0,12.79,39560000000.0,N/A,65.00,N/A,2.17,0.76,94.40,28240000.0,5.30,7.10,26090000.0,outperform
4154,2004-02-03 06:00:35,1075806035.0,cof,64.3,9.55,1136.030029,5.03,4.5200000000000005,N/A,14.53,3.76,2.68,26.35,N/A,2.80,21.69,18.656,16510000000.000002,30840000000.0,11.23,0.89,7.06,N/A,7.06,8840000000.0,N/A,1150000000.0,4.921,40.10,33.00,382210000.0,1.66,14810000000.0,N/A,26.53,N/A,1.789,0.70,83.00,16079999.999999998,7.951,7.02,16480000.0,outperform
4155,2012-02-03 01:27:07,1328250427.0,cof,47.84,15.15,1344.900024,11.68,3.4700000000000006,N/A,6.91,1.53,0.72,22.61,32.96,1.61,11.58,30.56,55010000000.0,55010000000.0,7.07,1.09,3.95,N/A,3.95,N/A,N/A,3250000000.0,6.80,41.60,2.10,5840000000.0,12.79,39560000000.0,N/A,65.00,N/A,1.84,0.76,94.40,28240000.0,5.30,7.10,26090000.0,outperform
4156,2007-03-12 17:36:34,1173735394.0,cof,68.59,-38.14,1406.599976,-6.11,-32.03,N/A,10.04,2.97,1.25,22.71,52.25,2.03,12.27,34.344,31390000000.0,60940000000.0,N/A,0.83,5.73,N/A,5.73,13380000000.0,N/A,2410000000.0,7.62,39.40,20.20,4660000000.0,11.351,33979999999.999996,N/A,61.560001,3380000000.0,1.2,0.97,75.60,7870000.0,2.3,1.90,6180000.0,underperform
4157,2005-09-13 21:34:19,1126661659.0,cof,72.38,-5.87,1231.199951,7.06,-12.93,1.574,11.91,2.70,2.04,21.89,47.21,3.22,19.54,32.38,21220000000.0,35060000000.0,N/A,0.88,4.46,N/A,4.46,9690000000.0,N/A,1720000000.0,6.76,30.40,15.10,2590000000.0,9.816,16390000000.0,1.679,39.521,3270000000.0,N/A,0.73,84.80,12650000.0,5.2,4.90,12380000.0,underperform
4158,2004-09-27 13:00:30,1096304430.0,cof,65.92,9.27,1103.52002,10.16,-0.8900000000000006,N/A,12.65,3.94,2.46,31.35,N/A,3.08,22.76,18.617,17780000000.0,33040000000.0,10.99,0.82,7.33,N/A,7.33,8890000000.0,N/A,1410000000.0,5.817,26.30,1.40,346980000.0,1.44,15610000000.0,N/A,29.899,3780000000.0,1.668,0.96,80.16,10740000.0,6.694,4.49,10010000.0,underperform
4159,2004-12-24 22:18:49,1103944729.0,cof,,,1205.449951,4.76,,N/A,12.58,4.33,2.53,34.80,N/A,3.35,23.94,18.886,20010000000.0,35010000000.0,11.84,0.86,7.56,N/A,7.56,8890000000.0,N/A,1610000000.0,6.553,26.30,1.40,454840000.0,1.87,15460000000.0,N/A,32.672001,3970000000.0,1.593,0.46,81.20,9320000.0,6.896,3.86,9980000.0,underperform
4160,2009-02-01 23:54:56,1233550496.0,cof,15.73,124.79,845.1400150000001,28.88,95.91000000000001,N/A,N/A,0.75,0.28,0.52,17.37,0.05,0.33,23.453,6160000000.0,21850000000.0,N/A,2.44,2.49,N/A,2.49,16230000000.0,N/A,51790000.0,0.21,N/A,59.00,7490000000.0,19.248,23180000000.0,N/A,60.421001,N/A,1.31,1.11,100.30,43950000.0,9.1,11.30,44650000.0,outperform
4161,2011-08-17 23:41:53,1313638913.0,cof,43.1,26.96,1193.890015,18.56,8.400000000000002,N/A,5.96,1.51,0.71,25.43,37.46,1.76,12.96,29.69,50550000000.0,50550000000.0,7.37,0.77,3.75,N/A,3.75,N/A,N/A,3500000000.0,7.47,49.80,14.70,8050000000.000001,17.67,38300000000.0,N/A,62.92,50550000000.0,1.83,0.79,88.10,29590000.0,4.20,7.50,12160000.0,outperform
4162,2012-02-09 18:59:20,1328831960.0,cof,47.69,17.07,1351.949951,12.28,4.790000000000001,N/A,7.21,1.59,0.74,22.61,32.96,1.61,11.58,30.56,55800000000.0,55800000000.0,7.31,1.11,4.01,N/A,4.01,N/A,N/A,3250000000.0,6.80,41.60,2.10,5840000000.0,12.79,39560000000.0,N/A,65.00,N/A,1.84,0.76,94.40,28240000.0,5.30,7.10,26090000.0,outperform
4163,2012-02-01 07:47:13,1328100433.0,cof,45.27,21.18,1324.089966,13.14,8.04,N/A,6.73,1.47,0.69,22.61,32.96,1.61,11.58,30.56,54600000000.0,54600000000.0,6.88,1.08,3.92,N/A,3.92,N/A,N/A,3250000000.0,6.80,41.60,2.10,5840000000.0,12.79,39560000000.0,N/A,65.00,N/A,2.17,0.76,94.40,28240000.0,5.30,7.10,26090000.0,outperform
4164,2012-02-04 10:00:33,1328367633.0,cof,45.27,21.18,1324.089966,13.14,8.04,N/A,7.25,1.54,0.72,22.61,32.96,1.61,11.58,30.56,56220000000.0,56220000000.0,7.36,1.16,4.04,N/A,4.04,N/A,N/A,3250000000.0,6.80,41.60,2.10,5840000000.0,12.79,39560000000.0,N/A,65.00,N/A,1.84,0.76,94.40,28240000.0,5.30,7.10,26090000.0,outperform
4165,2012-02-18 23:55:55,1329627355.0,cof,47.77,13.44,1343.22998,13.26,0.17999999999999972,N/A,7.18,1.62,0.76,22.61,32.96,1.61,11.58,30.56,56010000000.0,56010000000.0,7.28,1.15,4.02,N/A,4.02,N/A,N/A,3250000000.0,6.80,41.60,2.10,5840000000.0,12.79,39560000000.0,N/A,65.00,N/A,1.84,0.76,94.40,27420000.0,4.20,6.90,28240000.0,outperform
4166,2005-04-19 16:05:22,1113941122.0,cof,65.95,14.3,1152.780029,13.63,0.6699999999999999,N/A,11.73,3.76,2.14,32.19,N/A,3.07,21.18,19.274,18080000000.0,34220000000.0,9.46,0.81,7.14,N/A,7.14,9690000000.0,N/A,1540000000.0,6.22,35.90,9.30,327520000.0,1.32,16510000000.000002,N/A,33.983002,4530000000.0,1.47,0.51,81.40,9670000.0,3.955,3.93,8500000.0,outperform
4167,2012-02-11 21:23:16,1329013396.0,cof,47.0,18.62,1349.959961,11.81,6.8100000000000005,N/A,7.10,1.61,0.76,22.61,32.96,1.61,11.58,30.56,55760000000.0,55760000000.0,7.21,1.13,4.01,N/A,4.01,N/A,N/A,3250000000.0,6.80,41.60,2.10,5840000000.0,12.79,39560000000.0,N/A,65.00,N/A,1.84,0.76,94.40,27420000.0,4.20,6.90,28240000.0,outperform
4168,2012-03-04 10:49:45,1330876185.0,cof,48.8,6.13,1374.089966,11.0,-4.87,N/A,7.34,1.65,0.77,22.61,32.96,1.61,11.58,30.56,56490000000.0,56490000000.0,7.40,1.18,4.06,N/A,4.06,N/A,N/A,3250000000.0,6.80,41.60,2.10,5840000000.0,12.79,39560000000.0,N/A,65.00,N/A,1.77,0.76,94.40,27100000.0,4.20,N/A,27420000.0,underperform
4169,2012-02-12 20:21:18,1329096078.0,cof,47.69,15.6,1351.949951,12.21,3.389999999999999,N/A,7.10,1.61,0.76,22.61,32.96,1.61,11.58,30.56,55760000000.0,55760000000.0,7.21,1.13,4.01,N/A,4.01,N/A,N/A,3250000000.0,6.80,41.60,2.10,5840000000.0,12.79,39560000000.0,N/A,65.00,N/A,1.84,0.76,94.40,27420000.0,4.20,6.90,28240000.0,outperform
4170,2007-05-02 00:40:22,1178080822.0,cof,66.76,-24.06,1495.920044,-5.79,-18.27,N/A,11.49,2.83,1.18,20.39,50.26,1.85,10.71,32.115,30400000000.0,48870000000.0,N/A,0.87,4.52,N/A,4.52,13380000000.0,N/A,2210000000.0,6.42,23.60,6.50,11430000000.0,27.711,29680000000.0,N/A,63.111,N/A,1.34,0.97,75.40,11830000.0,3.8,2.90,9030000.0,underperform
4171,2011-04-29 02:58:10,1304060290.0,cof,52.93,0.79,1363.609985,1.99,-1.2,N/A,9.19,2.07,0.94,22.37,35.96,1.66,11.48,27.13,60220000000.0,60220000000.0,9.70,1.07,4.91,N/A,4.91,N/A,N/A,3050000000.0,6.01,85.40,23.90,6570000000.0,14.36,41810000000.0,N/A,58.76,60220000000.0,1.84,0.79,88.10,15300000.0,3.40,3.90,13590000.0,underperform
4172,2012-01-04 01:15:02,1325657702.0,cof,43.18,36.59,1277.300049,14.25,22.340000000000003,N/A,5.85,1.39,0.66,24.81,37.02,1.79,12.78,30.48,46040000000.0,46040000000.0,7.18,0.75,3.32,N/A,3.32,N/A,N/A,3540000000.0,7.47,1.20,12.20,8500000000.0,18.64,35260000000.0,N/A,64.41,6040000000.0,2.17,0.79,88.10,28440000.0,5.40,7.20,28390000.0,outperform
4173,2007-05-30 02:12:53,1180505573.0,cof,72.05,-38.33,1530.22998,-8.62,-29.71,N/A,12.43,3.01,1.25,20.26,50.57,1.85,10.71,32.311,33150000000.0,51000000000.0,N/A,0.92,4.68,N/A,4.68,13380000000.0,N/A,2210000000.0,6.42,23.60,9.00,11430000000.0,27.491,29680000000.0,N/A,63.115002,9030000000.0,1.01,0.96,75.40,11830000.0,3.8,2.90,9030000.0,underperform
4174,2005-02-07 17:53:01,1107816781.0,cof,70.52,4.2,1201.719971,4.42,-0.21999999999999975,N/A,12.63,4.13,2.41,32.19,N/A,3.07,21.18,19.274,19080000000.0,35640000000.0,10.19,0.81,7.43,N/A,7.43,8890000000.0,N/A,1540000000.0,6.22,26.30,1.40,327520000.0,1.33,16510000000.000002,N/A,32.672001,3970000000.0,1.623,0.53,78.72,7960000.0,6.905,3.24,9320000.0,underperform
4175,2012-02-06 12:00:11,1328547611.0,cof,46.48,19.73,1344.329956,12.42,7.3100000000000005,N/A,7.25,1.62,0.76,22.61,32.96,1.61,11.58,30.56,56220000000.0,56220000000.0,7.36,1.16,4.04,N/A,4.04,N/A,N/A,3250000000.0,6.80,41.60,2.10,5840000000.0,12.79,39560000000.0,N/A,65.00,N/A,1.84,0.76,94.40,28240000.0,5.30,7.10,26090000.0,outperform
4176,2009-02-08 04:58:39,1234087119.0,prgo,23.27,93.25,845.849976,24.93,68.32,1.101,17.76,1.07,2.66,6.38,11.76,6.73,15.88,22.058,2250000000.0,3000000000.0,N/A,0.70,1.47,9.584,1.47,550960000.0,9.584,130419999.99999999,1.38,27.10,28.90,162170000.0,1.76,909100000.0,2.308,8.963,191250000.0,0.55,0.28,62.90,8650000.0,7.3,10.60,8480000.0,outperform
4177,2010-03-29 07:17:36,1269861456.0,prgo,57.32,32.8,1173.219971,12.46,20.339999999999996,N/A,27.36,2.44,5.23,9.10,15.49,8.24,21.27,23.152,5720000000.0,5720000000.0,N/A,1.15,2.69,14.26,2.69,596000000.0,14.26,193010000.0,2.08,103.60,8.60,304040000.0,3.335,843980000.0,2.267,10.862,381860000.0,0.9,0.12,65.30,3190000.0,N/A,N/A,4420000.0,outperform
4178,2005-03-18 05:17:27,1111141047.0,prgo,18.54,-16.4,1189.650024,9.53,-25.93,0.017,23.81,1.46,2.35,6.42,9.71,7.87,10.99,12.632,1380000000.0,1180000000.0,18.93,1.89,1.28,9.9,1.28,267959999.99999997,9.9,59240000.0,0.81,49.10,8.70,179240000.0,2.5,9760000.0,2.871,8.036,57120000.0,0.723,19.09,84.76,6560000.0,8.612,11.33,5370000.0,underperform
4179,2006-09-10 00:12:06,1157861526.0,prgo,15.25,34.16,1294.02002,12.19,21.97,1.002,21.20,1.08,2.31,5.22,9.79,4.84,11.60,14.717,1490000000.0,2089999999.9999998,N/A,1.49,1.53,10.967,1.53,397740000.0,10.967,71400000.0,0.76,N/A,9.40,45750000.0,0.494,641800000.0,1.769,6.896,126530000.0,0.31,24.73,69.30,6560000.0,13.6,8.60,6430000.0,outperform
4180,2013-05-11 11:15:30,1368285330.0,prgo,117.69,7.57,1632.689941,14.88,-7.3100000000000005,62.50,25.72,3.37,5.22,12.90,19.72,9.83,21.54,36.32,12340000000.0,12340000000.0,18.10,1.76,3.63,15.09,3.63,1100000000.0,15.09,430510000.0,4.65,3.30,18.20,300830000.0,3.20,1390000000.0,2.52,22.42,581870000.0,0.19,1.63,78.10,2750000.0,6.30,3.00,2740000.0,underperform
4181,2013-04-25 00:39:15,1366864755.0,vmc,47.23,35.27,1585.160034,17.55,17.720000000000002,71.18,N/A,2.38,1.62,2.05,2.73,0.54,1.43,19.79,8380000000.000001,8380000000.000001,61.23,33.81,3.27,20.97,3.27,334030000.0,20.97,53930000.0,0.41,N/A,1.00,275480000.0,2.12,2680000000.0,2.26,28.99,238480000.0,1.56,8.12,96.60,4230000.0,7.80,3.30,4310000.0,outperform
4182,2008-01-25 12:36:47,1201282607.0,vmc,62.9,-21.34,1330.609985,-36.85,15.510000000000002,0.204,14.53,2.06,2.95,14.52,20.90,12.02,23.23,34.494,6790000000.0,7230000000.0,N/A,0.98,2.20,7.721,2.20,931990000.0,7.721,489260000.0,4.89,0.20,2.60,31080000.0,0.325,469560000.0,1.803,24.056999,637040000.0,1.3,0.57,84.00,10330000.0,8.9,10.90,11100000.0,outperform
4183,2013-05-25 07:54:59,1369482899.0,vmc,53.67,11.42,1655.349976,14.33,-2.91,71.77,N/A,2.71,1.87,2.15,2.46,0.48,1.57,19.78,9630000000.0,9630000000.0,73.63,111.48,3.75,25.15,3.75,334030000.0,25.15,58490000.0,0.43,N/A,0.40,188080000.0,1.45,2670000000.0,1.97,28.59,196460000.0,1.53,8.12,96.60,4530000.0,6.30,3.50,4560000.0,underperform
4184,2011-08-14 02:25:23,1313303123.0,vmc,30.28,29.56,1172.640015,19.74,9.82,74.68,N/A,1.57,1.02,3.84,2.13,0.40,2.71,19.53,6700000000.0,6700000000.0,N/A,3.08,2.66,20.96,2.66,300730000.0,20.96,107280000.0,0.74,N/A,4.60,106740000.0,0.83,2900000000.0,2.12,30.04,6700000000.0,1.28,10.85,79.40,20640000.0,13.70,16.10,20610000.0,outperform
4185,2007-05-28 18:17:38,1180390658.0,vmc,,,1515.72998,-8.6,,0.269,23.79,3.35,5.31,14.64,19.79,12.04,23.14,34.51,11180000000.0,11810000000.0,N/A,2.30,3.56,13.069,3.56,931990000.0,13.069,494930000.0,4.93,26.80,3.00,69960000.0,0.734,562630000.0,1.455,21.981001,605480000.0,1.26,0.41,77.60,6090000.0,7.7,6.40,4850000.0,underperform
4186,2004-09-25 15:51:56,1096141916.0,vmc,41.39,47.48,1113.560059,9.08,38.4,0.34,19.41,1.67,2.67,8.64,13.30,7.18,14.49,28.998,4980000000.0,5390000000.0,16.17,1.52,1.80,8.1,1.80,583470000.0,8.1,258620000.0,2.508,14.80,3.40,230920000.0,2.26,634840000.0,2.893,18.261999,561700000.0,0.712,34.96,73.93,2360000.0,8.014,3.56,2540000.0,outperform
4187,2005-03-07 06:11:03,1110193863.0,vmc,49.98,33.47,1225.310059,4.13,29.34,0.302,23.61,2.43,2.97,10.65,16.73,7.25,13.46,23.676,6110000000.0,6270000000.0,18.30,1.66,2.55,9.56,2.55,583470000.0,9.56,261410000.00000003,2.53,14.80,3.40,450660000.0,4.4,607750000.0,3.328,19.607,532520000.0,0.714,26.96,73.69,2890000.0,6.596,3.86,2120000.0,outperform
4188,2008-12-25 22:09:18,1230260958.0,vmc,,,871.6300050000001,28.27,,0.933,24.06,1.98,1.86,8.04,13.23,4.77,9.66,34.478,7250000000.0,10800000000.0,N/A,1.55,2.91,12.522,2.91,931990000.0,12.522,301670000.0,2.74,56.40,12.00,127960000.0,1.162,3680000000.0,0.592,35.794998,612440000.0,1.2,3.70,91.10,20420000.0,9.8,18.60,17090000.0,underperform
4189,2007-03-09 18:03:15,1173481395.0,vmc,104.4,-39.26,1402.839966,-4.93,-34.33,0.261,25.41,3.41,5.67,13.99,19.89,12.11,23.14,34.255,11310000000.0,11860000000.0,N/A,2.33,3.55,13.122,3.55,931990000.0,13.122,477500000.0,4.69,N/A,N/A,55230000.0,0.581,521590000.00000006,1.481,21.152,579350000.0,1.34,0.41,79.50,4080000.0,5.3,4.30,3660000.0,underperform
4190,2012-04-05 17:10:31,1333660231.0,vmc,42.29,14.99,1398.079956,11.1,3.8900000000000006,74.25,N/A,2.14,1.45,2.76,0.61,0.12,1.94,19.82,8150000000.0,8150000000.0,223.63,9.13,3.18,23.55,3.18,283870000.0,23.55,75250000.0,0.55,N/A,4.80,155840000.0,1.21,2820000000.0,2.13,29.34,169040000.0,1.42,0.35,97.10,7520000.0,9.90,5.90,7940000.0,outperform
4191,2012-04-05 04:56:00,1333616160.0,vmc,42.29,14.99,1398.079956,11.1,3.8900000000000006,74.25,N/A,2.17,1.47,2.76,0.61,0.12,1.94,19.82,8220000000.000001,8220000000.000001,223.68,9.13,3.20,23.74,3.20,283870000.0,23.74,75250000.0,0.55,N/A,4.80,155840000.0,1.21,2820000000.0,2.13,29.34,169040000.0,1.42,0.35,97.10,7520000.0,9.90,5.90,7940000.0,outperform
4192,2012-11-04 01:26:22,1352006782.0,vmc,47.26,21.82,1427.589966,23.84,-2.0199999999999996,75.17,N/A,2.36,1.64,3.00,2.11,0.41,2.04,20.11,8650000000.0,8650000000.0,210.68,9.65,3.32,21.46,3.32,283870000.0,21.46,77570000.0,0.61,N/A,1.10,158300000.0,1.22,2810000000.0,1.54,28.93,158970000.0,1.61,0.35,82.50,5140000.0,7.90,5.40,5170000.0,underperform
4193,2013-05-11 20:29:28,1368318568.0,hsy,85.8,10.34,1632.689941,14.88,-4.540000000000001,170.17,28.55,2.92,17.70,10.45,18.46,16.46,70.48,29.98,21060000000.0,21060000000.0,21.81,2.52,3.13,14.70,3.13,2860000000.0,14.70,704190000.0,3.08,21.80,5.50,730100000.0,3.25,1890000000.0,1.46,4.96,N/A,0.09,0.12,74.20,3750000.0,3.90,2.50,3450000.0,underperform
4194,2009-02-22 20:17:06,1235351826.0,hsy,30.14,17.22,778.9400019999999,42.25,-25.03,N/A,25.43,1.55,25.04,6.07,15.01,12.22,68.36,22.563,7880000000.0,9850000000.0,N/A,2.45,1.92,9.61,1.92,1630000000.0,9.61,311400000.0,1.36,51.20,2.60,37100000.0,0.163,2009999999.9999998,1.059,1.399,N/A,0.17,0.13,71.10,5120000.0,3.3,2.30,6630000.0,underperform
4195,2008-12-06 23:56:06,1228625766.0,hsy,30.42,4.93,870.73999,26.32,-21.39,3.649,27.97,1.53,12.74,5.56,14.92,10.70,49.18,22.403,7860000000.0,9970000000.0,N/A,2.69,1.96,9.636,1.96,1630000000.0,9.636,283590000.0,1.24,98.40,6.40,135630000.0,0.597,2240000000.0,1.056,2.703,712140000.0,0.25,0.13,75.30,7570000.0,6.6,3.30,7520000.0,underperform
4196,2007-05-16 10:53:33,1179327213.0,hsy,42.91,-26.99,1514.140015,-5.98,-21.009999999999998,3.175,23.26,2.42,19.32,10.69,20.19,15.63,68.29,21.253,12020000000.0,13930000000.0,N/A,2.36,2.81,11.339,2.81,1870000000.0,11.339,530059999.99999994,2.24,22.70,1.80,60480000.0,0.262,1970000000.0,0.938,2.696,N/A,0.29,7.77,56.50,8029999.999999999,6.2,3.50,8760000.0,underperform
4197,2012-01-12 07:58:00,1326373080.0,hsy,57.82,26.37,1295.5,13.63,12.74,171.71,22.60,2.29,14.82,10.38,18.06,16.89,68.48,26.41,15100000000.0,15100000000.0,19.58,2.80,2.52,11.80,2.52,2420000000.0,11.80,622340000.0,2.70,9.20,5.00,292340000.0,1.30,1640000000.0,1.54,4.12,770450000.0,0.16,0.16,73.70,5520000.0,5.00,3.60,5720000.0,outperform
4198,2005-03-09 01:50:36,1110351036.0,hsy,50.1,-16.63,1207.01001,5.4,-22.03,1.205,27.59,3.57,14.55,13.34,20.37,16.04,49.70,17.253,15670000000.0,17050000000.0,24.89,2.78,3.85,15.62,3.85,1630000000.0,15.62,590880000.0,2.31,13.40,1.30,54840000.0,0.22,1310000000.0,0.92,4.417,867630000.0,0.255,25.11,43.60,4210000.0,4.885,2.29,3530000.0,underperform
4199,2007-02-13 00:07:33,1171343253.0,hsy,41.31,-27.69,1444.26001,-5.33,-22.36,3.061,21.64,2.38,17.24,11.31,20.44,14.95,65.60,20.991,11730000000.0,13870000000.0,N/A,2.22,2.80,11.469,2.80,1870000000.0,11.469,559060000.0,2.34,2.90,1.20,97140000.0,0.419,2089999999.9999998,0.975,2.942,N/A,0.31,0.27,41.30,6250000.0,6.4,2.70,5810000.0,underperform
4200,2007-12-14 06:10:45,1197630645.0,hsy,32.01,-4.31,1467.949951,-38.74,34.43,4.399,28.72,1.77,16.25,6.34,18.83,12.90,45.76,21.494,8780000000.0,11100000000.0,N/A,1.94,2.25,9.175,2.25,1870000000.0,9.175,313380000.0,1.35,66.10,1.20,41570000.0,0.183,2370000000.0,0.901,2.376,812120000.0,0.16,8.08,58.70,8140000.000000001,4.7,3.60,7770000.0,outperform
4201,2007-06-18 10:11:33,1182175893.0,hsy,42.01,-29.18,1531.050049,-11.76,-17.42,3.175,22.81,2.35,18.80,10.69,20.19,15.48,68.29,21.253,11670000000.0,13580000000.0,N/A,2.31,2.74,11.032,2.74,1870000000.0,11.032,530059999.99999994,2.24,23.70,1.20,60480000.0,0.265,1970000000.0,0.938,2.717,860720000.0,0.35,7.86,60.00,8720000.0,7.6,3.80,8029999.999999999,underperform
4202,2005-01-23 07:39:51,1106483991.0,hsy,44.12,-3.26,1175.410034,7.52,-10.78,1.629,25.62,3.19,14.70,13.03,19.82,15.47,46.47,16.71,13760000000.0,15200000000.0,24.41,2.73,3.50,14.5,3.50,1630000000.0,14.5,565530000.0,2.182,13.40,1.30,87390000.0,0.36,1530000000.0,1.162,3.822,867630000.0,0.211,25.07,43.97,4210000.0,7.34,2.29,4640000.0,underperform
4203,2005-02-17 02:48:44,1108626524.0,hsy,48.3,-11.45,1200.75,7.2,-18.65,1.205,26.80,3.46,14.13,13.34,20.37,16.04,49.70,17.253,15230000000.0,16590000000.0,24.18,2.69,3.75,18.39,3.75,1630000000.0,18.39,590880000.0,2.31,13.40,1.30,54840000.0,0.22,1310000000.0,0.92,4.412,867630000.0,0.266,25.07,43.81,3530000.0,5.763,1.91,4210000.0,underperform
4204,2008-10-16 21:43:54,1224207834.0,hsy,30.06,16.27,946.429993,14.92,1.3499999999999996,3.21,36.44,1.49,12.32,4.43,15.78,11.84,37.63,21.994,8000000000.0,9390000000.0,N/A,3.28,1.88,8.676,1.88,1630000000.0,8.676,221840000.0,0.97,1066.80,5.10,45430000.0,0.2,1950000000.0,1.061,2.677,805400000.0,0.15,10.35,68.50,12740000.0,4.1,5.60,14860000.0,outperform
4205,2004-08-16 20:12:25,1092701545.0,hsy,37.5,27.73,1079.339966,12.97,14.76,0.814,23.01,2.87,9.40,12.87,19.48,15.47,43.34,16.299,12430000000.0,13340000000.0,21.64,2.34,3.12,13.08,3.12,1630000000.0,13.08,550270000.0,2.097,13.40,1.30,19480000.0,0.08,1070000000.0000001,1.838,5.077,692550000.0,0.216,24.02,41.21,4670000.0,7.907,2.39,4890000.0,outperform
4206,2011-10-24 02:57:55,1319439475.0,hsy,56.41,18.72,1254.189941,12.67,6.049999999999999,176.97,22.89,2.29,13.38,10.23,17.78,16.59,68.14,26.04,14770000000.0,14770000000.0,19.38,2.77,2.49,11.84,2.49,2420000000.0,11.84,605820000.0,2.63,178.30,7.50,790300000.0,3.48,1850000000.0,1.63,4.45,14770000000.0,0.29,8.09,65.60,6290000.0,4.90,4.10,6420000.0,outperform
4207,2007-10-25 08:14:25,1193314465.0,t,27.8,-36.8,1514.400024,-42.1,5.300000000000004,0.552,21.34,2.82,2.27,10.95,17.18,4.69,11.79,17.881,253410000000.0,312510000000.0,N/A,1.91,3.47,9.948,3.47,35710000000.0,9.948,9860000000.0,1.95,60.60,86.90,2570000000.0,0.421,61670000000.0,0.633,18.284,23460000000.0,0.82,0.02,60.20,38450000.0,0.60,0.60,43410000.0,outperform
4208,2008-12-15 01:56:46,1229324206.0,t,19.31,8.44,868.570007,27.56,-19.119999999999997,0.682,12.43,1.34,1.46,11.03,19.19,5.35,12.16,20.666,166060000000.0,241240000000.0,N/A,1.53,1.96,5.518,1.96,72870000000.0,5.518,13600000000.0,2.27,5.50,4.00,1590000000.0,0.27,76770000000.0,0.517,19.094,32500000000.0,0.79,0.07,59.40,44080000.0,0.70,0.70,40760000.0,underperform
4209,2007-07-16 14:55:09,1184612109.0,t,27.04,-17.23,1549.52002,-21.59,4.359999999999999,0.549,20.65,3.27,2.19,11.48,17.19,4.63,10.36,17.072,248380000000.0,309310000000.0,N/A,2.03,4.06,10.922,4.06,35710000000.0,10.922,8760000000.0,1.951,97.10,83.90,2360000000.0,0.383,62590000000.0,0.711,18.433001,17770000000.0,0.5,0.00,61.70,44150000.0,2.2,0.70,39690000.0,outperform
4210,2005-04-19 11:53:34,1113926014.0,t,14.06,17.07,1152.780029,13.63,3.4399999999999995,1.519,N/A,0.49,2.13,21.20,33.03,16.05,58.22,38.339,14950000000.0,21920000000.0,14.94,4.90,0.72,N/A,0.72,13010000000.0,N/A,6470000000.0,8.14,446.90,11.60,3700000000.0,4.62,10670000000.0,1.033,8.789,5510000000.0,0.717,0.61,74.25,18590000.0,3.519,2.34,20760000.0,outperform
4211,2007-03-12 02:15:56,1173680156.0,t,24.48,0.98,1406.599976,-6.11,7.09,0.518,19.37,3.62,1.97,11.67,16.87,3.90,8.64,16.243,228220000000.0,285600000000.0,N/A,1.51,4.53,12.481,4.53,24670000000.0,12.481,7360000000.0,1.89,17.10,23.10,2420000000.0,0.387,59800000000.0,0.631,18.52,15620000000.0,0.48,0.00,42.00,38450000.0,1.7,0.60,44140000.0,outperform
4212,2011-10-19 21:46:15,1319075175.0,t,24.89,30.53,1209.880005,20.45,10.080000000000002,58.34,8.47,1.38,1.52,16.24,15.51,4.52,18.29,21.22,235840000000.0,235840000000.0,11.45,3.21,1.88,6.13,1.88,72020000000.0,6.13,19620000000.0,3.44,10.30,2.20,3830000000.0,0.65,66569999999.99999,0.66,19.21,235840000000.0,0.44,0.03,58.00,68160000.0,1.70,1.20,75400000.0,outperform
4213,2011-11-01 17:43:57,1320183837.0,t,24.56,27.04,1218.280029,15.91,11.129999999999999,62.54,14.60,1.38,1.53,9.32,16.16,4.64,10.54,21.18,234160000000.0,234160000000.0,11.54,3.08,1.87,6.00,1.87,72020000000.0,6.00,11710000000.0,1.98,70.60,0.30,10760000000.0,1.82,71230000000.0,0.84,19.17,234160000000.0,0.44,0.03,58.00,62600000.0,1.70,1.10,68160000.0,outperform
4214,2008-12-17 16:12:45,1229548365.0,t,20.02,3.15,904.419983,21.19,-18.040000000000003,0.682,12.34,1.35,1.48,11.03,19.19,5.35,12.16,20.666,164890000000.0,241540000000.0,N/A,1.39,1.96,5.525,1.96,72870000000.0,5.525,13600000000.0,2.27,5.50,4.00,1590000000.0,0.27,76770000000.0,0.517,19.094,32500000000.0,0.79,0.07,59.40,44080000.0,0.70,0.70,40760000.0,underperform
4215,2012-02-05 03:49:26,1328431766.0,t,25.87,24.43,1325.540039,12.84,11.59,61.21,45.38,1.39,1.67,3.11,9.57,2.81,3.84,21.38,239080000000.0,239080000000.0,11.79,3.40,1.89,7.84,1.89,72020000000.0,7.84,3940000000.0,0.66,N/A,3.60,3180000000.0,0.54,64750000000.0,0.75,17.81,34650000000.0,0.45,0.03,81.40,57430000.0,2.10,1.00,52280000.0,outperform
4216,2012-11-11 14:17:25,1352661445.0,t,29.95,11.02,1377.51001,28.63,-17.61,62.95,44.37,1.48,1.88,3.49,13.39,3.92,4.36,21.71,252030000000.0,252030000000.0,13.10,2.11,1.98,7.16,1.98,69350000000.0,7.16,4440000000.0,0.76,0.30,0.10,2230000000.0,0.39,63750000000.0,0.62,17.69,36440000000.0,0.45,0.04,89.00,48330000.0,1.80,0.80,48680000.0,underperform
4217,2013-04-25 00:34:57,1366864497.0,t,34.47,-2.49,1585.160034,17.55,-20.04,75.35,29.63,1.68,2.36,5.70,10.20,2.99,7.60,21.97,275110000000.0,275110000000.0,13.67,2.71,2.16,9.48,2.16,72220000000.0,9.48,7260000000.0,1.25,N/A,0.20,4950000000.0,0.90,69840000000.0,0.71,16.55,39180000000.0,0.38,0.04,15.50,81690000.0,3.50,1.50,93830000.0,underperform
4218,2007-02-09 00:49:46,1171000186.0,t,24.38,2.26,1438.060059,-7.76,10.02,0.528,19.83,2.26,1.24,11.67,16.32,3.70,8.66,16.243,143650000000.0,N/A,N/A,1.43,N/A,N/A,N/A,24670000000.0,N/A,7360000000.0,1.885,17.10,22.60,2420000000.0,0.629,60910000000.0,0.631,29.910999,15620000000.0,0.41,0.06,41.40,44140000.0,1.6,1.20,159500000.0,outperform
4219,2013-08-18 06:44:43,1376822683.0,t,32.17,6.31,1661.319946,18.69,-12.380000000000003,87.97,26.17,1.43,2.13,5.73,9.52,2.82,7.98,22.84,256209999999.99997,256209999999.99997,12.71,2.13,2.01,9.09,2.01,72220000000.0,9.09,7300000000.0,1.31,2.10,1.60,4550000000.0,0.86,75930000000.0,0.69,16.12,39560000000.0,0.24,0.04,62.10,89650000.0,4.70,1.60,84780000.0,underperform
4220,2011-09-02 08:09:38,1314965378.0,t,23.64,38.87,1173.969971,20.15,18.72,58.34,8.23,1.33,1.47,16.24,15.51,4.52,18.29,21.22,231510000000.0,231510000000.0,11.09,2.13,1.84,6.02,1.84,N/A,6.02,19620000000.0,3.44,10.30,2.20,3830000000.0,0.65,66569999999.99999,0.66,19.21,231510000000.0,0.52,0.03,58.00,57740000.0,1.50,1.00,51920000.0,outperform
4221,2012-11-04 06:41:25,1352029285.0,t,31.65,9.32,1427.589966,23.84,-14.52,62.95,46.14,1.57,1.98,3.49,13.39,3.92,4.36,21.71,260880000000.0,260880000000.0,13.49,2.14,2.05,7.41,2.05,69350000000.0,7.41,4440000000.0,0.76,0.30,0.10,2220000000.0,0.39,63750000000.0,0.62,17.69,36440000000.0,0.45,0.04,89.00,48680000.0,1.70,0.80,63650000.0,underperform
4222,2006-12-06 00:20:47,1165382447.0,t,22.74,15.74,1412.900024,6.68,9.06,0.569,18.72,2.19,2.38,11.76,16.74,5.94,14.80,15.822,133270000000.00002,161840000000.0,N/A,1.48,2.69,7.563,2.69,24670000000.0,7.563,7070000000.0,1.85,73.80,51.80,1250000000.0,0.326,31510000000.0,0.565,14.379,15180000000.0,0.6,0.10,66.60,134930000.0,5.2,3.50,134860000.0,outperform
4223,2004-02-15 16:05:21,1076879121.0,t,14.59,-0.07,1152.109985,4.69,-4.760000000000001,1.032,8.46,0.46,1.14,5.43,10.59,3.67,14.16,43.763,15840000000.0,25890000000.0,0.00,1.11,0.75,3.04,0.75,18670000000.0,3.04,1860000000.0,2.363,269.60,28.00,4350000000.0,5.5,14410000000.0,1.109,17.62,4230000000.0000005,0.71,1.60,69.94,26370000.0,4.467,3.38,23880000.0,underperform
4224,2012-05-19 03:52:46,1337413966.0,t,29.23,18.27,1324.800049,24.58,-6.309999999999999,62.47,48.50,1.53,1.86,3.24,13.04,3.86,4.01,21.48,258300000000.0,258300000000.0,13.10,1.45,2.03,7.39,2.03,69350000000.0,7.39,4120000000.0,0.69,5.20,1.80,2590000000.0,0.44,65709999999.99999,0.64,17.86,34710000000.0,0.48,0.03,81.40,69660000.0,2.80,1.20,56110000.0,underperform
4225,2003-10-27 10:53:22,1067270002.0,t,13.21,10.67,1031.130005,7.75,2.92,1.316,17.33,0.42,1.14,2.40,9.13,1.17,4.50,45.537,15680000000.0,27910000000.0,11.34,0.45,0.78,3.4,0.78,18670000000.0,3.4,912000000.0,1.148,269.60,28.00,5260000000.0,6.67,17480000000.0,1.069,16.87,N/A,0.902,1.61,68.98,22820000.0,3.681,2.94,23020000.0,outperform
4226,2007-03-21 04:12:33,1174464753.0,t,25.67,-1.68,1435.040039,-7.35,5.67,0.518,20.09,3.72,2.03,11.67,16.87,3.90,8.64,16.243,236720000000.0,292030000000.0,N/A,1.53,4.63,12.762,4.63,35710000000.0,12.762,7360000000.0,1.89,17.10,23.10,2420000000.0,0.387,59800000000.0,0.631,18.52,15620000000.0,0.48,0.00,42.00,38450000.0,1.7,0.60,44140000.0,outperform
4227,2007-05-15 01:50:06,1179208206.0,t,26.92,1.82,1501.189941,-6.16,7.98,0.549,20.52,3.20,2.15,11.48,17.19,4.63,10.36,17.072,246810000000.0,304320000000.0,N/A,1.52,3.99,10.746,3.99,35710000000.0,10.746,8760000000.0,1.95,97.10,83.90,2360000000.0,0.383,62590000000.0,0.711,18.433001,17770000000.0,0.43,0.00,43.10,37990000.0,1.8,0.60,38330000.0,outperform
4228,2009-07-14 01:19:17,1247548757.0,t,17.51,13.48,905.840027,20.9,-7.419999999999998,N/A,11.24,1.12,1.42,10.12,18.43,5.26,11.96,20.986,208830000000.0,208830000000.0,N/A,3.83,1.69,4.892,1.69,74130000000.0,4.892,12530000000.0,2.12,9.70,0.60,3810000000.0,0.646,74350000000.0,0.635,16.49,36610000000.0,0.68,0.03,57.90,38540000.0,1.4,0.70,37730000.0,underperform
4229,2013-01-20 18:04:48,1358723088.0,t,30.34,,1480.939941,24.16,,62.95,44.23,1.48,1.88,3.49,13.39,3.92,4.36,21.71,251460000000.0,251460000000.0,13.22,2.29,1.97,7.14,1.97,69350000000.0,7.14,4440000000.0,0.76,0.30,0.10,2230000000.0,0.39,63750000000.0,0.62,17.69,36440000000.0,0.43,0.04,89.00,59740000.0,2.40,1.00,66340000.0,underperform
4230,2007-05-31 19:24:01,1180653841.0,t,27.56,0.18,1530.619995,-8.51,8.69,0.549,21.13,3.31,2.22,11.48,17.19,4.63,10.36,17.072,254140000000.0,312890000000.0,N/A,1.58,4.10,11.049,4.10,35710000000.0,11.049,8760000000.0,1.95,97.10,83.90,2360000000.0,0.383,62590000000.0,0.711,18.433001,17770000000.0,0.43,0.00,49.40,37990000.0,1.8,0.60,38330000.0,outperform
4231,2012-03-24 04:08:43,1332576523.0,t,27.65,19.46,1402.890015,10.19,9.270000000000001,61.21,47.40,1.48,1.78,3.11,9.57,2.81,3.84,21.38,249570000000.0,249570000000.0,12.41,1.73,1.97,8.18,1.97,69350000000.0,8.18,3940000000.0,0.67,N/A,3.60,3180000000.0,0.54,64750000000.0,0.75,17.81,34650000000.0,0.48,0.03,81.40,58990000.0,2.40,N/A,54600000.0,outperform
4232,2007-04-09 00:20:09,1176092409.0,t,26.22,2.4,1444.609985,-5.47,7.869999999999999,0.528,20.83,3.85,2.10,11.67,16.32,3.70,8.66,16.243,245210000000.0,N/A,N/A,1.43,N/A,N/A,N/A,24670000000.0,N/A,7360000000.0,1.89,17.10,22.60,2420000000.0,0.629,60910000000.0,0.631,18.52,15620000000.0,0.41,0.06,41.40,44140000.0,1.6,1.20,159500000.0,outperform
4233,2007-04-08 10:13:29,1176041609.0,t,26.18,2.06,1443.76001,-4.93,6.99,0.518,20.81,3.85,2.10,11.67,16.87,3.90,8.64,16.243,245210000000.0,302590000000.0,N/A,1.62,4.80,13.223,4.80,35710000000.0,13.223,7360000000.0,1.89,17.10,23.10,2420000000.0,0.387,59800000000.0,0.631,18.52,15620000000.0,0.53,0.00,42.00,38330000.0,1.9,0.60,38450000.0,outperform
4234,2011-04-25 20:05:12,1303776312.0,t,25.4,10.0,1335.25,2.75,7.25,59.10,9.12,1.46,1.62,15.98,15.75,4.56,18.14,21.02,246090000000.0,246090000000.0,12.01,2.80,1.98,6.32,1.98,72020000000.0,6.32,19080000000.0,3.35,60.80,2.10,1440000000.0,0.24,66170000000.0,0.59,18.89,246090000000.0,0.59,0.03,58.00,56760000.0,1.60,1.00,51520000.0,outperform
4235,2005-02-04 06:31:37,1107516697.0,t,14.71,13.94,1203.030029,6.6,7.34,1.445,N/A,0.50,2.42,20.03,31.22,15.17,54.63,38.279,15720000000.0,22620000000.0,16.74,10.50,0.74,N/A,0.74,16110000000.0,N/A,6110000000.0,7.69,N/A,8.70,3700000000.0,4.63,10660000000.0,1.043,8.088,5430000000.0,0.764,0.60,70.83,24740000.0,4.983,3.12,25960000.0,outperform
4236,2004-08-10 13:07:34,1092157654.0,t,14.74,2.78,1079.040039,13.91,-11.13,0.798,9.17,0.34,0.79,3.79,6.46,2.57,8.78,40.76,11130000000.0,19880000000.0,466.67,5.56,0.61,2.82,0.61,16110000000.0,2.82,1210000000.0,1.526,N/A,8.70,2460000000.0,3.09,11210000000.0,0.991,17.688,7660000000.0,0.719,1.61,75.03,34880000.0,4.661,4.46,34610000.0,underperform
4237,2008-10-28 21:15:18,1225242918.0,t,19.65,0.66,940.51001,10.86,-10.2,0.682,12.18,1.17,1.28,11.03,19.19,5.35,12.16,20.666,162710000000.0,218910000000.0,N/A,1.27,1.78,5.007,1.78,72870000000.0,5.007,13600000000.0,2.267,5.50,4.00,1590000000.0,0.27,76770000000.0,0.517,19.094,32500000000.0,1.37,0.07,59.40,31550000.0,0.9,0.50,36280000.0,underperform
4238,2004-06-23 11:45:08,1088005508.0,t,13.97,2.65,1144.060059,4.95,-2.3000000000000003,0.843,7.89,0.39,0.92,4.87,8.27,3.33,12.12,42.353,12970000000.0,22280000000.0,21.50,5.33,0.66,2.89,0.66,16110000000.0,2.89,1640000000.0,2.071,N/A,8.70,2580000000.0,3.25,11890000000.0,0.96,17.757,7660000000.0,0.757,1.61,75.74,34610000.0,6.016,4.43,36220000.0,underperform
4239,2007-03-04 07:15:26,1173010526.0,t,24.25,-0.95,1403.170044,-5.12,4.17,0.518,19.31,3.64,1.98,11.67,16.87,3.90,8.64,16.243,227540000000.0,284910000000.0,N/A,1.51,4.52,12.451,4.52,24670000000.0,12.451,7360000000.0,1.89,17.10,23.10,2420000000.0,0.387,59800000000.0,0.631,18.52,15620000000.0,0.48,0.00,41.80,38450000.0,1.7,0.60,44140000.0,outperform
4240,2012-01-01 10:02:30,1325430150.0,t,25.82,17.78,1263.02002,12.92,4.860000000000001,62.54,15.34,1.42,1.57,9.32,16.16,4.64,10.54,21.18,239670000000.0,239670000000.0,12.34,4.10,1.91,6.14,1.91,72020000000.0,6.14,11710000000.0,1.97,70.60,0.30,10760000000.0,1.82,71230000000.0,0.84,19.17,36790000000.0,0.55,0.03,58.00,54440000.0,2.20,0.90,57780000.0,outperform
4241,2008-01-23 16:19:51,1201123191.0,t,25.13,-26.66,1338.599976,-38.18,11.52,0.545,18.19,2.09,1.96,10.29,17.08,5.41,12.91,18.702,210990000000.0,275990000000.0,N/A,1.51,2.64,7.523,2.64,35710000000.0,7.523,10750000000.0,1.91,41.50,92.70,2710000000.0,0.448,60610000000.0,0.669,18.309,29240000000.0,1.01,0.06,60.10,40320000.0,1.6,0.70,36920000.0,outperform
4242,2013-01-20 18:09:53,1358723393.0,hpq,16.48,,1480.939941,24.16,,124.54,N/A,0.28,1.50,10.51,7.95,5.02,40.91,60.97,50470000000.0,50470000000.0,4.90,N/A,0.42,3.44,0.42,27970000000.0,3.44,12650000000.0,6.41,N/A,6.70,11300000000.0,5.80,28440000000.0,1.09,11.43,10570000000.0,1.40,0.95,76.60,93900000.0,3.30,4.80,96720000.0,underperform
4243,2004-10-24 20:51:51,1098665511.0,hpq,16.01,56.03,1106.48999,8.4,47.63,0.184,16.86,0.71,1.44,4.17,5.03,4.43,8.58,25.484,54180000000.0,47000000000.0,12.12,1.37,0.60,10.39,0.60,19410000000.0,10.39,3270000000.0,1.064,N/A,29.10,14300000000.0,4.73,7120000000.0,1.52,12.776,5480000000.0,1.704,6.62,65.91,32340000.000000004,2.215,1.15,30760000.0,outperform
4244,2012-11-13 11:01:57,1352822517.0,hpq,12.54,107.26,1374.530029,29.64,77.62,93.04,N/A,0.22,0.83,4.54,7.48,4.72,15.60,61.88,46620000000.0,46620000000.0,3.80,1.90,0.38,3.26,0.38,29720000000.0,3.26,5560000000.0,2.81,N/A,4.90,9530000000.0,4.85,29780000000.0,1.12,16.07,8910000000.0,1.41,0.95,76.60,98860000.0,3.00,5.00,99230000.0,outperform
4245,2006-06-17 20:09:35,1150589375.0,hpq,26.86,52.76,1230.040039,23.81,28.95,0.135,26.43,1.00,2.41,4.07,6.56,4.96,9.61,31.32,92170000000.0,83140000000.0,N/A,1.18,0.94,9.913,0.94,20470000000.0,9.913,3620000000.0,1.25,96.60,4.60,14040000000.0,5.034,5010000000.0,1.3,13.224,9580000000.0,1.6,3.57,75.30,40960000.0,4.8,1.50,45300000.0,outperform
4246,2007-04-10 20:12:33,1176250353.0,hpq,36.52,13.94,1448.390015,-6.48,20.42,0.152,17.65,1.18,2.93,6.93,7.62,6.20,17.65,34.177,108950000000.0,106060000000.0,N/A,1.25,1.13,10.438,1.13,22480000000.0,10.438,6520000000.0,2.306,26.10,10.70,10360000000.0,3.872,5780000000.0,1.213,14.132,9490000000.0,1.81,3.73,76.40,27170000.0,1.6,1.00,22630000.0,outperform
4247,2013-05-16 10:23:30,1368714210.0,hpq,20.7,55.7,1650.469971,13.78,41.92,121.28,N/A,0.34,1.79,10.86,7.93,5.04,41.00,60.34,57490000000.0,57490000000.0,5.81,7.55,0.48,4.00,0.48,27970000000.0,4.00,12890000000.0,6.55,16.10,5.60,12630000000.0,6.50,28250000000.0,1.12,11.72,11940000000.0,1.52,0.07,79.10,62250000.0,2.70,3.20,55380000.0,outperform
4248,2007-05-11 12:59:31,1178902771.0,hpq,40.57,8.26,1505.849976,-7.52,15.78,0.152,19.37,1.27,3.16,6.93,7.62,6.20,17.65,34.177,119560000000.0,114970000000.0,N/A,1.29,1.22,11.315,1.22,22480000000.0,11.315,6520000000.0,2.306,26.10,10.70,10360000000.0,3.872,5780000000.0,1.213,14.132,9490000000.0,1.54,3.73,74.90,27300000.0,2.1,1.00,27170000.0,outperform
4249,2012-09-09 03:56:30,1347177390.0,hpq,16.66,31.69,1432.119995,16.73,14.96,92.92,N/A,0.28,1.10,4.54,7.46,4.71,15.60,61.88,54570000000.0,54570000000.0,4.15,1.59,0.45,3.82,0.45,29720000000.0,3.82,5560000000.0,2.81,N/A,4.90,9510000000.0,4.82,29740000000.0,1.12,16.03,8910000000.0,1.34,0.93,74.90,67830000.0,3.40,3.50,55060000.0,outperform
4250,2007-05-01 10:43:41,1178030621.0,hpq,38.49,8.7,1486.300049,-6.78,15.48,0.152,18.27,1.20,2.98,6.93,7.62,6.20,17.65,34.177,112790000000.0,108600000000.0,N/A,1.26,1.15,10.688,1.15,22480000000.0,10.688,6520000000.0,2.31,26.10,10.70,10360000000.0,3.872,5780000000.0,1.213,14.132,9490000000.0,1.81,3.73,76.30,27300000.0,2.1,1.00,27170000.0,outperform
4251,2008-12-17 18:44:15,1229557455.0,hpq,33.11,39.84,904.419983,21.19,18.650000000000002,0.458,11.42,0.75,2.28,7.04,9.15,6.70,21.50,47.67,90440000000.0,96230000000.0,N/A,0.74,0.81,6.784,0.81,25690000000.0,6.784,8330000000.0,3.246,2.40,18.80,10250000000.0,4.199,17850000000.0,0.977,15.96,14590000000.0,0.99,0.07,77.50,28070000.0,0.8,1.10,32860000.0,outperform
4252,2004-06-22 17:06:08,1087938368.0,hpq,18.14,19.07,1134.410034,7.01,12.06,0.187,21.55,0.83,1.63,3.88,4.67,4.06,7.90,24.954,63670000000.0,55640000000.0,12.73,1.40,0.72,13.37,0.72,19410000000.0,13.37,2980000000.0,0.969,N/A,29.10,15010000000.0,4.92,7260000000.0,1.573,12.787,5630000000.0,1.698,6.62,65.45,26010000.0,2.116,0.91,28970000.0,outperform
4253,2012-07-10 01:34:45,1341898485.0,hpq,18.09,39.69,1341.469971,23.19,16.499999999999996,72.24,7.56,0.31,0.94,4.21,7.79,4.78,12.52,61.99,60360000000.0,60360000000.0,4.42,1.19,0.49,4.10,0.49,29720000000.0,4.10,5230000000.0,2.57,30.90,3.00,8340000000.0,4.23,30120000000.0,1.16,20.87,9270000000.0,1.40,0.93,74.90,48650000.0,2.30,2.50,46930000.0,outperform
4254,2005-05-27 06:26:07,1117189567.0,hpq,20.01,43.78,1198.780029,4.99,38.79,0.187,18.99,0.79,1.73,4.31,4.99,4.76,9.39,27.998,66599999999.99999,58740000000.0,13.77,1.51,0.71,12.27,0.71,19760000000.0,12.27,3590000000.0,1.21,37.70,9.40,14480000000.0,7150000000.0,7150000000.0,1.495,13.227,6500000000.0,1.985,0.37,70.05,34420000.0,2.927,1.19,28850000.0,outperform
4255,2003-10-13 03:21:25,1066029685.0,hpq,18.24,-11.4,1045.349976,7.32,-18.72,0.211,33.40,0.90,1.74,2.90,3.16,2.89,5.65,23.281,64180000000.00001,58810000000.0,14.92,1.67,0.83,20.12,0.83,15010000000.0,20.12,2069999999.9999998,0.63,321.30,25.10,13160000000.0,4.32,7790000000.0,1.546,12.09,N/A,1.67,8.92,95.00,38390000.0,2.813,1.38,44090000.0,underperform
4256,2011-11-08 01:34:24,1320734064.0,hpq,25.95,-49.67,1275.920044,9.3,-58.97,65.69,6.54,0.42,1.39,7.30,10.15,6.65,22.85,59.47,66400000000.00001,66400000000.00001,5.93,0.73,0.52,3.68,0.52,29940000000.0,3.68,9370000000.0,4.26,8.60,1.50,12950000000.0,6.52,25760000000.0,1.15,19.39,66400000000.00001,1.34,0.06,74.80,23500000.0,0.70,1.10,28420000.0,underperform
4257,2011-09-03 05:29:06,1315042146.0,hpq,24.14,-34.18,1218.890015,14.82,-49.0,65.52,5.71,0.41,1.36,7.30,10.12,6.63,22.85,59.47,66209999999.99999,66209999999.99999,5.09,0.66,0.52,3.68,0.52,29940000000.0,3.68,9370000000.0,4.26,8.60,1.50,12950000000.0,6.31,25700000000.0,1.15,18.90,66209999999.99999,1.10,0.06,74.80,25450000.0,1.20,1.20,20650000.0,underperform
4258,2008-11-02 02:41:27,1225611687.0,hpq,34.14,28.97,954.090027,9.31,19.659999999999997,0.265,11.86,0.82,2.39,7.41,9.18,7.17,22.22,44.921,93750000000.0,89120000000.0,N/A,0.83,0.79,6.677,0.79,25690000000.0,6.677,8380000000.000001,3.23,14.00,10.50,14850000000.0,6.062,10220000000.0,1.218,15.738,14920000000.0,0.89,0.07,77.10,30490000.0,1.1,1.20,28940000.0,outperform
4259,2007-02-28 22:52:14,1172721134.0,hpq,35.22,24.22,1406.819946,-2.78,27.0,0.152,17.06,1.13,2.79,6.93,7.62,6.20,17.65,34.177,107060000000.0,101310000000.0,N/A,1.14,1.08,9.97,1.08,22480000000.0,9.97,6520000000.0,2.31,26.10,10.70,10360000000.0,3.809,5780000000.0,1.213,13.925,9490000000.0,1.62,3.70,75.80,35060000.0,2.8,1.30,29760000.0,outperform
4260,2007-02-21 03:02:56,1172044976.0,hpq,36.78,14.74,1457.630005,-7.9,22.64,0.136,19.82,1.27,3.06,6.76,7.39,5.73,16.46,32.947,117350000000.0,105140000000.0,N/A,1.31,1.15,10.885,1.15,22480000000.0,10.885,6200000000.0,2.18,307.90,7.20,16420000000.000002,6.036,5200000000.0,1.346,13.962,11350000000.0,1.62,3.70,71.60,35060000.0,2.8,1.30,29760000.0,outperform
4261,2007-07-13 20:01:50,1184371310.0,hpq,42.45,-10.08,1552.5,-19.83,9.749999999999998,0.228,20.59,1.28,3.39,6.59,7.85,6.39,17.39,35.809,123770000000.0,120030000000.0,N/A,1.22,1.24,11.197,1.24,22480000000.0,11.197,6390000000.0,2.295,6.50,13.20,12310000000.0,4.7,8340000000.0,1.189,13.974,10010000000.0,1.6,3.82,77.20,27470000.0,1.9,1.10,27350000.0,outperform
4262,2005-04-06 23:07:25,1112843245.0,hpq,19.13,58.44,1184.069946,10.55,47.89,0.191,18.64,0.76,1.66,4.28,4.96,4.69,9.17,27.135,63040000000.0,56040000000.0,12.88,1.39,0.68,11.95,0.68,19760000000.0,11.95,3500000000.0,1.17,37.70,9.40,13600000000.0,4.7,7210000000.0,1.513,N/A,6500000000.0,1.962,0.37,67.42,27670000.0,2.349,0.96,27830000.0,outperform
4263,2011-12-15 02:31:46,1323934306.0,hpq,24.5,-42.04,1215.75,16.27,-58.31,78.54,7.95,0.42,1.38,5.56,8.95,5.60,17.73,60.77,75900000000.0,75900000000.0,5.90,1.48,0.60,4.64,0.60,29940000000.0,4.64,7070000000.0,3.32,90.60,3.50,8039999999.999999,4.04,30630000000.0,1.01,19.42,12640000000.0,1.36,0.06,74.80,26320000.0,1.20,1.20,22430000.0,underperform
4264,2005-02-25 15:39:08,1109363948.0,hpq,18.09,61.47,1211.369995,6.71,54.76,0.191,17.48,0.73,1.58,4.28,4.96,4.69,9.17,27.135,59360000000.0,53090000000.0,12.07,1.33,0.65,11.32,0.65,19760000000.0,11.32,3500000000.0,1.17,N/A,N/A,13600000000.0,4.67,7210000000.0,1.513,12.973,N/A,1.777,0.37,69.50,27830000.0,1.793,0.96,25720000.0,outperform
4265,2009-03-27 20:22:10,1238199730.0,hpq,30.36,60.28,815.9400019999999,43.11,17.17,N/A,10.43,0.67,2.01,6.78,9.18,6.87,20.77,48.537,88770000000.0,88770000000.0,N/A,0.81,0.75,6.03,0.75,28770000000.0,6.03,8050000000.000001,3.196,13.10,1.20,11260000000.0,4.696,20460000000.0,1.04,16.542999,12530000000.0,1.03,0.07,77.60,25900000.0,0.9,1.10,28520000.0,outperform
4266,2012-05-09 10:54:46,1336575286.0,hpq,21.95,-6.51,1354.579956,20.09,-26.6,78.22,8.16,0.37,1.18,4.75,8.41,5.33,14.64,61.15,68940000000.0,68940000000.0,5.28,1.65,0.55,4.44,0.55,29720000000.0,4.44,5940000000.0,2.86,43.60,7.00,8119999999.999999,4.11,30960000000.0,1.10,19.80,10760000000.0,1.41,0.08,74.20,29750000.0,1.40,1.50,27630000.0,underperform
4267,2011-11-02 19:29:07,1320276547.0,hpq,24.16,-44.7,1237.900024,15.32,-60.02,65.69,6.12,0.40,1.32,7.30,10.15,6.65,22.85,59.47,63760000000.0,63760000000.0,5.54,0.72,0.50,3.54,0.50,29940000000.0,3.54,9370000000.0,4.26,8.60,1.50,12950000000.0,6.52,25760000000.0,1.15,19.39,63760000000.0,1.34,0.06,74.80,23500000.0,0.70,1.10,28420000.0,underperform
4268,2012-03-24 13:52:11,1332611531.0,hpq,22.08,-2.04,1402.890015,10.19,-12.23,78.22,8.27,0.36,1.16,4.75,8.41,5.33,14.64,61.15,68370000000.00001,68370000000.00001,5.35,1.38,0.55,4.40,0.55,29720000000.0,4.40,5940000000.0,2.86,43.60,7.00,8119999999.999999,4.11,30960000000.0,1.10,19.80,10760000000.0,1.47,0.08,74.20,15840000.0,0.80,0.80,14980000.0,underperform
4269,2007-10-25 01:21:20,1193289680.0,hpq,46.24,-36.46,1514.400024,-42.1,5.640000000000001,0.233,20.86,1.33,3.65,6.76,8.17,6.25,18.55,37.676,133030000000.0,129820000000.0,N/A,1.32,1.29,N/A,1.29,22480000000.0,10820000000.0,6800000000.0,2.47,29.30,15.90,12490000000.0,4.845,8610000000.0,1.216,14.223,9250000000.0,1.28,4.12,75.60,23290000.0,1.5,0.90,24840000.0,outperform
4270,2005-01-19 17:32:14,1106173934.0,hpq,17.75,61.07,1184.630005,8.48,52.59,0.19,17.66,0.77,1.61,4.38,5.20,4.68,9.15,26.162,61330000000.0,53610000000.0,11.95,1.29,0.67,11.26,0.67,19410000000.0,11.26,3500000000.0,1.15,N/A,29.10,12970000000.0,4.46,7130000000.0,1.501,12.656,5480000000.0,1.757,5.46,65.70,22050000.0,1.839,0.80,43940000.0,outperform
4271,2007-05-24 14:12:14,1180030334.0,hpq,40.71,-0.29,1507.51001,-8.73,8.440000000000001,0.228,19.87,1.26,3.37,6.59,7.85,6.39,17.39,35.809,122050000000.0,118150000000.0,N/A,1.14,1.22,11.022,1.22,22480000000.0,11.022,6390000000.0,2.30,6.50,13.20,12310000000.0,4.599,8340000000.0,1.189,13.553,10010000000.0,1.54,3.73,76.00,27300000.0,2.1,1.00,27170000.0,outperform
4272,2007-05-27 21:39:45,1180316385.0,hpq,,,1507.51001,-8.73,,0.152,19.78,1.25,3.35,6.93,7.62,6.20,17.65,34.177,122100000000.0,112640000000.0,N/A,1.29,1.20,11.086,1.20,22480000000.0,11.086,6520000000.0,2.31,26.10,10.70,10360000000.0,3.872,5780000000.0,1.213,13.553,9490000000.0,1.54,3.73,74.90,27300000.0,2.1,1.00,27170000.0,underperform
4273,2008-01-23 16:25:56,1201123556.0,hpq,38.92,-17.21,1338.599976,-38.18,20.97,0.212,15.45,1.05,2.86,6.97,8.42,6.43,18.95,39.652,106430000000.0,106690000000.0,N/A,0.90,1.02,9.291,1.02,25690000000.0,9.291,7260000000.0,2.68,27.50,15.20,11450000000.0,4.447,8180000000.0,1.207,14.933,9620000000.0,1.24,0.06,75.60,23910000.0,2.3,0.90,21940000.0,outperform
4274,2007-01-11 13:01:02,1168538462.0,hpq,38.16,6.26,1423.819946,-1.6,7.859999999999999,0.136,19.39,1.25,3.02,6.76,7.39,5.73,16.46,32.947,114820000000.0,103590000000.0,N/A,1.30,1.13,10.725,1.13,22480000000.0,10.725,6200000000.0,2.18,307.90,7.20,16420000000.000002,6.036,5200000000.0,1.346,13.962,11350000000.0,1.61,3.70,76.20,29760000.0,1.10,1.10,30150000.0,outperform
4275,2008-12-21 19:00:00,1229904000.0,hpq,32.11,48.27,885.2800289999999,25.84,22.430000000000003,0.458,10.91,0.72,2.19,7.04,9.15,6.70,21.50,47.67,85530000000.0,93140000000.0,N/A,0.73,0.79,6.566,0.79,25690000000.0,6.566,8330000000.0,3.25,2.40,18.80,10250000000.0,4.241,17850000000.0,0.977,16.125,14590000000.0,0.99,0.07,77.50,28070000.0,0.8,1.20,32860000.0,outperform
4276,2004-08-10 05:06:31,1092128791.0,hpq,17.32,22.92,1079.040039,13.91,9.010000000000002,0.187,20.52,0.79,1.56,3.88,4.67,4.06,7.90,24.954,60620000000.0,52930000000.0,12.12,1.34,0.69,12.72,0.69,19410000000.0,12.72,2980000000.0,0.969,N/A,29.10,15010000000.0,4.92,7260000000.0,1.573,12.787,5630000000.0,1.703,6.62,65.37,28810000.0,3.205,1.01,27490000.0,outperform
4277,2012-06-20 18:16:23,1340230583.0,hpq,20.04,20.21,1355.689941,17.15,3.0600000000000023,72.24,8.21,0.33,1.00,4.21,7.79,4.78,12.52,61.99,62810000000.0,62810000000.0,4.78,1.51,0.51,4.26,0.51,29720000000.0,4.26,5230000000.0,2.57,30.90,3.00,8340000000.0,4.23,30120000000.0,1.16,20.87,9270000000.0,1.43,0.93,74.90,46930000.0,2.30,2.40,35500000.0,outperform
4278,2011-07-17 09:27:57,1310909277.0,hpq,32.58,-45.33,1308.869995,3.42,-48.75,54.99,8.62,0.57,1.80,7.21,10.46,6.94,21.54,57.48,83030000000.0,83030000000.0,6.52,0.76,0.65,4.52,0.65,29940000000.0,4.52,9220000000.0,4.07,4.70,2.50,12740000000.0,6.14,22980000000.0,1.09,19.48,83030000000.0,1.02,0.06,74.80,19130000.0,1.00,N/A,23140000.0,underperform
4279,2007-06-12 15:56:50,1181678210.0,hpq,40.48,3.83,1493.0,-10.55,14.38,0.228,19.80,1.27,3.39,6.59,7.85,6.39,17.39,35.809,121620000000.0,118850000000.0,N/A,1.14,1.22,11.087,1.22,22480000000.0,11.087,6390000000.0,2.30,6.50,13.20,12310000000.0,4.599,8340000000.0,1.189,13.553,10010000000.0,1.57,3.73,75.50,27350000.0,2.1,1.00,27300000.0,outperform
4280,2012-01-02 10:59:24,1325519964.0,hpq,,,1257.599976,15.72,,78.54,7.76,0.40,1.32,5.56,9.43,5.91,17.73,60.77,73670000000.0,73670000000.0,5.76,1.41,0.58,4.34,0.58,29720000000.0,4.34,7070000000.0,3.32,90.60,3.50,8070000000.0,4.07,30630000000.0,1.01,19.41,12640000000.0,1.36,0.06,74.80,24330000.0,1.10,1.10,26320000.0,underperform
4281,2012-03-03 16:00:44,1330808444.0,hpq,23.7,-18.19,1365.680054,10.91,-29.1,78.09,8.86,0.40,1.28,4.75,8.42,5.34,14.64,61.15,72950000000.0,72950000000.0,5.70,1.47,0.58,4.69,0.58,29720000000.0,4.69,5940000000.0,2.86,43.60,7.00,8109999999.999999,4.10,30900000000.0,1.10,19.77,10760000000.0,1.47,0.08,74.20,14980000.0,1.10,0.80,15480000.0,underperform
4282,2012-01-01 10:02:29,1325430149.0,s,2.31,145.45,1263.02002,12.92,132.53,142.08,N/A,0.21,0.53,7.57,1.68,0.70,17.56,11.11,21540000000.0,21540000000.0,N/A,0.54,0.65,3.83,0.65,15070000000.0,3.83,2520000000.0,0.84,N/A,2.20,4000000000.0,1.34,18530000000.0,1.13,4.36,4070000000.0000005,0.13,0.14,86.60,93930000.0,2.60,3.10,108870000.0,outperform
4283,2008-12-18 05:29:08,1229596148.0,s,1.8,106.67,885.2800289999999,24.53,82.14,1.07,N/A,0.15,0.27,82.66,0.96,0.28,84.57,13.001,5290000000.0,24110000000.0,N/A,0.84,0.65,2.915,0.65,22960000000.0,2.915,30630000000.0,10.75,N/A,12.20,4190000000.0000005,1.467,22640000000.0,1.151,7.411,7200000000.0,2.24,0.07,95.80,59180000.0,2.10,2.10,60280000.0,outperform
4284,2006-06-18 12:13:04,1150647184.0,s,20.48,9.08,1256.160034,21.88,-12.799999999999999,0.493,29.00,1.57,1.17,4.41,10.05,3.57,5.24,16.336,61340000000.0,79780000000.0,N/A,0.94,2.03,6.688,2.03,20300000000.0,6.688,1740000000.0,0.71,11.20,66.50,7510000000.0,2.522,25950000000.0,1.072,17.686001,12260000000.0,1.31,1.26,84.60,55110000.0,3.4,1.90,53980000.0,underperform
4285,2011-09-02 15:03:39,1314990219.0,s,3.53,37.68,1173.969971,20.15,17.53,139.08,N/A,0.34,0.84,9.45,0.15,0.06,20.97,11.06,25460000000.0,25460000000.0,N/A,1.01,0.77,4.65,0.77,15070000000.0,4.65,3130000000.0,1.05,N/A,3.60,4269999999.9999995,1.43,18530000000.0,1.06,4.45,25460000000.0,1.04,0.14,86.60,90600000.0,1.20,3.00,92710000.0,outperform
4286,2012-08-21 00:53:18,1345524798.0,s,5.08,37.01,1413.170044,16.25,20.759999999999998,230.45,N/A,0.45,1.69,11.09,0.80,0.35,34.06,11.55,30070000000.0,30070000000.0,N/A,0.63,0.87,6.13,0.87,14660000000.0,6.13,3840000000.0,1.28,N/A,6.40,6760000000.0,2.25,21260000000.0,1.58,3.08,3850000000.0,1.10,0.15,83.70,156660000.0,2.20,5.20,175940000.0,outperform
4287,2008-12-30 17:38:46,1230676726.0,s,1.91,97.91,890.6400150000001,26.47,71.44,1.07,N/A,0.13,0.24,82.66,0.96,0.28,84.57,13.001,5400000000.0,23450000000.0,N/A,N/A,0.63,2.835,0.63,22960000000.0,2.835,30630000000.0,10.75,N/A,12.20,4190000000.0000005,1.467,22640000000.0,1.151,7.411,7200000000.0,2.24,0.07,95.90,59180000.0,2.10,2.10,60280000.0,outperform
4288,2011-11-02 03:48:43,1320220123.0,s,2.72,106.25,1237.900024,15.32,90.93,142.08,N/A,0.23,0.59,7.57,1.42,0.59,17.56,11.11,22230000000.0,22230000000.0,N/A,0.58,0.67,4.01,0.67,15070000000.0,4.01,2520000000.0,0.84,N/A,2.20,4000000000.0,1.34,18530000000.0,1.13,4.35,22230000000.0,0.96,0.14,86.60,90800000.0,1.00,3.00,92810000.0,outperform
4289,2011-11-29 17:25:46,1322605546.0,s,2.5,128.0,1195.189941,17.97,110.03,142.08,N/A,0.22,0.56,7.57,1.68,0.70,17.56,11.11,21870000000.0,21870000000.0,N/A,0.56,0.66,3.88,0.66,15070000000.0,3.88,2520000000.0,0.84,N/A,2.20,4000000000.0,1.34,18530000000.0,1.13,4.36,21870000000.0,0.22,0.14,86.60,92490000.0,1.00,3.10,90800000.0,outperform
4290,2008-12-04 08:44:08,1228398248.0,s,2.5,47.6,845.2199710000001,30.85,16.75,1.07,N/A,0.20,0.35,82.66,0.96,0.28,84.57,13.001,7340000000.0,25790000000.0,N/A,1.12,0.70,3.118,0.70,22960000000.0,3.118,30630000000.0,10.75,N/A,12.20,4190000000.0000005,1.468,22640000000.0,1.151,7.411,7200000000.0,2.24,1.98,95.70,60280000.0,1.7,2.10,76820000.0,outperform
4291,2008-05-26 03:48:03,1211788083.0,s,,,1375.930054,-33.84,,1.117,N/A,0.64,1.16,75.85,2.48,0.76,80.48,13.796,24750000000.0,44290000000.0,N/A,23.36,1.12,4.464,1.12,22960000000.0,4.464,29870000000.0,10.46,N/A,7.50,4780000000.0,1.675,24320000000.0,1.183,7.641,8890000000.0,2.46,1.95,93.00,97280000.0,3.3,3.40,80740000.0,underperform
4292,2005-01-28 11:21:01,1106929261.0,s,20.59,2.14,1171.359985,7.97,-5.83,0.735,30.76,0.28,1.91,1.14,1.49,1.75,5.97,167.532,10360000000.0,11130000000.0,22.66,4.16,0.31,6.38,0.31,14890000000.0,6.38,350000000.0,1.628,146.90,0.60,4160000000.0,19.31,4490000000.0,1.366,26.098,969000000.0,0.783,0.46,83.30,11580000.0,5.355,5.40,14410000.0,underperform
4293,2012-03-21 16:29:37,1332361777.0,s,2.78,117.99,1402.890015,10.19,107.8,177.42,N/A,0.24,0.72,8.58,0.64,0.27,22.25,11.25,22920000000.0,22920000000.0,N/A,0.30,0.68,4.52,0.68,14660000000.0,4.52,2890000000.0,0.97,N/A,5.10,5600000000.0,1.87,20270000000.0,1.59,3.81,3690000000.0,1.10,0.13,85.80,56210000.0,1.10,1.90,56950000.0,outperform
4294,2007-04-10 04:46:57,1176194817.0,s,19.25,-66.08,1448.390015,-6.48,-59.599999999999994,0.417,43.11,1.38,1.07,3.24,7.57,1.94,1.89,13.908,55830000000.0,76870000000.0,N/A,2.40,1.87,6.058,1.87,24460000000.0,6.058,993000000.0,0.45,48.70,6.70,2060000000.0,0.711,22150000000.0,1.052,18.34,10960000000.0,1.03,0.08,88.80,47010000.0,2.1,1.60,46520000.0,underperform
4295,2004-04-13 12:52:38,1081875158.0,s,16.67,24.96,1129.439941,3.93,21.03,1.281,3.27,0.23,1.53,8.37,2.91,7.52,53.40,142.953,9470000000.0,8620000000.0,10.07,1.61,0.21,2.75,0.21,14890000000.0,2.75,3400000000.0,13.004,146.90,0.60,9060000000.0,40.63,8199999999.999999,1.322,27.782,2520000000.0,0.552,0.46,81.29,14280000.0,7.102,6.43,14840000.0,outperform
4296,2006-08-22 23:58:52,1156305532.0,s,15.95,16.43,1298.819946,12.72,3.709999999999999,0.431,30.11,1.11,0.90,3.45,9.18,3.66,4.96,15.679,48040000000.0,67400000000.00001,N/A,0.83,1.55,4.97,1.55,20300000000.0,4.97,1700000000.0,0.534,38.30,76.40,4330000000.0,1.448,23300000000.0,1.168,18.087999,11380000000.0,1.36,1.25,84.20,55740000.0,3.5,1.90,60800000.0,outperform
4297,2005-03-28 07:25:08,1112012708.0,s,19.99,15.51,1174.280029,10.13,5.379999999999999,0.737,32.37,0.34,2.01,1.04,1.35,1.60,5.67,167.591,10890000000.0,11210000000.0,21.66,2.94,0.31,6.4,0.31,10100000000.0,6.4,332000000.0,1.55,114.90,12.20,4170000000.0,19.14,4490000000.0,1.366,28.243,54000000.0,0.778,0.25,77.58,10690000.0,3.025,4.92,11590000.0,outperform
4298,2007-05-28 18:21:01,1180390861.0,s,,,1515.72998,-8.6,,0.423,93.25,1.55,1.21,1.70,6.77,1.74,1.18,13.995,63950000000.0,83770000000.0,N/A,2.73,2.04,6.829,2.04,24460000000.0,6.829,620000000.0,0.24,N/A,0.20,2350000000.0,0.814,22170000000.0,1.074,18.15,10460000000.0,1.05,0.09,88.80,53410000.0,3.5,1.80,47010000.0,underperform
4299,2012-03-15 02:07:35,1331791655.0,s,2.8,107.5,1402.599976,11.27,96.23,177.42,N/A,0.25,0.73,8.58,0.64,0.27,22.25,11.25,23040000000.0,23040000000.0,N/A,0.31,0.68,4.54,0.68,14660000000.0,4.54,2890000000.0,0.97,N/A,5.10,5600000000.0,1.87,20270000000.0,1.59,3.81,3690000000.0,1.10,0.13,85.80,56210000.0,1.10,1.90,56950000.0,outperform
4300,2003-10-14 00:21:52,1066105312.0,s,13.5,33.11,1049.47998,6.11,27.0,5.131,10.25,0.34,2.26,3.84,5.23,3.21,23.86,131.641,14340000000.0,43120000000.0,10.38,1.29,1.04,10.27,1.04,15720000000.0,10.27,1540000000.0,4.85,87.20,0.70,2920000000.0,10.32,31980000000.0,2.098,22.02,N/A,0.481,0.49,91.37,16950000.0,5.637,6.02,19940000.0,outperform
4301,2012-06-20 09:37:20,1340199440.0,s,3.13,125.88,1355.689941,17.15,108.72999999999999,210.25,N/A,0.28,0.89,9.72,0.13,0.06,26.80,11.38,24140000000.0,24140000000.0,N/A,0.33,0.71,4.54,0.71,14660000000.0,4.54,3310000000.0,1.11,N/A,5.10,7570000000.0,2.53,22270000000.0,1.90,3.53,3750000000.0,0.80,0.15,83.70,174960000.0,4.00,5.80,166720000.0,outperform
4302,2012-03-12 14:42:43,1331577763.0,s,2.72,117.65,1371.089966,13.23,104.42,177.42,N/A,0.25,0.73,8.58,0.64,0.27,22.25,11.25,23010000000.0,23010000000.0,N/A,0.31,0.68,4.54,0.68,14660000000.0,4.54,2890000000.0,0.97,N/A,5.10,5600000000.0,1.87,20270000000.0,1.59,3.81,3690000000.0,1.10,0.13,85.80,56210000.0,1.10,1.90,56950000.0,outperform
4303,2013-04-12 01:52:51,1365745971.0,s,6.22,41.48,1588.849976,17.83,23.65,343.46,N/A,0.53,2.66,12.24,0.89,0.39,46.73,11.77,34960000000.0,34960000000.0,N/A,1.43,0.99,5.10,0.99,14500000000.0,5.10,4330000000.0,1.44,N/A,3.20,8199999999.999999,2.72,24340000000.0,1.55,2.35,3000000000.0,0.80,0.01,89.10,64950000.0,2.00,2.80,69300000.0,outperform
4304,2007-02-27 11:47:28,1172594848.0,s,18.35,-51.23,1399.040039,-1.36,-49.87,0.416,47.40,1.22,1.07,2.67,8.79,2.57,3.23,15.603,56540000000.0,76390000000.0,N/A,1.93,1.65,5.249,1.65,20300000000.0,5.249,1680000000.0,0.41,52.10,34.10,2109999999.9999998,0.728,21960000000.0,0.934,18.212,12360000000.0,1.17,0.08,87.40,58370000.0,2.4,2.00,63340000.0,underperform
4305,2004-07-03 04:45:54,1088844354.0,s,15.47,45.77,1140.839966,4.43,41.34,1.138,2.98,0.20,1.41,8.07,2.12,8.02,51.82,152.091,7800000000.0,10260000000.0,8.68,1.46,0.26,3.97,0.26,14890000000.0,3.97,3180000000.0,12.309,146.90,0.60,4240000000.0,19.9,6460000000.0,1.416,26.695,630000000.0,0.563,0.42,77.60,14320000.0,5.314,6.76,14590000.0,outperform
4306,2004-08-09 23:37:26,1092109046.0,s,15.92,50.31,1065.219971,15.6,34.71,0.977,3.09,0.19,1.34,7.70,1.07,8.65,49.64,159.024,7580000000.0,9500000000.0,10.76,1.69,0.25,4.85,0.25,14890000000.0,4.85,2930000000.0,11.517,146.90,0.60,3560000000.0,16.73,5570000000.0,1.422,26.333,630000000.0,0.603,0.42,78.42,13730000.0,5.595,6.48,14320000.0,outperform
4307,2004-10-19 04:11:26,1098173486.0,s,17.65,16.94,1103.22998,8.39,8.55,0.977,3.25,0.21,1.40,7.70,1.07,8.65,49.64,159.024,7930000000.0,10010000000.0,11.26,1.97,0.26,5.11,0.26,14890000000.0,5.11,2930000000.0,11.517,146.90,0.60,3560000000.0,16.79,5570000000.0,1.422,26.889,363000000.0,0.558,0.43,77.82,13870000.0,6.4,6.57,12930000.0,outperform
4308,2013-04-26 03:38:02,1366961882.0,s,7.12,17.56,1582.23999,18.53,-0.9700000000000024,343.46,N/A,0.60,3.01,12.24,0.89,0.39,46.73,11.77,37730000000.0,37730000000.0,N/A,1.63,1.07,5.50,1.07,14500000000.0,5.50,4330000000.0,1.44,N/A,3.20,8199999999.999999,2.72,24340000000.0,1.55,2.35,3000000000.0,0.80,0.01,89.10,64950000.0,2.00,2.80,69300000.0,underperform
4309,2003-12-15 21:08:45,1071540525.0,s,13.01,71.64,1068.040039,12.67,58.97,3.807,9.21,0.28,2.21,3.74,5.13,3.10,23.65,136.29,11300000000.0,31040000000.0,9.30,1.20,0.75,7.47,0.75,15720000000.0,7.47,1500000000.0,4.834,87.20,0.70,1550000000.0,6.09,20900000000.0,1.402,20.85,N/A,0.555,0.52,83.84,19990000.0,6.409,7.92,19120000.0,outperform
4310,2007-02-26 23:21:53,1172550113.0,s,19.43,-52.19,1449.369995,-4.7,-47.489999999999995,0.416,47.40,1.21,1.06,2.67,8.79,2.57,3.23,15.603,56540000000.0,72110000000.0,N/A,1.46,1.56,4.955,1.56,20300000000.0,4.955,1680000000.0,0.41,52.10,34.10,2109999999.9999998,0.728,21960000000.0,0.934,18.212,12360000000.0,1.17,1.29,86.20,58370000.0,2.4,2.00,63340000.0,underperform
4311,2008-12-05 13:19:48,1228501188.0,s,2.6,44.23,876.070007,26.62,17.609999999999996,1.07,N/A,0.19,0.34,82.66,0.96,0.28,84.57,13.001,7140000000.0,25590000000.0,N/A,1.06,0.69,3.094,0.69,22960000000.0,3.094,30630000000.0,10.75,N/A,12.20,4190000000.0000005,1.468,22640000000.0,1.151,7.411,7200000000.0,2.24,1.98,95.70,60280000.0,1.7,2.10,76820000.0,outperform
4312,2012-01-01 10:02:29,1325430149.0,orcl,24.95,30.94,1263.02002,12.92,18.020000000000003,34.96,14.11,3.53,3.10,25.49,36.96,12.10,24.26,7.26,112680000000.0,112680000000.0,9.98,0.89,3.07,7.32,3.07,27220000000.0,7.32,9360000000.0,1.82,17.20,2.40,31010000000.0,6.17,14780000000.0,3.48,8.33,13130000000.0,1.15,21.91,62.40,28790000.0,1.10,0.70,33690000.0,outperform
4313,2011-11-15 02:32:48,1321342368.0,orcl,31.87,-9.51,1257.810059,7.77,-17.28,35.86,18.37,4.47,4.00,24.76,36.79,12.06,24.50,7.22,146420000000.0,146420000000.0,12.19,0.97,4.01,9.61,4.01,27220000000.0,9.61,9040000000.0,1.76,36.10,11.60,31660000000.0,6.28,14790000000.0,3.00,8.10,146420000000.0,1.17,21.91,62.40,42880000.0,1.30,N/A,50340000.0,underperform
4314,2012-03-25 05:54:11,1332669251.0,orcl,27.75,10.41,1392.780029,11.41,-1.0,34.15,14.96,3.88,3.31,26.33,37.52,12.21,24.25,7.33,127980000000.0,127980000000.0,10.86,1.00,3.46,8.15,3.46,27220000000.0,8.15,9740000000.0,1.91,18.10,3.10,29740000000.0,5.94,14780000000.0,3.23,8.64,13460000000.0,1.29,22.04,63.20,25840000.0,0.90,0.70,24980000.0,underperform
4315,2007-02-12 06:46:35,1171280795.0,orcl,15.74,16.58,1433.369995,-5.9,22.479999999999997,0.38,23.96,5.39,5.58,23.03,33.67,14.34,26.80,3.079,86540000000.0,N/A,N/A,1.08,N/A,N/A,N/A,9150000000.0,N/A,3700000000.0,0.70,21.20,26.50,7830000000.0,1.51,5900000000.0,1.913,2.996,4650000000.0,1.68,23.53,54.20,58210000.0,1.6,1.50,52180000.0,outperform
4316,2006-08-14 21:28:41,1155605321.0,orcl,14.46,26.56,1268.209961,12.48,14.079999999999998,0.393,23.93,5.46,5.22,23.51,34.48,12.58,26.16,2.768,80090000000.0,76810000000.0,N/A,1.18,5.34,13.223,5.34,9150000000.0,13.223,3380000000.0,0.64,27.20,25.10,7610000000.0,1.452,5890000000.0,1.728,2.869,4540000000.0,1.76,23.14,51.90,43040000.0,1.00,1.00,41850000.0,outperform
4317,2013-05-16 07:24:03,1368703443.0,orcl,33.7,22.97,1650.469971,13.78,9.19,45.11,15.82,4.31,3.70,28.46,38.55,11.64,24.29,7.68,144950000000.0,144950000000.0,11.64,1.18,3.90,8.39,3.90,29260000000.0,8.39,10570000000.0,2.15,0.20,0.90,33409999999.999996,7.09,19750000000.0,3.41,9.19,13720000000.0,1.47,23.41,61.70,40300000.0,1.60,1.10,42370000.0,outperform
4318,2006-06-17 13:09:03,1150564143.0,orcl,12.47,48.92,1230.040039,23.81,25.110000000000003,0.404,24.05,5.45,4.84,23.15,34.24,10.99,24.91,2.597,75700000000.0,74020000000.0,N/A,1.42,5.52,13.874,5.52,9150000000.0,13.874,3100000000.0,0.59,41.70,17.60,7760000000.0,1.455,6080000000.0,1.909,2.832,3860000000.0,1.74,22.72,52.40,37310000.0,0.9,0.90,43460000.0,outperform
4319,2010-08-22 17:33:12,1282512792.0,orcl,22.04,9.75,1075.630005,4.48,5.27,N/A,19.04,4.31,3.75,22.88,36.68,11.28,21.96,5.35,111890000000.0,111890000000.0,10.96,0.98,4.17,9.24,4.17,21060000000.0,9.24,6140000000.0,1.21,25.00,38.50,18470000000.0,3.68,14660000000.0,1.84,6.13,111890000000.0,0.97,23.11,61.70,37170000.0,1.30,0.90,25700000.0,outperform
4320,2013-02-21 05:37:18,1361443038.0,orcl,33.61,12.35,1502.420044,22.22,-9.87,45.51,16.46,4.50,3.91,28.38,38.49,11.74,24.66,7.59,150860000000.0,150860000000.0,11.83,1.09,4.05,8.72,4.05,29260000000.0,8.72,10560000000.0,2.13,17.70,3.40,33700000000.000004,7.12,19760000000.0,3.33,9.05,13530000000.0,1.49,23.00,60.40,36600000.0,1.90,1.00,31700000.0,underperform
4321,2007-01-13 14:46:13,1168717573.0,orcl,16.8,22.02,1414.849976,0.39,21.63,0.38,25.11,5.61,5.80,23.03,33.67,14.34,26.80,3.079,90690000000.0,88770000000.0,N/A,1.13,5.52,13.635,5.52,9150000000.0,13.635,3700000000.0,0.70,21.20,26.50,7830000000.0,1.51,5900000000.0,1.913,2.996,4650000000.0,1.71,23.53,54.40,52180000.0,1.4,1.30,54380000.0,outperform
4322,2007-10-12 03:48:22,1192175302.0,orcl,21.22,-24.79,1561.800049,-36.94,12.149999999999999,0.351,26.52,6.20,6.59,23.47,33.79,12.66,27.19,3.681,115020000000.0,115880000000.0,N/A,1.28,6.12,15.209,6.12,13810000000.0,15.209,4440000000.0,0.85,25.40,26.10,7740000000.0,1.512,6240000000.0,1.791,3.476,6600000000.0,1.2,23.78,55.00,43180000.0,1.6,1.10,46270000.0,outperform
4323,2007-03-28 17:28:34,1175117314.0,orcl,17.18,6.93,1417.22998,-6.45,13.379999999999999,0.363,24.34,5.63,6.06,23.33,33.49,12.68,25.75,3.267,94470000000.0,95110000000.0,N/A,1.16,5.59,13.743,5.59,9150000000.0,13.743,3970000000.0,0.75,35.00,27.20,6450000000.0,1.244,5740000000.0,1.685,3.05,4980000000.0,1.73,23.53,54.60,40900000.0,1.1,1.00,58210000.0,outperform
4324,2008-12-20 20:10:13,1229821813.0,orcl,15.83,37.65,904.419983,21.19,16.459999999999997,0.472,16.16,3.69,3.59,24.79,35.85,12.76,27.68,4.517,91650000000.0,89860000000.0,N/A,0.93,3.87,9.046,3.87,12770000000.0,9.046,5760000000.0,1.10,28.20,17.70,13020000000.0,2.526,11240000000.0,1.93,4.621,7940000000.0,1.1,22.35,60.20,57650000.0,1.40,1.40,48290000.0,outperform
4325,2008-12-18 05:20:54,1229595654.0,orcl,15.71,47.61,885.2800289999999,24.53,23.08,0.472,15.22,3.83,3.74,24.79,35.85,12.76,27.68,4.517,86290000000.0,87230000000.0,N/A,0.83,3.76,8.781,3.76,12770000000.0,8.781,5760000000.0,1.10,28.20,17.70,13020000000.0,2.526,11240000000.0,1.93,4.621,7940000000.0,1.1,22.35,60.20,57650000.0,1.40,1.40,48290000.0,outperform
4326,2005-01-25 01:55:46,1106636146.0,orcl,12.85,-7.94,1168.410034,8.24,-16.18,0.02,23.69,6.59,7.90,27.93,39.59,23.74,37.59,2.003,69180000000.0,60280000000.0,18.91,1.86,5.71,13.71,5.71,7840000000.0,13.71,2950000000.0,0.559,16.20,7.20,9440000000.0,1.81,171000000.0,2.905,1.685,3380000000.0,1.474,25.72,42.27,25790000.0,0.555,0.66,30710000.0,underperform
4327,2004-06-21 23:16:28,1087874188.0,orcl,10.54,12.62,1130.300049,7.37,5.249999999999999,0.022,22.12,5.70,7.22,26.41,38.05,22.87,37.86,1.907,57920000000.0,49460000000.0,17.15,1.80,4.87,12.07,4.87,7130000000.0,12.07,2680000000.0,0.504,3.70,2.00,8590000000.0,1.65,172000000.0,2.654,1.542,2980000000.0,1.816,25.72,42.56,34430000.0,0.783,0.89,40010000.0,outperform
4328,2007-05-01 10:41:28,1178030488.0,orcl,17.58,12.12,1486.300049,-6.78,18.9,0.363,25.10,5.68,6.11,23.33,33.49,12.68,25.75,3.267,96650000000.0,97480000000.0,N/A,1.20,5.73,14.085,5.73,9150000000.0,14.085,3970000000.0,0.75,35.00,27.20,6450000000.0,1.254,5740000000.0,1.685,3.075,4980000000.0,1.69,23.72,55.20,40650000.0,1.1,1.00,40900000.0,outperform
4329,2007-04-06 11:42:50,1175874170.0,orcl,17.36,11.58,1437.77002,-4.89,16.47,0.363,24.93,5.61,6.04,23.33,33.49,12.68,25.75,3.267,95980000000.0,94710000000.0,N/A,1.17,5.57,13.684,5.57,9150000000.0,13.684,3970000000.0,0.75,35.00,27.20,6450000000.0,1.254,5740000000.0,1.685,3.075,4980000000.0,1.69,23.53,54.60,40650000.0,1.1,1.00,40900000.0,outperform
4330,2004-08-03 12:48:45,1091551725.0,orcl,9.98,26.75,1099.689941,13.22,13.53,0.022,21.17,5.43,6.90,26.40,38.05,22.94,37.84,1.907,55170000000.0,46760000000.0,16.42,1.70,4.60,11.41,4.60,7840000000.0,11.41,2680000000.0,0.504,16.20,7.20,8590000000.0,1.66,172000000.0,2.654,1.546,3180000000.0,1.662,25.71,42.67,32210000.0,0.568,0.84,37300000.0,outperform
4331,2007-07-18 15:03:51,1184785431.0,orcl,19.3,2.18,1546.170044,-18.49,20.669999999999998,0.449,25.05,5.79,6.15,23.75,34.08,12.05,26.77,3.481,103880000000.0,103860000000.0,N/A,1.19,5.77,14.305,5.77,13810000000.0,14.305,4269999999.9999995,0.811,23.40,20.20,7020000000.0,1.373,7590000000.0,1.372,3.313,5520000000.0,1.42,23.72,54.90,48680000.0,1.9,1.20,47400000.0,outperform
4332,2013-09-03 23:47:25,1378266445.0,orcl,31.52,32.52,1639.77002,22.01,10.510000000000002,40.97,14.17,3.97,3.32,29.38,38.74,11.24,24.49,7.80,133070000000.0,133070000000.0,10.13,1.04,3.58,7.68,3.58,30070000000.0,7.68,10920000000.0,2.26,10.30,0.30,32220000000.0,6.96,18490000000.0,3.24,9.61,14220000000.0,1.49,23.68,61.50,43270000.0,2.20,1.20,35020000.0,outperform
4333,2005-02-04 07:04:19,1107518659.0,orcl,12.92,-7.97,1203.030029,6.6,-14.57,0.02,23.86,6.71,8.05,27.93,39.59,23.74,37.59,2.003,69700000000.0,61580000000.0,17.79,1.81,5.83,14.01,5.83,7840000000.0,14.01,2950000000.0,0.56,16.20,7.20,9440000000.0,1.81,171000000.0,2.905,1.685,3380000000.0,1.474,25.72,41.47,24920000.0,0.514,0.64,25790000.0,underperform
4334,2011-09-02 15:22:28,1314991348.0,orcl,26.03,17.75,1173.969971,20.15,-2.3999999999999986,39.56,16.22,3.96,3.55,23.99,35.73,11.78,23.93,7.06,129259999999.99998,129259999999.99998,10.15,0.77,3.63,8.90,3.63,27220000000.0,8.90,8550000000.000001,1.67,35.80,13.40,28850000000.0,5.70,15920000000.0,2.76,7.85,129259999999.99998,1.09,21.91,62.40,34600000.0,0.80,N/A,22140000.0,underperform
4335,2003-12-14 17:51:52,1071442312.0,orcl,12.13,14.01,1071.209961,11.9,2.1099999999999994,0.049,28.70,7.04,10.31,25.26,36.58,22.94,40.83,1.77,67060000000.0,59970000000.0,24.21,2.57,6.30,15.84,6.30,7130000000.0,15.84,2400000000.0,0.447,3.70,2.00,7400000000.0,1.42,320000000.0,2.249,1.25,N/A,1.804,25.72,41.73,41520000.0,0.995,1.07,49530000.0,outperform
4336,2012-01-10 17:00:37,1326232837.0,orcl,26.14,29.27,1292.079956,13.08,16.189999999999998,34.96,15.03,3.70,3.24,25.49,36.96,12.10,24.26,7.26,119610000000.0,119610000000.0,10.63,0.93,3.26,7.77,3.26,27220000000.0,7.77,9360000000.0,1.82,17.20,2.40,31010000000.0,6.17,14780000000.0,3.48,8.33,13130000000.0,1.15,22.04,63.20,28790000.0,1.10,0.70,33690000.0,outperform
4337,2008-01-23 13:58:54,1201114734.0,orcl,19.49,-19.24,1338.599976,-38.18,18.94,0.323,22.12,5.17,5.37,23.81,34.23,13.31,27.47,3.916,103860000000.0,101100000000.0,N/A,1.05,5.03,12.346,5.03,13810000000.0,12.346,4780000000.0,0.91,34.70,27.60,8430000000.0,1.642,6240000000.0,2.07,3.763,6960000000.0,1.23,23.10,55.30,36780000.0,1.1,0.90,36960000.0,outperform
4338,2012-06-20 17:56:23,1340229383.0,orcl,27.67,17.67,1355.689941,17.15,0.5200000000000031,37.37,14.49,3.73,3.14,26.89,37.87,11.57,23.67,7.40,124200000000.0,124200000000.0,9.73,0.85,3.35,7.32,3.35,27220000000.0,7.32,9980000000.0,1.96,7.50,1.30,30680000000.0,6.20,16469999999.999998,2.60,8.91,13740000000.0,1.32,22.24,61.50,35450000.0,1.20,0.90,38460000.0,outperform
4339,2005-12-19 03:53:36,1134982416.0,orcl,11.65,38.8,1259.920044,13.15,25.65,0.148,22.91,5.35,5.83,23.45,35.69,17.07,29.94,2.406,65379999999.99999,62420000000.0,N/A,1.37,5.05,12.585,5.05,9150000000.0,12.585,2900000000.0,0.55,2.00,25.00,4630000000.0,0.899,1680000000.0,1.098,2.201,3600000000.0,N/A,23.53,46.20,35650000.0,0.9,0.90,35540000.0,outperform
4340,2007-06-29 17:32:28,1183152748.0,orcl,18.64,14.38,1503.349976,-12.07,26.450000000000003,0.363,26.14,6.00,6.46,23.33,33.49,12.68,25.75,3.267,100660000000.0,101340000000.0,N/A,1.19,5.96,14.642,5.96,9150000000.0,14.642,3970000000.0,0.75,35.00,27.20,6450000000.0,1.254,5740000000.0,1.685,3.075,4980000000.0,1.5,23.72,54.90,47400000.0,1.9,1.20,46390000.0,outperform
4341,2004-11-21 18:41:35,1101080495.0,orcl,12.26,-4.08,1183.550049,6.02,-10.1,0.021,24.57,6.46,8.30,26.70,38.48,22.86,37.04,1.943,65390000000.0,56110000000.0,19.62,2.09,5.45,13.4,5.45,7840000000.0,13.4,2750000000.0,0.519,16.20,7.20,9440000000.0,1.84,172000000.0,2.655,1.563,3340000000.0,1.802,25.71,43.09,42820000.0,0.925,1.12,43380000.0,underperform
4342,2013-05-13 02:39:19,1368427159.0,cfn,33.77,22.09,1633.77002,16.14,5.949999999999999,21.07,20.25,2.14,1.47,10.31,18.46,N/A,N/A,16.24,7480000000.0,7480000000.0,13.88,1.33,2.07,8.72,2.07,1800000000.0,8.72,370000000.0,1.66,171.00,2.00,N/A,N/A,N/A,N/A,23.63,N/A,0.93,0.28,92.10,1830000.0,1.30,0.80,1920000.0,outperform
4343,2011-04-14 21:46:44,1302832004.0,cfn,29.18,-12.65,1314.52002,4.24,-16.89,28.44,41.57,1.62,1.29,4.03,13.55,4.17,3.26,17.53,6420000000.0,6420000000.0,15.60,1.27,1.65,9.04,1.65,1870000000.0,9.04,157000000.0,0.70,8.60,1.70,1090000000.0,4.87,1390000000.0,3.86,21.93,6420000000.0,N/A,0.68,88.80,3550000.0,2.70,1.90,3560000.0,underperform
4344,2011-12-13 17:30:53,1323815453.0,cfn,24.02,17.53,1225.72998,16.54,0.990000000000002,27.34,20.29,1.54,1.07,7.67,16.71,4.59,6.49,15.95,5700000000.0,5700000000.0,N/A,N/A,1.60,7.24,1.60,1800000000.0,7.24,322000000.0,1.20,76.30,4.10,1190000000.0,5.29,1400000000.0,3.35,22.86,330000000.0,0.91,0.68,88.80,2820000.0,1.60,1.30,1990000.0,outperform
4345,2011-06-16 08:23:15,1308226995.0,cfn,26.9,-8.03,1267.640015,5.93,-13.959999999999999,27.89,28.53,1.52,1.21,5.34,14.73,4.56,5.26,17.77,6230000000.0,6230000000.0,14.25,1.19,1.58,8.11,1.58,1870000000.0,8.11,255000000.0,0.94,N/A,3.60,1180000000.0,5.28,1390000000.0,4.16,22.29,6230000000.0,N/A,0.68,88.80,2420000.0,1.20,1.30,2210000.0,underperform
4346,2010-12-01 07:25:04,1291206304.0,cfn,23.57,6.79,1206.069946,3.19,3.6,28.98,33.88,1.31,1.07,3.86,13.44,4.24,3.27,17.64,5480000000.0,5480000000.0,12.36,2.33,1.40,7.80,1.40,1870000000.0,7.80,154000000.0,0.68,53.10,1.60,1000000000.0,4.50,1390000000.0,3.89,21.53,5480000000.0,N/A,16.39,77.20,3340000.0,1.30,1.80,3580000.0,outperform
4347,2011-08-18 14:19:33,1313691573.0,cfn,24.21,11.9,1140.650024,24.33,-12.429999999999998,27.25,22.74,1.62,1.12,6.92,16.92,4.62,5.94,15.84,5720000000.0,5720000000.0,11.93,0.96,1.62,7.28,1.62,1800000000.0,7.28,291000000.0,1.08,63.50,3.70,1370000000.0,6.13,1390000000.0,4.63,22.79,5720000000.0,N/A,0.68,88.80,3550000.0,2.20,1.90,3530000.0,underperform
4348,2011-11-14 18:39:12,1321313952.0,duk,50.81,11.61,1251.780029,9.81,1.799999999999999,87.83,15.12,1.96,1.23,12.89,20.61,3.11,8.21,10.76,45920000000.0,45920000000.0,14.72,3.63,3.21,9.24,3.21,5520000000.0,9.24,1840000000.0,1.38,29.60,0.50,2180000000.0,1.64,20110000000.0,1.23,17.11,45920000000.0,0.34,0.25,47.70,48480000.0,3.80,3.70,47890000.0,outperform
4349,2008-01-25 05:27:55,1201256875.0,duk,23.44,-3.67,1330.609985,-36.85,33.18,0.559,14.16,1.40,1.14,9.64,19.76,3.53,10.10,13.555,23200000000.0,34140000000.0,N/A,3.40,2.00,6.289,2.00,5540000000.0,6.289,2400000000.0,1.30,20.40,16.70,1580000000.0,1.256,11780000000.0,1.127,16.723,3500000000.0,0.02,0.26,58.20,22690000.0,3.9,1.80,23120000.0,outperform
4350,2013-04-23 13:25:22,1366737922.0,duk,69.68,1.94,1578.780029,18.79,-16.849999999999998,99.23,24.19,2.73,1.28,9.23,23.11,3.14,5.47,33.38,91340000000.0,91340000000.0,16.18,4.06,4.77,12.90,4.77,7050000000.0,12.90,1730000000.0,3.07,51.00,65.20,1760000000.0,2.50,40720000000.0,1.01,58.04,5240000000.0,0.17,0.16,52.40,7800000.0,3.10,1.10,7770000.0,underperform
4351,2007-03-09 02:16:42,1173424602.0,duk,22.74,4.79,1402.839966,-4.93,9.719999999999999,0.694,12.40,1.62,0.94,12.27,17.72,2.72,9.49,12.978,24440000000.0,42680000000.0,N/A,3.38,2.81,9.004,2.81,N/A,9.004,2020000000.0,1.57,36.10,30.60,N/A,N/A,18120000000.0,1.07,20.764999,3850000000.0,0.22,0.26,58.40,33950000.0,3.7,2.70,19240000.0,outperform
4352,2007-05-28 00:27:48,1180326468.0,duk,,,1515.72998,-8.6,,0.559,13.02,1.49,1.18,11.37,17.90,4.59,11.64,13.084,24170000000.0,33880000000.000004,N/A,3.34,2.07,5.743,2.07,5540000000.0,5.743,2170000000.0,1.47,0.30,89.30,1830000000.0,1.45,11540000000.0,1.127,16.389,3930000000.0,0.26,0.26,59.90,22950000.0,3.4,1.80,18220000.0,underperform
4353,2009-03-18 18:57:05,1237417025.0,duk,22.26,42.18,794.349976,46.77,-4.590000000000003,N/A,12.95,1.34,0.82,10.53,19.55,3.07,6.06,10.221,N/A,N/A,N/A,2.33,N/A,N/A,N/A,4200000000.0,N/A,1280000000.0,1.07,36.20,3.50,1040000000.0,0.809,14440000000.0,1.214,16.5,3330000000.0,0.37,0.31,52.70,12230000.0,1.2,1.00,11270000.0,underperform
4354,2004-06-20 07:22:12,1087730532.0,duk,19.03,59.8,1132.050049,7.42,52.379999999999995,1.545,N/A,0.81,1.29,6.00,5.76,2.23,9.02,24.438,18190000000.0,37300000000.0,16.16,4.45,1.68,70.64,1.68,4920000000.0,70.64,1350000000.0,1.477,227.90,43.80,2820000000.0,3.08,21800000000.0,1.014,15.293,3790000000.0,0.542,1.00,66.01,35640000.0,7.257,3.94,30250000.0,outperform
4355,2013-04-25 02:58:20,1366873100.0,duk,70.36,2.89,1585.160034,17.55,-14.66,99.23,24.33,2.74,1.28,9.23,23.11,3.14,5.47,33.38,91340000000.0,91340000000.0,16.28,4.04,4.77,12.90,4.77,7050000000.0,12.90,1730000000.0,3.07,51.00,65.20,1760000000.0,2.50,40720000000.0,1.01,58.04,5240000000.0,0.17,0.16,52.40,7800000.0,3.10,1.10,7770000.0,underperform
4356,2008-10-28 22:13:49,1225246429.0,duk,24.27,14.22,940.51001,10.86,3.360000000000001,0.624,12.67,1.53,0.93,12.81,21.28,3.46,8.09,10.298,21100000000.0,32000000000.0,N/A,2.65,2.46,6.934,2.46,8220000000.000001,6.934,1690000000.0,1.316,19.80,8.90,1180000000.0,0.931,13290000000.0,1.066,16.839001,3490000000.0,0.43,1.79,56.90,27110000.0,2.4,2.10,27120000.0,outperform
4357,2004-04-12 20:47:18,1081817238.0,duk,20.26,45.85,1145.199951,3.72,42.13,1.581,N/A,0.88,1.43,4.46,3.66,1.65,6.74,24.921,19610000000.0,39480000000.0,17.46,3.86,1.75,40.33,1.75,8710000000.0,40.33,1020000000.0,1.112,45.50,73.70,2730000000.0,2.99,21950000000.0,1.025,15.091,3960000000.0,0.527,1.00,62.37,27530000.0,8.891,3.05,30550000.0,outperform
4358,2004-11-11 14:01:33,1100199693.0,duk,25.36,8.48,1173.47998,5.22,3.2600000000000007,1.351,N/A,1.06,1.53,4.20,2.69,1.66,6.40,24.07,23440000000.0,40170000000.0,17.24,4.80,1.81,32.27,1.81,8590000000.0,32.27,941000000.0,1.058,227.90,41.40,4059999999.9999995,4.33,20650000000.0,0.991,16.299,3820000000.0,0.589,0.72,64.62,25380000.0,9.021,2.72,25820000.0,outperform
4359,2005-01-28 18:25:20,1106954720.0,duk,26.3,15.21,1171.359985,7.97,7.240000000000001,1.351,N/A,1.10,1.60,4.20,2.69,1.66,6.40,24.07,24240000000.0,41190000000.0,17.11,4.92,1.85,33.09,1.85,8590000000.0,33.09,941000000.0,1.058,227.90,41.40,4059999999.9999995,4.33,20650000000.0,0.991,16.299,4090000000.0,0.626,0.72,64.03,17780000.0,8.124,1.91,17190000.0,outperform
4360,2012-01-01 06:25:29,1325417129.0,duk,55.81,5.88,1263.02002,12.92,-7.04,87.83,15.92,2.05,1.29,12.89,20.61,3.11,8.21,10.76,47250000000.0,47250000000.0,15.38,4.02,3.30,9.50,3.30,5520000000.0,9.50,1840000000.0,1.38,29.60,0.50,2180000000.0,1.64,20110000000.0,1.23,17.11,3880000000.0,0.31,0.25,47.70,48560000.0,4.30,3.70,52000000.0,underperform
4361,2004-08-11 20:36:24,1092270984.0,duk,22.13,32.99,1075.790039,15.06,17.93,1.44,N/A,0.94,1.44,5.97,5.62,2.28,9.05,24.337,21020000000.0,38230000000.0,17.37,6.17,1.72,70.67,1.72,4920000000.0,70.67,1340000000.0,1.481,227.90,43.80,4040000000.0,4.31,21150000000.0,1.099,15.517,3790000000.0,0.575,1.00,64.62,30060000.0,12.491,3.24,30840000.0,outperform
4362,2005-09-07 15:55:58,1126122958.0,duk,30.29,10.99,1236.359985,4.66,6.33,1.119,14.76,1.18,1.66,8.38,14.07,3.83,12.47,24.367,26910000000.0,43320000000.0,N/A,3.72,1.89,7.781,1.89,9070000000.0,7.781,1930000000.0,1.97,28.50,6.40,2049999999.9999998,2.212,18370000000.0,1.021,17.582001,3760000000.0,N/A,8.48,70.00,31240000.0,9.9,3.40,35440000.0,outperform
4363,2007-03-16 01:38:47,1174023527.0,duk,23.1,2.64,1386.949951,-5.64,8.28,0.773,12.51,1.63,0.93,12.45,18.17,3.50,9.49,12.789,24730000000.0,42090000000.0,N/A,3.34,2.81,7.428,2.81,5540000000.0,7.428,2020000000.0,1.57,36.10,43.20,2460000000.0,1.958,20170000000.0,1.049,20.764999,3750000000.0,0.22,0.26,58.60,33950000.0,3.7,2.70,19240000.0,outperform
4364,2007-05-20 17:59:55,1179698395.0,duk,24.95,5.17,1512.75,-5.69,10.86,0.773,12.98,1.57,1.25,12.45,18.17,3.50,9.49,12.789,25690000000.0,43960000000.0,N/A,3.56,2.94,7.758,2.94,5540000000.0,7.758,2020000000.0,1.57,36.10,43.20,2460000000.0,1.958,20170000000.0,1.049,16.389,3750000000.0,0.26,0.26,58.20,22950000.0,3.4,1.80,18220000.0,outperform
4365,2012-03-22 05:17:53,1332407873.0,duk,54.7,20.88,1392.780029,11.78,9.1,92.56,16.27,1.96,1.23,11.98,21.80,3.19,7.53,10.69,46770000000.0,46770000000.0,14.08,4.03,3.29,9.12,3.29,5610000000.0,9.12,1700000000.0,1.28,32.60,2.30,2300000000.0,1.73,21160000000.0,1.25,17.05,3670000000.0,0.18,0.24,49.10,56220000.0,4.10,4.20,55260000.0,outperform
4366,2007-04-10 09:27:32,1176211652.0,duk,24.6,1.02,1448.390015,-6.48,7.5,0.773,13.24,1.75,1.00,12.45,18.17,3.50,9.49,12.789,26160000000.0,43870000000.0,N/A,3.56,2.93,7.743,2.93,5540000000.0,7.743,2020000000.0,1.57,36.10,43.20,2460000000.0,1.958,20170000000.0,1.049,20.764999,3750000000.0,0.17,0.26,58.50,18220000.0,2.5,1.50,33950000.0,outperform
4367,2007-03-07 23:19:13,1173327553.0,duk,23.08,1.17,1391.969971,-6.3,7.47,0.694,12.46,1.62,0.94,12.27,17.72,2.72,9.49,12.978,24560000000.0,42690000000.0,N/A,3.30,2.81,9.007,2.81,N/A,9.007,2020000000.0,1.568,36.10,30.60,N/A,N/A,18120000000.0,1.07,20.764999,3850000000.0,0.22,0.26,58.40,33950000.0,3.7,2.70,19240000.0,outperform
4368,2007-04-20 10:34:12,1177079652.0,duk,24.72,0.93,1484.349976,-8.06,8.99,0.773,13.15,1.74,1.00,12.45,18.17,3.50,9.49,12.789,25980000000.0,43700000000.0,N/A,3.56,2.92,7.712,2.92,5540000000.0,7.712,2020000000.0,1.57,36.10,43.20,2460000000.0,1.958,20170000000.0,1.049,20.764999,3750000000.0,0.17,0.26,58.70,18220000.0,2.5,1.50,33950000.0,outperform
4369,2007-02-27 11:23:17,1172593397.0,duk,23.18,6.47,1399.040039,-1.36,7.83,0.694,12.76,1.66,0.96,12.27,17.72,2.72,9.49,12.978,25150000000.0,43270000000.0,N/A,3.13,2.85,9.129,2.85,N/A,9.129,2020000000.0,1.57,36.10,30.60,N/A,N/A,18120000000.0,1.07,20.764999,3850000000.0,0.23,0.26,58.40,19240000.0,3.3,1.50,18250000.0,outperform
4370,2003-10-09 01:26:58,1065677218.0,duk,16.57,40.68,1038.72998,8.03,32.65,1.509,16.82,0.80,1.04,4.87,12.49,1.56,6.49,23.036,16860000000.0,36290000000.0,13.43,2.66,1.79,8.5,1.79,8710000000.0,8.5,973000000.0,N/A,45.50,73.70,4080000000.0,4.51,23930000000.0,1.053,17.38,N/A,0.416,1.00,59.65,31140000.0,8.563,3.48,33700000.0,outperform
4371,2008-06-11 08:04:00,1213185840.0,duk,25.13,-3.98,1335.48999,-29.25,25.27,0.565,14.10,1.78,1.06,12.62,20.66,3.36,7.84,10.101,22650000000.0,34110000000.0,N/A,2.80,2.68,7.561,2.68,8220000000.000001,7.561,1650000000.0,1.27,30.30,10.10,642000000.0,0.508,12100000000.0,0.853,16.938,3310000000.0,0.57,1.68,56.50,38720000.0,6.2,3.10,30980000.0,outperform
4372,2012-06-15 14:04:22,1339783462.0,duk,63.1,-0.13,1342.839966,20.08,-20.209999999999997,90.38,20.73,2.18,1.36,10.49,22.51,3.31,6.55,10.65,50330000000.0,50330000000.0,15.51,4.61,3.54,9.56,3.54,5610000000.0,9.56,1480000000.0,1.12,42.30,0.90,1310000000.0,0.98,20680000000.0,1.38,17.03,3580000000.0,0.18,0.26,50.20,78750000.0,5.30,5.90,78860000.0,underperform
4373,2007-06-22 07:20:37,1182511237.0,duk,22.21,14.14,1502.560059,-10.96,25.1,0.559,12.68,1.42,1.12,11.37,17.90,4.59,11.64,13.084,23540000000.0,33250000000.0,N/A,3.28,2.03,5.636,2.03,5540000000.0,5.636,2170000000.0,1.47,0.30,89.30,1830000000.0,1.45,11540000000.0,1.127,16.389,3930000000.0,0.32,0.26,61.50,22590000.0,4.1,1.80,22950000.0,outperform
4374,2005-03-05 21:49:33,1110077373.0,duk,27.89,10.15,1210.079956,6.53,3.62,1.03,21.43,1.13,1.56,5.48,12.54,2.24,8.26,23.908,25970000000.0,43040000000.0,16.38,4.40,1.91,10.24,1.91,8590000000.0,10.24,1220000000.0,1.29,227.90,41.40,N/A,16930000000.0,16930000000.0,1.065,17.361,4090000000.0,0.681,0.72,65.34,18630000.0,5.37,2.00,17780000.0,outperform
4375,2013-03-14 19:51:58,1363305118.0,duk,65.48,5.62,1563.22998,17.78,-12.16,99.23,22.76,2.57,1.20,9.23,23.11,3.14,5.47,33.38,88030000000.0,88030000000.0,15.19,4.04,4.60,12.43,4.60,7050000000.0,12.43,1730000000.0,3.07,51.00,65.20,1760000000.0,2.50,40720000000.0,1.01,58.04,5240000000.0,0.14,0.16,52.40,9450000.0,2.60,2.10,9640000.0,underperform
4376,2005-05-27 03:51:49,1117180309.0,tap,24.45,9.33,1198.780029,4.99,4.34,0.514,13.51,0.75,0.65,3.61,6.74,2.68,6.58,100.221,3300000000.0,5890000000.0,12.03,1.38,1.33,10.13,1.33,1560000000.0,10.13,145360000.0,4.30,12.60,7.60,95550000.0,1.68,2640000000.0,0.6,90.636002,499910000.0,0.422,20.16,74.27,1690000.0,1.361,3.74,1650000.0,outperform
4377,2007-10-14 02:07:05,1192342025.0,tap,46.4,-23.12,1554.410034,-35.45,12.330000000000002,0.436,22.96,1.64,1.52,7.06,11.97,3.63,7.22,34.337,9870000000.0,12020000000.0,N/A,1.66,2.00,10.954,2.00,2360000000.0,10.954,438070000.0,2.40,18.40,5.90,679970000.0,3.791,2820000000.0,0.924,36.132999,644290000.0,0.86,0.01,87.70,1640000.0,1.2,1.20,2000000.0,outperform
4378,2013-05-07 11:39:26,1367941166.0,tap,48.92,25.29,1625.959961,15.51,9.78,58.41,20.91,2.36,1.16,11.31,12.21,2.09,5.58,21.66,13290000000.0,13290000000.0,11.91,2.68,3.39,17.71,3.39,1560000000.0,17.71,441500000.0,2.44,65.40,9.90,624000000.0,3.44,4670000000.0,0.67,43.90,983700000.0,0.84,14.48,3.60,2460000.0,1.90,1.70,2620000.0,outperform
4379,2005-03-29 13:30:25,1112121025.0,tap,31.8,-9.56,1165.359985,11.8,-21.36,0.582,14.92,0.94,1.81,4.95,8.09,4.71,13.72,113.583,4070000000.0000005,4880000000.0,13.71,1.53,1.13,7.94,1.13,1560000000.0,7.94,196740000.0,5.17,12.60,7.60,123010000.0,2.33,932210000.0,1.078,42.525002,499910000.0,0.426,5.07,0.27,2640000.0,2.029,5.27,6530000.0,underperform
4380,2008-10-17 00:00:52,1224216052.0,tap,33.02,33.43,940.5499880000001,16.1,17.33,0.291,16.59,1.03,0.92,6.65,12.26,3.74,6.61,35.4,7050000000.0,8400000000.0,N/A,1.03,1.31,7.429,1.31,2490000000.0,7.429,450670000.0,2.32,56.20,4.80,284400000.0,1.55,2080000000.0,1.017,38.997002,728440000.0,0.77,1.21,89.20,1800000.0,1.2,1.20,2280000.0,outperform
4381,2011-10-08 09:20:22,1318080022.0,tap,36.89,14.85,1144.030029,27.74,-12.889999999999999,24.45,11.46,2.31,0.95,20.14,12.34,2.04,8.72,17.87,8500000000.0,8500000000.0,11.02,0.97,2.55,13.78,2.55,1440000000.0,13.78,675200000.0,3.58,6.10,5.70,1180000000.0,6.32,2000000000.0,1.28,43.50,8500000000.0,0.78,97.52,7.90,3000000.0,2.30,2.20,3140000.0,underperform
4382,2007-04-10 09:26:50,1176211610.0,tap,40.05,13.33,1448.390015,-6.48,19.810000000000002,0.367,22.76,1.44,1.42,6.18,11.27,3.66,6.71,67.899,8400000000.0,10350000000.0,N/A,1.80,1.77,9.215,1.77,2360000000.0,9.215,373560000.0,4.17,343.40,10.60,182190000.0,2.057,2130000000.0,0.81,66.847,833240000.0,1.15,0.23,70.90,1530000.0,1.5,2.20,1540000.0,outperform
4383,2005-05-03 04:31:55,1115109115.0,tap,25.43,9.95,1161.170044,12.66,-2.710000000000001,0.582,12.09,0.81,1.45,4.95,8.10,4.71,13.72,113.596,3540000000.0,4380000000.0,11.09,1.26,1.02,7.13,1.02,1560000000.0,7.13,196740000.0,5.17,12.60,7.60,123010000.0,2.17,932210000.0,1.078,42.525002,499910000.0,0.378,20.16,4.79,1650000.0,1.885,3.65,2640000.0,underperform
4384,2007-04-05 15:54:33,1175802873.0,nue,51.1,10.16,1443.76001,-5.08,15.24,0.191,11.78,1.34,4.09,11.92,19.49,24.26,38.61,48.109,20150000000.0,18500000000.0,N/A,2.09,1.25,5.64,1.25,3470000000.0,5.64,1760000000.0,5.68,19.70,8.10,2200000000.0,7.293,922300000.0,3.224,16.035999,2250000000.0,2.57,0.39,80.80,8510000.0,2.1,2.80,7200000.0,outperform
4385,2005-03-31 18:05:50,1112310350.0,nue,20.99,83.66,1180.589966,9.68,73.97999999999999,0.267,8.23,0.80,2.65,9.86,15.22,21.20,39.85,71.3,9220000000.0,9300000000.0,12.15,1.50,0.82,4.35,0.82,2250000000.0,4.35,1120000000.0,7.02,1686.30,81.60,779050000.0,4.88,923550000.0,2.979,21.631001,1030000000.0,1.416,0.79,89.78,12440000.0,4.222,7.85,12300000.0,outperform
4386,2008-10-16 22:44:57,1224211497.0,nue,25.85,46.81,946.429993,14.92,31.89,0.413,5.38,0.42,1.10,8.38,14.57,16.09,26.52,71.001,10060000000.0,9160000000.0,N/A,0.51,0.44,2.611,0.44,3130000000.0,2.611,1740000000.0,5.913,68.40,70.10,2790000000.0,8.819,3270000000.0,2.757,24.999001,2029999999.9999998,1.72,0.33,80.50,6460000.0,0.6,2.00,7730000.0,outperform
4387,2008-06-20 01:24:22,1213939462.0,nue,60.3,-36.42,1317.930054,-30.9,-5.520000000000003,0.494,15.17,1.24,4.06,8.43,14.86,16.67,28.42,60.834,22310000000.0,24000000000.0,N/A,1.40,1.35,7.755,1.35,3130000000.0,7.755,1500000000.0,5.10,7.50,32.00,733990000.0,2.544,2680000000.0,2.057,18.802999,2040000000.0,1.88,0.32,74.30,7570000.0,2.60,2.60,9870000.0,underperform
4388,2004-08-11 17:43:51,1092260631.0,nue,14.92,43.23,1075.790039,15.06,28.169999999999995,0.334,16.05,0.78,2.40,4.83,7.31,8.64,16.52,105.346,6440000000.0,6890000000.0,9.98,0.47,0.83,6.84,0.83,269280000.0,6.84,401250000.0,5.06,61.30,30.50,502050000.0,6.33,903550000.0,2.434,34.132,568270000.0,1.374,0.72,89.65,5600000.0,4.031,7.11,6180000.0,outperform
4389,2006-09-05 14:41:13,1157481673.0,nue,38.49,6.83,1313.25,12.11,-5.279999999999999,0.199,10.73,1.13,3.31,10.78,17.52,20.94,34.48,43.738,15460000000.0,14090000000.0,N/A,1.82,1.04,5.119,1.04,2620000000.0,5.119,1460000000.0,4.673,40.30,21.00,2150000000.0,6.987,923550000.0,3.101,14.991,2130000000.0,2.29,0.32,84.50,12760000.0,2.7,4.10,11440000.0,underperform
4390,2011-03-10 22:08:33,1299812913.0,nue,39.44,-2.69,1295.109985,5.85,-8.54,59.43,107.31,0.92,2.05,0.85,2.86,2.13,2.77,50.15,16790000000.0,16790000000.0,11.77,1.15,1.06,16.22,1.06,843660000.0,16.22,132270000.00000001,0.42,N/A,31.20,2480000000.0,7.85,4360000000.0,3.90,22.55,16790000000.0,1.00,0.31,75.20,13430000.0,3.30,4.30,13730000.0,underperform
4391,2007-05-28 00:31:00,1180326660.0,nue,,,1515.72998,-8.6,,0.198,11.47,1.29,3.75,11.74,19.32,22.92,36.26,49.224,19830000000.0,19480000000.0,N/A,1.64,1.30,5.895,1.30,3470000000.0,5.895,1760000000.0,5.73,0.30,6.30,1370000000.0,4.538,1020000000.0,2.637,17.025999,2250000000.0,2.14,0.38,80.90,11330000.0,3.80,3.80,8510000.0,underperform
4392,2009-02-04 01:12:53,1233727973.0,nue,35.03,-4.65,832.22998,27.74,-32.39,0.413,7.13,0.54,1.60,7.74,13.95,17.41,28.08,77.706,13390000000.0,13620000000.0,N/A,1.54,0.58,3.539,0.58,3130000000.0,3.539,1830000000.0,5.982,71.00,5.60,2360000000.0,7.497,3280000000.0,3.45,25.240999,2500000000.0,1.01,0.33,75.50,8130000.000000001,1.3,2.60,8730000.0,underperform
4393,2004-05-16 19:52:07,1084751527.0,nue,10.7,67.01,1096.439941,6.32,60.690000000000005,0.368,28.90,0.66,1.89,2.24,3.12,3.52,6.73,89.935,4570000000.0,5070000000.0,10.45,0.53,0.72,8.26,0.72,269280000.0,8.26,158240000.0,2.003,61.30,30.50,397910000.0,5.04,903550000.0,2.18,31.097,568270000.0,1.33,0.80,87.46,4660000.0,4.039,5.95,5300000.0,outperform
4394,2013-05-23 18:41:55,1369348915.0,nue,43.4,16.06,1650.51001,15.15,0.9099999999999984,47.07,33.14,0.77,1.94,2.35,5.40,4.42,6.93,59.38,17290000000.0,17290000000.0,12.60,3.43,0.91,10.61,0.91,1510000000.0,10.61,442610000.0,1.38,41.60,10.30,932200000.0,2.93,3670000000.0,2.79,23.81,1130000000.0,1.25,0.24,76.00,10400000.0,3.70,3.30,8900000.0,outperform
4395,2005-01-29 23:05:47,1107057947.0,nue,19.28,53.27,1174.069946,8.5,44.77,0.267,7.83,0.87,2.78,9.86,15.22,21.20,39.85,71.3,8730000000.0,8880000000.0,10.46,0.51,0.78,4.15,0.78,269280000.0,4.15,1120000000.0,7.015,61.30,30.50,779050000.0,4.9,923550000.0,2.979,19.577999,1020000000.0,1.438,0.87,87.45,11800000.0,5.163,7.48,11180000.0,outperform
4396,2013-04-22 03:46:58,1366616818.0,nue,40.2,27.16,1562.5,20.29,6.870000000000001,47.07,30.71,0.71,1.78,2.35,5.40,4.42,6.93,59.38,16250000000.0,16250000000.0,11.15,2.61,0.86,9.97,0.86,1510000000.0,9.97,442590000.0,1.38,41.60,10.30,932200000.0,2.93,3670000000.0,2.79,23.75,1130000000.0,1.26,0.24,76.00,7970000.0,2.80,2.50,7400000.0,outperform
4397,2013-04-06 07:09:20,1365246560.0,nue,40.91,23.32,1553.689941,21.57,1.75,47.10,27.70,0.71,1.81,2.60,5.70,4.82,7.61,61.07,16379999999.999998,16379999999.999998,11.43,2.50,0.84,9.55,0.84,1510000000.0,9.55,502910000.0,1.58,0.10,7.80,1160000000.0,3.64,3710000000.0,2.79,24.06,1200000000.0,1.26,0.24,76.00,7400000.0,2.40,N/A,7210000.0,outperform
4398,2007-03-06 18:10:04,1173222604.0,zmh,81.33,-8.26,1395.410034,-4.42,-3.84,0.02,24.55,5.64,4.00,23.87,33.51,13.21,17.38,14.384,19800000000.0,19550000000.0,N/A,1.41,5.59,13.643,5.59,2550000000.0,13.643,834500000.0,3.40,22.60,10.10,265700000.0,1.12,99600000.0,2.78,20.778999,1040000000.0,1.14,0.06,77.50,5550000.0,2.30,2.30,6490000.0,underperform
4399,2005-03-06 11:11:23,1110125483.0,zmh,83.54,-20.59,1210.469971,5.6,-26.189999999999998,0.165,39.11,7.08,5.35,18.18,25.60,10.16,15.47,12.033,20960000000.0,21460000000.0,24.07,1.48,7.20,22.72,7.20,1380000000.0,22.72,541800000.0,2.19,34.30,38.50,154600000.0,0.63,651500000.0,2.227,16.072001,773300000.0,0.018,0.21,76.70,5120000.0,2.337,2.09,3650000.0,underperform
4400,2006-05-24 00:57:08,1148446628.0,zmh,59.11,47.12,1258.569946,19.78,27.339999999999996,0.017,19.82,4.62,3.11,23.04,34.02,12.46,16.84,13.405,15040000000.0,15020000000.0,N/A,1.13,4.53,11.261,4.53,2550000000.0,11.261,764500000.0,3.06,18.40,3.90,403800000.0,1.627,81500000.0,3.205,19.860001,928400000.0,1.12,0.08,76.80,3730000.0,2.3,1.50,4230000.0,outperform
4401,2004-11-15 23:13:45,1100578425.0,zmh,77.27,-17.02,1183.810059,3.82,-20.84,0.187,52.05,6.79,5.39,13.12,20.38,8.51,13.23,11.635,19520000000.0,20200000000.0,28.12,1.72,7.01,26.5,7.01,1380000000.0,26.5,378800000.0,1.529,34.30,38.50,45300000.0,0.18,680400000.0,2.21,14.801,666200000.0,0.026,0.20,75.89,3160000.0,2.467,1.29,3280000.0,underperform
4402,2013-05-11 09:45:27,1368279927.0,zmh,76.97,28.35,1632.689941,14.88,13.47,29.81,18.07,2.95,2.31,17.09,29.56,9.52,13.40,25.88,13890000000.0,13890000000.0,12.68,1.44,3.11,8.33,3.11,3350000000.0,8.33,764000000.0,4.39,4.30,0.20,1200000000.0,7.12,1700000000.0,4.54,33.86,1120000000.0,0.88,0.13,86.80,6210000.0,5.60,3.70,6330000.0,outperform
4403,2006-09-05 14:42:15,1157481735.0,zmh,65.22,14.58,1313.25,12.11,2.4700000000000006,0.017,21.92,4.95,3.40,23.11,33.87,12.74,16.84,13.566,16520000000.0,16350000000.000002,N/A,1.25,4.88,12.002,4.88,2550000000.0,12.002,774700000.0,3.11,5.30,4.10,335800000.0,1.383,82600000.0,2.838,20.139,990000000.0,1.37,0.08,75.50,8430000.0,2.9,3.50,3240000.0,outperform
4404,2011-10-30 16:59:21,1320008361.0,zmh,52.59,,1284.589966,9.91,,19.07,16.62,2.37,1.71,14.67,27.36,9.26,10.87,22.34,10540000000.0,10540000000.0,10.36,1.19,2.42,6.85,2.42,3210000000.0,6.85,638700000.0,3.27,23.10,7.50,945500000.0,4.96,1150000000.0,4.58,31.60,10540000000.0,1.24,0.11,84.70,6960000.0,2.90,3.60,6300000.0,underperform
4405,2013-04-22 02:24:00,1366611840.0,zmh,72.21,26.19,1562.5,20.29,5.900000000000002,31.04,17.23,2.76,2.14,16.88,29.49,9.40,13.23,25.57,12790000000.0,12790000000.0,11.83,1.27,2.86,7.62,2.86,3350000000.0,7.62,755000000.0,4.29,2.40,1.10,1560000000.0,9.19,1820000000.0,4.28,34.15,1150000000.0,0.88,0.13,86.80,6130000.0,6.00,3.70,6670000.0,outperform
4406,2005-04-05 08:55:14,1112705714.0,zmh,74.43,-12.39,1181.390015,11.02,-23.41,0.165,34.14,6.17,4.64,18.18,25.60,10.16,15.47,12.033,18400000000.0,18920000000.0,21.01,1.29,6.35,20.03,6.35,2200000000.0,20.03,541800000.0,2.19,56.50,56.80,154600000.0,0.63,651500000.0,2.227,16.059,862200000.0,0.005,0.20,76.23,4920000.0,2.662,2.00,5120000.0,underperform
4407,2007-01-15 03:12:24,1168848744.0,zmh,,,1430.72998,-3.48,,0.021,24.68,5.49,3.90,23.15,33.61,13.02,16.96,13.893,18780000000.0,18600000000.0,N/A,1.54,5.46,13.33,5.46,2550000000.0,13.33,789400000.0,3.19,8.70,7.50,275600000.0,1.155,100900000.0,2.514,20.143,1040000000.0,1.21,0.08,77.90,7050000.0,5.5,3.00,5990000.0,underperform
4408,2008-01-17 05:45:45,1200566745.0,zmh,65.73,-40.12,1333.25,-36.24,-3.8799999999999955,0.02,21.44,4.23,3.02,20.07,34.32,13.13,15.00,15.87,15870000000.0,15680000000.0,N/A,1.29,4.17,10.383,4.17,2720000000.0,10.383,754100000.0,3.15,75.70,10.20,313000000.0,1.333,103200000.0,2.686,22.410999,909600000.0,1.04,0.09,73.90,2080000.0,0.9,0.90,1330000.0,underperform
4409,2007-04-10 06:18:58,1176200338.0,zmh,85.91,-11.35,1448.390015,-6.48,-4.869999999999999,0.02,25.97,5.97,4.24,23.87,33.51,13.21,17.38,14.384,20940000000.0,20780000000.0,N/A,1.49,5.94,14.496,5.94,2720000000.0,14.496,834500000.0,3.40,22.60,10.10,265700000.0,1.12,99600000.0,2.78,20.778999,1040000000.0,1.13,0.06,78.20,5980000.0,4.6,2.50,5550000.0,underperform
4410,2004-06-27 17:34:04,1088372044.0,ffiv,12.41,78.81,1140.650024,4.39,74.42,3.606,68.63,6.22,3.36,9.09,9.30,6.30,7.83,4.297,877300000.0,746480000.0,33.95,1.81,5.43,42.28,5.43,88990000.0,42.28,12510000.0,0.371,N/A,7.00,130820000.0,3.8,3.606,3.606,7.381,27660000.0,3.654,26.00,86.99,4410000.0,4.127,17.29,4170000.0,outperform
4411,2011-08-08 15:10:57,1312830657.0,ffiv,75.26,35.03,1119.459961,25.18,9.850000000000001,N/A,28.80,6.13,5.75,20.34,30.02,14.30,21.08,13.53,6110000000.0,6110000000.0,17.76,1.02,5.60,17.52,5.60,710020000.0,17.52,222020000.0,2.72,54.50,26.10,585330000.0,7.25,0.00,2.28,14.43,6110000000.0,1.03,0.55,94.00,2910000.0,1.30,3.60,3880000.0,outperform
4412,2011-10-08 07:34:45,1318073685.0,ffiv,82.57,30.11,1144.030029,27.74,2.370000000000001,N/A,31.27,6.34,5.94,20.34,30.02,14.30,21.08,13.53,6280000000.0,6280000000.0,19.59,1.05,5.75,18.00,5.75,710020000.0,18.00,222020000.0,2.72,54.50,26.10,585330000.0,7.25,0.00,2.28,14.43,6280000000.0,0.93,0.55,94.00,3480000.0,1.30,N/A,2820000.0,outperform
4413,2004-03-31 13:19:36,1080757176.0,ffiv,16.91,49.32,1126.209961,4.83,44.49,4.263,143.58,9.32,4.89,5.90,6.35,4.48,5.74,4.213,1160000000.0,1030000000.0,46.57,2.39,8.21,128.84,8.21,88990000.0,128.84,7370000.0,0.24,N/A,7.00,137900000.0,4.08,4.263,4.263,7.047,20350000.0,3.624,25.98,73.77,3840000.0,3.307,15.36,1810000.0,outperform
4414,2003-10-26 19:13:44,1067213624.0,ffiv,11.65,41.46,1033.77002,5.9,35.56,N/A,279.26,5.64,6.01,2.08,1.28,1.77,2.38,4.102,609860000.0,545690000.0,86.30,7.76,4.90,341.91,4.90,77790000.0,341.91,2310000.0,0.081,N/A,0.80,64160000.0,2.38,N/A,2.631,3.87,N/A,3.705,25.82,64.59,2490000.0,4.133,12.44,2820000.0,outperform
4415,2007-02-19 03:09:54,1171872594.0,ffiv,,,1455.540039,-7.33,,N/A,42.15,7.19,4.65,17.17,22.41,10.37,12.64,10.491,3040000000.0,2680000000.0,N/A,1.34,6.30,21.263,6.30,305900000.0,21.263,73140000.0,1.75,46.90,36.30,415320000.0,10.101,N/A,4.407,15.967,N/A,2.67,0.27,98.60,1860000.0,2.2,4.50,1670000.0,underperform
4416,2013-02-06 15:51:23,1360183883.0,ffiv,107.66,-1.48,1512.119995,17.28,-18.76,N/A,30.48,5.88,6.02,19.59,30.67,14.57,21.76,17.98,7830000000.0,7830000000.0,18.30,1.22,5.51,16.49,5.51,1140000000.0,16.49,278190000.0,3.50,4.50,13.30,517740000.0,6.59,0.00,1.50,17.64,508360000.0,2.04,0.36,106.30,3620000.0,3.00,4.60,4420000.0,underperform
4417,2004-09-16 22:14:15,1095387255.0,ffiv,14.9,48.39,1123.5,10.18,38.21,2.841,56.98,6.56,3.82,12.14,12.13,7.91,9.64,4.47,1030000000.0,893240000.0,38.21,1.91,5.85,38.23,5.85,88990000.0,38.23,18520000.0,0.523,N/A,7.00,112430000.0,3.25,2.841,2.841,7.584,34820000.0,3.676,25.92,92.39,6100000.0,4.769,23.83,6170000.0,outperform
4418,2012-06-14 10:58:22,1339685902.0,ffiv,100.51,-26.39,1329.099976,22.39,-48.78,N/A,30.73,6.33,6.56,20.93,30.94,14.87,22.78,15.86,7540000000.0,7540000000.0,18.58,1.14,5.95,18.06,5.95,943830000.0,18.06,265290000.00000003,3.29,23.50,22.40,489610000.0,6.17,0.00,1.72,15.40,456050000.0,1.83,0.40,92.60,2570000.0,1.40,3.30,2110000.0,underperform
4419,2009-12-16 03:15:57,1260951357.0,ffiv,50.31,166.49,1109.180054,12.05,154.44,N/A,44.64,6.25,5.05,14.02,19.33,7.86,12.07,8.283,3770000000.0,3770000000.0,N/A,1.47,5.77,24.738,5.77,510350000.0,24.738,91540000.0,1.14,43.90,2.30,317130000.0,4.001,N/A,2.099,10.201,201980000.0,1.16,0.46,93.00,2730000.0,2.3,4.00,2390000.0,outperform
4420,2011-12-22 07:02:25,1324555345.0,ffiv,104.48,-6.72,1254.0,14.05,-20.77,N/A,34.50,7.55,7.83,20.96,30.44,14.96,22.89,14.28,8150000000.0,8150000000.0,19.60,1.17,7.08,21.94,7.08,943830000.0,21.94,241400000.0,2.96,40.20,23.70,542550000.0,6.83,0.00,2.05,13.97,416940000.0,1.56,0.55,94.00,3040000.0,1.70,3.80,3090000.0,underperform
4421,2012-03-09 05:22:41,1331288561.0,ffiv,125.61,-25.87,1370.869995,12.44,-38.31,N/A,39.97,8.20,8.44,20.93,30.75,14.59,22.47,15.01,9320000000.0,9320000000.0,23.45,1.34,7.73,23.78,7.73,943830000.0,23.78,252230000.0,3.11,19.50,19.90,556540000.0,7.03,0.00,1.86,14.78,445680000.0,1.70,0.52,89.00,1740000.0,1.00,2.20,1600000.0,underperform
4422,2005-09-06 03:18:07,1125991087.0,ffiv,21.12,17.19,1233.390015,5.42,11.770000000000001,4.224,30.89,6.36,3.62,20.66,24.39,9.35,14.77,6.925,1610000000.0,1400000000.0,N/A,0.98,5.58,20.653,5.58,131810000.0,20.653,51860000.0,1.36,88.50,65.10,208120000.0,5.412,4.224,4.224,11.471,63630000.0,N/A,7.04,89.20,4440000.0,2.2,11.60,4960000.0,outperform
4423,2007-05-01 11:57:13,1178035033.0,ffiv,38.17,-40.71,1486.300049,-6.78,-33.93,N/A,41.86,6.94,4.58,16.76,21.52,11.21,12.46,11.225,3190000000.0,2830000000.0,N/A,1.79,6.16,19.408,6.16,305900000.0,19.408,77030000.0,1.83,24.20,35.60,431260000.0,10.391,N/A,4.368,16.782,N/A,2.63,11.52,93.10,1850000.0,2.4,4.50,2040000.0,underperform
4424,2013-05-18 09:22:40,1368883360.0,ffiv,79.91,29.22,1658.780029,12.78,16.439999999999998,N/A,24.02,4.52,4.53,19.08,29.54,13.82,20.64,18.14,5750000000.0,5750000000.0,16.23,1.36,4.02,12.42,4.02,1140000000.0,12.42,272960000.0,3.44,7.60,3.10,522850000.0,6.67,0.00,1.55,18.22,487420000.0,1.95,0.28,96.20,3100000.0,1.30,4.00,4560000.0,outperform
4425,2010-11-23 18:28:03,1290554883.0,ffiv,129.14,-22.93,1180.72998,-1.6,-21.33,N/A,69.17,12.02,10.56,17.14,26.08,11.83,16.77,11.08,9430000000.0,9430000000.0,29.93,1.45,10.69,37.15,10.69,510350000.0,37.15,151150000.0,1.87,70.10,45.20,428500000.0,5.33,0.00,2.11,12.49,9430000000.0,1.37,0.57,97.00,5050000.0,1.40,6.40,5000000.0,underperform
4426,2004-04-13 05:04:23,1081847063.0,ffiv,16.67,41.81,1129.439941,3.93,37.88,4.263,142.17,9.24,4.85,5.90,6.35,4.48,5.74,4.213,1150000000.0,1020000000.0,46.11,2.63,8.14,127.65,8.14,88990000.0,127.65,7370000.0,0.24,N/A,7.00,137900000.0,4.08,4.263,4.263,7.047,20350000.0,3.622,25.98,73.98,3840000.0,3.307,15.36,1810000.0,outperform
4427,2011-04-17 17:38:18,1303076298.0,ffiv,96.17,26.9,1314.52002,4.19,22.709999999999997,N/A,43.46,8.09,7.22,18.50,27.73,12.72,18.46,11.99,7160000000.0,7160000000.0,21.82,1.18,7.46,24.79,7.46,710020000.0,24.79,177540000.0,2.18,90.10,40.70,485570000.0,6.01,0.00,2.09,13.32,7160000000.0,1.09,0.55,94.00,3190000.0,0.80,4.00,4120000.0,outperform
4428,2013-04-23 03:49:58,1366703398.0,ffiv,72.33,49.58,1578.780029,18.79,30.79,N/A,20.41,3.95,4.05,19.59,30.67,14.57,21.76,17.98,5090000000.0,5090000000.0,13.68,1.12,3.59,10.72,3.59,1140000000.0,10.72,278190000.0,3.50,4.50,13.30,517740000.0,6.59,0.00,1.50,17.64,508360000.0,1.98,0.28,96.20,5150000.0,3.70,6.60,5220000.0,outperform
4429,2006-06-19 02:05:55,1150697155.0,ffiv,23.91,75.74,1240.130005,23.67,52.06999999999999,N/A,30.87,5.70,3.51,18.14,25.00,10.75,12.94,8.63,1900000000.0,1550000000.0,N/A,0.89,4.63,15.125,4.63,216250000.0,15.125,60920000.0,1.52,32.70,39.00,344010000.0,8.484,N/A,5.069,13.46,124010000.0,2.62,0.28,103.10,5690000.0,3.9,14.10,5040000.0,outperform
4430,2013-04-25 02:16:08,1366870568.0,mck,103.88,60.99,1585.160034,17.55,43.44,58.56,16.22,0.20,3.23,1.30,1.84,4.27,21.19,519.60,26500000000.0,26500000000.0,13.24,1.14,0.21,9.31,0.21,6570000000.0,9.31,1600000000.0,6.60,0.70,1.10,2730000000.0,11.71,4480000000.0,1.16,32.84,1510000000.0,0.63,0.32,86.70,4560000.0,2.90,1.90,5540000.0,outperform
4431,2005-01-25 14:35:22,1106681722.0,mck,28.09,69.78,1168.410034,8.24,61.54,0.265,15.62,0.12,1.64,0.78,1.16,3.53,11.26,251.773,9070000000.0,9530000000.0,13.65,0.99,0.13,8.51,0.13,3250000000.0,8.51,584100000.0,1.975,16.40,21.70,1010000000.0,3.42,1470000000.0,1.364,18.823,1230000000.0,0.5,0.58,82.23,7950000.0,4.169,2.72,5790000.0,outperform
4432,2007-03-24 17:55:59,1174773359.0,mck,53.96,-3.48,1435.040039,-7.35,3.8699999999999997,0.161,20.36,0.18,2.77,0.95,1.33,3.52,15.43,308.126,17079999999.999998,16050000000.0,N/A,1.44,0.17,10.721,0.17,3860000000.0,10.721,926000000.0,2.84,25.90,3.90,2009999999.9999998,6.815,982000000.0,1.243,20.671,1830000000.0,0.45,5.29,84.00,3170000.0,1.4,1.10,3360000.0,outperform
4433,2012-09-12 00:28:10,1347424090.0,mck,85.85,48.83,1436.560059,17.18,31.65,49.70,14.48,0.17,2.88,1.21,1.91,4.71,21.20,508.97,22300000000.0,22300000000.0,10.90,1.00,0.18,7.64,0.18,6570000000.0,7.64,1500000000.0,6.04,32.90,2.70,2009999999.9999998,8.53,3580000000.0,1.10,30.52,2069999999.9999998,0.74,0.31,90.20,2380000.0,1.60,1.00,2720000.0,outperform
4434,2004-06-23 12:51:58,1088009518.0,mck,31.89,26.94,1144.060059,4.95,21.990000000000002,0.287,15.79,0.15,1.94,0.93,1.38,4.15,13.16,232.617,10090000000.0,10860000000.0,13.51,0.95,0.16,9.11,0.16,3100000000.0,9.11,646500000.0,2.183,32.70,14.20,717800000.0,2.45,1480000000.0,1.375,17.792999,62300000.0,0.281,0.48,78.42,4570000.0,2.796,1.57,4730000.0,outperform
4435,2005-04-27 12:46:51,1114620411.0,mck,33.8,33.73,1156.380005,13.26,20.47,0.297,N/A,0.14,2.16,0.26,0.33,1.17,3.87,261.371,10640000000.0,11060000000.0,15.61,1.13,0.14,N/A,0.14,3250000000.0,N/A,201500000.0,0.70,16.40,21.70,1040000000.0,3.53,1460000000.0,1.271,16.683001,1370000000.0,0.435,0.61,83.28,7100000.0,3.515,2.42,6200000.0,outperform
4436,2004-04-23 16:28:09,1082752089.0,mck,29.47,11.61,1140.599976,-0.27,11.879999999999999,0.343,16.04,0.14,1.87,0.87,1.31,3.90,12.36,227.702,9260000000.0,10770000000.0,13.09,0.94,0.16,9.72,0.16,3100000000.0,9.72,587900000.0,1.984,32.70,14.20,214200000.0,0.74,1700000000.0,1.409,17.066999,62300000.0,0.157,0.46,79.04,4690000.0,2.735,1.62,4610000.0,outperform
4437,2006-06-25 13:29:52,1151256592.0,mck,42.5,29.36,1245.599976,20.24,9.120000000000001,0.168,19.21,0.16,2.34,0.85,1.23,3.46,13.18,287.745,13900000000.0,12750000000.0,N/A,1.10,0.14,9.341,0.14,3860000000.0,9.341,737000000.0,2.38,15.10,12.50,2140000000.0000002,7.043,991000000.0,1.252,19.431,2740000000.0,0.18,0.14,85.90,3440000.0,2.5,1.10,2960000.0,outperform
4438,2011-03-21 03:46:21,1300693581.0,mck,76.67,11.49,1298.380005,8.25,3.24,57.37,18.42,0.18,2.76,1.03,1.85,4.39,14.87,420.17,20400000000.0,20400000000.0,13.86,1.34,0.19,8.35,0.19,5680000000.0,8.35,1060000000.0,4.23,52.50,0.10,3210000000.0,12.64,4059999999.9999995,1.10,27.85,20400000000.0,0.75,0.26,87.80,2650000.0,1.20,1.00,3230000.0,outperform
4439,2005-03-16 05:01:27,1110967287.0,mck,34.25,46.51,1188.069946,9.87,36.64,0.297,N/A,0.14,2.28,0.26,0.33,1.17,3.87,261.371,10910000000.0,11630000000.0,16.00,1.17,0.15,N/A,0.15,3250000000.0,N/A,201500000.0,0.70,16.40,21.70,1040000000.0,3.53,1460000000.0,1.271,16.683001,1370000000.0,0.455,0.61,83.31,6310000.0,2.779,2.15,7950000.0,outperform
4440,2011-08-18 12:17:18,1313684238.0,mck,72.44,17.34,1140.650024,24.33,-6.989999999999998,57.67,16.81,0.17,2.75,1.04,1.76,4.31,16.21,451.68,19900000000.0,19900000000.0,10.99,0.96,0.17,8.13,0.17,5970000000.0,8.13,1120000000.0,4.60,4.00,9.20,3120000000.0,12.65,3990000000.0,1.17,28.08,19900000000.0,0.78,0.27,85.80,2710000.0,1.30,1.10,2540000.0,underperform
4441,2005-02-04 07:40:40,1107520840.0,mck,33.7,48.49,1203.030029,6.6,41.89,0.297,N/A,0.14,1.91,0.26,0.33,1.17,3.87,261.371,10760000000.0,11020000000.0,15.91,1.11,0.14,N/A,0.14,3250000000.0,N/A,201500000.0,0.70,16.40,21.70,1040000000.0,3.53,1460000000.0,1.271,18.823,1230000000.0,0.5,0.61,80.63,7950000.0,4.169,2.71,5790000.0,outperform
4442,2007-04-12 05:07:51,1176368871.0,a,24.4,-13.57,1447.800049,-7.94,-5.63,0.411,4.62,2.77,3.87,66.50,11.12,13.70,37.19,11.538,13970000000.0,12500000000.0,N/A,1.13,2.51,7.275,2.51,2660000000.0,7.275,1440000000.0,7.50,496.00,21.00,2260000000.0,5.556,1500000000.0,2.573,9.03,634000000.0,2.75,6.26,72.00,5910000.0,2.8,1.50,5150000.0,underperform
4443,2008-02-14 04:44:34,1202982274.0,a,22.07,-41.41,1348.859985,-38.7,-2.7099999999999937,0.645,20.80,2.18,3.64,11.77,11.38,5.17,18.54,13.756,12140000000.0,12090000000.0,N/A,1.02,2.23,14.966,2.23,2970000000.0,14.966,638000000.0,1.57,20.80,8.90,1830000000.0,4.916,2089999999.9999998,2.207,8.741,969000000.0,1.45,1.49,72.50,4890000.0,1.7,1.30,3640000.0,underperform
4444,2008-12-06 19:21:33,1228609293.0,a,12.74,63.11,870.73999,26.32,36.79,0.83,9.24,1.06,2.40,12.00,13.77,6.63,23.93,15.906,6040000000.0,6740000000.0,N/A,0.64,1.17,6.764,1.17,2970000000.0,6.764,693000000.0,1.87,28.30,2.40,1430000000.0,4.083,2130000000.0,2.421,7.311,756000000.0,1.33,1.59,75.90,4340000.0,1.6,1.20,4420000.0,outperform
4445,2013-09-06 06:09:52,1378462192.0,a,33.56,23.24,1655.170044,20.88,2.3599999999999994,56.39,17.74,2.32,3.31,13.73,14.04,5.98,19.41,19.80,15860000000.0,15860000000.0,15.09,2.16,2.32,11.93,2.32,3600000000.0,11.93,938000000.0,2.69,30.90,4.10,2330000000.0,7.04,2700000000.0,2.96,14.46,1260000000.0,1.81,0.23,83.50,2780000.0,1.20,0.80,3300000.0,outperform
4446,2006-08-19 10:42:01,1155998521.0,a,21.47,6.85,1295.430054,8.94,-2.09,0.396,4.63,2.54,3.38,56.57,8.99,4.54,34.26,12.408,13540000000.0,12260000000.0,N/A,1.21,2.18,17.215,2.18,2520000000.0,17.215,1330000000.0,6.87,118.30,13.90,2250000000.0,5.499,1500000000.0,2.513,9.563,652000000.0,2.76,6.24,72.70,7350000.0,2.5,1.80,9340000.0,underperform
4447,2013-05-14 00:28:58,1368505738.0,a,31.05,27.92,1650.339966,14.43,13.490000000000002,44.12,13.75,2.19,2.83,15.96,15.69,6.85,22.38,19.85,15060000000.0,15060000000.0,13.08,2.07,2.18,10.75,2.18,3600000000.0,10.75,1100000000.0,3.13,22.20,2.80,2450000000.0,7.06,2360000000.0,2.55,15.41,1320000000.0,1.66,0.23,83.20,4370000.0,1.20,1.30,3080000.0,outperform
4448,2005-01-22 05:17:19,1106389039.0,a,14.8,58.65,1184.630005,8.48,50.17,0.322,30.70,1.52,3.04,4.86,5.38,5.26,10.92,14.61,10710000000.0,9760000000.0,14.34,1.51,1.36,14.4,1.36,3120000000.0,14.4,349000000.0,0.71,N/A,18.60,2320000000.0,4.71,1150000000.0,2.446,7.329,663000000.0,2.166,10.12,67.08,7040000.0,2.385,1.60,6930000.0,outperform
4449,2011-11-08 05:04:16,1320746656.0,a,27.12,-2.51,1275.920044,9.3,-11.81,51.62,13.17,1.98,3.06,15.71,16.01,7.25,28.96,18.67,12170000000.0,12170000000.0,12.06,0.66,1.88,9.42,1.88,2930000000.0,9.42,1020000000.0,2.87,61.00,22.20,3100000000.0,8.93,2170000000.0,3.47,12.07,12170000000.0,1.61,0.25,82.10,4500000.0,0.80,N/A,4139999.9999999995,underperform
4450,2009-08-02 05:46:24,1249206384.0,a,16.21,24.43,986.75,14.1,10.33,N/A,22.83,1.53,3.29,7.01,11.21,5.10,13.02,14.659,8710000000.0,8710000000.0,N/A,3.04,1.68,11.422,1.68,3200000000.0,11.422,363000000.0,1.02,N/A,25.10,1410000000.0,4.112,2150000000.0,2.623,7.045,581000000.0,1.25,0.26,78.60,9890000.0,3.2,2.90,8440000.0,outperform
4451,2004-12-13 21:37:34,1102991854.0,a,15.99,50.97,1198.680054,5.74,45.23,0.323,33.58,1.61,3.24,4.86,5.38,5.26,10.92,14.61,11610000000.0,10370000000.0,15.79,1.62,1.44,15.3,1.44,2290000000.0,15.3,349000000.0,0.71,N/A,0.80,2320000000.0,4.75,1150000000.0,2.441,7.32,483000000.0,2.547,20.00,66.68,6930000.0,2.638,1.78,6540000.0,outperform
4452,2008-04-26 04:49:23,1209199763.0,a,21.72,-47.15,1379.930054,-38.26,-8.89,0.67,20.59,2.07,3.65,10.99,11.30,5.33,17.80,14.362,11510000000.0,12080000000.0,N/A,1.00,2.18,14.748,2.18,2970000000.0,14.748,608000000.0,1.53,20.00,8.80,1560000000.0,4.265,2130000000.0,1.896,8.622,880000000.0,1.46,4.68,68.30,5420000.0,2.1,1.50,N/A,underperform
4453,2011-08-02 06:45:37,1312281937.0,a,27.25,-1.61,1254.050049,9.67,-11.28,54.36,16.18,2.38,3.71,14.46,14.80,6.94,27.00,17.77,13850000000.0,13850000000.0,12.44,0.63,2.25,11.89,2.25,2930000000.0,11.89,890000000.0,2.52,85.20,31.90,2980000000.0,8.55,2150000000.0,3.20,11.36,13850000000.0,1.55,0.25,82.10,4360000.0,1.20,1.40,5420000.0,underperform
4454,2008-01-23 19:28:50,1201134530.0,a,23.4,-43.46,1338.599976,-38.18,-5.280000000000001,0.645,20.47,2.25,3.76,11.77,11.38,5.17,18.54,13.756,11950000000.0,12460000000.0,N/A,1.04,2.30,15.421,2.30,2970000000.0,15.421,638000000.0,1.57,20.80,8.90,1830000000.0,4.916,2089999999.9999998,2.207,8.741,969000000.0,1.55,1.49,73.80,3640000.0,1.9,1.00,3510000.0,underperform
4455,2006-01-09 02:35:16,1136792116.0,a,23.18,2.67,1290.150024,9.45,-6.779999999999999,2.169,52.82,3.31,4.26,6.38,3.58,1.68,3.69,10.403,17120000000.000002,14870000000.0,N/A,1.81,2.89,35.665,2.89,3120000000.0,35.665,141000000.0,0.66,64.90,22.80,2250000000.0,4.555,2.169,2.169,8.095,890000000.0,N/A,0.57,70.40,10980000.0,2.3,2.20,5840000.0,underperform
4456,2004-01-30 19:01:02,1075507262.0,a,24.73,-40.32,1131.130005,3.8,-44.12,0.407,N/A,2.80,6.01,29.56,11.97,24.95,47.81,12.803,17450000000.0,16520000000.0,25.83,3.84,2.73,N/A,2.73,2290000000.0,N/A,1790000000.0,3.774,N/A,0.80,1610000000.0,3.37,1150000000.0,2.04,5.93,144000000.0,2.474,10.01,63.03,9300000.0,3.923,2.17,6930000.0,underperform
4457,2004-04-13 04:07:11,1081843631.0,a,20.8,-32.88,1129.439941,3.93,-36.81,0.375,N/A,2.43,4.98,25.56,6.20,23.59,46.82,13.16,15320000000.0,14770000000.0,20.83,2.89,2.35,N/A,2.35,2290000000.0,N/A,1610000000.0,3.391,N/A,0.80,1680000000.0,3.49,1150000000.0,2.284,6.394,144000000.0,2.496,10.00,66.79,7520000.0,2.328,1.74,9170000.0,underperform
4458,2006-06-21 11:01:16,1150902076.0,a,21.91,25.01,1252.199951,21.56,3.450000000000003,0.368,5.08,2.53,3.37,56.50,9.38,12.15,28.88,11.414,13700000000.0,12620000000.0,N/A,1.26,2.33,7.549,2.33,2520000000.0,7.549,1150000000.0,6.33,21.10,12.00,2660000000.0,6.24,1500000000.0,2.565,9.563,725000000.0,2.75,5.99,74.80,6920000.0,3.4,1.60,4620000.0,outperform
4459,2007-02-20 17:46:56,1172011616.0,a,22.74,-2.95,1459.680054,-6.83,3.88,0.411,4.33,2.68,3.67,66.50,11.12,13.70,37.19,11.538,13220000000.0,12580000000.0,N/A,1.13,2.53,7.322,2.53,2660000000.0,7.322,1440000000.0,7.499,496.00,21.00,2260000000.0,5.556,1500000000.0,2.573,8.941,634000000.0,2.75,8.76,67.60,5910000.0,2.8,1.50,5150000.0,outperform
4460,2011-11-16 02:52:38,1321429958.0,dell,15.13,-36.81,1236.910034,9.41,-46.22,92.90,8.35,0.45,3.37,5.80,7.61,7.51,49.45,32.38,20560000000.0,20560000000.0,7.97,1.09,0.33,3.67,0.33,11400000000.0,3.67,3580000000.0,1.87,63.30,0.80,15130000000.0,8.29,7740000000.0,1.47,4.55,20560000000.0,1.26,12.13,71.00,55640000.0,2.10,N/A,60640000.0,underperform
4461,2012-01-02 19:28:59,1325550539.0,dell,,,1257.599976,7.61,,95.42,7.53,0.43,3.06,5.92,7.80,7.60,47.23,32.90,20710000000.0,20710000000.0,7.28,1.42,0.34,3.62,0.34,11400000000.0,3.62,3660000000.0,1.94,8.60,0.20,13840000000.0,7.70,8270000000.0,1.40,4.83,5170000000.0,1.26,12.13,71.00,68380000.0,3.30,4.20,67980000.0,underperform
4462,2004-06-20 05:35:24,1087724124.0,dell,34.76,16.37,1132.050049,7.42,8.950000000000001,0.083,32.75,2.02,14.39,6.39,8.51,15.54,48.15,16.623,87830000000.0,83080000000.0,23.36,1.46,1.91,20.83,1.91,7550000000.0,20.83,2780000000.0,1.063,24.60,17.10,5260000000.0,2.08,505000000.0,0.987,2.416,3860000000.0,1.64,10.70,63.44,39920000.0,2.246,1.77,35740000.0,outperform
4463,2005-12-19 03:49:32,1134982172.0,dell,31.9,-18.09,1259.920044,13.15,-31.240000000000002,0.133,25.17,1.43,16.24,5.96,8.11,12.50,60.31,22.219,76610000000.0,67970000000.0,N/A,1.20,1.25,14.252,1.25,9020000000.0,14.252,3230000000.0,1.29,28.40,11.30,9280000000.0,3.943,643000000.0,1.152,2.025,5080000000.0,N/A,10.03,65.50,30970000.0,1.3,1.50,30240000.0,underperform
4464,2008-01-23 13:51:38,1201114298.0,dell,20.21,-50.62,1338.599976,-38.18,-12.439999999999998,0.096,15.28,0.76,6.60,5.02,5.97,8.11,58.50,26.676,45380000000.0,33430000000.0,N/A,1.15,0.56,8.133,0.56,9520000000.0,8.133,2990000000.0,1.33,27.50,8.50,12610000000.0,5.625,658000000.0,1.349,3.068,3970000000.0,1.65,15.45,64.00,34710000.0,0.9,1.70,35290000.0,underperform
4465,2012-07-08 03:11:27,1341731487.0,dell,12.63,6.41,1367.579956,19.95,-13.54,96.20,7.17,0.36,2.38,5.18,6.66,6.16,35.90,34.14,17250000000.0,17250000000.0,6.19,1.06,0.28,3.41,0.28,13810000000.0,3.41,3180000000.0,1.75,32.80,4.00,13720000000.0,7.84,9000000000.0,1.35,5.31,4920000000.0,1.48,13.96,71.10,57890000.0,2.30,4.40,65300000.0,underperform
4466,2013-05-11 13:16:20,1368292580.0,dell,13.23,,1632.689941,14.88,,84.90,9.96,0.41,2.17,4.17,5.41,4.18,24.18,32.63,19560000000.0,19560000000.0,8.15,0.90,0.34,4.63,0.34,12190000000.0,4.63,2370000000.0,1.35,30.60,10.70,12780000000.0,7.31,9080000000.0,1.19,6.15,3280000000.0,1.66,21.23,61.10,24090000.0,1.20,1.80,29620000.0,underperform
4467,2005-04-03 17:21:54,1112563314.0,dell,38.42,-22.62,1180.589966,9.93,-32.55,0.078,32.09,1.92,14.72,6.18,8.65,14.74,49.15,19.172,93520000000.0,84210000000.0,20.23,1.02,1.71,18.36,1.71,9020000000.0,18.36,3040000000.0,1.19,15.00,18.70,9810000000.0,3.99,505000000.0,1.195,2.61,5310000000.0,1.634,9.61,65.60,32580000.0,1.944,1.47,26700000.0,underperform
4468,2005-05-15 08:18:53,1116159533.0,dell,36.61,-33.49,1159.359985,11.66,-45.150000000000006,0.09,30.87,1.76,15.99,6.36,8.74,15.23,53.56,20.044,96710000000.0,87380000000.0,20.92,1.00,1.71,18.18,1.71,9020000000.0,18.18,3250000000.0,1.27,15.00,18.70,9840000000.0,504000000.0,504000000.0,1.185,2.29,5310000000.0,1.511,9.61,65.93,27870000.0,1.746,1.25,32580000.0,underperform
4469,2003-10-09 00:15:24,1065672924.0,dell,35.27,2.1,1038.72998,8.03,-5.93,0.092,38.67,2.36,16.41,6.24,8.45,15.58,48.30,14.558,89060000000.0,85600000000.0,29.08,1.87,2.24,24.8,2.24,6350000000.0,24.8,2380000000.0,N/A,70.30,13.60,5120000000.0,N/A,506000000.0,1.037,2.14,N/A,1.704,10.72,59.92,39760000.0,2.317,1.74,43990000.0,underperform
4470,2005-09-06 01:13:15,1125983595.0,dell,35.53,-37.8,1233.390015,5.42,-43.22,0.091,25.48,1.61,15.53,6.57,8.77,13.60,59.18,21.426,84690000000.0,76150000000.0,N/A,0.93,1.44,15.26,1.44,9020000000.0,15.26,3470000000.0,1.37,27.70,14.70,9050000000.0,3.736,504000000.0,1.169,2.256,5710000000.0,N/A,9.75,65.50,34430000.0,3.2,1.60,29480000.0,underperform
4471,2009-02-17 18:29:20,1234913360.0,dell,8.88,58.9,789.169983,39.32,19.58,N/A,6.56,0.28,4.26,4.41,5.77,7.89,51.00,31.195,17460000000.0,11280000000.0,N/A,0.82,0.18,2.545,0.18,11670000000.0,2.545,2810000000.0,1.37,5.10,3.10,8570000000.0,4.408,2120000000.0,1.311,2.139,2360000000.0,1.37,19.36,60.90,53390000.0,2.2,3.20,60530000.0,outperform
4472,2007-05-16 15:05:39,1179342339.0,dell,25.92,-20.41,1514.140015,-5.98,-14.43,N/A,19.77,0.95,N/A,5.10,6.85,N/A,N/A,25.351,56620000000.0,55010000000.0,N/A,1.38,0.95,12.43,0.95,9950000000.0,12.43,2950000000.0,1.28,33.50,5.10,N/A,N/A,N/A,N/A,N/A,N/A,1.73,9.56,66.40,32540000.0,1.7,1.60,30820000.0,underperform
4473,2011-09-03 05:04:33,1315040673.0,dell,14.87,-28.18,1218.890015,14.82,-43.0,92.90,7.61,0.43,3.23,5.80,7.61,7.51,49.45,32.38,19430000000.0,19430000000.0,7.27,1.14,0.32,3.46,0.32,11400000000.0,3.46,3580000000.0,1.87,63.30,0.80,15130000000.0,8.29,7740000000.0,1.47,4.55,19430000000.0,1.44,12.13,71.00,72120000.0,2.60,4.40,77670000.0,underperform
4474,2004-11-02 15:56:03,1099428963.0,dell,35.62,-17.63,1130.560059,7.45,-25.08,0.081,31.41,1.93,14.19,6.51,8.52,15.79,49.31,17.444,89080000000.0,82500000000.0,23.32,1.35,1.82,19.77,1.82,7550000000.0,19.77,2960000000.0,1.136,24.60,17.10,5530000000.0,2.22,505000000.0,1.027,2.471,3820000000.0,1.656,10.69,64.60,33549999.999999996,2.761,1.50,38060000.0,underperform
4475,2012-03-07 02:46:05,1331106365.0,dell,17.0,-16.35,1352.630005,14.17,-30.520000000000003,103.78,8.94,0.49,3.41,5.63,7.22,6.74,41.86,33.77,24860000000.0,24860000000.0,7.71,1.31,0.40,4.59,0.40,11400000000.0,4.59,3490000000.0,1.88,17.60,2.20,14820000000.0,8.33,9250000000.0,1.34,5.01,5530000000.0,1.39,13.68,72.10,69520000.0,4.00,4.30,69660000.0,underperform
4476,2013-01-29 21:41:13,1359513673.0,dell,13.25,,1507.839966,17.67,,88.68,9.02,0.39,2.22,4.44,5.74,4.81,27.63,33.46,20430000000.0,20430000000.0,7.98,0.88,0.35,4.60,0.35,13810000000.0,4.60,2610000000.0,1.47,46.80,10.70,11270000000.0,6.49,9040000000.0,1.18,5.86,3680000000.0,1.59,14.28,70.40,57370000.0,1.90,4.40,61350000.0,underperform
4477,2012-05-22 01:27:35,1337664455.0,dell,15.08,-11.34,1316.630005,25.73,-37.07,103.78,7.96,0.42,2.91,5.63,7.22,6.74,41.86,33.77,20410000000.0,20410000000.0,6.77,0.93,0.33,3.77,0.33,13810000000.0,3.77,3490000000.0,1.88,17.60,2.20,14820000000.0,8.41,9250000000.0,1.34,5.06,5530000000.0,1.27,13.68,72.10,65250000.0,4.50,N/A,67390000.0,underperform
4478,2012-11-19 08:07:25,1353330445.0,dell,9.13,,1386.890015,28.91,,88.59,6.03,0.26,1.51,4.44,5.65,4.74,27.63,33.46,13130000000.0,13130000000.0,5.06,0.97,0.22,2.99,0.22,13810000000.0,2.99,2610000000.0,1.47,46.80,10.70,11270000000.0,6.50,9030000000.0,1.18,5.87,3680000000.0,1.53,14.28,70.40,51710000.0,2.80,4.00,48530000.0,underperform
4479,2009-02-16 11:14:50,1234800890.0,dell,,,826.840027,32.42,,N/A,6.66,0.28,4.29,4.41,5.77,7.89,51.00,31.195,17730000000.0,11280000000.0,N/A,0.82,0.18,2.545,0.18,11670000000.0,2.545,2810000000.0,1.37,5.10,3.10,8570000000.0,4.408,2120000000.0,1.311,2.139,2360000000.0,1.37,19.36,60.90,53390000.0,2.2,3.20,60530000.0,underperform
4480,2011-04-25 23:51:19,1303789879.0,dell,15.38,5.2,1335.25,2.75,2.45,77.26,11.39,0.47,3.77,4.29,5.80,6.17,39.31,31.63,20750000000.0,20750000000.0,8.74,1.95,0.34,4.58,0.34,11400000000.0,4.58,2640000000.0,1.35,177.50,5.30,14360000000.0,7.53,6000000000.0,1.49,4.05,20750000000.0,1.36,12.13,71.00,61170000.0,2.70,3.60,56390000.0,outperform
4481,2004-02-28 11:05:01,1077984301.0,dell,33.3,20.75,1143.670044,4.94,15.809999999999999,0.08,32.33,2.06,13.56,6.38,8.55,15.53,47.89,15.823,83600000000.0,80620000000.0,22.36,1.52,1.95,21.18,1.95,6350000000.0,21.18,2640000000.0,1.01,70.30,13.60,5150000000.0,2.01,505000000.0,0.976,2.456,3750000000.0,1.681,10.72,62.70,31860000.0,2.051,1.39,31600000.0,outperform
4482,2011-11-02 23:39:05,1320291545.0,dell,15.45,-39.61,1237.900024,15.32,-54.93,92.90,8.25,0.45,3.33,5.80,7.61,7.51,49.45,32.38,20220000000.0,20220000000.0,7.84,1.19,0.33,3.60,0.33,11400000000.0,3.60,3580000000.0,1.87,63.30,0.80,15130000000.0,8.29,7740000000.0,1.47,4.55,20220000000.0,1.26,12.13,71.00,60640000.0,2.40,N/A,78810000.0,underperform
4483,2012-11-14 11:48:19,1352911699.0,dell,9.58,,1355.48999,32.1,,86.68,5.60,0.27,1.67,5.01,6.38,5.61,33.45,34.01,12860000000.0,12860000000.0,5.37,0.96,0.21,2.64,0.21,13810000000.0,2.64,3020000000.0,1.68,17.80,7.50,11890000000.0,6.86,8449999999.999999,1.32,5.62,3190000000.0,1.53,14.28,70.40,51710000.0,2.80,4.00,48530000.0,underperform
4484,2005-01-10 09:28:13,1105367293.0,dell,40.97,-23.48,1190.25,8.35,-31.83,0.086,33.21,2.11,16.96,6.61,8.56,15.92,51.48,18.302,99840000000.0,92860000000.0,25.60,1.35,1.96,21.26,1.96,7550000000.0,21.26,3120000000.0,1.21,24.60,17.10,7490000000.0,3.02,505000000.0,1.112,2.369,4550000000.0,1.704,9.62,64.28,34960000.0,2.394,1.56,37420000.0,underperform
4485,2004-08-11 14:26:08,1092248768.0,dell,33.57,17.9,1075.790039,15.06,2.839999999999998,0.083,31.15,1.99,14.21,6.39,8.51,15.54,48.15,16.623,83540000000.0,81840000000.0,21.93,1.33,1.88,20.52,1.88,7550000000.0,20.52,2780000000.0,1.063,24.60,17.10,5260000000.0,2.08,505000000.0,0.987,2.416,3860000000.0,1.671,10.70,63.90,30240000.0,2.055,1.34,30780000.0,outperform
4486,2007-04-10 15:01:53,1176231713.0,dell,23.91,-21.83,1448.390015,-6.48,-15.349999999999998,N/A,18.43,0.91,N/A,5.10,6.85,N/A,N/A,25.351,52760000000.0,52870000000.0,N/A,1.28,0.91,11.946,0.91,9950000000.0,11.946,2950000000.0,1.28,33.50,5.10,N/A,N/A,N/A,N/A,N/A,N/A,1.5,9.56,66.90,30820000.0,1.4,1.50,29800000.0,underperform
4487,2005-02-04 07:03:51,1107518631.0,dell,41.51,-28.31,1203.030029,6.6,-34.91,0.086,34.02,2.18,17.50,6.61,8.56,15.92,51.48,18.302,102280000000.0,95990000000.0,26.22,1.39,2.03,21.98,2.03,7550000000.0,21.98,3120000000.0,1.21,24.60,17.10,7490000000.0,3.02,505000000.0,1.112,2.369,4550000000.0,1.704,9.62,63.61,28130000.0,2.381,1.25,34960000.0,underperform
4488,2012-01-20 12:13:36,1327079616.0,dell,16.67,-24.36,1315.380005,11.95,-36.31,95.42,8.53,0.48,3.43,5.92,7.80,7.60,47.23,32.90,24200000000.0,24200000000.0,8.24,1.53,0.39,4.23,0.39,11400000000.0,4.23,3660000000.0,1.94,8.60,0.20,13840000000.0,7.70,8270000000.0,1.40,4.83,5170000000.0,1.26,13.68,72.10,65840000.0,4.10,4.10,68380000.0,underperform
4489,2008-11-01 10:46:17,1225550777.0,dell,12.13,23.08,930.090027,14.62,8.459999999999999,0.697,9.12,0.37,8.51,4.43,5.58,7.92,65.02,30.379,23910000000.0,16850000000.000002,N/A,0.74,0.26,3.925,0.26,11670000000.0,3.925,2850000000.0,1.34,17.40,11.20,9030000000.0,4.609,1970000000.0,1.197,1.44,3450000000.0,1.38,11.74,72.10,39950000.0,1.2,2.30,33790000.0,outperform
4490,2008-12-22 20:36:53,1229996213.0,dell,10.96,28.74,871.6300050000001,28.27,0.46999999999999886,0.509,7.90,0.34,5.18,4.41,5.77,7.89,51.00,31.195,21040000000.0,15110000000.0,N/A,0.75,0.24,3.409,0.24,11670000000.0,3.409,2810000000.0,1.369,5.10,3.10,8570000000.0,4.408,2120000000.0,1.311,2.139,2360000000.0,1.43,11.82,69.00,44200000.0,1.1,2.60,45250000.0,outperform
4491,2008-10-28 20:23:34,1225239814.0,dell,13.15,10.95,940.51001,10.86,0.08999999999999986,0.697,9.83,0.36,8.15,4.43,5.58,7.92,65.02,30.379,25770000000.0,15950000000.0,N/A,0.71,0.25,3.715,0.25,11670000000.0,3.715,2850000000.0,1.34,17.40,11.20,9030000000.0,4.609,1970000000.0,1.197,1.44,3450000000.0,1.38,11.74,72.10,33790000.0,0.7,2.00,51970000.0,outperform
4492,2007-05-16 21:18:35,1179364715.0,dell,25.92,-20.41,1514.140015,-5.98,-14.43,N/A,20.19,0.95,N/A,5.10,6.85,N/A,N/A,25.351,57800000000.0,55010000000.0,N/A,1.35,0.95,12.43,0.95,9950000000.0,12.43,2950000000.0,1.28,33.50,5.10,N/A,N/A,N/A,N/A,N/A,N/A,1.73,9.56,66.40,32540000.0,1.7,1.60,30820000.0,underperform
4493,2008-12-18 00:49:57,1229579397.0,dell,11.36,20.95,885.2800289999999,24.53,-3.580000000000002,0.509,8.53,0.36,5.51,4.41,5.77,7.89,51.00,31.195,22710000000.0,16469999999.999998,N/A,0.79,0.26,3.716,0.26,11670000000.0,3.716,2810000000.0,1.37,5.10,3.10,8570000000.0,4.408,2120000000.0,1.311,2.139,2360000000.0,1.43,11.82,69.00,44200000.0,1.1,2.60,45250000.0,underperform
4494,2012-05-21 23:59:41,1337659181.0,dell,14.97,-10.55,1315.98999,26.84,-37.39,103.78,7.96,0.42,2.91,5.63,7.22,6.74,41.86,33.77,20410000000.0,20410000000.0,6.77,0.93,0.33,3.77,0.33,13810000000.0,3.77,3490000000.0,1.88,17.60,2.20,14820000000.0,8.41,9250000000.0,1.34,5.06,5530000000.0,1.27,13.68,72.10,65250000.0,4.50,N/A,67390000.0,underperform
4495,2012-09-12 00:35:30,1347424530.0,dell,10.64,30.17,1436.560059,17.18,12.990000000000002,86.68,6.33,0.31,1.89,5.01,6.38,5.61,33.45,34.01,14960000000.0,14960000000.0,5.91,1.24,0.25,3.07,0.25,13810000000.0,3.07,3020000000.0,1.68,17.80,7.50,11890000000.0,6.86,8449999999.999999,1.32,5.62,3190000000.0,1.52,13.96,71.10,45050000.0,2.70,3.50,44030000.0,outperform
4496,2013-04-22 02:21:04,1366611664.0,dell,13.24,136.4,1562.5,20.29,116.11000000000001,84.90,9.93,0.43,2.27,4.17,5.41,4.18,24.18,32.63,19720000000.0,19720000000.0,8.07,0.93,0.35,4.67,0.35,12190000000.0,4.67,2370000000.0,1.35,30.60,10.70,12780000000.0,7.31,9080000000.0,1.19,6.15,3280000000.0,1.68,21.23,61.10,29620000.0,1.20,2.30,38470000.0,outperform
4497,2005-05-26 18:27:07,1117146427.0,dell,40.4,-38.59,1197.619995,6.89,-45.480000000000004,0.09,31.72,1.94,17.57,6.36,8.74,15.23,53.56,20.044,99370000000.0,89590000000.0,21.27,1.09,1.75,18.64,1.75,9020000000.0,18.64,3250000000.0,1.27,15.00,18.70,9840000000.0,504000000.0,504000000.0,1.185,2.29,5310000000.0,1.511,9.61,65.66,25900000.0,1.301,1.17,27870000.0,underperform
4498,2012-07-01 20:48:59,1341190139.0,aig,30.5,46.2,1329.040039,21.51,24.69,74.18,3.06,0.85,0.53,30.20,12.72,0.89,21.29,34.73,88360000000.0,88360000000.0,9.97,0.42,1.35,4.90,1.35,N/A,4.90,20760000000.0,10.49,147.30,5.80,46710000000.0,26.04,77500000000.0,0.94,57.68,5240000000.0,2.13,81.13,22.30,16570000.0,1.10,4.90,13910000.0,outperform
4499,2008-01-23 16:02:26,1201122146.0,aig,623.25,-96.54,1338.599976,-38.18,-58.36000000000001,1.918,9.08,1.09,1.28,12.29,24.44,1.84,14.92,46.714,132060000000.0,220590000000.0,N/A,0.68,1.82,6.812,1.82,113190000000.0,6.812,14930000000.0,5.732,27.00,2.00,111990000000.0,44.155,199650000000.0,1.47,40.810001,29850000000.0,1.38,13.93,68.10,29590000.0,1.7,1.20,32490000.000000004,underperform
4500,2012-03-10 07:53:56,1331384036.0,aig,29.13,32.44,1352.630005,14.17,18.269999999999996,66.35,2.99,0.84,0.51,27.70,9.04,0.59,14.89,35.71,80900000000.0,80900000000.0,10.16,1.10,1.26,5.16,1.26,N/A,5.16,15470000000.0,9.44,77.10,20.10,48540000000.0,25.59,75850000000.0,0.92,55.33,35000000.0,3.33,87.91,17.20,10850000.0,2.20,7.70,11600000.0,outperform
4501,2006-06-17 17:06:59,1150578419.0,aig,491.77,47.5,1230.040039,23.81,23.69,1.384,15.91,1.46,1.76,9.23,11.54,0.90,11.50,41.151,155510000000.0,223730000000.0,N/A,0.84,2.09,15.35,2.09,108910000000.0,15.35,9840000000.0,3.76,15.90,0.20,54150000000.0,20.846,122360000000.0,0.773,34.028999,28640000000.0,1.39,17.82,64.00,12730000.0,0.50,0.50,12330000.0,outperform
4502,2005-04-28 12:07:20,1114704440.0,aig,337.4,52.91,1143.219971,14.64,38.269999999999996,1.162,12.50,1.42,1.71,11.99,17.56,1.60,14.80,36.139,135050000000.00002,224670000000.0,9.10,0.78,2.36,N/A,2.36,81300000000.0,N/A,10910000000.0,4.15,68.00,20.50,2069999999.9999998,0.8,91700000000.0,N/A,30.294001,36010000000.0,0.673,2.00,61.38,19680000.0,0.754,0.77,14030000.0,outperform
4503,2008-12-17 11:42:57,1229532177.0,aig,28.81,-19.4,904.419983,21.19,-40.59,3.273,N/A,0.09,0.07,80.38,83.61,2.67,48.98,20.555,4840000000.0,90280000000.0,N/A,N/A,1.69,2.144,1.69,110060000000.0,2.144,42920000000.0,16.52,N/A,96.70,147520000000.0,54.84,232960000000.0,2.346,26.462999,9800000000.0,2.53,10.25,56.90,N/A,N/A,N/A,142670000.0,underperform
4504,2006-01-07 18:38:22,1136677102.0,aig,527.38,23.92,1273.459961,11.38,12.540000000000001,1.294,16.06,1.70,2.03,10.74,15.98,1.32,13.63,41.088,181980000000.0,247370000000.0,N/A,1.25,2.32,13.092,2.32,97990000000.0,13.092,11460000000.0,4.37,36.10,4.30,50120000000.0,19.311,115520000000.0,1.451,34.396999,39050000000.0,N/A,33.08,63.20,22430000.0,3.5,0.90,24950000.0,outperform
4505,2013-01-30 10:56:28,1359561388.0,aig,37.26,30.27,1501.959961,19.46,10.809999999999999,71.90,2.60,0.79,0.55,36.89,21.22,1.71,27.38,39.37,80480000000.0,80480000000.0,10.87,0.46,1.14,3.25,1.14,N/A,3.25,26830000000.0,14.53,N/A,38.70,49100000000.0,33.26,73750000000.0,0.97,68.87,4080000000.0,1.99,98.59,36.50,21810000.0,1.10,6.50,23160000.0,outperform
4506,2013-04-22 02:32:25,1366612345.0,aig,38.19,32.94,1562.5,20.29,12.649999999999999,48.99,19.08,0.86,0.58,5.24,17.76,1.32,7.39,38.92,50690000000.0,50690000000.0,9.77,0.91,0.77,2.99,0.77,N/A,2.99,7490000000.0,2.04,N/A,8.60,55200000000.0,37.39,48500000000.0,0.93,66.38,3680000000.0,1.68,0.03,84.10,21490000.0,1.50,1.50,24400000.0,outperform
4507,2004-08-18 11:50:54,1092844254.0,aig,425.39,-0.55,1095.170044,11.31,-11.860000000000001,1.173,16.74,1.98,2.42,12.40,18.05,1.64,14.99,34.198,178000000000.0,261589999999.99997,13.14,0.99,2.91,N/A,2.91,81300000000.0,N/A,10730000000.0,4.082,68.00,20.50,2029999999.9999998,0.78,86320000000.0,N/A,28.24,36480000000.0,0.888,4.00,62.01,15440000.0,3.593,0.62,16980000.0,underperform
4508,2012-01-02 19:39:36,1325551176.0,aig,,,1257.599976,-3.07,,81.27,5.27,0.65,0.51,13.41,6.16,0.37,6.63,36.02,66810000000.0,66810000000.0,8.96,2.73,0.98,4.40,0.98,N/A,4.40,4970000000.0,4.41,N/A,34.60,55440000000.0,29.19,78190000000.0,2.70,45.30,712000000.0,3.71,43.33,34.30,14220000.0,2.30,10.10,16489999.999999998,underperform
4509,2011-04-29 00:43:45,1304052225.0,aig,30.81,5.39,1363.609985,1.99,3.3999999999999995,95.52,2.84,0.73,0.61,10.04,13.52,0.86,11.36,111.56,87670000000.0,87670000000.0,13.65,2.14,1.13,4.02,1.13,N/A,4.02,9900000000.0,11.20,N/A,11.40,78130000000.0,43.51,108580000000.0,4.17,52.26,87670000000.0,3.95,43.33,34.30,24650000.0,5.30,17.50,24880000.0,outperform
4510,2010-01-05 22:17:53,1262747873.0,aig,24.14,107.83,1136.52002,12.32,95.50999999999999,N/A,N/A,0.08,0.79,121.32,68.02,2.39,88.59,388.694,71900000000.0,71900000000.0,N/A,N/A,1.37,2.195,1.37,11100000000.0,2.195,65430000000.00001,484.10,N/A,2562.40,108220000000.0,803.983,176100000000.0,2.716,37.637001,11840000000.0,4.2,10.53,32.90,26100000.0,2.3,22.40,24270000.0,outperform
4511,2007-07-06 07:35:21,1183721721.0,aig,702.69,-47.55,1530.439941,-17.57,-29.979999999999997,1.614,12.27,1.57,1.78,12.85,25.75,2.00,15.65,44.664,182300000000.0,275070000000.0,N/A,0.90,2.36,8.468,2.36,113190000000.0,8.468,14980000000.0,5.73,29.30,12.30,73560000000.0,28.354,166330000000.0,0.846,39.639999,11610000000.0,1.17,16.09,67.60,25100000.0,2.6,1.00,26240000.0,underperform
4512,2009-01-06 14:34:51,1231270491.0,aig,28.65,-16.27,934.7000119999999,21.66,-37.93,3.273,N/A,0.08,0.06,80.38,83.61,2.67,48.98,20.555,4470000000.0,89910000000.0,N/A,N/A,1.68,2.135,1.68,110060000000.0,2.135,42920000000.0,16.52,N/A,96.70,147520000000.0,54.84,232960000000.0,2.346,26.462999,9800000000.0,2.48,10.14,56.90,135570000.0,2.5,5.10,N/A,underperform
4513,2008-05-23 12:57:40,1211561860.0,aig,457.84,-93.6,1375.930054,-34.34,-59.25999999999999,2.282,N/A,1.01,1.18,6.14,1.28,0.07,6.28,36.447,94220000000.0,134530000000.0,N/A,1.07,1.44,33.234,1.44,110060000000.0,33.234,5740000000.0,2.24,N/A,54.20,141540000000.0,56.796,181840000000.0,2.193,31.934,33530000000.0,1.37,14.22,71.40,41450000.0,2.6,1.70,46740000.0,underperform
4514,2005-01-18 04:07:03,1106039223.0,aig,430.12,20.66,1195.97998,6.85,13.81,1.162,15.95,1.81,2.18,11.99,17.56,1.60,14.80,36.139,172270000000.0,261890000000.0,12.67,1.08,2.76,N/A,2.76,81300000000.0,N/A,10910000000.0,4.148,68.00,20.50,2069999999.9999998,0.8,91700000000.0,N/A,30.294001,36010000000.0,0.808,2.00,62.15,20930000.0,2.866,0.82,18530000.0,outperform
4515,2008-09-21 02:42:52,1221979372.0,aig,44.29,-10.05,1206.51001,-11.76,1.709999999999999,2.411,N/A,0.09,0.09,18.69,16.89,0.83,16.85,32.01,10350000000.0,43850000000.0,N/A,N/A,0.53,4.02,0.53,110060000000.0,4.02,15370000000.0,5.98,N/A,36.00,154800000000.0,57.573,188300000000.0,2.355,29.042,34330000000.0,1.6,13.18,73.20,85840000.0,3.20,3.20,78680000.0,outperform
4516,2012-07-13 10:02:58,1342188178.0,aig,31.09,45.45,1356.780029,21.8,23.650000000000002,74.18,2.91,0.84,0.53,30.20,12.72,0.89,21.29,34.73,85450000000.0,85450000000.0,9.46,0.40,1.31,4.73,1.31,N/A,4.73,20760000000.0,10.49,147.30,5.80,46710000000.0,26.04,77500000000.0,0.94,57.68,5240000000.0,2.13,81.13,22.30,19230000.0,1.50,5.70,16570000.0,outperform
4517,2007-05-04 05:36:10,1178271370.0,aig,679.32,-15.73,1505.619995,-7.97,-7.760000000000001,1.687,13.15,1.62,1.80,12.41,25.30,1.95,14.91,43.403,183800000000.0,278220000000.0,N/A,0.85,2.46,8.972,2.46,113190000000.0,8.972,14010000000.0,5.37,674.50,9.50,77080000000.0,29.627,171500000000.0,1.045,39.089001,6830000000.0,1.14,16.04,67.20,16950000.0,1.7,0.70,20320000.0,underperform
4518,2011-11-04 17:31:20,1320442280.0,aig,23.65,46.09,1253.22998,12.68,33.410000000000004,76.86,4.53,0.62,0.50,14.33,13.62,0.87,9.92,39.59,67400000000.00001,67400000000.00001,8.19,1.00,0.90,3.22,0.90,N/A,3.22,8189999999.999999,5.24,N/A,8.90,60210000000.0,31.72,80860000000.0,1.66,48.83,67400000000.00001,3.49,43.33,34.30,17440000.0,2.40,12.40,20960000.0,outperform
4519,2011-11-03 02:27:12,1320301632.0,aig,24.36,32.68,1261.150024,12.14,20.54,76.86,4.61,0.59,0.48,14.33,13.62,0.87,9.92,39.59,65099999999.99999,65099999999.99999,8.34,0.98,0.87,3.11,0.87,N/A,3.11,8189999999.999999,5.24,N/A,8.90,60210000000.0,31.72,80860000000.0,1.66,48.83,65099999999.99999,3.49,43.33,34.30,17440000.0,2.40,12.40,20960000.0,outperform
4520,2011-09-02 15:22:28,1314991348.0,aig,23.4,43.46,1173.969971,20.15,23.310000000000002,85.55,7.93,0.58,0.52,8.20,13.19,0.86,8.76,42.55,59760000000.0,59760000000.0,7.79,0.73,0.78,2.86,0.78,N/A,2.86,6260000000.0,3.04,84.90,6.00,68140000000.0,37.93,83370000000.0,1.63,47.32,59760000000.0,4.00,43.33,34.30,25000000.0,2.50,17.70,24270000.0,outperform
4521,2008-10-27 11:48:40,1225122520.0,aig,22.23,25.96,848.919983,25.27,0.6900000000000013,2.411,N/A,0.06,0.06,18.69,16.89,0.83,16.85,32.01,4570000000.0,38070000000.0,N/A,N/A,0.46,3.49,0.46,110060000000.0,3.49,15370000000.0,5.98,N/A,36.00,154800000000.0,57.573,188300000000.0,2.355,29.042,34330000000.0,3.19,10.42,72.70,84560000.0,0.2,3.20,96630000.0,outperform
4522,2013-05-11 13:26:32,1368293192.0,aig,43.86,18.86,1632.689941,14.88,3.9799999999999986,45.01,28.88,1.02,0.65,3.80,16.20,1.18,6.35,40.35,63300000000.0,63300000000.0,10.67,0.93,0.99,4.04,0.99,N/A,4.04,6460000000.0,1.53,31.20,9.20,49110000000.0,33.27,45270000000.0,0.70,67.41,3430000000.0,1.68,0.03,84.10,25200000.0,1.60,1.70,21490000.0,outperform
4523,2008-12-19 05:47:27,1229683647.0,aig,26.34,-9.53,887.8800050000001,24.92,-34.45,3.273,N/A,0.09,0.07,80.38,83.61,2.67,48.98,20.555,4490000000.0,89930000000.0,N/A,N/A,1.68,2.136,1.68,110060000000.0,2.136,42920000000.0,16.52,N/A,96.70,147520000000.0,54.84,232960000000.0,2.346,26.462999,9800000000.0,2.53,10.25,56.90,N/A,N/A,N/A,142670000.0,underperform
4524,2012-11-12 11:30:45,1352737845.0,aig,31.63,51.0,1380.030029,28.09,22.91,71.90,2.21,0.67,0.47,36.89,21.22,1.71,27.38,39.37,72140000000.0,72140000000.0,9.22,0.41,1.02,2.91,1.02,N/A,2.91,26830000000.0,14.53,N/A,38.70,49100000000.0,33.26,73750000000.0,0.97,68.87,4080000000.0,1.81,98.59,36.50,18500000.0,1.00,5.50,19430000.0,outperform
4525,2007-03-15 06:01:57,1173952917.0,aig,642.88,-20.63,1392.280029,-7.48,-13.149999999999999,1.687,12.47,1.55,1.72,12.41,25.30,1.95,14.91,43.403,174310000000.0,268730000000.00003,N/A,0.83,2.37,8.666,2.37,113190000000.0,8.666,14010000000.0,5.37,674.50,9.50,77080000000.0,29.627,171500000000.0,1.045,39.089001,6830000000.0,1.1,16.04,67.20,19010000.0,2.9,0.70,31050000.0,underperform
4526,2007-06-05 04:27:22,1181032042.0,aig,725.15,-32.13,1530.949951,-10.04,-22.090000000000003,1.614,12.66,1.62,1.83,12.85,25.75,2.00,15.65,44.664,188210000000.0,281250000000.0,N/A,0.85,2.41,8.659,2.41,113190000000.0,8.659,14980000000.0,5.73,29.30,12.30,73560000000.0,28.354,166330000000.0,0.846,39.639999,11610000000.0,1.15,16.09,68.50,26240000.0,2.7,1.00,16950000.0,underperform
4527,2004-02-15 09:40:39,1076856039.0,aig,438.72,3.53,1152.109985,4.69,-1.1600000000000006,1.15,21.17,N/A,2.87,N/A,12.45,1.58,14.37,N/A,194870000000.0,272339999999.99997,0.00,1.19,N/A,N/A,N/A,67480000000.00001,N/A,9270000000.0,3.529,2.90,20.70,949000000.0,0.36,78430000000.0,N/A,26.14,27790000000.0,0.836,4.00,62.11,24120000.0,4.596,0.96,16450000.0,underperform
4528,2011-09-03 09:04:08,1315055048.0,cim,1.86,-2.15,1218.890015,14.82,-16.97,188.77,5.01,4.87,0.88,90.71,90.96,6.65,17.76,0.64,9440000000.0,9440000000.0,5.78,0.35,15.19,N/A,15.19,587840000.0,N/A,563870000.0,0.58,5.40,1.70,16079999.999999998,0.02,6490000000.0,0.08,3.35,9440000000.0,1.16,4.47,58.90,39500000.0,1.90,3.90,37780000.0,underperform
4529,2009-07-21 00:34:40,1248150880.0,cim,1.64,17.68,954.580017,12.05,5.629999999999999,N/A,N/A,35.21,1.51,92.92,73.83,N/A,N/A,0.505,2760000000.0,2760000000.0,N/A,1.04,55.83,N/A,55.83,109420000.0,N/A,46010000.0,0.47,N/A,33.80,12200000.0,0.026,1030000000.0,0.765,2.443,36450000.0,1.53,17.23,22.40,27630000.0,2.7,15.60,7020000.0,outperform
4530,2012-04-19 06:46:31,1334832391.0,cim,1.93,29.02,1376.920044,12.95,16.07,184.86,5.09,4.68,0.86,90.42,90.53,6.55,17.75,0.61,9060000000.0,9060000000.0,6.34,N/A,14.75,N/A,14.75,587840000.0,N/A,555280000.0,0.55,43.30,37.90,9820000.0,0.01,6200000000.0,0.07,3.27,409380000.0,0.84,0.20,46.30,24680000.0,1.90,2.40,28540000.0,outperform
4531,2011-11-02 19:00:51,1320274851.0,cim,1.86,5.91,1237.900024,15.32,-9.41,188.77,5.03,4.78,0.86,90.71,90.96,6.65,17.76,0.64,9440000000.0,9440000000.0,5.92,1.89,15.19,N/A,15.19,587840000.0,N/A,563870000.0,0.58,5.40,1.70,16079999.999999998,0.02,6490000000.0,0.08,3.35,9440000000.0,0.70,4.47,58.90,34370000.0,2.90,3.40,39120000.0,underperform
4532,2009-04-22 18:34:18,1240439658.0,cim,1.43,40.56,843.5499880000001,43.28,-2.719999999999999,N/A,N/A,12.88,1.39,267.94,68.63,7.87,25.13,0.708,1600000000.0,1600000000.0,N/A,1.69,35.69,N/A,35.69,109420000.0,N/A,119810000.0,1.90,N/A,N/A,27480000.0,0.155,1050000000.0,1.081,2.339,30660000.0,1.77,20.11,57.10,3250000.0,1.80,1.80,3940000.0,underperform
4533,2012-08-18 20:14:14,1345335254.0,cim,1.75,38.86,1405.530029,18.2,20.66,184.86,4.47,4.10,0.75,90.42,90.53,6.55,17.75,0.61,8710000000.0,8710000000.0,5.44,1.04,14.18,N/A,14.18,587840000.0,N/A,555280000.0,0.55,43.30,37.90,9820000.0,0.01,6200000000.0,0.07,3.27,409380000.0,0.77,0.20,43.30,18460000.0,1.50,N/A,16680000.0,outperform
4534,2013-05-16 18:19:08,1368742748.0,cim,2.59,11.97,1650.469971,13.78,-1.8099999999999987,184.86,25.15,17.04,1.10,69.65,69.96,1.74,4.08,0.19,9590000000.0,9590000000.0,7.60,N/A,48.65,N/A,48.65,207770000.0,N/A,137330000.0,0.13,43.30,37.90,9820000.0,0.01,6200000000.0,0.18,2.97,447700000.0,0.87,5.58,47.80,11740000.0,1.60,1.10,11700000.0,underperform
4535,2009-10-19 14:11:14,1255975874.0,cim,1.82,26.92,1097.910034,6.19,20.73,N/A,N/A,N/A,1.34,N/A,3825.16,N/A,N/A,0.002,4540000000.0,4540000000.0,N/A,1.13,9773.25,N/A,9773.25,109420000.0,N/A,28260000.0,0.132,52.40,57.30,13120000.0,0.02,1940000000.0,0.314,2.904,53280000.0,1.48,15.39,76.30,11200000.0,1.1,1.70,14510000.0,outperform
4536,2013-04-22 03:08:32,1366614512.0,cim,2.53,16.21,1562.5,20.29,-4.079999999999998,184.86,24.31,16.52,1.07,69.65,69.96,1.74,4.08,0.19,9440000000.0,9440000000.0,7.35,N/A,47.87,N/A,47.87,207770000.0,N/A,137330000.0,0.13,43.30,37.90,9820000.0,0.01,6200000000.0,0.18,2.97,447700000.0,0.87,5.58,47.80,16329999.999999998,1.50,1.60,16230000.0,underperform
4537,2012-01-03 14:14:19,1325618059.0,cim,1.73,18.5,1277.060059,14.51,3.99,184.86,4.58,4.20,0.77,90.42,90.53,6.55,17.75,0.61,8770000000.0,8770000000.0,5.46,1.66,14.28,N/A,14.28,587840000.0,N/A,555280000.0,0.55,43.30,37.90,9820000.0,0.01,6200000000.0,0.07,3.27,409380000.0,0.79,4.47,58.90,26730000.0,2.60,2.60,32299999.999999996,outperform
4538,2005-08-28 01:17:52,1125206272.0,ebay,38.88,-33.67,1212.369995,7.37,-41.04,3.109,57.48,13.64,6.95,24.24,32.47,9.87,14.00,2.885,52760000000.0,50010000000.0,N/A,1.66,12.96,32.124,12.96,2660000000.0,32.124,935580000.0,0.68,53.10,40.50,2750000000.0,2.033,3.109,3.109,5.593,1650000000.0,N/A,18.18,62.40,36700000.0,2.1,3.60,39490000.0,underperform
4539,2012-07-24 07:48:55,1343130535.0,ebay,43.52,19.72,1338.310059,25.98,-6.260000000000002,11.01,15.56,4.38,3.01,28.67,20.34,6.24,21.25,10.10,53340000000.0,53340000000.0,16.15,1.41,4.10,14.19,4.10,8189999999.999999,14.19,3730000000.0,2.84,144.50,23.10,5750000000.0,4.47,2080000000.0,1.95,14.68,3090000000.0,1.10,10.28,82.60,18530000.0,1.30,1.60,21110000.0,underperform
4540,2007-10-11 21:10:20,1192151420.0,ebay,39.08,-57.19,1554.410034,-42.15,-15.04,N/A,39.55,7.90,4.64,20.39,25.32,7.76,12.10,4.918,53090000000.0,49900000000.0,N/A,1.49,7.37,21.854,7.37,4710000000.0,21.854,1380000000.0,0.99,50.30,30.00,3600000000.0,2.65,N/A,2.353,8.496,2370000000.0,3.4,19.00,66.00,30010000.0,2.3,2.80,35610000.0,underperform
4541,2005-02-24 09:58:52,1109257132.0,ebay,42.37,-2.08,1200.199951,7.43,-9.51,0.018,73.40,16.66,8.15,23.98,32.38,11.42,13.48,2.393,55470000000.0,53580000000.0,41.43,1.83,16.38,47.62,16.38,1750000000.0,47.62,778220000.0,0.57,N/A,N/A,2009999999.9999998,1.52,124350000.0,2.683,5.046,N/A,2.063,23.50,68.23,39570000.0,1.952,3.90,47370000.0,underperform
4542,2004-11-30 08:13:53,1101820433.0,ebay,56.15,-20.2,1173.819946,6.45,-26.65,0.02,106.68,24.77,12.14,24.24,32.73,11.36,13.38,4.409,74680000000.0,72720000000.0,70.85,2.61,24.37,70.21,24.37,1750000000.0,70.21,715310000.0,1.056,76.80,78.30,2080000000.0,3.13,124720000.0,9.187,9.187,1170000000.0,1.763,23.50,67.93,24390000.0,2.014,4.81,26480000.0,underperform
4543,2004-06-10 18:07:09,1086905229.0,ebay,43.7,-16.18,1136.469971,5.42,-21.6,0.018,106.86,23.21,10.56,22.51,30.55,10.04,11.76,3.679,57250000000.0,56680000000.0,55.12,2.05,23.18,70.89,23.18,1750000000.0,70.89,543090000.0,0.815,76.80,78.30,1920000000.0,2.92,97190000.0,2.777,8.174,1050000000.0,1.576,23.50,67.52,27710000.0,2.725,5.51,29590000.0,underperform
4544,2005-07-21 08:51:45,1121950305.0,ebay,42.1,-41.85,1227.040039,1.08,-42.93,2.566,57.54,13.26,6.50,23.53,31.81,9.37,13.26,2.669,47040000000.0,45030000000.0,34.87,1.62,12.70,32.03,12.70,2660000000.0,32.03,834410000.0,0.61,28.10,36.40,2020000000.0,1.494,2.566,2.566,5.364,1410000000.0,2.1,18.25,62.40,39490000.0,2.2,3.90,38440000.0,underperform
4545,2009-03-15 16:46:05,1237149965.0,ebay,12.14,116.47,750.73999,53.25,63.22,N/A,8.80,1.82,1.40,20.83,24.98,8.62,15.62,6.553,15310000000.0,12950000000.0,N/A,0.75,1.52,4.539,1.52,6310000000.0,4.539,1780000000.0,1.356,30.80,6.60,3350000000.0,2.613,1000000000.0,1.697,8.646,2880000000.0,1.43,15.31,72.40,32409999.999999996,2.5,3.00,35990000.0,outperform
4546,2008-01-25 16:42:27,1201297347.0,ebay,26.83,-50.5,1330.609985,-36.85,-13.649999999999999,N/A,225.21,5.10,3.38,2.27,25.35,8.09,1.49,5.281,36270000000.0,32799999999.999996,N/A,0.98,4.55,13.588,4.55,4710000000.0,13.588,163830000.0,0.12,N/A,30.40,3990000000.0,2.947,N/A,1.944,8.038,2470000000.0,2.97,21.08,67.40,22730000.0,2.10,2.10,25040000.0,underperform
4547,2006-06-15 18:36:20,1150410980.0,ebay,30.74,4.23,1256.160034,22.03,-17.8,N/A,39.70,8.80,4.07,21.87,29.09,8.44,12.03,3.565,42710000000.0,40530000000.0,N/A,1.21,8.25,21.901,8.25,3730000000.0,21.901,1070000000.0000001,0.76,3.10,34.80,2700000000.0,1.918,N/A,2.319,7.542,2100000000.0,3.31,16.53,66.20,46300000.0,4.20,4.20,40670000.0,underperform
4548,2012-01-15 06:54:17,1326628457.0,ebay,31.58,68.4,1295.5,13.52,54.88000000000001,15.74,22.33,3.79,2.52,16.80,20.54,6.16,11.60,8.31,38060000000.0,38060000000.0,13.20,1.18,3.54,12.39,3.54,6590000000.0,12.39,1810000000.0,1.37,13.60,31.80,4010000000.0,3.11,2540000000.0,1.59,12.53,3150000000.0,1.34,10.34,81.90,12930000.0,1.40,N/A,12470000.0,outperform
4549,2004-12-04 14:35:23,1102188923.0,ebay,56.9,-20.98,1191.369995,6.15,-27.130000000000003,0.02,110.24,25.99,12.73,24.24,32.73,11.36,13.38,4.409,77170000000.0,75590000000.0,72.76,2.67,25.33,72.98,25.33,1750000000.0,72.98,715310000.0,1.056,76.80,78.30,2080000000.0,3.13,124720000.0,9.187,9.187,1170000000.0,1.763,23.50,67.83,24390000.0,2.014,4.81,26480000.0,underperform
4550,2004-10-12 07:07:14,1097579234.0,ebay,46.74,-15.66,1121.839966,4.98,-20.64,0.022,98.25,22.59,10.56,23.98,32.43,10.95,12.85,4.036,61960000000.0,59950000000.0,58.58,2.14,22.13,64.1,22.13,1750000000.0,64.1,641620000.0,0.954,76.80,78.30,2140000000.0000002,3.23,125160000.0,3.22,8.772,1100000000.0,1.676,23.50,67.78,30850000.0,3.251,6.10,25350000.0,underperform
4551,2005-04-03 17:58:14,1112565494.0,ebay,37.26,4.67,1180.589966,9.93,-5.26,0.018,65.04,15.32,7.41,23.98,32.38,11.42,13.48,2.393,49850000000.0,47960000000.0,36.70,1.63,14.66,42.63,14.66,2660000000.0,42.63,778220000.0,0.57,76.20,51.10,2009999999.9999998,1.5,124350000.0,2.683,5.026,1290000000.0,2.056,17.77,66.25,35250000.0,1.829,3.19,34430000.0,underperform
4552,2006-07-05 04:53:05,1152089585.0,ebay,28.36,13.79,1270.910034,20.02,-6.23,N/A,38.27,8.41,3.88,21.87,29.09,8.44,12.03,3.565,41180000000.0,38470000000.0,N/A,1.16,7.83,20.789,7.83,3730000000.0,20.789,1070000000.0000001,0.76,3.10,34.80,2700000000.0,1.918,N/A,2.319,7.542,2100000000.0,3.35,16.53,66.50,46420000.0,2.3,4.20,46300000.0,underperform
4553,2005-11-17 20:30:08,1132277408.0,ebay,43.8,-22.97,1242.800049,12.75,-35.72,3.15,60.42,14.25,7.21,23.88,32.25,9.94,14.07,3.088,60460000000.0,56220000000.0,N/A,1.87,13.52,33.646,13.52,2660000000.0,33.646,993430000.0,0.72,40.10,37.20,3070000000.0,2.202,3.15,3.15,5.9,1860000000.0,N/A,17.66,62.40,38220000.0,2.3,3.60,38670000.0,underperform
4554,2012-10-14 00:21:20,1350188480.0,ebay,47.49,15.33,1432.839966,19.35,-4.020000000000001,11.01,16.82,4.70,3.23,28.67,20.34,6.24,21.25,10.10,57990000000.0,57990000000.0,17.59,1.47,4.45,15.43,4.45,8189999999.999999,15.43,3730000000.0,2.84,144.50,23.10,5750000000.0,4.47,2080000000.0,1.95,14.68,3090000000.0,0.97,9.55,82.50,11680000.0,1.20,1.00,10820000.0,underperform
4555,2008-12-17 18:16:24,1229555784.0,ebay,15.02,51.73,904.419983,21.19,30.539999999999996,N/A,10.57,2.23,1.81,22.37,25.89,9.68,18.02,6.571,19460000000.0,15730000000.0,N/A,0.65,1.81,5.375,1.81,5910000000.0,5.375,1940000000.0,1.44,N/A,12.10,3640000000.0,2.854,N/A,2.105,8.375,2990000000.0,1.5,20.71,70.50,29130000.0,1.2,2.70,19280000.0,outperform
4556,2013-01-22 04:14:23,1358846063.0,ebay,53.37,1.95,1492.560059,23.6,-21.650000000000002,21.65,27.24,4.98,3.36,18.54,20.52,5.59,13.45,10.89,65260000000.00001,65260000000.00001,16.94,1.35,4.64,15.96,4.64,8189999999.999999,15.96,2610000000.0,1.99,62.10,18.10,9410000000.0,7.27,4520000000.0,1.95,16.13,3840000000.0,0.93,9.55,82.50,10110000.0,1.10,0.90,13810000.0,underperform
4557,2008-10-28 05:38:16,1225186696.0,ebay,15.87,43.35,940.51001,10.86,32.49,N/A,10.08,2.21,1.79,22.37,25.89,9.68,18.02,6.571,18730000000.0,15080000000.0,N/A,0.64,1.74,5.155,1.74,5910000000.0,5.155,1940000000.0,1.44,N/A,12.10,3640000000.0,2.827,N/A,2.105,8.297,2990000000.0,1.34,21.07,70.50,28310000.0,1.6,2.60,34090000.0,outperform
4558,2004-11-19 09:31:01,1100874661.0,ebay,54.17,-21.47,1170.339966,5.2,-26.669999999999998,0.02,104.64,24.30,11.90,24.24,32.73,11.36,13.38,4.409,73250000000.0,71300000000.0,69.50,2.56,23.89,68.83,23.89,1750000000.0,68.83,715310000.0,1.056,76.80,78.30,2080000000.0,3.13,124720000.0,9.187,9.187,1170000000.0,1.763,23.50,68.02,26480000.0,2.643,5.22,30850000.0,underperform
4559,2003-10-02 17:53:46,1065131626.0,ebay,27.55,67.77,1020.23999,10.91,56.86,0.004,112.78,20.80,8.09,20.78,27.92,9.86,11.22,2.701,35110000000.0,33409999999.999996,52.10,1.85,19.79,65.7,19.79,1000000000.0,65.7,344060000.0,N/A,176.30,62.10,1720000000.0,2.68,15970000.0,3.876,6.76,N/A,2.611,22.97,64.41,34720000.0,2.904,7.02,36400000.0,outperform
4560,2004-08-11 21:10:35,1092273035.0,ebay,38.19,8.88,1075.790039,15.06,-6.18,0.022,80.06,18.48,8.63,23.98,32.43,10.95,12.85,4.036,50490000000.0,48090000000.0,48.04,1.66,17.75,51.42,17.75,1750000000.0,51.42,641620000.0,0.954,76.80,78.30,2140000000.0000002,3.23,125160000.0,3.22,8.772,1100000000.0,1.636,23.50,66.73,27530000.0,3.364,5.44,29800000.0,underperform
4561,2011-11-25 17:28:14,1322260094.0,ebay,28.23,72.26,1158.670044,20.05,52.21000000000001,15.74,20.58,3.42,2.28,16.80,20.54,6.16,11.60,8.31,35390000000.0,35390000000.0,12.21,1.17,3.29,11.52,3.29,6590000000.0,11.52,1810000000.0,1.37,13.60,31.80,4010000000.0,3.11,2540000000.0,1.59,12.53,35390000000.0,1.37,11.08,80.90,14250000.0,1.00,N/A,15710000.0,outperform
4562,2008-10-29 01:19:19,1225257559.0,ebay,15.16,51.78,930.090027,14.62,37.160000000000004,N/A,11.01,2.16,1.75,22.37,25.89,9.68,18.02,6.571,20460000000.0,15080000000.0,N/A,0.62,1.74,5.155,1.74,5910000000.0,5.155,1940000000.0,1.44,N/A,12.10,3640000000.0,2.827,N/A,2.105,8.297,2990000000.0,1.34,21.07,70.50,28310000.0,1.6,2.60,34090000.0,outperform
4563,2013-05-16 18:36:59,1368743819.0,ebay,55.8,-6.9,1650.469971,13.78,-20.68,21.39,27.25,5.06,3.47,18.68,21.06,5.78,13.64,11.24,67340000000.0,67340000000.0,17.43,1.33,4.63,15.62,4.63,9860000000.0,15.62,2720000000.0,2.06,18.80,14.40,9400000000.0,7.25,4520000000.0,1.91,16.30,4240000000.0,0.87,9.47,83.80,11870000.0,1.10,1.00,15350000.0,underperform
4564,2012-03-16 01:52:19,1331877139.0,ebay,37.69,35.26,1404.170044,10.71,24.549999999999997,11.66,14.97,4.16,2.70,27.72,20.37,6.01,19.43,9.01,44570000000.0,44570000000.0,13.90,1.31,3.83,13.45,3.83,8189999999.999999,13.45,3230000000.0,2.46,254.00,35.50,5930000000.0,4.61,2089999999.9999998,1.88,13.94,3270000000.0,1.36,10.34,81.90,13680000.0,1.40,1.20,10270000.0,outperform
4565,2004-08-27 09:07:08,1093612028.0,ebay,42.95,-9.29,1107.77002,9.19,-18.479999999999997,0.022,90.58,20.90,9.77,23.98,32.43,10.95,12.85,4.036,57120000000.0,55110000000.0,54.01,1.90,20.34,58.93,20.34,1750000000.0,58.93,641620000.0,0.954,76.80,78.30,2140000000.0000002,3.23,125160000.0,3.22,8.772,1100000000.0,1.636,23.50,67.64,25350000.0,2.145,5.01,27530000.0,underperform
4566,2007-07-16 15:08:37,1184612917.0,ebay,34.39,-21.81,1549.52002,-21.59,-0.21999999999999886,N/A,38.48,7.29,4.13,19.76,24.88,8.89,11.49,4.568,46600000000.0,43020000000.0,N/A,1.20,6.78,17.563,6.78,4710000000.0,17.563,1250000000.0,0.89,51.90,27.20,3280000000.0,2.408,N/A,2.266,8.226,2230000000.0,3.63,20.94,66.50,32520000.000000004,2.5,3.00,33970000.0,underperform
4567,2009-01-21 18:13:52,1232579632.0,ebay,13.28,81.7,840.23999,32.88,48.82,N/A,8.87,1.84,1.50,22.37,25.89,9.68,18.02,6.571,16329999999.999998,12380000000.0,N/A,0.65,1.43,4.232,1.43,5910000000.0,4.232,1940000000.0,1.44,N/A,12.10,3640000000.0,2.854,N/A,2.105,8.375,2990000000.0,1.51,15.44,70.60,30990000.0,1.8,2.90,29130000.0,outperform
4568,2003-12-03 01:02:56,1070431376.0,ebay,27.62,111.77,1064.72998,11.8,99.97,0.03,93.48,19.04,7.99,20.68,27.96,9.36,10.74,2.982,36470000000.0,35140000000.0,55.23,1.84,18.20,59.61,18.20,1000000000.0,59.61,391720000.0,0.604,176.30,62.10,1750000000.0,2.71,137540000.0,3.473,7.12,N/A,2.25,23.50,64.37,32680000.0,3.386,6.61,36150000.0,outperform
4569,2005-06-16 08:07:39,1118923659.0,ebay,37.56,-19.38,1210.959961,3.35,-22.73,2.566,61.62,14.20,6.96,23.53,31.81,9.37,13.26,2.669,50370000000.0,48360000000.0,37.34,1.85,13.63,34.4,13.63,2660000000.0,34.4,834410000.0,0.61,28.10,36.40,2020000000.0,1.494,2.566,2.566,5.364,1410000000.0,2.119,18.25,62.40,38440000.0,1.5,3.80,28320000.0,underperform
4570,2013-04-23 07:50:40,1366717840.0,wy,29.16,-4.29,1578.780029,18.79,-23.08,104.33,42.32,2.32,4.00,5.45,9.10,3.18,9.16,13.09,19630000000.0,19630000000.0,20.72,5.28,2.78,17.88,2.78,1250000000.0,17.88,385000000.0,0.71,120.00,23.80,898000000.0,1.65,4290000000.0,2.91,7.50,581000000.0,1.60,1.66,81.30,6880000.0,2.00,1.30,7850000.0,underperform
4571,2007-04-10 20:12:49,1176250369.0,wy,22.94,-13.95,1448.390015,-6.48,-7.469999999999999,0.907,41.23,0.83,2.00,2.07,9.06,4.65,3.76,89.397,18150000000.0,26190000000.0,N/A,4.16,1.20,7.86,1.20,4760000000.0,7.86,355000000.0,1.84,N/A,1.10,243000000.0,1.018,8240000000.0,2.268,38.171001,1610000000.0,1.17,9.69,80.40,45830000.0,6.6,19.60,12540000.0,underperform
4572,2005-03-25 04:07:10,1111741630.0,wy,19.42,9.22,1171.709961,11.38,-2.16,1.149,12.63,0.72,1.76,5.66,11.71,4.43,15.63,95.847,16320000000.0,25920000000.0,12.52,1.89,1.14,6.52,1.14,5650000000.0,6.52,1280000000.0,5.37,363.20,14.00,1040000000.0,4.34,10640000000.0,1.681,38.505001,2200000000.0,0.954,4.02,78.36,3750000.0,2.581,1.62,3220000.0,underperform
4573,2004-08-03 23:09:39,1091588979.0,wy,17.43,11.76,1099.689941,13.22,-1.4600000000000009,1.385,21.62,0.71,1.66,3.12,8.10,2.33,9.08,93.757,14950000000.0,25980000000.0,12.79,2.50,1.22,8.49,1.22,5800000000.0,8.49,664000000.0,2.887,14.90,7.30,725000000.0,3.03,11640000000.0,1.737,37.845001,1730000000.0,1.054,5.01,71.41,2210000.0,2.344,0.97,2660000.0,underperform
4574,2008-03-30 01:08:55,1206853735.0,wy,20.14,-55.36,1325.76001,-40.6,-14.759999999999998,0.927,17.76,0.84,1.71,4.84,4.38,1.76,0.60,74.362,13450000000.0,20730000000.0,N/A,8.96,1.27,12.274,1.27,3180000000.0,12.274,51000000.0,3.59,N/A,18.00,114000000.0,0.54,7400000000.0,2.051,37.798,633000000.0,1.28,2.50,87.40,9090000.0,4.2,4.50,8630000.0,underperform
4575,2005-01-19 18:03:19,1106175799.0,wy,18.38,5.6,1184.630005,8.48,-2.880000000000001,1.255,13.22,0.72,1.74,5.36,11.30,4.12,15.19,94.542,15740000000.0,25900000000.0,12.84,1.89,1.18,6.78,1.18,5800000000.0,6.78,1180000000.0,4.963,14.90,7.30,1230000000.0,5.12,11370000000.0,1.895,37.803001,2180000000.0,1.01,4.99,76.73,2890000.0,3.326,1.27,2300000.0,underperform
4576,2007-03-15 10:00:39,1173967239.0,wy,24.02,-19.44,1392.280029,-7.48,-11.96,0.907,42.75,0.86,2.07,2.07,9.06,4.65,3.76,89.397,18820000000.0,26810000000.0,N/A,4.00,1.23,8.047,1.23,4760000000.0,8.047,355000000.0,1.84,N/A,1.10,243000000.0,1.018,8240000000.0,2.268,38.171001,1610000000.0,1.17,9.69,80.20,12540000.0,4.9,5.40,7700000.0,underperform
4577,2008-01-27 19:40:06,1201480806.0,wy,19.72,-53.8,1352.069946,-38.13,-15.669999999999995,1.029,10.32,0.66,1.80,6.84,6.64,3.34,2.46,90.2,13390000000.0,20990000000.0,N/A,6.38,1.03,8.572,1.03,4760000000.0,8.572,205000000.0,6.15,54.90,9.00,80000000.0,0.379,7680000000.0,2.352,35.380001,1390000000.0,1.27,2.37,78.30,9410000.0,7.2,4.60,10260000.0,underperform
4578,2011-09-02 15:22:28,1314991348.0,wy,15.57,49.71,1173.969971,20.15,29.560000000000002,95.23,6.05,1.43,2.01,20.96,7.82,2.35,31.94,13.78,13160000000.0,13160000000.0,26.29,24.87,1.98,12.97,1.98,1160000000.0,12.97,1410000000.0,2.87,28.60,1.90,881000000.0,1.64,4510000000.0,3.63,8.79,13160000000.0,1.51,1.62,79.60,26230000.0,3.10,5.50,25060000.0,outperform
4579,2012-04-02 14:20:35,1333390835.0,wy,20.48,46.29,1419.040039,10.66,35.629999999999995,104.95,35.88,1.89,2.75,5.33,8.33,2.49,7.18,11.56,15250000000.0,15250000000.0,29.28,103.26,2.45,15.28,2.45,1100000000.0,15.28,319000000.0,0.61,62.00,6.50,953000000.0,1.78,4480000000.0,3.22,7.97,291000000.0,1.75,1.61,82.40,11940000.0,2.70,2.30,13380000.0,outperform
4580,2004-03-29 17:23:13,1080598993.0,wy,17.98,5.51,1122.469971,3.82,1.69,1.757,50.70,0.72,2.00,1.45,5.88,1.01,4.21,89.348,14520000000.0,26630000000.0,14.94,3.78,1.34,10.71,1.34,3980000000.0,10.71,288000000.0,1.294,31.90,27.30,171000000.0,0.77,12490000000.0,1.592,32.284,1770000000.0,1.102,5.00,73.42,2620000.0,2.976,1.24,2620000.0,outperform
4581,2013-05-07 08:32:23,1367929943.0,wy,29.75,0.5,1625.959961,15.51,-15.01,96.70,34.88,2.26,4.00,6.49,10.58,3.98,11.48,13.89,20280000000.0,20280000000.0,20.83,4.96,2.70,16.23,2.70,1250000000.0,16.23,488000000.0,0.89,251.20,30.60,639000000.0,1.17,4139999999.9999995,3.64,7.77,580000000.0,1.59,1.66,81.30,6880000.0,1.90,1.30,6880000.0,underperform
4582,2008-12-23 17:18:39,1230070719.0,wy,9.92,47.38,863.159973,29.82,17.560000000000002,0.897,N/A,0.47,0.89,0.19,1.52,0.59,6.26,67.475,6550000000.0,8780000000.0,N/A,N/A,0.62,9.213,0.62,3180000000.0,9.213,472000000.0,0.128,177.20,24.70,4800000000.0,22.718,6820000000.0,2.5,35.993,399000000.0,1.31,2.30,85.90,10160000.0,3.9,4.90,9140000.0,outperform
4583,2005-05-28 01:45:58,1117259158.0,wy,18.23,2.41,1190.01001,6.96,-4.55,1.076,11.03,0.68,1.63,6.05,10.99,5.51,16.86,96.397,15540000000.0,25400000000.0,14.07,2.03,1.10,6.555,1.10,5650000000.0,6.555,1410000000.0,5.81,97.50,10.00,407000000.0,1.676,10230000000.0,2.868,39.327,2109999999.9999998,0.898,2.66,78.30,5790000.0,2.1,2.40,5650000.0,underperform
4584,2004-08-03 13:46:41,1091555201.0,f,12.57,-24.34,1099.689941,13.22,-37.56,12.396,11.57,0.16,2.03,1.76,2.46,0.97,25.12,86.093,27550000000.0,180010000000.0,7.38,1.22,1.06,N/A,1.06,35240000000.0,7830000000.0,2730000000.0,1.301,N/A,1.00,15650000000.0,8.55,168100000000.0,N/A,7.407,19430000000.0,1.314,2.24,37.78,96780000.0,9.568,5.41,97740000.0,underperform
4585,2008-10-14 19:07:13,1224025633.0,f,2.27,212.33,998.01001,9.42,202.91000000000003,N/A,N/A,0.03,N/A,6.91,4.91,1.92,N/A,79.623,5470000000.0,149380000000.0,N/A,N/A,0.88,19.015,0.88,29870000000.0,19.015,11770000000.0,5.532,N/A,6.20,22050000000.0,9.749,166030000000.0,3.135,0.742,14030000000.0,1.34,6.90,78.70,304650000.0,13.50,13.50,320820000.0,outperform
4586,2008-01-23 13:49:12,1201114152.0,f,5.83,-69.13,1338.599976,-38.18,-30.949999999999996,140.338,N/A,0.07,10.76,3.28,0.13,0.05,107.71,87.785,12510000000.0,149570000000.0,N/A,N/A,0.89,8.867,0.89,11250000000.0,8.867,5560000000.0,2.88,N/A,10.70,26160000000.0,12.395,163210000000.0,1.69,0.551,5890000000.0,2.13,0.51,81.10,138600000.0,6.60,6.60,148700000.0,underperform
4587,2013-01-26 03:04:52,1359187492.0,f,13.09,21.54,1494.810059,22.32,-0.7800000000000011,525.73,3.10,0.40,2.81,13.35,5.15,2.46,140.16,34.76,129750000000.0,129750000000.0,9.37,1.39,0.98,11.14,0.98,22920000000.0,11.14,17680000000.0,4.41,1.10,2.60,24100000000.0,6.32,100970000000.0,1.68,4.94,9170000000.0,1.51,0.43,53.20,139300000.0,2.40,4.20,180800000.0,underperform
4588,2011-12-29 01:30:21,1325140221.0,f,9.89,22.75,1263.02002,11.04,11.71,578.68,6.31,0.31,6.87,5.06,6.25,3.09,317.13,35.90,115640000000.0,115640000000.0,6.62,0.78,0.86,8.62,0.86,24500000000.0,8.62,6790000000.0,1.67,2.30,10.60,20580000000.0,5.41,95130000000.0,1.23,1.57,11260000000.0,2.53,0.31,63.70,141670000.0,2.80,4.30,139820000.0,outperform
4589,2012-09-11 10:27:17,1347373637.0,f,9.53,77.23,1433.560059,17.83,59.400000000000006,584.91,2.30,0.29,2.26,13.28,4.99,2.38,157.85,35.03,114660000000.0,114660000000.0,6.79,0.77,0.86,10.15,0.86,22920000000.0,10.15,17700000000.0,4.40,56.60,6.50,23790000000.0,6.24,99900000000.0,1.68,4.47,9540000000.0,1.68,0.40,55.20,98090000.0,2.80,3.00,112450000.0,outperform
4590,2011-11-04 15:11:26,1320433886.0,f,10.44,0.86,1253.22998,12.68,-11.82,842.06,6.46,0.33,8.10,5.21,6.61,3.11,755.33,35.91,119800000000.0,119800000000.0,6.71,0.83,0.92,8.71,0.92,24500000000.0,8.71,6830000000.0,1.74,7.70,1.30,21760000000.0,5.73,98550000000.0,1.24,1.40,119800000000.0,2.28,0.31,63.70,147740000.0,2.20,4.50,141320000.0,underperform
4591,2012-01-01 09:11:12,1325427072.0,f,9.89,23.56,1263.02002,12.92,10.639999999999999,578.68,6.45,0.30,6.79,5.06,6.25,3.09,317.13,35.90,115450000000.0,115450000000.0,6.77,0.76,0.86,8.61,0.86,24500000000.0,8.61,6790000000.0,1.67,2.30,10.60,20580000000.0,5.41,95130000000.0,1.23,1.57,11260000000.0,2.53,0.31,63.70,132590000.0,2.50,4.00,141670000.0,outperform
4592,2006-07-08 11:50:25,1152373825.0,f,6.08,39.31,1270.910034,20.02,19.290000000000003,12.541,N/A,0.07,1.04,0.22,1.09,0.35,0.98,93.417,12630000000.0,144540000000.0,N/A,2.65,0.84,11.894,0.84,32150000000.0,11.894,136000000.0,0.116,N/A,9.00,19150000000.0,10.207,151100000000.0,3.221,6.315,10600000000.0,2.29,1.10,51.60,105800000.0,4.8,5.70,105590000.0,outperform
4593,2011-09-02 09:23:22,1314969802.0,f,9.65,-9.33,1173.969971,20.15,-29.479999999999997,842.06,6.25,0.31,7.77,5.21,6.61,3.11,755.33,35.91,118020000000.0,118020000000.0,5.80,0.73,0.90,8.58,0.90,N/A,8.58,6830000000.0,1.74,7.70,1.30,21760000000.0,5.73,98550000000.0,1.24,1.40,118020000000.0,2.39,0.31,63.70,145920000.0,1.60,4.40,148440000.0,underperform
4594,2008-12-05 06:42:09,1228477329.0,f,2.52,230.95,876.070007,26.62,204.32999999999998,N/A,N/A,0.04,N/A,7.14,2.12,0.82,N/A,73.049,6350000000.0,135630000000.0,N/A,N/A,0.84,12.678,0.84,29870000000.0,12.678,11520000000.0,5.21,N/A,22.00,27510000000.0,11.518,156790000000.0,1.999,0.833,7110000000.0,1.84,5.07,72.40,265040000.00000003,3.9,11.10,306210000.0,outperform
4595,2004-01-07 19:51:45,1073523105.0,f,14.23,-12.58,1126.329956,5.47,-18.05,22.007,21.25,0.19,3.70,1.17,1.74,0.62,20.04,80.995,31020000000.0,182630000000.0,12.72,3.00,1.14,14.8,1.14,38280000000.0,14.8,1550000000.0,0.797,N/A,0.60,27890000000.0,15.23,180240000000.0,N/A,4.47,N/A,1.326,1.08,34.33,71480000.0,6.084,3.95,89700000.0,underperform
4596,2012-10-20 16:56:29,1350766589.0,f,9.78,71.88,1460.910034,18.63,53.25,584.91,2.31,0.30,2.33,13.28,4.99,2.38,157.85,35.03,114930000000.0,114930000000.0,6.93,0.78,0.86,10.17,0.86,22920000000.0,10.17,17700000000.0,4.40,56.60,6.50,23790000000.0,6.24,99900000000.0,1.68,4.47,9540000000.0,1.72,0.43,53.20,138260000.0,3.70,4.20,122510000.0,outperform
4597,2006-09-03 03:52:20,1157269940.0,f,7.75,,1303.819946,13.05,,11.073,N/A,0.09,1.15,0.92,1.65,0.52,9.51,91.602,15560000000.0,145450000000.0,N/A,N/A,0.85,13.102,0.85,32150000000.0,13.102,1340000000.0,0.79,N/A,5.80,23590000000.0,12.54,153480000000.0,3.245,7.264,14080000000.0,2.46,1.10,67.20,124120000.0,4.2,6.70,108900000.0,underperform
4598,2005-04-11 21:18:30,1113268710.0,f,9.05,-28.18,1181.209961,8.92,-37.1,10.78,5.79,0.12,1.26,2.28,2.81,1.29,24.14,80.739,19110000000.0,169660000000.0,5.77,1.12,0.99,14.82,0.99,35800000000.0,14.82,3630000000.0,1.803,604.40,4.00,23510000000.0,12.84,172970000000.0,N/A,8.763,24510000000.0,1.324,2.51,42.26,84500000.0,9.688,4.73,90150000.0,underperform
4599,2008-12-21 16:35:43,1229895343.0,f,2.63,240.68,885.2800289999999,25.84,214.84,N/A,N/A,0.04,N/A,7.14,2.12,0.82,N/A,73.049,7050000000.0,136330000000.00002,N/A,N/A,0.85,12.743,0.85,29870000000.0,12.743,11520000000.0,5.21,N/A,22.00,27510000000.0,11.518,156790000000.0,1.999,0.833,7110000000.0,1.84,5.07,72.40,251360000.0,2.8,10.60,265040000.00000003,outperform
4600,2006-07-19 23:34:56,1153366496.0,f,5.82,37.29,1259.810059,23.28,14.009999999999998,12.541,N/A,0.07,1.02,0.22,1.09,0.35,0.98,93.417,11870000000.0,143980000000.0,N/A,2.58,0.83,11.847,0.83,32150000000.0,11.847,136000000.0,0.116,N/A,9.00,19150000000.0,10.207,151100000000.0,3.221,6.315,10600000000.0,2.29,1.10,51.50,105800000.0,4.8,5.70,105590000.0,outperform
4601,2008-12-22 23:46:57,1230007617.0,f,2.4,282.08,871.6300050000001,28.27,253.80999999999997,N/A,N/A,0.04,N/A,7.14,2.12,0.82,N/A,73.049,6190000000.0,136330000000.00002,N/A,N/A,0.85,12.743,0.85,29870000000.0,12.743,11520000000.0,5.21,N/A,22.00,27510000000.0,11.518,156790000000.0,1.999,0.833,7110000000.0,1.84,5.07,72.40,251360000.0,2.8,10.60,265040000.00000003,outperform
4602,2006-08-14 12:55:51,1155574551.0,f,7.25,3.03,1268.209961,12.48,-9.450000000000001,11.073,N/A,0.08,1.01,0.92,1.65,0.52,9.51,91.602,13860000000.0,143750000000.0,N/A,N/A,0.84,12.95,0.84,32150000000.0,12.95,1340000000.0,0.79,N/A,5.80,23590000000.0,12.54,153480000000.0,3.245,7.264,14080000000.0,2.29,1.10,67.00,108900000.0,4.3,5.90,105800000.0,underperform
4603,2004-04-14 07:05:36,1081940736.0,f,11.16,-24.28,1128.170044,3.0,-27.28,15.432,26.66,0.15,2.15,0.75,1.09,0.40,9.89,89.627,24560000000.0,183110000000.0,8.43,2.14,1.12,17.31,1.12,38280000000.0,17.31,921000000.0,0.503,N/A,0.60,21770000000.0,11.89,179800000000.0,N/A,6.362,19890000000.0,1.334,1.08,37.32,87370000.0,9.362,4.82,78140000.0,underperform
4604,2004-06-21 03:26:51,1087802811.0,f,13.28,-26.28,1130.300049,7.37,-33.65,13.309,16.48,0.17,2.22,1.36,2.04,0.74,19.56,87.129,29090000000.0,182350000000.0,7.75,1.37,1.08,16.03,1.08,35240000000.0,16.03,2000000000.0,0.964,N/A,1.00,18190000000.0,9.94,171450000000.0,N/A,7.036,19430000000.0,1.277,1.08,38.05,99670000.0,6.875,5.50,90490000.0,underperform
4605,2004-11-26 18:51:18,1101513078.0,f,12.27,-38.47,1182.650024,7.01,-45.48,11.707,5.26,0.15,1.83,3.46,5.07,1.91,43.02,80.496,26070000000.0,173050000000.0,7.20,1.12,1.01,11.27,1.01,35240000000.0,11.27,5610000000.0,2.709,N/A,1.00,17420000000.0,9.52,164710000000.0,N/A,7.689,18620000000.0,1.279,2.24,41.76,93060000.0,8.63,5.20,93170000.0,underperform
4606,2011-11-02 02:48:36,1320216516.0,f,10.33,2.71,1237.900024,15.32,-12.61,842.06,6.39,0.34,8.36,5.21,6.61,3.11,755.33,35.91,121170000000.0,121170000000.0,6.33,0.88,0.93,8.81,0.93,24500000000.0,8.81,6830000000.0,1.74,7.70,1.30,21760000000.0,5.73,98550000000.0,1.24,1.40,121170000000.0,2.64,0.31,63.70,147740000.0,2.20,4.50,141320000.0,underperform
4607,2005-02-12 14:59:17,1108238357.0,f,11.38,-33.39,1191.98999,6.02,-39.41,10.989,7.62,0.14,1.70,2.29,2.83,1.28,25.14,86.391,23900000000.0,173430000000.0,6.87,1.25,1.02,15.15,1.02,35240000000.0,15.15,3630000000.0,1.71,N/A,1.00,23510000000.0,12.85,172970000000.0,N/A,7.689,18610000000.0,1.326,2.22,41.32,94500000.0,12.937,5.28,93270000.0,underperform
4608,2012-03-07 01:15:09,1331100909.0,f,11.38,7.12,1352.630005,14.17,-7.05,660.13,2.45,0.35,3.15,14.83,6.02,2.99,280.30,35.92,124100000000.0,124100000000.0,7.11,1.86,0.91,9.96,0.91,22920000000.0,9.96,20210000000.0,4.94,065.80,6.60,22750000000.0,5.99,99490000000.0,1.60,3.95,9780000000.0,2.98,0.34,54.40,144930000.0,2.60,4.40,154060000.0,underperform
4609,2012-03-02 01:01:59,1330668119.0,f,11.83,2.45,1369.630005,10.69,-8.239999999999998,660.13,2.56,0.35,3.13,14.83,6.02,2.99,280.30,35.92,123790000000.0,123790000000.0,7.45,1.84,0.91,9.93,0.91,22920000000.0,9.93,20210000000.0,4.94,065.80,6.60,22750000000.0,5.99,99490000000.0,1.60,3.95,9780000000.0,2.53,0.34,54.40,144930000.0,2.60,4.40,154060000.0,underperform
4610,2008-05-17 10:03:17,1211032997.0,f,7.54,-36.6,1408.660034,-36.6,0.0,29.945,N/A,0.10,3.19,1.39,1.97,N/A,N/A,84.091,16219999999.999998,161980000000.0,N/A,N/A,0.96,15.394,0.96,29870000000.0,15.394,2380000000.0,1.17,N/A,8.40,22770000000.0,11.385,168530000000.0,N/A,2.564,N/A,2.11,0.50,82.40,283140000.0,3.1,12.70,271870000.0,underperform
4611,2011-04-29 02:41:55,1304059315.0,f,14.33,-23.87,1363.609985,1.99,-25.86,N/A,9.31,0.46,N/A,5.09,6.90,3.12,N/A,37.39,142920000000.0,142920000000.0,7.87,0.48,1.11,9.87,1.11,24500000000.0,9.87,6560000000.0,1.66,N/A,N/A,20310000000.0,5.37,103990000000.0,1.55,0.18,142920000000.0,2.51,0.31,63.70,151480000.0,2.10,4.60,148720000.0,underperform
4612,2006-07-09 00:58:14,1152421094.0,f,6.06,38.78,1274.079956,20.23,18.55,12.541,N/A,0.07,1.04,0.22,1.09,0.35,0.98,93.417,12630000000.0,144540000000.0,N/A,2.65,0.84,11.894,0.84,32150000000.0,11.894,136000000.0,0.116,N/A,9.00,19150000000.0,10.207,151100000000.0,3.221,6.315,10600000000.0,2.29,1.10,51.60,105800000.0,4.8,5.70,105590000.0,outperform
4613,2008-10-28 19:24:36,1225236276.0,f,1.99,224.12,940.51001,10.86,213.26,N/A,N/A,0.03,N/A,6.91,4.91,1.92,N/A,79.623,4860000000.0,148570000000.0,N/A,N/A,0.87,18.911,0.87,29870000000.0,18.911,11770000000.0,5.532,N/A,6.20,22050000000.0,9.749,166030000000.0,3.135,0.742,14030000000.0,1.34,6.90,78.60,273070000.0,3.5,12.10,304650000.0,outperform
4614,2006-07-07 03:37:24,1152257844.0,f,6.19,,1265.47998,-17.61,,12.541,N/A,0.07,1.05,0.22,1.09,0.35,0.98,93.417,12360000000.0,144540000000.0,N/A,2.65,0.84,11.894,0.84,32150000000.0,11.894,136000000.0,0.12,N/A,9.00,19150000000.0,10.207,151100000000.0,3.221,6.315,10600000000.0,2.29,1.10,51.60,105800000.0,4.8,5.70,105590000.0,underperform
4615,2006-07-05 02:00:21,1152079221.0,f,6.08,39.31,1270.910034,20.02,19.290000000000003,12.541,N/A,0.08,1.10,0.22,1.09,0.35,0.98,93.417,12590000000.0,144540000000.0,N/A,2.65,0.84,11.894,0.84,32150000000.0,11.894,136000000.0,0.12,N/A,9.00,19150000000.0,10.207,151100000000.0,3.221,6.315,10600000000.0,2.29,1.10,51.60,105800000.0,4.8,5.70,105590000.0,outperform
4616,2008-12-17 09:44:30,1229525070.0,f,2.91,198.97,904.419983,21.19,177.78,N/A,N/A,0.05,N/A,7.14,2.12,0.82,N/A,73.049,7480000000.0,136759999999.99998,N/A,N/A,0.85,12.783,0.85,29870000000.0,12.783,11520000000.0,5.21,N/A,22.00,27510000000.0,11.518,156790000000.0,1.999,0.833,7110000000.0,1.84,5.07,72.30,251360000.0,2.8,10.60,265040000.00000003,outperform
4617,2007-03-12 23:21:11,1173756071.0,f,7.24,-24.59,1406.599976,-6.11,-18.48,16.851,N/A,0.09,N/A,4.25,3.04,1.05,58.88,88.923,14800000000.0,149280000000.0,N/A,N/A,0.90,17.212,0.90,31970000000.0,17.212,6820000000.0,3.72,N/A,8.40,21300000000.0,11.276,154410000000.0,3.336,1.831,13200000000.0,1.95,1.10,65.00,175120000.0,2.7,9.40,145040000.0,underperform
4618,2006-06-17 15:39:50,1150573190.0,f,6.08,31.91,1230.040039,23.81,8.100000000000001,12.541,N/A,0.07,1.07,0.22,1.09,0.35,0.98,93.417,12550000000.0,144510000000.0,N/A,2.75,0.84,11.891,0.84,32150000000.0,11.891,136000000.0,0.116,N/A,9.00,19150000000.0,10.207,151100000000.0,3.221,6.315,10600000000.0,2.29,1.10,51.30,105590000.0,3.3,5.70,107840000.0,outperform
4619,2012-07-01 11:58:39,1341158319.0,f,9.42,59.98,1329.040039,21.51,38.47,603.54,2.03,0.28,2.32,14.06,5.43,2.63,199.47,35.67,114030000000.0,114030000000.0,5.85,0.62,0.84,9.67,0.84,22920000000.0,9.67,19060000000.0,4.71,45.30,2.00,23060000000.0,6.04,100490000000.0,1.62,4.35,9360000000.0,1.81,0.40,55.20,134880000.0,3.00,4.10,133160000.0,outperform
4620,2007-05-27 21:39:42,1180316382.0,f,,,1507.51001,-8.73,,N/A,N/A,0.10,N/A,7.07,5.99,2.09,267.83,86.163,15890000000.0,150570000000.0,N/A,N/A,0.93,20.012,0.93,11250000000.0,20.012,11470000000.0,6.09,N/A,5.50,32500000000.0,17.285,167180000000.0,3.368,1.973,4670000000.0,2.19,1.20,78.90,200160000.0,5.6,10.70,198960000.0,underperform
4621,2007-10-13 20:42:26,1192322546.0,f,7.62,-74.67,1562.469971,-41.76,-32.910000000000004,N/A,N/A,0.11,N/A,6.32,4.88,1.76,162.56,87.175,19320000000.0,158610000000.0,N/A,N/A,0.96,17.635,0.96,11250000000.0,17.635,10430000000.0,5.47,N/A,5.60,30740000000.0,14.642,170040000000.0,3.35,0.927,378000000.0,1.99,0.97,77.20,191170000.0,5.5,9.20,191960000.0,underperform
4622,2012-07-15 20:24:08,1342398248.0,f,8.53,92.15,1334.76001,26.05,66.10000000000001,603.54,1.97,0.26,2.10,14.06,5.43,2.63,199.47,35.67,112810000000.0,112810000000.0,5.83,0.63,0.83,9.57,0.83,22920000000.0,9.57,19060000000.0,4.71,45.30,2.00,23060000000.0,6.04,100490000000.0,1.62,4.35,9360000000.0,1.81,0.40,55.20,123210000.0,2.70,3.70,134880000.0,outperform
4623,2005-09-13 20:52:51,1126659171.0,f,8.69,-2.07,1231.199951,7.06,-9.129999999999999,12.627,7.62,0.11,1.51,1.46,1.35,0.55,20.25,95.018,18200000000.0,158400000000.0,N/A,1.53,0.91,10.33,0.91,35800000000.0,10.33,2640000000.0,1.29,18.80,3.90,18420000000.0,9.94,158440000000.0,2.998,6.577,20450000000.0,N/A,N/A,43.70,63420000.0,3.50,3.50,74630000.0,underperform
4624,2012-03-04 02:49:46,1330847386.0,f,11.77,2.97,1374.089966,11.0,-8.03,660.13,2.57,0.35,3.20,14.83,6.02,2.99,280.30,35.92,125090000000.0,125090000000.0,7.48,1.89,0.92,10.04,0.92,22920000000.0,10.04,20210000000.0,4.94,065.80,6.60,22750000000.0,5.99,99490000000.0,1.60,3.95,9780000000.0,2.98,0.34,54.40,144930000.0,2.60,4.40,154060000.0,underperform
4625,2004-12-04 17:50:48,1102200648.0,f,12.17,-40.35,1191.369995,6.15,-46.5,11.707,5.28,0.15,1.85,3.46,5.07,1.91,43.02,80.496,26180000000.0,173470000000.0,7.23,1.12,1.01,11.29,1.01,35240000000.0,11.29,5610000000.0,2.709,N/A,1.00,17420000000.0,9.52,164710000000.0,N/A,7.689,18620000000.0,1.279,2.24,41.73,93060000.0,8.63,5.20,93170000.0,underperform
4626,2012-11-27 11:35:21,1354034121.0,f,10.47,57.5,1398.939941,29.19,28.31,525.73,2.52,0.32,2.25,13.35,5.15,2.46,140.16,34.76,119220000000.0,119220000000.0,7.61,1.44,0.90,10.24,0.90,22920000000.0,10.24,17680000000.0,4.41,1.10,2.60,24100000000.0,6.32,100970000000.0,1.68,4.94,9170000000.0,1.65,0.43,53.20,144890000.0,3.30,4.40,129539999.99999999,outperform
4627,2007-11-15 04:03:45,1195117425.0,f,7.21,-76.84,1451.150024,-39.82,-37.02,N/A,N/A,0.10,N/A,6.32,4.88,1.76,162.56,87.175,16750000000.0,156090000000.0,N/A,N/A,0.95,17.355,0.95,11250000000.0,17.355,10430000000.0,5.47,N/A,5.60,30740000000.0,14.642,170040000000.0,3.35,0.927,378000000.0,2.03,0.98,61.70,171800000.0,3.7,8.30,177620000.0,underperform
4628,2013-05-16 18:18:52,1368742732.0,f,14.02,10.63,1650.469971,13.78,-3.1499999999999986,599.03,10.03,0.42,3.28,4.27,4.83,2.21,33.97,35.79,139520000000.0,139520000000.0,8.92,0.97,1.01,11.63,1.01,21670000000.0,11.63,5880000000.0,1.48,15.40,10.40,24180000000.0,6.15,107600000000.0,1.64,4.48,7180000000.0,1.56,0.41,55.20,70530000.0,1.90,2.00,66209999.99999999,underperform
4629,2007-06-26 07:38:43,1182857923.0,f,8.3,-41.57,1492.890015,-11.45,-30.12,N/A,N/A,0.10,N/A,7.07,5.99,2.09,267.83,86.163,16980000000.0,151660000000.0,N/A,N/A,0.93,20.157,0.93,11250000000.0,20.157,11470000000.0,6.09,N/A,5.50,32500000000.0,17.285,167180000000.0,3.368,1.973,4670000000.0,2.19,1.20,81.90,208820000.0,6.8,11.20,200160000.0,underperform
4630,2012-02-11 19:54:34,1329008074.0,ntrs,41.49,22.13,1349.959961,11.81,10.319999999999999,N/A,17.66,2.86,1.49,16.25,25.55,0.66,8.65,15.39,3140000000.0,3140000000.0,12.87,1.00,0.84,N/A,0.84,N/A,N/A,603600000.0,2.47,17.10,10.20,21130000000.0,87.69,7480000000.0,N/A,29.53,N/A,0.84,0.44,79.50,4710000.0,2.90,2.20,4059999.9999999995,outperform
4631,2012-02-24 11:55:29,1330102529.0,ntrs,41.18,24.65,1365.73999,10.71,13.939999999999998,N/A,17.77,2.85,1.49,16.25,25.55,0.66,8.65,15.39,3080000000.0,3080000000.0,N/A,N/A,0.83,N/A,0.83,N/A,N/A,603600000.0,2.47,17.10,10.20,21130000000.0,87.69,7480000000.0,N/A,29.53,N/A,0.84,0.44,79.50,4710000.0,2.90,2.20,4059999.9999999995,outperform
4632,2012-01-27 10:24:49,1327677889.0,ntrs,39.12,24.57,1316.329956,13.56,11.01,N/A,16.63,2.67,1.39,16.25,25.55,0.66,8.65,15.39,3750000000.0,3750000000.0,12.08,1.01,1.01,N/A,1.01,N/A,N/A,603600000.0,2.47,17.10,10.20,21130000000.0,87.69,7480000000.0,N/A,29.53,N/A,0.66,0.44,79.50,4059999.9999999995,2.70,1.90,3760000.0,outperform
4633,2012-01-24 13:58:10,1327431490.0,ntrs,40.17,21.31,1314.650024,13.7,7.609999999999999,N/A,17.48,2.80,1.46,16.25,25.55,0.66,8.65,15.39,3250000000.0,3250000000.0,12.77,1.06,0.87,N/A,0.87,N/A,N/A,603600000.0,2.47,17.10,10.20,21130000000.0,87.69,7480000000.0,N/A,29.53,N/A,0.66,0.44,79.50,3760000.0,1.90,1.70,3900000.0,outperform
4634,2012-02-26 08:30:26,1330263026.0,ntrs,41.19,22.09,1363.459961,9.12,12.97,N/A,17.76,2.85,1.49,16.25,25.55,0.66,8.65,15.39,3080000000.0,3080000000.0,12.94,0.99,0.83,N/A,0.83,N/A,N/A,603600000.0,2.47,17.10,10.20,21130000000.0,87.69,7480000000.0,N/A,29.53,N/A,0.84,0.44,79.50,4710000.0,2.90,2.20,4059999.9999999995,outperform
4635,2011-04-30 19:55:10,1304207710.0,ntrs,45.87,-2.83,1355.660034,3.27,-6.1,N/A,18.24,3.47,1.77,19.20,27.43,0.81,10.19,14.41,951680000.0,951680000.0,13.92,3.04,0.27,N/A,0.27,N/A,N/A,663900000.0,2.74,21.60,4.90,21050000000.0,86.94,9900000000.0,N/A,28.19,951680000.0,0.77,0.72,79.30,4550000.0,3.90,2.10,3710000.0,underperform
4636,2005-03-13 14:30:50,1110742250.0,ntrs,35.68,24.97,1209.25,6.19,18.779999999999998,N/A,18.86,8.51,2.88,45.30,N/A,1.20,15.94,5.006,9380000000.0,25300000000.0,15.22,1.42,22.65,N/A,22.65,2370000000.0,N/A,506000000.0,2.27,9.50,6.40,2049999999.9999998,9.37,17970000000.0,N/A,15.045,536500000.0,1.174,9.27,68.11,4290000.0,3.943,2.16,4030000.0000000005,outperform
4637,2012-02-29 06:23:11,1330514591.0,ntrs,41.69,22.96,1365.680054,10.91,12.05,N/A,17.97,2.88,1.50,16.25,27.34,0.66,8.65,15.39,5170000000.0,5170000000.0,13.09,1.00,1.39,N/A,1.39,N/A,N/A,596500000.0,2.47,17.10,9.40,24310000000.0,100.83,8430000000.0,N/A,29.53,1250000000.0,0.84,0.44,79.50,4710000.0,2.90,2.20,4059999.9999999995,outperform
4638,2012-02-12 18:43:12,1329090192.0,ntrs,41.36,22.78,1351.949951,12.21,10.57,N/A,17.66,2.86,1.49,16.25,25.55,0.66,8.65,15.39,3140000000.0,3140000000.0,12.87,1.00,0.84,N/A,0.84,N/A,N/A,603600000.0,2.47,17.10,10.20,21130000000.0,87.69,7480000000.0,N/A,29.53,N/A,0.84,0.44,79.50,4710000.0,2.90,2.20,4059999.9999999995,outperform
4639,2012-02-04 09:22:25,1328365345.0,ntrs,39.57,25.37,1324.089966,13.14,12.23,N/A,17.85,2.75,1.44,16.25,25.55,0.66,8.65,15.39,3020000000.0,3020000000.0,12.97,1.00,0.81,N/A,0.81,N/A,N/A,603600000.0,2.47,17.10,10.20,21130000000.0,87.69,7480000000.0,N/A,29.53,N/A,0.84,0.44,79.50,4059999.9999999995,2.70,1.90,3760000.0,outperform
4640,2012-01-29 08:33:16,1327843996.0,ntrs,38.57,28.78,1318.430054,13.79,14.990000000000002,N/A,16.87,2.67,1.39,16.25,25.55,0.66,8.65,15.39,3610000000.0,3610000000.0,12.26,1.02,0.97,N/A,0.97,N/A,N/A,603600000.0,2.47,17.10,10.20,21130000000.0,87.69,7480000000.0,N/A,29.53,N/A,0.66,0.44,79.50,4059999.9999999995,2.70,1.90,3760000.0,outperform
4641,2012-03-01 06:52:15,1330602735.0,ntrs,42.21,21.65,1374.089966,10.49,11.159999999999998,N/A,17.98,2.88,1.50,16.25,27.34,0.66,8.65,15.39,5180000000.0,5180000000.0,13.10,0.93,1.40,N/A,1.40,N/A,N/A,596500000.0,2.47,17.10,9.40,24310000000.0,100.83,8430000000.0,N/A,29.53,1250000000.0,0.84,0.44,79.50,4270000.0,2.50,2.00,4710000.0,outperform
4642,2012-01-28 03:39:35,1327739975.0,ntrs,39.67,23.59,1326.060059,12.73,10.86,N/A,16.87,2.67,1.39,16.25,25.55,0.66,8.65,15.39,3750000000.0,3750000000.0,12.26,1.01,1.01,N/A,1.01,N/A,N/A,603600000.0,2.47,17.10,10.20,21130000000.0,87.69,7480000000.0,N/A,29.53,N/A,0.66,0.44,79.50,4059999.9999999995,2.70,1.90,3760000.0,outperform
4643,2004-11-18 21:53:23,1100832803.0,ntrs,37.67,14.52,1183.550049,5.47,9.05,N/A,20.51,9.68,3.14,48.18,N/A,1.22,16.18,4.676,10130000000.0,14330000000.0,18.12,1.68,13.70,N/A,13.70,2370000000.0,N/A,504000000.0,2.253,9.50,6.40,2280000000.0,10.39,6490000000.0,N/A,14.716,536500000.0,1.094,10.54,70.88,2320000.0,1.929,1.19,2089999.9999999998,outperform
4644,2012-03-04 10:18:12,1330874292.0,ntrs,42.21,22.91,1374.089966,11.0,11.91,N/A,18.19,2.92,1.52,16.25,27.34,0.66,8.65,15.39,5050000000.0,5050000000.0,13.25,0.95,1.36,N/A,1.36,N/A,N/A,596500000.0,2.47,17.10,9.40,24310000000.0,100.83,8430000000.0,N/A,29.53,1250000000.0,0.98,0.44,79.50,4270000.0,2.50,2.00,4710000.0,outperform
4645,2004-02-03 07:49:22,1075812562.0,ntrs,38.11,-6.14,1136.030029,5.03,-11.17,N/A,25.37,9.90,3.48,40.15,N/A,1.09,14.42,4.705,10530000000.0,17490000000.0,18.25,1.78,16.57,N/A,16.57,2460000000.0,N/A,423000000.0,1.884,8.30,14.90,1420000000.0,6.47,8460000000.000001,N/A,13.62,N/A,1.091,10.55,71.70,3700000.0,3.3,1.88,3120000.0,underperform
4646,2012-02-16 20:22:45,1329441765.0,ntrs,41.17,25.16,1358.040039,11.91,13.25,N/A,17.72,2.80,1.46,16.25,25.55,0.66,8.65,15.39,3240000000.0,3240000000.0,12.91,0.99,0.87,N/A,0.87,N/A,N/A,603600000.0,2.47,17.10,10.20,21130000000.0,87.69,7480000000.0,N/A,29.53,N/A,0.84,0.44,79.50,4710000.0,2.90,2.20,4059999.9999999995,outperform
4647,2012-02-09 18:05:48,1328828748.0,ntrs,41.36,22.8,1351.949951,12.28,10.520000000000001,N/A,17.87,2.87,1.50,16.25,25.55,0.66,8.65,15.39,3000000000.0,3000000000.0,13.02,1.00,0.81,N/A,0.81,N/A,N/A,603600000.0,2.47,17.10,10.20,21130000000.0,87.69,7480000000.0,N/A,29.53,N/A,0.84,0.44,79.50,4059999.9999999995,2.70,1.90,3760000.0,outperform
4648,2007-03-16 13:35:40,1174066540.0,ntrs,49.26,19.63,1386.949951,-5.64,25.27,N/A,19.34,4.27,3.22,22.32,55.65,1.17,17.64,13.689,12720000000.0,1740000000.0,N/A,1.41,0.59,N/A,0.59,3410000000.0,N/A,665400000.0,3.00,15.70,12.00,21760000000.0,99.233,10780000000.0,N/A,18.033001,388500000.0,1.18,0.48,69.90,2009999.9999999998,1.7,1.00,2000000.0,outperform
4649,2012-01-28 21:10:08,1327803008.0,ntrs,39.67,23.59,1326.060059,12.73,10.86,N/A,16.87,2.67,1.39,16.25,25.55,0.66,8.65,15.39,3610000000.0,3610000000.0,12.26,1.02,0.97,N/A,0.97,N/A,N/A,603600000.0,2.47,17.10,10.20,21130000000.0,87.69,7480000000.0,N/A,29.53,N/A,0.66,0.44,79.50,4059999.9999999995,2.70,1.90,3760000.0,outperform
4650,2012-02-01 07:08:09,1328098089.0,ntrs,39.57,25.37,1324.089966,13.14,12.23,N/A,16.67,2.68,1.40,16.25,25.55,0.66,8.65,15.39,3680000000.0,3680000000.0,12.11,0.94,0.99,N/A,0.99,N/A,N/A,603600000.0,2.47,17.10,10.20,21130000000.0,87.69,7480000000.0,N/A,29.53,N/A,0.66,0.44,79.50,4059999.9999999995,2.70,1.90,3760000.0,outperform
4651,2012-02-19 18:04:05,1329692645.0,ntrs,41.17,,1358.040039,11.91,,N/A,17.77,2.84,1.48,16.25,25.55,0.66,8.65,15.39,3080000000.0,3080000000.0,12.94,0.99,0.83,N/A,0.83,N/A,N/A,603600000.0,2.47,17.10,10.20,21130000000.0,87.69,7480000000.0,N/A,29.53,N/A,0.84,0.44,79.50,4710000.0,2.90,2.20,4059999.9999999995,underperform
4652,2009-01-30 13:09:12,1233338952.0,ntrs,50.39,-6.77,825.880005,32.89,-39.66,N/A,16.36,3.05,1.99,19.09,28.81,1.06,14.59,18.801,12690000000.0,7580000000.0,N/A,1.24,1.82,N/A,1.82,3880000000.0,N/A,782800000.0,3.47,173.80,13.40,28940000000.0,129.642,8670000000.0,N/A,28.618,N/A,1.34,0.79,73.80,3730000.0,1.80,1.80,2820000.0,underperform
4653,2013-05-23 14:25:20,1369333520.0,ntrs,55.34,7.97,1650.51001,15.15,-7.180000000000001,N/A,20.27,3.55,1.81,17.78,26.50,0.75,9.30,16.18,3240000000.0,3240000000.0,15.96,1.20,0.84,N/A,0.84,N/A,N/A,679700000.0,2.82,1.70,1.10,24840000000.0,103.85,7660000000.0,N/A,31.82,369300000.0,1.10,0.35,83.30,6770000.0,5.00,3.10,8010000.0,underperform
4654,2012-02-10 18:12:47,1328915567.0,ntrs,40.96,23.27,1342.640015,12.62,10.65,N/A,17.59,2.86,1.49,16.25,25.55,0.66,8.65,15.39,3030000000.0,3030000000.0,12.82,1.00,0.82,N/A,0.82,N/A,N/A,603600000.0,2.47,17.10,10.20,21130000000.0,87.69,7480000000.0,N/A,29.53,N/A,0.84,0.44,79.50,4059999.9999999995,2.70,1.90,3760000.0,outperform
4655,2012-02-03 00:49:13,1328248153.0,ntrs,41.39,21.0,1344.900024,11.68,9.32,N/A,17.17,2.73,1.43,16.25,25.55,0.66,8.65,15.39,3490000000.0,3490000000.0,12.47,0.93,0.94,N/A,0.94,N/A,N/A,603600000.0,2.47,17.10,10.20,21130000000.0,87.69,7480000000.0,N/A,29.53,N/A,0.84,0.44,79.50,4059999.9999999995,2.70,1.90,3760000.0,outperform
4656,2012-02-06 10:47:42,1328543262.0,ntrs,41.45,20.29,1344.329956,12.42,7.869999999999999,N/A,17.85,2.86,1.49,16.25,25.55,0.66,8.65,15.39,3020000000.0,3020000000.0,12.97,1.00,0.81,N/A,0.81,N/A,N/A,603600000.0,2.47,17.10,10.20,21130000000.0,87.69,7480000000.0,N/A,29.53,N/A,0.84,0.44,79.50,4059999.9999999995,2.70,1.90,3760000.0,outperform
4657,2011-11-04 12:44:55,1320425095.0,ntrs,36.99,23.74,1253.22998,12.68,11.059999999999999,N/A,15.79,2.70,1.37,17.38,24.71,0.71,9.06,15.01,7280000000.0,7280000000.0,13.48,1.06,2.01,N/A,2.01,N/A,N/A,624900000.0,2.57,9.50,11.00,23500000000.0,97.52,6440000000.0,N/A,29.68,7280000000.0,0.74,0.72,79.30,6390000.0,2.40,N/A,5420000.0,outperform
4658,2012-02-25 23:57:44,1330232264.0,ntrs,40.39,25.3,1357.660034,10.66,14.64,N/A,17.76,2.85,1.49,16.25,25.55,0.66,8.65,15.39,3080000000.0,3080000000.0,12.94,0.99,0.83,N/A,0.83,N/A,N/A,603600000.0,2.47,17.10,10.20,21130000000.0,87.69,7480000000.0,N/A,29.53,N/A,0.84,0.44,79.50,4710000.0,2.90,2.20,4059999.9999999995,outperform
4659,2012-02-14 13:01:41,1329242501.0,ntrs,40.75,25.87,1350.5,12.58,13.290000000000001,N/A,17.67,2.83,1.48,16.25,25.55,0.66,8.65,15.39,3130000000.0,3130000000.0,12.88,0.99,0.84,N/A,0.84,N/A,N/A,603600000.0,2.47,17.10,10.20,21130000000.0,87.69,7480000000.0,N/A,29.53,N/A,0.84,0.44,79.50,4710000.0,2.90,2.20,4059999.9999999995,outperform
4660,2012-02-18 22:20:24,1329621624.0,ntrs,40.54,26.2,1343.22998,13.26,12.94,N/A,17.77,2.84,1.48,16.25,25.55,0.66,8.65,15.39,3080000000.0,3080000000.0,12.94,0.99,0.83,N/A,0.83,N/A,N/A,603600000.0,2.47,17.10,10.20,21130000000.0,87.69,7480000000.0,N/A,29.53,N/A,0.84,0.44,79.50,4710000.0,2.90,2.20,4059999.9999999995,outperform
4661,2012-05-18 12:22:34,1337358154.0,dps,37.24,29.14,1295.219971,28.07,1.0700000000000003,119.43,14.95,1.46,3.83,10.01,17.39,7.13,25.33,27.48,11150000000.0,11150000000.0,12.84,2.16,1.88,8.95,1.88,3420000000.0,8.95,594000000.0,2.73,10.50,2.30,203000000.0,0.96,2700000000.0,0.89,10.67,384000000.0,0.05,0.14,91.50,9990000.0,4.20,4.70,10480000.0,outperform
4662,2013-05-11 10:07:02,1368281222.0,dps,47.18,18.27,1632.689941,14.88,3.389999999999999,124.92,16.34,1.65,4.43,10.53,18.24,7.77,28.14,28.83,12620000000.0,12620000000.0,14.71,2.04,2.10,9.62,2.10,3500000000.0,9.62,633000000.0,3.00,3.90,1.30,220000000.0,1.08,2800000000.0,1.06,10.98,843000000.0,0.22,0.29,99.80,6160000.0,4.50,3.40,6060000.0,outperform
4663,2012-06-25 18:08:39,1340662119.0,dps,39.79,8.85,1313.719971,20.88,-12.03,119.43,15.68,1.53,4.02,10.01,17.39,7.13,25.33,27.48,11580000000.0,11580000000.0,13.42,2.10,1.95,9.30,1.95,3420000000.0,9.30,594000000.0,2.73,10.50,2.30,203000000.0,0.96,2700000000.0,0.89,10.67,384000000.0,0.04,0.28,97.30,11010000.0,4.50,5.20,10170000.0,underperform
4664,2008-01-24 11:52:28,1201193548.0,rf,19.39,-77.82,1352.069946,-38.47,-39.349999999999994,N/A,9.92,2.17,0.77,22.09,38.50,1.49,10.84,10.056,15180000000.0,30800000000.0,N/A,1.41,4.41,N/A,4.41,6080000000.0,N/A,1670000000.0,2.20,12.10,42.90,4990000000.0,7.184,20610000000.0,N/A,28.459999,6610000000.0,0.64,1.25,39.50,20720000.0,3.8,3.00,18120000.0,underperform
4665,2004-10-26 09:38:06,1098797886.0,rf,25.62,-2.19,1111.089966,7.23,-9.42,N/A,14.37,7.30,2.11,30.58,N/A,1.34,14.86,7.772,15670000000.0,23810000000.0,12.89,1.80,11.05,N/A,11.05,3190000000.0,N/A,654310000.0,2.36,5.20,4.70,1250000000.0,2.71,9390000000.0,N/A,16.108,844960000.0,0.454,3.78,36.41,4600000.0,5.635,1.03,6780000.0,underperform
4666,2007-02-23 09:04:11,1172239451.0,rf,30.47,-34.2,1451.189941,-6.28,-27.92,N/A,14.03,5.18,1.32,25.66,56.84,1.19,8.64,10.511,27330000000.0,39480000000.0,N/A,1.65,7.49,N/A,7.49,5140000000.0,N/A,1350000000.0,2.67,42.30,48.40,6160000000.0,8.438,18310000000.0,N/A,28.355,N/A,0.5,1.31,25.70,8720000.0,3.9,2.00,8560000.0,underperform
4667,2008-12-04 09:42:09,1228401729.0,rf,8.86,-38.71,845.2199710000001,30.85,-69.56,N/A,9.98,1.19,0.35,12.04,24.03,0.50,3.56,8.278,6880000000.0,33759999999.999996,N/A,1.64,5.86,N/A,5.86,8279999999.999999,N/A,704830000.0,1.00,79.80,28.80,4830000000.0,6.974,31710000000.0,N/A,28.478001,162520000.0,0.22,1.31,45.30,33320000.0,3.6,4.90,37250000.0,underperform
4668,2005-03-07 00:07:50,1110172070.0,rf,25.79,6.09,1225.310059,4.13,1.96,N/A,14.56,6.06,1.44,29.58,N/A,1.34,13.15,7.823,15660000000.0,28320000000.0,12.30,1.70,11.15,N/A,11.15,3190000000.0,N/A,745040000.0,2.32,5.20,4.70,1720000000.0,3.7,14380000000.0,N/A,23.018999,844960000.0,0.548,3.79,29.52,3610000.0,2.557,0.81,4110000.0000000005,outperform
4669,2004-12-04 23:35:51,1102221351.0,rf,26.91,-0.41,1191.369995,6.15,-6.5600000000000005,N/A,15.33,6.51,1.55,29.58,N/A,1.34,13.15,7.823,16500000000.0,29160000000.0,13.49,2.03,11.48,N/A,11.48,3190000000.0,N/A,745040000.0,2.315,5.20,4.70,1720000000.0,3.7,14380000000.0,N/A,23.018999,844960000.0,0.476,3.78,27.76,5600000.0,5.594,1.25,4300000.0,underperform
4670,2011-09-06 06:11:03,1315303863.0,rf,3.74,81.28,1165.23999,20.44,60.84,N/A,N/A,1.17,0.40,2.41,0.17,0.08,0.65,3.69,10200000000.0,10200000000.0,7.12,3.85,2.20,N/A,2.20,N/A,N/A,101000000.0,0.08,N/A,26.10,11180000000.0,8.88,16180000000.0,N/A,10.71,10200000000.0,1.24,0.12,70.70,20270000.0,0.80,1.60,32600000.0,outperform
4671,2004-09-27 04:47:24,1096274844.0,rf,24.27,-0.33,1103.52002,10.16,-10.49,N/A,13.78,6.93,2.00,30.37,N/A,1.36,15.05,7.835,15070000000.0,25760000000.0,12.43,1.71,11.82,N/A,11.82,3190000000.0,N/A,659810000.0,2.373,5.20,4.70,970760000.0,2.11,11660000000.0,N/A,16.391001,844960000.0,0.481,2.75,36.48,6780000.0,6.442,1.51,5550000.0,underperform
4672,2013-04-23 20:31:08,1366763468.0,rf,7.8,31.54,1578.780029,18.79,12.75,N/A,11.17,2.11,0.73,21.65,32.05,0.95,7.37,3.75,12810000000.0,12810000000.0,9.54,1.50,2.48,N/A,2.48,N/A,N/A,1050000000.0,0.72,N/A,29.60,7520000000.0,5.32,9260000000.0,N/A,10.63,2440000000.0,2.31,0.08,70.80,13390000.0,0.80,1.00,16129999.999999998,outperform
4673,2013-04-25 11:22:36,1366903356.0,rf,8.1,23.46,1585.160034,17.55,5.91,N/A,11.46,2.25,0.77,21.65,32.05,0.95,7.37,3.75,12810000000.0,12810000000.0,9.79,1.50,2.48,N/A,2.48,N/A,N/A,1050000000.0,0.72,N/A,29.60,7520000000.0,5.32,9260000000.0,N/A,10.63,2440000000.0,2.31,0.08,70.80,13390000.0,0.80,1.00,16129999.999999998,outperform
4674,2011-11-04 16:15:18,1320437718.0,rf,3.88,63.14,1253.22998,12.68,50.46,N/A,23.16,1.00,0.36,8.38,9.87,0.32,2.45,4.00,8380000000.000001,8380000000.000001,8.08,3.30,1.67,N/A,1.67,N/A,N/A,209000000.0,0.17,N/A,45.90,9720000000.0,7.72,13080000000.0,N/A,11.00,8380000000.000001,2.12,0.12,70.70,24390000.0,0.80,2.00,28070000.0,outperform
4675,2004-10-27 08:44:38,1098881078.0,rf,25.93,-3.74,1125.400024,4.75,-8.49,N/A,14.58,7.27,2.11,30.58,N/A,1.34,14.86,7.772,15900000000.0,24030000000.0,13.08,1.80,11.15,N/A,11.15,3190000000.0,N/A,654310000.0,2.36,5.20,4.70,1250000000.0,2.71,9390000000.0,N/A,16.108,844960000.0,0.454,3.78,36.41,4300000.0,4.762,0.97,4600000.0,underperform
4676,2008-01-23 17:06:45,1201126005.0,rf,18.85,-79.15,1338.599976,-38.18,-40.970000000000006,N/A,9.71,2.00,0.71,22.09,38.50,1.49,10.84,10.056,14860000000.0,29610000000.0,N/A,1.41,4.24,N/A,4.24,6080000000.0,N/A,1670000000.0,2.201,12.10,42.90,4990000000.0,7.184,20610000000.0,N/A,28.459999,6610000000.0,0.64,1.25,39.50,20720000.0,3.8,3.00,18120000.0,underperform
4677,2007-04-10 20:13:24,1176250404.0,rf,28.94,-38.67,1448.390015,-6.48,-32.19,N/A,13.03,4.82,1.23,25.66,56.84,1.19,8.64,10.511,25440000000.0,37570000000.0,N/A,1.56,7.13,N/A,7.13,6080000000.0,N/A,1350000000.0,2.67,42.30,48.40,6160000000.0,8.419,18310000000.0,N/A,28.355,2840000000.0,0.51,1.30,38.90,10440000.0,4.8,1.50,10750000.0,underperform
4678,2009-05-29 19:50:16,1243641016.0,rf,3.97,77.83,919.1400150000001,16.19,61.64,N/A,N/A,0.66,0.21,139.02,2.99,4.08,31.73,6.065,24430000000.0,24430000000.0,N/A,N/A,5.80,N/A,5.80,7910000000.0,N/A,5920000000.0,8.543,77.20,34.60,6480000000.0,9.328,28120000000.0,N/A,19.426001,1960000000.0,0.81,0.46,39.50,47860000.0,1.2,7.00,35060000.0,outperform
4679,2005-04-15 15:40:58,1113594058.0,rf,24.78,12.51,1142.619995,12.73,-0.22000000000000064,N/A,14.62,4.97,1.37,27.87,N/A,1.31,11.79,7.909,15110000000.0,26060000000.0,11.92,1.60,8.82,N/A,8.82,N/A,N/A,817750000.0,2.23,N/A,N/A,1850000000.0,3.99,13240000000.0,N/A,23.056,N/A,0.469,3.72,27.76,5460000.0,4.486,1.22,3610000.0,underperform
4680,2011-04-29 04:17:10,1304065030.0,rf,7.05,-8.65,1363.609985,1.99,-10.64,N/A,N/A,2.31,0.69,13.41,21.27,0.39,3.11,3.28,17960000000.0,17960000000.0,12.00,17.48,4.47,N/A,4.47,N/A,N/A,763000000.0,0.62,N/A,301.30,10410000000.0,8.28,19140000000.0,N/A,10.63,17960000000.0,1.34,0.12,70.70,31910000.0,2.40,2.60,30300000.0,underperform
4681,2012-03-09 03:57:50,1331283470.0,rf,5.61,39.39,1370.869995,12.44,26.950000000000003,N/A,N/A,1.83,0.56,5.36,11.99,0.15,1.14,3.19,9670000000.0,9670000000.0,8.27,1.27,2.41,N/A,2.41,N/A,N/A,25000000.0,0.34,N/A,N/A,11360000000.0,9.02,13690000000.0,N/A,10.39,4750000000.0,2.19,0.13,66.20,21050000.0,1.00,1.70,17960000.0,outperform
4682,2013-04-22 02:34:29,1366612469.0,mon,101.07,9.88,1562.5,20.29,-10.409999999999998,16.39,22.01,3.70,4.12,17.18,25.71,11.06,20.03,27.58,52610000000.0,52610000000.0,19.51,1.70,3.57,11.95,3.57,7040000000.0,11.95,2520000000.0,4.69,22.50,15.20,4700000000.0,8.80,2210000000.0,2.45,24.78,3240000000.0,1.46,0.19,86.30,3970000.0,1.80,0.70,4910000.0,underperform
4683,2012-03-22 20:09:31,1332461371.0,mon,75.13,31.28,1392.780029,11.78,19.5,19.10,24.68,3.41,3.84,13.88,21.56,8.54,16.58,23.19,41290000000.0,41290000000.0,19.27,2.02,3.32,12.54,3.32,6080000000.0,12.54,1720000000.0,3.18,300.00,32.80,3240000000.0,6.04,2140000000.0000002,1.66,20.62,3300000000.0,1.43,0.23,82.90,5050000.0,1.50,0.90,5990000.0,outperform
4684,2012-03-27 00:37:44,1332823064.0,mon,76.52,33.73,1412.52002,10.64,23.089999999999996,19.10,25.19,3.38,3.80,13.88,21.56,8.54,16.58,23.19,40900000000.0,40900000000.0,19.67,1.98,3.29,12.42,3.29,6080000000.0,12.42,1720000000.0,3.18,300.00,32.80,3240000000.0,6.04,2140000000.0000002,1.66,20.62,3300000000.0,1.43,0.23,82.90,5050000.0,1.50,0.90,5990000.0,outperform
4685,2009-03-24 07:20:39,1237893639.0,mon,76.16,-11.2,806.119995,44.86,-56.06,N/A,20.43,3.68,4.85,19.42,27.15,12.60,26.87,21.81,46940000000.0,46940000000.0,N/A,1.14,3.92,12.462,3.92,6180000000.0,12.462,2300000000.0,4.16,117.20,29.30,1340000000.0,2.452,1830000000.0,1.911,16.573,1920000000.0,0.73,0.19,84.50,7020000.0,0.9,1.30,7060000.0,underperform
4686,2011-09-03 23:13:14,1315105994.0,mon,65.51,28.48,1218.890015,14.82,13.66,18.59,22.93,3.20,3.11,13.56,21.78,8.15,14.11,21.39,36210000000.0,36210000000.0,19.35,1.69,3.15,11.61,3.15,N/A,11.61,1560000000.0,2.87,77.10,21.20,1220000000.0,2.28,2240000000.0,2.42,22.18,36210000000.0,0.85,0.24,79.60,7880000.0,1.70,1.50,7540000.0,outperform
4687,2007-03-10 23:19:39,1173586779.0,mon,,,1391.969971,-8.52,,0.244,41.50,3.93,4.40,9.63,16.36,6.71,11.74,13.808,29370000000.0,29150000000.0,N/A,1.82,3.90,16.429,3.90,3550000000.0,16.429,729000000.0,1.30,52.50,9.50,1840000000.0,3.389,1620000000.0,2.22,12.264,1500000000.0,1.67,0.40,86.70,7490000.0,2.3,1.40,7380000.0,underperform
4688,2005-02-05 02:20:57,1107588057.0,mon,24.54,53.34,1193.189941,6.51,46.830000000000005,0.243,70.79,2.68,2.74,4.02,8.59,2.38,4.20,20.667,15290000000.0,14470000000.0,24.43,2.20,2.62,15.7,2.62,2570000000.0,15.7,222000000.0,0.81,N/A,61.80,1650000000.0,6.21,1310000000.0,2.235,20.284,1370000000.0,0.993,1.00,76.67,4139999.9999999995,1.465,1.57,4390000.0,outperform
4689,2006-12-12 14:48:12,1165952892.0,mon,43.08,116.06,1411.560059,5.32,110.74000000000001,0.255,35.07,3.54,3.98,10.24,17.54,7.04,12.54,13.6,25970000000.0,26150000000.0,N/A,1.45,3.56,14.727,3.56,3550000000.0,14.727,761000000.0,1.36,N/A,9.20,1480000000.0,2.728,1670000000.0,2.396,12.013,1670000000.0,1.48,0.30,88.60,6980000.0,1.4,1.30,6270000.0,outperform
4690,2006-08-24 02:05:34,1156399534.0,mon,41.63,47.23,1296.060059,14.14,33.089999999999996,0.311,36.69,3.54,3.89,9.80,17.52,6.76,11.34,13.423,25630000000.0,26990000000.0,N/A,1.99,3.73,14.884,3.73,3000000000.0,14.884,704000000.0,1.29,610.60,15.10,617000000.0,1.137,2040000000.0,2.175,12.115,1390000000.0,1.63,0.30,89.20,7380000.0,1.8,1.40,7270000.0,outperform
4691,2007-04-06 22:28:01,1175912881.0,mon,50.39,101.43,1437.77002,-4.89,106.32000000000001,0.244,44.20,4.20,4.71,9.63,16.36,6.71,11.74,13.808,31280000000.0,31060000000.0,N/A,1.87,4.15,17.508,4.15,3550000000.0,17.508,729000000.0,1.30,52.50,9.50,1840000000.0,3.389,1620000000.0,2.22,12.264,1500000000.0,1.85,0.40,86.70,7440000.0,2.6,1.40,7490000.0,outperform
4692,2004-06-21 17:41:11,1087854071.0,mon,15.74,87.61,1130.300049,7.37,80.24,0.29,N/A,1.98,1.77,0.08,12.35,0.04,0.08,17.986,9490000000.0,10400000000.0,19.11,2.02,2.19,10.36,2.19,1580000000.0,10.36,4000000.0,0.032,N/A,27.80,548000000.0,2.06,1540000000.0,3.08,20.014,79000000.0,0.886,1.01,84.28,3000000.0,2.544,1.14,3860000.0,outperform
4693,2007-05-31 19:24:38,1180653878.0,mon,55.43,108.28,1530.619995,-8.51,116.79,0.228,41.43,4.25,4.68,10.43,17.20,7.20,12.43,14.546,33500000000.0,33640000000.0,N/A,1.69,4.26,17.629,4.26,3550000000.0,17.629,832000000.0,1.49,23.40,18.90,1570000000.0,2.875,1640000000.0,2.46,13.167,1860000000.0,1.71,0.40,85.10,6900000.0,2.3,1.30,7440000.0,outperform
4694,2012-03-25 14:34:44,1332700484.0,mon,75.13,28.79,1392.780029,11.41,17.38,19.10,24.68,3.38,3.80,13.88,21.56,8.54,16.58,23.19,40900000000.0,40900000000.0,19.27,1.98,3.29,12.42,3.29,6080000000.0,12.42,1720000000.0,3.18,300.00,32.80,3240000000.0,6.04,2140000000.0000002,1.66,20.62,3300000000.0,1.43,0.23,82.90,5050000.0,1.50,0.90,5990000.0,outperform
4695,2005-11-16 08:47:47,1132148867.0,mon,32.06,32.41,1231.209961,13.69,18.72,0.31,77.89,3.11,3.48,4.05,16.49,6.41,2.89,23.591,19550000000.0,20370000000.0,N/A,2.01,3.24,13.579,3.24,2570000000.0,13.579,157000000.0,0.94,197.60,3.40,675000000.0,2.514,1740000000.0,2.151,20.929001,1650000000.0,N/A,0.24,84.20,3980000.0,1.6,1.50,3160000.0,outperform
4696,2012-03-26 07:57:05,1332763025.0,mon,76.74,31.67,1416.51001,10.4,21.270000000000003,19.10,24.68,3.38,3.80,13.88,21.56,8.54,16.58,23.19,40900000000.0,40900000000.0,19.27,1.98,3.29,12.42,3.29,6080000000.0,12.42,1720000000.0,3.18,300.00,32.80,3240000000.0,6.04,2140000000.0000002,1.66,20.62,3300000000.0,1.43,0.23,82.90,5050000.0,1.50,0.90,5990000.0,outperform
4697,2013-04-25 10:41:14,1366900874.0,mon,103.49,5.14,1585.160034,17.55,-12.41,16.39,22.21,3.78,4.20,17.18,25.71,11.06,20.03,27.58,52610000000.0,52610000000.0,19.69,1.70,3.57,11.95,3.57,7040000000.0,11.95,2520000000.0,4.69,22.50,15.20,4700000000.0,8.80,2210000000.0,2.45,24.78,3240000000.0,1.46,0.19,86.30,3970000.0,1.80,0.70,4910000.0,underperform
4698,2004-05-12 17:05:06,1084395906.0,mon,14.13,91.58,1097.280029,5.66,85.92,0.29,N/A,1.82,1.63,0.08,12.35,0.04,0.08,17.986,8400000000.0,9640000000.0,17.01,1.86,2.03,9.61,2.03,1580000000.0,9.61,4000000.0,0.032,N/A,27.80,548000000.0,2.06,1540000000.0,3.08,20.014,79000000.0,0.891,1.01,82.80,3860000.0,2.603,1.47,5180000.0,outperform
4699,2007-12-22 07:19:42,1198325982.0,mon,93.08,-27.17,1453.0,-39.07,11.899999999999999,0.189,62.22,6.92,7.89,11.60,18.87,8.17,13.15,15.738,60810000000.0,61310000000.0,N/A,1.20,7.16,28.607,7.16,4290000000.0,28.607,922000000.0,1.79,N/A,13.20,925000000.0,1.693,1420000000.0,1.653,13.752,1850000000.0,1.53,0.21,84.50,6380000.0,1.5,1.20,6420000.0,outperform
4700,2005-04-19 11:58:55,1113926335.0,mon,26.42,46.03,1152.780029,13.63,32.4,0.199,36.73,2.65,2.68,7.38,12.45,4.62,8.03,22.06,15670000000.0,15730000000.0,23.09,2.09,2.66,13.31,2.66,2570000000.0,13.31,437000000.0,1.59,N/A,61.80,1100000000.0,4.09,1160000000.0,2.915,21.836,1500000000.0,0.993,1.00,83.00,3630000.0,1.773,1.37,3980000.0,outperform
4701,2003-12-15 21:55:55,1071543355.0,mon,12.04,86.96,1068.040039,12.67,74.28999999999999,0.296,144.32,1.60,1.43,1.09,13.13,0.54,0.95,17.539,7180000000.0,8350000000.0,16.18,1.82,1.82,8.21,1.82,1580000000.0,8.21,50000000.0,0.19,N/A,27.80,511000000.0,1.95,1530000000.0,2.552,19.63,N/A,0.879,0.99,82.42,2920000.0,2.173,1.13,2280000.0,outperform
4702,2004-09-13 20:51:43,1095123103.0,mon,16.15,76.78,1125.819946,9.36,67.42,0.271,N/A,2.06,1.80,1.48,10.14,0.75,1.32,17.834,9760000000.0,10930000000.0,19.14,2.09,2.30,12.17,2.30,1580000000.0,12.17,70000000.0,0.31,N/A,27.80,327000000.0,1.22,1470000000.0,2.746,20.385,687000000.0,0.916,0.98,82.95,2530000.0,1.991,0.96,2230000.0,outperform
4703,2006-05-27 20:44:43,1148777083.0,mon,36.39,,1258.569946,19.78,,0.313,54.69,3.25,3.61,6.09,16.93,6.67,6.82,25.769,22700000000.0,23890000000.0,N/A,2.01,3.45,14.297,3.45,3000000000.0,14.297,411000000.0,1.53,18.00,15.30,752000000.0,2.779,1940000000.0,2.061,23.017,1620000000.0,1.79,0.30,86.00,2820000.0,1.6,1.00,2810000.0,underperform
4704,2008-10-29 01:03:05,1225256585.0,mon,80.03,-19.51,930.090027,14.62,-34.13,0.194,22.98,3.44,4.17,17.81,25.39,11.64,23.78,20.735,45690000000.0,39270000000.0,N/A,0.45,3.46,11.355,3.46,4290000000.0,11.355,2009999999.9999998,3.619,N/A,30.40,1610000000.0,2.935,1820000000.0,1.718,17.059,2800000000.0,1.1,0.21,85.60,6690000.0,0.8,1.20,10120000.0,underperform
4705,2006-08-29 19:24:33,1156893873.0,mon,41.91,45.76,1304.280029,12.23,33.53,0.311,36.32,3.52,3.87,9.80,17.52,6.76,11.34,13.423,25370000000.0,26880000000.0,N/A,1.99,3.72,14.824,3.72,3000000000.0,14.824,704000000.0,1.29,610.60,15.10,617000000.0,1.137,2040000000.0,2.175,12.115,1390000000.0,1.63,0.30,89.30,8780000.0,2.4,1.60,7380000.0,outperform
4706,2004-07-03 04:08:48,1088842128.0,mon,16.98,64.37,1140.839966,4.43,59.940000000000005,0.271,N/A,2.05,1.80,1.48,10.14,0.75,1.32,17.834,9820000000.0,10890000000.0,19.27,2.03,2.30,12.12,2.30,1580000000.0,12.12,70000000.0,0.31,N/A,27.80,327000000.0,1.23,1470000000.0,2.746,20.414,79000000.0,0.886,1.01,84.28,3200000.0,3.088,1.22,3000000.0,outperform
4707,2008-12-29 10:59:09,1230566349.0,mon,62.32,21.82,869.419983,29.53,-7.710000000000001,0.194,18.71,3.26,3.96,17.81,25.39,11.64,23.78,20.735,37110000000.0,37180000000.0,N/A,0.62,3.27,10.867,3.27,6180000000.0,10.867,2009999999.9999998,3.62,N/A,50.90,1750000000.0,3.185,1820000000.0,1.714,17.087,2800000000.0,0.99,0.19,86.10,7580000.0,0.8,1.40,7210000.0,underperform
4708,2006-08-18 22:57:04,1155956224.0,mon,42.06,36.04,1302.300049,8.02,28.02,0.311,36.57,3.55,3.90,9.80,17.52,6.76,11.34,13.423,25540000000.0,27060000000.0,N/A,2.00,3.74,14.923,3.74,3000000000.0,14.923,704000000.0,1.29,610.60,15.10,617000000.0,1.137,2040000000.0,2.175,12.115,1390000000.0,1.63,0.30,82.80,7380000.0,1.8,1.40,7270000.0,outperform
4709,2004-05-22 13:59:53,1085248793.0,thc,46.52,7.65,1088.680054,9.41,-1.7599999999999998,0.948,N/A,0.41,1.27,10.86,12.45,10.95,28.32,28.262,5460000000.0,8810000000.0,39.10,19.33,0.67,N/A,0.67,5410000000.0,N/A,1430000000.0,3.071,421.80,51.10,641000000.0,1.38,4050000000.0,2.213,9.169,555000000.0,0.347,1.20,88.74,34320000.0,5.873,7.46,29900000.0,underperform
4710,2012-07-02 17:33:35,1341264815.0,thc,20.68,120.6,1365.51001,18.2,102.39999999999999,296.25,58.00,0.22,1.92,0.70,6.92,4.89,4.34,21.44,6650000000.0,6650000000.0,8.29,0.87,0.69,6.14,0.69,7270000000.0,6.14,39000000.0,0.09,19.00,2.50,104000000.0,0.25,4580000000.0,1.35,2.72,457000000.0,2.33,1.01,93.30,27020000.0,5.30,6.60,25590000.0,outperform
4711,2004-11-29 12:25:55,1101749155.0,thc,42.68,-29.24,1178.569946,6.7,-35.94,1.173,N/A,0.49,1.30,2.15,0.15,1.80,5.35,21.88,4990000000.0,8060000000.000001,118.78,N/A,0.79,21.77,0.79,5410000000.0,21.77,219000000.0,0.47,421.80,51.10,1440000000.0,3.1,4510000000.0,2.326,8.248,326000000.0,0.255,1.19,90.85,33420000.0,13.071,7.25,32240000.000000004,underperform
4712,2004-01-25 05:25:43,1075026343.0,thc,72.0,-43.56,1143.939941,1.73,-45.29,0.769,N/A,0.55,1.58,1.50,0.06,1.67,4.01,31.929,8100000000.0,11830000000.0,36.00,1.94,0.78,22.16,0.78,4170000000.0,22.16,228000000.0,0.516,41.50,37.20,322000000.0,0.69,4059999999.9999995,1.78,11.36,N/A,0.299,1.20,84.09,19350000.0,5.823,4.21,21280000.0,underperform
4713,2009-04-25 17:36:01,1240695361.0,thc,8.16,213.24,843.5499880000001,43.28,169.96,N/A,40.58,0.12,9.81,0.29,4.14,2.71,78.98,18.186,5260000000.0,5260000000.0,N/A,N/A,0.61,7.192,0.61,4850000000.0,7.192,62000000.0,0.05,N/A,5.70,523000000.0,1.096,4780000000.0,1.39,0.216,208000000.0,1.05,0.44,84.80,19440000.0,5.1,4.10,22150000.0,outperform
4714,2012-11-07 04:48:54,1352281734.0,thc,27.34,52.56,1394.530029,25.29,27.270000000000003,381.37,N/A,0.28,2.39,0.04,6.95,5.03,4.98,90.77,7370000000.0,7370000000.0,9.42,0.93,0.75,6.70,0.75,7270000000.0,6.70,64000000.0,0.27,N/A,6.70,82000000.0,0.79,4750000000.0,1.37,10.86,522000000.0,2.03,13.68,80.50,8500000.0,3.20,8.30,24920000.0,outperform
4715,2013-05-12 22:40:23,1368412823.0,thc,47.68,-6.5,1626.670044,16.6,-23.1,501.57,N/A,0.54,5.09,N/A,7.82,5.16,4.72,88.06,10370000000.0,10370000000.0,13.75,1.88,1.13,8.91,1.13,7570000000.0,8.91,42000000.0,0.11,N/A,3.70,95000000.0,0.92,5430000000.0,1.58,9.37,603000000.0,2.37,0.96,N/A,6380000.0,2.60,7.20,7300000.0,underperform
4716,2003-11-17 22:49:27,1069127367.0,thc,53.2,-17.89,1043.630005,12.63,-30.520000000000003,0.769,N/A,0.41,1.17,1.50,0.06,1.67,4.01,31.929,6180000000.0,9890000000.0,25.48,1.44,0.65,18.52,0.65,4170000000.0,18.52,228000000.0,0.516,41.50,37.20,322000000.0,0.69,4059999999.9999995,1.78,11.36,N/A,0.349,1.20,80.33,18530000.0,7.517,4.04,19260000.0,underperform
4717,2007-04-10 07:27:12,1176204432.0,thc,27.96,-24.18,1448.390015,-6.48,-17.7,7.602,N/A,0.36,12.02,7.29,2.85,1.78,99.54,20.505,3270000000.0,7440000000.0,N/A,N/A,0.77,11.484,0.77,5230000000.0,11.484,973000000.0,1.50,N/A,1.50,824000000.0,1.748,4800000000.0,1.646,0.56,363000000.0,1.42,0.18,97.80,34990000.0,7.40,7.40,33990000.0,underperform
4718,2005-05-15 04:43:07,1116146587.0,thc,49.68,-39.37,1159.359985,11.66,-51.03,2.732,N/A,0.59,3.31,18.32,13.63,16.68,73.71,21.053,5710000000.0,8900000000.0,76.12,N/A,0.90,N/A,0.90,5410000000.0,N/A,1800000000.0,3.87,421.80,51.10,1610000000.0,3.43,4800000000.0,2.208,3.75,82000000.0,0.587,0.21,93.01,39260000.0,12.196,8.39,36810000.0,underperform
4719,2004-12-15 01:44:45,1103093085.0,thc,43.36,-23.43,1205.719971,5.41,-28.84,1.173,N/A,0.51,1.34,2.15,0.15,1.80,5.35,21.88,5090000000.0,8230000000.0,99.09,N/A,0.81,22.25,0.81,5410000000.0,22.25,219000000.0,0.47,421.80,51.10,1440000000.0,3.1,4510000000.0,2.326,8.248,326000000.0,0.279,1.19,90.70,33420000.0,13.071,7.25,32240000.000000004,underperform
4720,2011-05-12 03:42:42,1305186162.0,thc,25.84,-21.52,1348.650024,0.35,-21.87,214.36,3.23,0.35,2.15,12.04,7.77,5.57,84.18,19.30,7070000000.0,7070000000.0,13.81,1.00,0.75,6.26,0.75,7630000000.0,6.26,1100000000.0,2.01,16.00,7.10,270000000.0,0.55,4090000000.0,1.44,3.09,7070000000.0,2.61,0.62,85.60,15670000.0,1.30,N/A,14500000.0,underperform
4721,2011-08-19 17:57:46,1313791066.0,thc,18.6,12.26,1123.530029,25.1,-12.840000000000002,217.83,2.29,0.24,1.54,12.26,7.76,5.63,83.87,19.43,6100000000.0,6100000000.0,9.42,0.71,0.65,5.35,0.65,7630000000.0,5.35,1110000000.0,2.06,96.80,3.10,264000000.0,0.56,4120000000.0,1.39,3.08,6100000000.0,2.74,0.62,85.60,28720000.0,3.80,6.60,26480000.0,underperform
4722,2004-09-08 09:01:27,1094648487.0,thc,39.92,18.94,1116.27002,10.34,8.600000000000001,1.161,N/A,0.39,1.25,12.26,14.34,11.86,32.33,26.47,4800000000.0,8050000000.000001,93.64,N/A,0.65,N/A,0.65,5410000000.0,N/A,1510000000.0,3.247,421.80,51.10,1320000000.0,2.82,4510000000.0,2.377,8.339,340000000.0,0.197,1.19,90.73,32460000.0,12.876,7.05,35120000.0,outperform
4723,2007-03-26 23:02:06,1174964526.0,thc,26.68,-18.89,1437.5,-5.88,-13.010000000000002,18.114,N/A,0.36,11.98,9.23,4.00,2.71,135.56,18.479,3150000000.0,7120000000.0,N/A,N/A,0.82,9.626,0.82,4820000000.0,9.626,871000000.0,1.705,N/A,2.60,823000000.0,1.745,4780000000.0,1.571,0.56,462000000.0,1.4,0.52,88.60,37140000.0,10.8,7.90,34990000.0,underperform
4724,2007-01-26 10:32:12,1169825532.0,thc,28.28,-39.46,1422.180054,-5.88,-33.58,7.602,N/A,0.35,5.39,7.29,2.85,1.78,99.54,20.505,3400000000.0,7380000000.0,N/A,N/A,0.77,11.383,0.77,5230000000.0,11.383,973000000.0,1.50,N/A,1.50,824000000.0,1.748,4800000000.0,1.646,1.339,363000000.0,1.24,0.18,96.80,33990000.0,12.2,7.20,34740000.0,underperform
4725,2005-03-27 12:23:24,1111944204.0,thc,44.0,-33.64,1171.420044,11.11,-44.75,2.561,N/A,0.51,2.90,18.12,13.24,16.19,64.40,21.275,5150000000.0,8820000000.0,73.33,N/A,0.89,N/A,0.89,5410000000.0,N/A,1800000000.0,3.85,421.80,51.10,771000000.0,1.65,4440000000.0,1.874,3.707,82000000.0,0.317,0.75,91.57,36810000.0,12.499,7.92,35660000.0,underperform
4726,2011-09-26 08:23:59,1317039839.0,rht,43.49,26.65,1162.949951,23.96,2.6899999999999977,N/A,70.53,7.95,6.00,11.99,16.25,4.80,9.51,5.04,7260000000.0,7260000000.0,34.98,2.19,7.52,35.27,7.52,758990000.0,35.27,115660000.0,0.60,34.80,26.60,910480000.0,4.72,0.00,1.76,7.06,7260000000.0,1.21,0.41,92.40,3940000.0,1.10,N/A,3120000.0,outperform
4727,2013-05-16 07:04:14,1368702254.0,rht,54.71,-8.57,1650.469971,13.78,-22.35,N/A,70.34,7.73,6.88,11.30,15.70,4.92,10.29,6.88,8960000000.0,8960000000.0,34.28,2.37,6.74,33.08,6.74,1130000000.0,33.08,150200000.0,0.77,19.50,17.10,879470000.0,4.64,0.00,1.39,7.88,465300000.0,1.05,0.30,96.10,4970000.0,2.30,3.40,5760000.0,underperform
4728,2008-01-21 09:26:05,1200925565.0,rht,,,1325.189941,-39.24,,0.595,51.04,7.21,3.71,15.25,13.97,2.29,8.68,2.538,3530000000.0,3060000000.0,N/A,1.16,6.21,30.952,6.21,335890000.0,30.952,75150000.0,0.36,38.70,27.90,1040000000.0,5.356,570000000.0,3.396,4.929,194190000.0,1.6,12.12,96.10,13910000.0,4.9,7.20,15080000.0,underperform
4729,2007-02-23 12:15:45,1172250945.0,rht,23.6,-23.39,1451.189941,-6.28,-17.11,0.736,71.45,12.34,5.85,18.12,15.05,3.23,11.20,1.974,4540000000.0,4139999999.9999995,N/A,1.55,11.24,42.347,11.24,229820000.0,42.347,66739999.99999999,0.33,37.00,44.70,976860000.0,5.083,570000000.0,3.911,4.045,206010000.0,1.74,12.03,96.60,N/A,N/A,N/A,17970000.0,underperform
4730,2008-12-26 14:28:28,1230319708.0,rht,13.13,139.38,872.7999880000001,28.39,110.99,0.264,31.78,3.95,2.30,13.50,12.82,2.51,8.32,3.293,2480000000.0,2009999999.9999998,N/A,0.81,3.19,16.847,3.19,442360000.0,16.847,84740000.0,0.41,19.80,22.10,758630000.0,3.979,285500000.0,1.341,5.664,231290000.0,1.5,7.10,87.90,7420000.0,2.1,3.90,9360000.0,outperform
4731,2007-12-28 22:30:33,1198899033.0,rht,21.12,-38.45,1478.48999,-41.28,2.8299999999999983,0.595,59.33,N/A,N/A,15.25,13.97,2.29,8.68,2.538,N/A,3610000000.0,N/A,1.32,7.33,36.514,7.33,335890000.0,36.514,75150000.0,0.36,38.70,27.90,1040000000.0,5.367,570000000.0,3.396,N/A,194190000.0,1.44,12.23,98.90,15380000.0,8.8,8.00,16410000.0,outperform
4732,2003-11-15 11:32:00,1068913920.0,rht,13.6,-15.29,1058.530029,10.86,-26.15,0.809,10.77,0.84,2.42,8.55,15.89,9.42,29.35,19.635,410970000.0,517970000.0,10.98,0.95,1.09,5.31,1.09,290620000.0,5.31,40660000.0,1.675,99.70,49.70,19320000.0,0.85,134520000.0,0.813,7.3,N/A,0.88,5.18,78.54,N/A,0.76,1.62,N/A,underperform
4733,2012-06-29 07:13:33,1340968413.0,rht,56.48,-17.16,1362.160034,17.7,-34.86,N/A,68.42,8.59,7.18,12.82,17.67,5.52,11.04,6.13,9680000000.0,9680000000.0,37.10,2.36,8.18,36.98,8.18,954560000.0,36.98,151640000.0,0.77,15.40,18.90,818960000.0,4.24,0.00,1.46,7.34,426080000.0,1.15,0.40,94.70,4120000.0,1.80,2.80,3660000.0,underperform
4734,2007-04-28 13:44:13,1177782253.0,rht,22.14,-6.91,1495.420044,-7.13,0.21999999999999975,0.694,74.66,10.50,5.10,14.95,13.05,3.42,9.23,2.116,4190000000.0000005,3880000000.0,N/A,1.08,9.69,35.748,9.69,229820000.0,35.748,59910000.0,0.29,25.00,41.20,878070000.0,4.569,570000000.0,3.353,4.289,201560000.0,2.22,12.04,107.50,14350000.0,6.8,7.60,14550000.0,outperform
4735,2007-04-27 13:26:11,1177694771.0,rht,21.8,-6.65,1494.069946,-7.64,0.9899999999999993,0.694,74.93,10.50,5.10,14.95,13.05,3.42,9.23,2.116,4200000000.0,3900000000.0,N/A,1.06,9.73,35.889,9.73,229820000.0,35.889,59910000.0,0.29,25.00,41.20,878070000.0,4.569,570000000.0,3.353,4.289,201560000.0,2.22,12.04,107.50,14550000.0,7.6,7.70,17690000.0,outperform
4736,2012-11-06 08:12:31,1352207551.0,rht,50.43,-12.61,1428.390015,23.95,-36.56,N/A,66.81,7.91,6.53,11.98,16.83,5.24,10.31,6.34,8920000000.0,8920000000.0,35.79,2.58,7.29,34.28,7.29,954560000.0,34.28,146680000.0,0.75,12.40,14.70,869450000.0,4.50,0.00,1.47,7.68,452830000.0,1.12,0.34,97.60,4510000.0,2.10,3.10,4130000.0,underperform
4737,2009-03-28 18:23:19,1238278999.0,rht,15.0,92.67,813.880005,43.23,49.440000000000005,N/A,44.02,5.13,3.03,12.06,12.65,2.69,7.65,3.421,2570000000.0,2570000000.0,N/A,1.47,3.94,20.906,3.94,442360000.0,20.906,78720000.0,0.39,27.30,17.50,662730000.0,3.485,N/A,1.994,5.817,236440000.0,1.25,0.43,93.50,8060000.000000001,3.2,4.30,7020000.0,outperform
4738,2007-04-29 16:14:36,1177877676.0,rht,21.88,-5.58,1494.25,-6.55,0.9699999999999998,0.694,74.66,10.50,5.10,14.95,13.05,3.42,9.23,2.116,4190000000.0000005,3880000000.0,N/A,1.08,9.69,35.748,9.69,229820000.0,35.748,59910000.0,0.29,25.00,41.20,878070000.0,4.569,570000000.0,3.353,4.289,201560000.0,2.22,12.04,107.50,14350000.0,6.8,7.60,14550000.0,outperform
4739,2007-05-31 04:28:11,1180600091.0,rht,24.56,-0.81,1530.619995,-8.51,7.699999999999999,0.694,78.60,10.73,5.23,14.95,13.05,3.42,9.23,2.116,4430000000.0,3990000000.0,N/A,1.08,9.97,36.768,9.97,335890000.0,36.768,59910000.0,0.29,25.00,41.20,878070000.0,4.545,570000000.0,3.353,4.257,201560000.0,1.86,11.98,105.00,14350000.0,6.8,7.60,14550000.0,outperform
4740,2007-04-30 20:31:27,1177979487.0,rht,21.14,-0.14,1482.369995,-6.17,6.03,0.694,72.40,10.46,5.08,14.95,13.05,3.42,9.23,2.116,4059999999.9999995,3880000000.0,N/A,1.08,9.69,35.748,9.69,229820000.0,35.748,59910000.0,0.292,25.00,41.20,878070000.0,4.569,570000000.0,3.353,4.289,201560000.0,2.22,12.04,107.50,14350000.0,6.8,7.60,14550000.0,outperform
4741,2007-06-02 11:51:03,1180799463.0,rht,22.95,5.05,1530.22998,-8.62,13.669999999999998,0.694,84.14,11.84,5.77,14.95,13.05,3.42,9.23,2.116,4750000000.0,4440000000.0,N/A,1.20,11.08,40.878,11.08,335890000.0,40.878,59910000.0,0.29,25.00,41.20,878070000.0,4.545,570000000.0,3.353,4.257,201560000.0,1.99,11.98,105.00,15480000.0,8.2,8.20,14350000.0,outperform
4742,2007-07-05 17:44:36,1183671876.0,rht,21.6,,1525.400024,-15.77,,0.671,71.47,9.68,4.96,14.32,12.54,3.39,9.17,2.271,4139999999.9999995,3950000000.0,N/A,1.36,9.07,34.475,9.07,335890000.0,34.475,62380000.0,0.30,17.90,41.50,837460000.0,4.335,570000000.0,3.158,4.401,188910000.0,2.18,11.98,107.90,14290000.0,7.50,7.50,15480000.0,underperform
4743,2005-03-06 12:49:03,1110131343.0,rai,20.45,25.72,1210.469971,5.6,20.119999999999997,0.266,14.36,1.92,2.00,9.74,13.70,5.50,14.40,57.763,12510000000.0,12180000000.0,10.79,1.69,1.89,13.45,1.89,2049999999.9999998,13.45,627000000.0,5.90,N/A,15.20,1970000000.0,13.36,1650000000.0,1.14,41.880001,463000000.0,0.378,0.99,56.63,9880000.0,11.179,6.76,11520000.0,outperform
4744,2004-10-27 23:09:49,1098932989.0,rai,16.79,20.25,1125.400024,4.75,15.5,0.265,73.23,1.77,1.39,3.23,6.35,1.74,4.89,59.403,10130000000.0,9780000000.0,9.31,1.44,1.73,26.37,1.73,2049999999.9999998,26.37,183000000.0,0.938,N/A,15.20,1930000000.0,13.06,1660000000.0,1.151,49.200001,525000000.0,0.155,1.02,54.45,8780000.0,8.586,6.02,9130000.0,outperform
4745,2004-12-09 07:02:22,1102593742.0,rai,18.43,22.63,1189.23999,5.9,16.729999999999997,0.265,26.99,1.99,1.80,6.23,9.35,3.35,9.44,59.403,11030000000.0,11000000000.0,9.87,1.52,1.94,20.34,1.94,2049999999.9999998,20.34,353000000.0,2.768,N/A,15.20,1930000000.0,13.05,1660000000.0,1.151,42.346001,463000000.0,0.274,0.99,51.61,9720000.0,8.305,6.65,8780000.0,outperform
4746,2011-07-14 14:03:21,1310666601.0,rai,36.47,23.55,1308.869995,3.66,19.89,62.33,15.83,2.54,3.30,16.18,31.03,9.19,21.37,14.68,22830000000.0,22830000000.0,13.20,1.75,2.67,8.13,2.67,4390000000.0,8.13,1380000000.0,2.36,330.50,0.30,3000000000.0,5.15,4110000000.0000005,1.10,11.31,22830000000.0,0.68,0.06,45.90,5370000.0,2.30,2.00,4950000.0,outperform
4747,2011-10-09 01:14:57,1318137297.0,rai,37.73,14.13,1164.969971,24.97,-10.839999999999998,55.92,17.11,2.62,3.38,15.70,29.69,9.75,20.57,14.71,25310000000.0,25310000000.0,13.86,1.46,2.95,9.39,2.95,4390000000.0,9.39,1350000000.0,2.30,10.90,1.00,1360000000.0,2.33,3720000000.0,1.05,11.41,25310000000.0,0.63,0.06,45.90,8440000.0,2.30,3.20,7090000.0,underperform
4748,2005-02-18 03:56:07,1108716967.0,rai,19.9,28.44,1201.589966,6.53,21.91,0.266,13.81,1.90,1.97,9.74,13.70,5.50,14.40,57.763,12030000000.0,11880000000.0,10.88,2.18,1.84,13.11,1.84,2049999999.9999998,13.11,627000000.0,5.90,N/A,15.20,1970000000.0,13.36,1640000000.0,1.14,41.880001,463000000.0,0.378,0.99,54.45,11520000.0,15.133,7.88,12620000.0,outperform
4749,2006-06-25 07:16:12,1151234172.0,rai,27.16,11.6,1245.599976,20.24,-8.639999999999999,0.258,14.77,1.99,2.44,13.39,55.52,20.43,15.10,56.024,16350000000.000002,15910000000.0,N/A,2.72,1.93,3.334,1.93,3340000000.0,3.334,984000000.0,7.49,22.80,0.20,2180000000.0,14.76,1740000000.0,1.23,45.465,833000000.0,0.87,55.04,63.70,13680000.0,22.2,9.30,13690000.0,underperform
4750,2011-12-24 04:04:02,1324717442.0,rai,40.56,1.45,1243.719971,16.08,-14.629999999999999,54.69,18.38,2.82,3.58,15.61,29.48,9.36,19.98,14.65,25720000000.0,25720000000.0,14.05,2.48,3.01,9.68,3.01,4390000000.0,9.68,1330000000.0,2.27,3.70,1.70,2009999999.9999998,3.45,3670000000.0,1.09,11.52,1110000000.0,0.63,0.06,45.90,8320000.0,2.10,3.10,7270000.0,underperform
4751,2009-07-14 12:45:20,1247589920.0,rai,19.12,42.31,905.840027,20.9,21.410000000000004,N/A,13.58,1.31,1.90,9.66,29.84,8.57,12.24,29.874,12870000000.0,12870000000.0,N/A,1.81,1.48,4.73,1.48,3980000000.0,4.73,841000000.0,2.88,98.40,6.60,3180000000.0,10.912,4660000000.0,1.259,20.601999,1300000000.0,0.57,42.14,50.20,4640000.0,3.2,1.60,4410000.0,outperform
4752,2006-12-07 13:37:39,1165516659.0,rai,31.87,6.78,1407.290039,6.92,-0.13999999999999968,0.677,14.66,2.27,2.75,15.63,57.19,18.86,18.06,28.776,19470000000.0,21680000000.0,N/A,2.62,2.55,4.313,2.55,3340000000.0,4.313,1200000000.0,4.49,45.10,1.90,2530000000.0,8.562,4740000000.0,1.122,23.677999,1450000000.0,0.51,42.38,71.20,27670000.0,20.2,9.40,29910000.0,underperform
4753,2012-11-06 10:03:56,1352214236.0,rai,40.84,23.9,1428.390015,23.95,-0.05000000000000071,67.44,16.65,2.80,4.05,17.29,33.69,11.00,23.09,14.54,25580000000.0,25580000000.0,13.32,2.29,3.08,8.73,3.08,3930000000.0,8.73,1440000000.0,2.50,6.60,3.80,1240000000.0,2.22,3860000000.0,0.74,10.25,1490000000.0,0.42,42.98,47.00,8470000.0,4.20,3.10,8180000.0,underperform
4754,2013-04-25 03:22:37,1366874557.0,rai,45.72,17.8,1585.160034,17.55,0.25,96.92,20.54,3.03,4.78,15.32,31.88,10.08,22.11,14.68,27690000000.0,27690000000.0,13.58,1.84,3.34,9.97,3.34,3980000000.0,9.97,1270000000.0,2.24,54.30,0.20,2500000000.0,4.53,5100000000.0,1.28,9.51,1570000000.0,0.46,43.95,48.10,9680000.0,4.60,3.00,10380000.0,outperform
4755,2005-11-01 09:44:49,1130856289.0,rai,20.82,49.38,1202.76001,13.72,35.660000000000004,0.345,12.80,1.58,2.02,11.95,8.81,3.75,18.91,55.714,12530000000.0,12520000000.0,N/A,2.30,1.58,13.763,1.58,2570000000.0,13.763,887000000.0,6.64,66.20,55.50,2140000000.0000002,14.506,2130000000.0,1.224,42.026001,906000000.0,N/A,0.47,59.60,9530000.0,6.50,6.50,11060000.0,outperform
4756,2005-04-14 22:22:06,1113531726.0,rai,19.3,31.19,1162.050049,10.72,20.47,0.266,13.38,1.83,1.91,9.74,13.70,5.50,14.40,57.763,11640000000.0,11460000000.0,10.14,1.60,1.78,12.65,1.78,2570000000.0,12.65,627000000.0,5.90,N/A,22.20,1970000000.0,13.38,1650000000.0,1.14,41.910999,736000000.0,0.488,1.02,56.80,8680000.0,9.69,5.95,9880000.0,outperform
4757,2009-02-21 00:56:51,1235195811.0,aee,19.67,2.8,788.419983,40.38,-37.580000000000005,N/A,8.93,0.72,0.81,7.72,17.38,3.92,8.82,37.311,5460000000.0,13860000000.0,N/A,2.26,1.77,6.589,1.77,4090000000.0,6.589,605000000.0,2.88,47.20,7.90,92000000.0,0.433,8109999999.999999,0.821,32.798,1530000000.0,0.71,0.14,59.80,3120000.0,1.6,1.50,2850000.0,underperform
4758,2013-05-15 17:35:45,1368653745.0,aee,33.93,13.7,1658.780029,12.78,0.9199999999999999,94.51,N/A,1.30,1.37,10.69,20.38,3.80,13.58,27.61,14810000000.0,14810000000.0,15.81,9.69,2.21,6.76,2.21,2580000000.0,6.76,957000000.0,2.95,N/A,8.60,161000000.0,0.66,6160000000.0,1.28,26.24,1690000000.0,0.23,0.13,0.90,2760000.0,1.90,1.10,2540000.0,outperform
4759,2008-01-23 19:17:07,1201133827.0,aee,32.86,-26.96,1338.599976,-38.18,11.219999999999999,1.02,16.79,1.32,1.41,7.94,17.29,3.96,8.58,34.76,9640000000.0,16239999999.999998,N/A,2.20,2.26,8.266,2.26,3780000000.0,8.266,571000000.0,2.76,16.70,4.50,170000000.0,0.817,6890000000.0,0.935,32.480999,1130000000.0,0.57,10.15,54.30,4950000.0,5.3,2.40,4890000.0,outperform
4760,2004-09-24 17:33:50,1096061630.0,aee,27.39,22.31,1110.109985,9.02,13.29,0.804,14.58,1.88,1.61,11.08,23.11,3.74,11.34,28.079,8950000000.0,12830000000.0,15.10,5.47,2.69,7.89,2.69,3080000000.0,7.89,527720000.0,3.16,37.20,19.60,511000000.0,2.63,4380000000.0,1.598,28.576,1040000000.0,0.12,1.02,54.42,7410000.0,9.802,3.85,3960000.0,outperform
4761,2005-03-05 21:55:16,1110077716.0,aee,30.97,1.81,1210.079956,6.53,-4.720000000000001,0.974,18.34,1.93,1.72,10.27,20.89,3.37,10.02,27.694,10070000000.0,15860000000.0,16.00,5.57,3.07,9.7,3.07,3080000000.0,9.7,529720000.0,2.83,37.20,19.60,69000000.0,0.36,5860000000.0,0.875,29.774,915000000.0,0.167,1.02,53.44,5900000.0,10.387,3.07,3410000.0,underperform
4762,2005-12-16 06:43:01,1134733381.0,aee,32.87,8.52,1267.319946,11.51,-2.99,0.863,15.54,1.66,1.65,10.42,20.79,4.65,10.89,32.357,10690000000.0,16180000000.0,N/A,5.43,2.52,8.186,2.52,3280000000.0,8.186,669000000.0,3.37,20.70,43.40,278000000.0,1.361,5570000000.0,1.42,31.615999,1480000000.0,N/A,0.33,51.60,2630000.0,3.2,1.30,2950000.0,underperform
4763,2007-12-15 01:09:10,1197698950.0,aee,37.14,-34.33,1486.589966,-41.24,6.910000000000004,1.02,19.48,1.57,1.67,7.94,17.29,3.96,8.58,34.76,11180000000.0,18020000000.0,N/A,2.78,2.51,9.172,2.51,3780000000.0,9.172,571000000.0,2.76,16.70,4.50,170000000.0,0.817,6890000000.0,0.935,32.480999,1130000000.0,0.61,0.14,64.80,4870000.0,5.4,2.30,5430000.0,outperform
4764,2007-02-20 06:12:12,1171969932.0,aee,35.45,-13.99,1459.680054,-6.83,-7.16,0.965,20.11,1.61,1.68,7.95,17.05,3.89,8.45,33.463,11060000000.0,17270000000.0,N/A,4.80,2.51,9.052,2.51,2280000000.0,9.052,547000000.0,2.66,205.00,2.80,137000000.0,0.663,6350000000.0,0.998,31.854,1270000000.0,0.32,0.17,60.70,8680000.0,12.7,4.20,8430000.0,underperform
4765,2006-01-10 11:29:29,1136910569.0,aee,32.46,8.44,1289.689941,9.7,-1.2599999999999998,0.863,15.34,1.64,1.63,10.42,20.79,4.65,10.89,32.357,10550000000.0,16040000000.0,N/A,5.43,2.50,8.118,2.50,3280000000.0,8.118,669000000.0,3.37,20.70,43.40,278000000.0,1.361,5570000000.0,1.42,31.615999,1480000000.0,N/A,0.33,51.60,2840000.0,4.7,1.40,2630000.0,underperform
4766,2004-11-02 15:30:15,1099427415.0,aee,28.09,14.45,1130.560059,7.45,6.999999999999999,0.804,15.31,1.96,1.68,11.10,23.14,3.74,11.34,27.933,9330000000.0,13210000000.0,15.74,5.77,2.78,8.13,2.78,3080000000.0,8.13,527890000.0,3.136,37.20,19.60,511000000.0,2.63,4380000000.0,1.598,28.576,1040000000.0,0.107,1.02,54.90,3610000.0,7.157,1.88,7080000.0,outperform
4767,2012-04-23 16:14:50,1335212090.0,aee,28.03,20.05,1366.939941,15.5,4.550000000000001,86.81,14.63,1.05,0.97,7.07,19.37,3.77,6.60,30.38,14630000000.0,14630000000.0,16.72,3.47,1.99,6.56,1.99,2610000000.0,6.56,519000000.0,2.15,51.90,7.50,255000000.0,1.05,7000000000.0,1.29,32.64,1880000000.0,0.24,0.12,1.50,4700000.0,3.10,1.90,4410000.0,outperform
4768,2010-02-18 18:51:00,1266537060.0,aee,20.22,19.39,1106.75,21.35,-1.9600000000000009,N/A,9.30,0.84,0.77,8.25,20.01,3.97,7.93,33.402,13530000000.0,13530000000.0,N/A,3.02,1.89,6.12,1.89,4300000000.0,6.12,590000000.0,2.755,11.30,12.20,563000000.0,2.376,7880000000.0,1.443,33.108002,2029999999.9999998,0.77,5.82,50.10,3930000.0,2.7,1.90,4340000.0,underperform
4769,2010-03-23 07:53:00,1269345180.0,aee,20.71,11.93,1174.170044,10.51,1.42,N/A,9.30,0.89,0.78,8.84,20.80,3.87,8.26,31.407,13920000000.0,13920000000.0,N/A,3.66,2.01,6.214,2.01,2550000000.0,6.214,612000000.0,2.78,38.60,12.40,622000000.0,2.619,8170000000.0,1.661,33.078999,1980000000.0,0.76,0.15,57.30,4480000.0,2.3,2.10,4670000.0,outperform
4770,2012-07-16 20:44:00,1342485840.0,dri,45.67,4.18,1353.640015,23.83,-19.65,115.13,14.09,0.81,3.50,5.95,9.25,8.10,25.22,61.48,8500000000.0,8500000000.0,11.31,1.07,1.06,7.81,1.06,1800000000.0,7.81,476500000.0,3.57,10.00,3.80,70500000.0,0.55,2120000000.0,0.43,14.34,761700000.0,0.63,0.39,86.40,10250000.0,4.40,N/A,10940000.0,underperform
4771,2005-09-07 01:14:53,1126070093.0,dri,23.96,14.02,1236.359985,4.66,9.36,0.511,17.24,0.87,3.62,5.51,9.02,10.41,23.74,33.683,4730000000.0,5220000000.0,N/A,1.18,0.99,7.574,0.99,1180000000.0,7.574,290610000.0,1.78,59.40,2.60,42800000.0,0.277,650250000.0,0.39,8.245,583240000.0,N/A,1.82,76.10,3240000.0,2.1,2.10,2670000.0,outperform
4772,2007-02-14 04:33:45,1171445625.0,dri,33.02,-27.17,1455.300049,-7.31,-19.860000000000003,0.612,18.76,1.03,4.69,5.97,9.49,11.42,27.46,39.765,6190000000.0,N/A,N/A,1.38,N/A,N/A,N/A,1290000000.0,N/A,347830000.0,2.27,12.00,4.50,38400000.0,0.264,783160000.0,0.427,8.802,621380000.0,0.83,7.48,74.90,4050000.0,2.6,2.80,4250000.0,underperform
4773,2007-10-17 03:53:18,1192607598.0,dri,34.24,-50.44,1541.23999,-38.59,-11.849999999999994,0.563,28.91,1.07,5.08,3.86,10.31,12.21,31.81,39.86,6080000000.0,6670000000.0,N/A,1.18,1.18,8.48,1.18,1310000000.0,8.48,390400000.0,1.48,19.70,7.90,47300000.0,0.333,670500000.0,0.555,8.387,651400000.0,0.79,0.54,80.10,1820000.0,1.1,1.30,2530000.0,underperform
4774,2013-04-22 06:49:20,1366627760.0,dri,45.88,6.23,1562.5,20.29,-14.059999999999999,142.15,14.91,0.76,3.25,5.17,8.25,6.66,23.12,64.69,9010000000.0,9010000000.0,15.37,2.84,1.08,8.48,1.08,1840000000.0,8.48,430800000.0,3.28,18.10,4.60,107100000.0,0.83,2770000000.0,0.56,15.02,901300000.0,0.70,0.69,82.50,8790000.0,4.90,7.80,8850000.0,underperform
4775,2005-05-26 19:15:45,1117149345.0,dri,24.99,12.77,1197.619995,6.89,5.88,0.506,21.01,0.97,3.94,4.88,7.08,8.92,20.60,31.858,5130000000.0,5640000000.0,16.69,1.45,1.08,8.98,1.08,1100000000.0,8.98,256040000.00000003,1.56,2.20,7.50,87780000.0,0.56,651300000.0,0.457,8.22,591040000.0,0.152,8.28,79.72,2600000.0,1.949,1.81,2280000.0,outperform
4776,2007-04-05 23:26:55,1175830015.0,dri,32.84,-16.96,1443.76001,-5.08,-11.88,0.619,18.21,1.00,4.82,5.92,9.49,11.63,28.10,40.692,5950000000.0,6630000000.0,N/A,1.38,1.12,8.258,1.12,1290000000.0,8.258,348890000.0,2.31,1.00,4.70,53800000.0,0.381,763600000.0,0.414,8.632,626690000.0,0.67,7.49,82.20,2290000.0,1.7,1.60,4510000.0,underperform
4777,2007-01-23 17:35:52,1169591752.0,dri,30.44,-32.29,1427.98999,-6.26,-26.03,0.612,17.30,0.98,4.47,5.97,9.49,11.42,27.46,39.765,5710000000.0,6460000000.0,N/A,1.33,1.11,8.163,1.11,1290000000.0,8.163,347830000.0,2.27,12.00,4.50,38400000.0,0.264,783160000.0,0.427,8.802,621380000.0,0.8,N/A,86.80,4250000.0,3.1,3.00,4540000.0,underperform
4778,2013-05-13 07:51:51,1368445911.0,dri,49.71,-0.02,1633.77002,16.14,-16.16,142.15,16.33,0.84,3.56,5.17,8.25,6.66,23.12,64.69,9620000000.0,9620000000.0,16.84,3.07,1.16,9.05,1.16,1840000000.0,9.05,430800000.0,3.28,18.10,4.60,107100000.0,0.83,2770000000.0,0.56,15.02,901300000.0,0.70,0.69,82.50,7960000.0,4.40,7.10,8109999.999999999,underperform
4779,2003-12-07 14:57:51,1070827071.0,dri,15.29,36.95,1069.719971,11.27,25.680000000000003,0.524,15.28,0.70,2.65,4.83,7.23,8.61,18.94,27.082,3310000000.0,3870000000.0,13.07,0.91,0.82,6.63,0.82,1020000000.0,6.63,228970000.0,1.312,2.30,6.60,96520000.0,0.59,656870000.0,0.58,7.6,N/A,0.354,8.71,73.36,3810000.0,2.495,2.53,3170000.0,outperform
4780,2004-09-26 10:44:02,1096209842.0,dri,17.12,36.21,1108.359985,9.68,26.53,0.527,16.46,0.71,2.79,4.68,6.89,8.37,18.54,29.93,3650000000.0,4280000000.0000005,12.78,1.08,0.85,7.12,0.85,1110000000.0,7.12,234990000.0,1.405,0.30,7.50,38600000.0,0.24,670470000.0,0.532,8.073,525409999.99999994,0.362,8.49,74.16,3040000.0,3.306,2.11,3930000.0,outperform
4781,2004-06-21 00:26:39,1087791999.0,dri,16.47,52.64,1130.300049,7.37,45.27,0.52,15.31,0.70,2.65,4.90,7.24,8.63,19.09,28.448,3440000000.0,4059999999.9999995,13.02,1.07,0.83,6.73,0.83,1020000000.0,6.73,238860000.0,1.395,2.30,6.60,43870000.0,0.27,668910000.0,0.571,7.986,474720000.0,0.393,8.56,78.71,6070000.0,5.64,4.13,6420000.0,outperform
4782,2004-11-30 12:43:45,1101836625.0,dri,20.77,32.31,1173.819946,6.45,25.860000000000003,0.527,19.42,0.85,3.37,4.68,6.89,8.37,18.54,29.93,4290000000.0,4920000000.0,14.99,1.32,0.98,8.19,0.98,1110000000.0,8.19,234990000.0,1.405,0.30,7.50,38600000.0,0.25,670470000.0,0.532,8.093,489140000.0,0.454,8.28,76.39,2810000.0,3.176,1.95,4800000.0,outperform
4783,2004-12-05 09:19:23,1102256363.0,dri,20.76,34.25,1190.329956,6.03,28.22,0.527,19.51,0.85,3.37,4.68,6.89,8.37,18.54,29.93,4310000000.0,4940000000.0,14.98,1.32,0.98,8.22,0.98,1110000000.0,8.22,234990000.0,1.405,0.30,7.50,38600000.0,0.25,670470000.0,0.532,8.093,489140000.0,0.454,8.28,76.23,2810000.0,3.176,1.95,4800000.0,outperform
4784,2005-04-10 22:08:52,1113185332.0,dri,23.65,29.6,1191.140015,8.86,20.740000000000002,0.506,19.79,0.94,3.79,4.88,7.08,8.92,20.60,31.858,4890000000.0,5390000000.0,15.80,1.37,1.03,8.58,1.03,1100000000.0,8.58,256040000.00000003,1.56,2.20,7.50,87780000.0,0.56,651300000.0,0.457,8.186,626440000.0,0.141,8.28,76.82,3230000.0,3.223,2.25,4110000.0000000005,outperform
4785,2004-05-16 20:24:58,1084753498.0,dri,16.49,40.08,1096.439941,6.32,33.76,0.52,15.77,0.72,2.71,4.90,7.24,8.63,19.09,28.448,3540000000.0,4170000000.0,13.50,1.09,0.86,6.9,0.86,1020000000.0,6.9,238860000.0,1.395,2.30,6.60,43870000.0,0.27,668910000.0,0.571,7.986,474720000.0,0.403,8.56,73.34,6420000.0,4.343,4.36,6050000.0,outperform
4786,2009-07-25 00:30:18,1248496218.0,nrg,23.56,-8.96,954.070007,14.63,-23.590000000000003,N/A,5.68,0.95,0.97,18.46,36.60,7.33,17.73,30.787,14500000000.0,14500000000.0,N/A,1.55,2.00,4.674,2.00,3290000000.0,4.674,1110000000.0,4.74,304.10,27.30,1190000000.0,4.478,7950000000.0,1.372,26.598,1560000000.0,0.99,0.15,100.90,18150000.0,6.90,6.90,17440000.0,underperform
4787,2005-03-29 07:34:43,1112099683.0,nrg,16.35,32.23,1165.359985,11.8,20.429999999999996,1.39,19.61,1.47,1.35,7.41,17.65,2.01,7.04,23.786,3460000000.0,6000000000.0,20.94,N/A,2.52,9.45,2.52,485430000.0,9.45,176390000.0,1.76,N/A,15.10,1100000000.0,11.05,3610000000.0,2.887,25.969,647200000.0,N/A,22.01,81.78,2920000.0,3.354,3.75,2400000.0,outperform
4788,2004-09-13 20:51:51,1095123111.0,nrg,12.72,53.77,1125.819946,9.36,44.410000000000004,1.592,0.75,1.18,1.06,154.75,159.79,37.53,383.69,22.852,2660000000.0,5910000000.0,17.71,N/A,2.59,1.52,2.59,567240000.0,1.52,3540000000.0,35.37,N/A,7.00,820880000.0,8.21,4040000000.0,2.639,25.361,820190000.0,N/A,1.01,57.40,1000000.0,1.823,1.01,1060000.0,outperform
4789,2006-08-31 07:37:05,1157024225.0,nrg,24.25,50.43,1303.819946,13.05,37.379999999999995,1.271,23.45,1.67,1.40,6.41,19.15,4.09,5.95,39.628,6940000000.0,14630000000.0,N/A,1.25,3.53,11.397,3.53,641000000.0,11.397,224000000.0,2.16,745.80,172.60,957000000.0,6.985,7760000000.0,1.785,36.245998,593000000.0,1.21,17.48,84.90,N/A,N/A,N/A,N/A,outperform
4790,2005-05-28 12:34:28,1117298068.0,nrg,16.64,24.88,1190.01001,6.96,17.919999999999998,1.237,19.72,1.30,1.39,7.54,16.13,2.90,6.07,24.512,3070000000.0,5940000000.0,17.18,4.14,2.51,9.499,2.51,867090000.0,9.499,149120000.0,1.79,25.20,0.10,763030000.0,8.766,3230000000.0,2.245,25.318001,365400000.0,N/A,24.85,93.20,2130000.0,1.8,2.40,1950000.0,outperform
4791,2008-06-26 17:23:58,1214515438.0,nrg,40.87,-44.21,1283.150024,-28.39,-15.82,1.502,21.40,1.71,2.36,9.56,25.97,4.90,10.06,25.147,10050000000.0,18540000000.0,N/A,1.38,3.09,8.895,3.09,2610000000.0,8.895,501000000.0,1.991,20.00,0.20,834000000.0,3.535,8230000000.0,1.438,18.424999,1450000000.0,1.25,14.48,121.80,15970000.0,3.5,6.80,14130000.0,underperform
4792,2013-04-23 10:32:17,1366727537.0,nrg,26.65,20.83,1578.780029,18.79,2.039999999999999,148.61,11.66,1.05,0.88,6.64,5.66,0.96,6.19,36.30,23640000000.0,23640000000.0,19.58,2.25,2.81,14.66,2.81,2340000000.0,14.66,550000000.0,2.35,N/A,3.20,2089999999.9999998,6.46,16020000000.0,1.70,31.04,1150000000.0,0.71,0.20,96.80,5370000.0,1.30,1.90,4610000.0,outperform
4793,2007-04-08 00:09:42,1176005382.0,nrg,35.43,6.77,1443.76001,-4.93,11.7,1.486,18.17,1.60,1.89,11.04,25.93,7.05,13.24,43.589,9050000000.0,17920000000.0,N/A,0.96,3.19,8.252,3.19,2350000000.0,8.252,503000000.0,4.07,N/A,61.80,795000000.0,6.499,8780000000.0,1.517,38.962002,421000000.0,1.23,3.19,103.20,N/A,N/A,N/A,N/A,outperform
4794,2008-04-26 18:21:26,1209248486.0,nrg,42.95,-60.79,1379.930054,-38.26,-22.53,1.454,21.98,1.76,2.29,9.79,25.98,5.02,9.76,24.933,10430000000.0,18550000000.0,N/A,1.45,3.10,8.754,3.10,2610000000.0,8.754,514000000.0,2.01,N/A,25.00,1130000000.0,4.788,8359999999.999999,1.564,19.482,1490000000.0,1.38,14.50,127.60,15250000.0,2.6,6.50,16680000.0,underperform
4795,2013-05-11 13:35:41,1368293741.0,nrg,26.51,28.93,1632.689941,14.88,14.049999999999999,148.61,11.57,1.03,0.87,6.64,5.66,0.96,6.19,36.30,23750000000.0,23750000000.0,20.75,2.18,2.82,14.73,2.82,2340000000.0,14.73,550000000.0,2.35,N/A,3.20,2089999999.9999998,6.46,16020000000.0,1.70,31.04,1150000000.0,0.70,0.20,96.80,5600000.0,1.80,2.00,5370000.0,outperform
4796,2008-10-05 21:34:39,1223256879.0,nrg,20.98,25.41,1114.280029,-6.62,32.03,1.658,10.93,0.90,1.36,9.58,20.53,3.24,7.11,24.283,5140000000.0,12970000000.0,N/A,0.56,2.25,7.727,2.25,2610000000.0,7.727,319000000.0,1.99,13.40,14.30,1260000000.0,5.352,8199999999.999999,1.298,16.129,1520000000.0,1.66,0.17,120.30,16960000.0,3.4,7.20,17340000.0,outperform
4797,2005-01-28 04:31:37,1106904697.0,nrg,16.51,42.88,1171.359985,7.97,34.910000000000004,1.39,19.41,1.42,1.30,7.36,17.60,2.00,7.00,23.786,3400000000.0,5880000000.0,20.59,1.17,2.47,9.27,2.47,485430000.0,9.27,175280000.0,1.751,N/A,15.10,1100000000.0,11.05,3610000000.0,2.887,25.969,647200000.0,N/A,22.01,63.60,2290000.0,1.562,2.93,N/A,outperform
4798,2012-03-30 11:30:19,1333121419.0,cmg,418.0,-23.3,1408.469971,10.96,-34.260000000000005,0.35,62.22,5.79,12.59,9.47,15.70,17.49,23.17,72.70,12700000000.0,12700000000.0,38.70,2.23,5.60,29.44,5.60,840440000.0,29.44,214950000.0,6.76,23.70,23.70,456250000.0,14.59,3660000.0,3.18,33.41,411100000.0,0.72,1.68,100.70,2410000.0,5.80,10.40,2370000.0,underperform
4799,2011-10-22 05:47:48,1319276868.0,cmg,310.27,-7.84,1209.880005,20.45,-28.29,0.40,55.11,4.73,10.26,9.40,15.53,17.43,22.70,65.64,10070000000.0,10070000000.0,38.46,2.22,4.94,25.90,4.94,692310000.0,25.90,191710000.0,6.05,9.00,22.40,384560000.0,12.27,3720000.0,3.76,30.01,10070000000.0,0.76,12.61,82.50,3220000.0,3.20,N/A,3210000.0,underperform
4800,2012-11-18 08:36:24,1353245784.0,cmg,260.3,106.5,1353.329956,32.38,74.12,0.27,30.55,3.12,6.28,10.43,17.24,18.58,23.76,83.43,7710000000.0,7710000000.0,25.27,1.39,2.93,14.42,2.93,840440000.0,14.42,274120000.0,8.60,19.60,18.40,573890000.0,18.22,3560000.0,4.12,41.43,414160000.0,0.45,11.87,87.50,4160000.0,2.60,15.50,3590000.0,outperform
4801,2007-04-09 13:23:07,1176139387.0,cmg,65.0,76.18,1444.609985,-5.47,81.65,0.009,50.87,2.58,4.46,5.03,8.01,8.92,10.58,25.676,2120000000.0,1970000000.0,N/A,1.63,2.39,18.69,2.39,172250000.0,18.69,41420000.0,1.28,154.40,26.80,153640000.0,4.706,4110000.0000000005,2.922,14.564,103600000.0,0.14,1.76,155.70,4820000.0,7.4,35.00,5020000.0,outperform
4802,2012-01-03 15:47:26,1325623646.0,cmg,341.27,-11.78,1277.060059,14.51,-26.29,0.37,54.32,4.90,10.58,9.46,15.64,17.73,23.17,69.14,10130000000.0,10130000000.0,40.36,2.44,4.70,24.67,4.70,692310000.0,24.67,203920000.0,6.42,25.30,24.10,444630000.0,14.21,3690000.0,3.80,31.92,383860000.0,0.71,12.61,82.50,3170000.0,5.60,N/A,2970000.0,underperform
4803,2007-06-26 07:02:31,1182855751.0,cmg,80.88,14.86,1492.890015,-11.45,26.31,0.008,57.95,2.99,5.34,5.26,8.32,8.53,10.26,26.815,2650000000.0,2350000000.0,N/A,1.83,2.70,20.586,2.70,172250000.0,20.586,45880000.0,1.39,55.70,26.20,158900000.0,4.846,4090000.0,2.66,14.904,111150000.0,0.28,1.76,157.10,4660000.0,15.3,33.50,4820000.0,outperform
4804,2007-01-15 03:10:37,1168848637.0,cmg,,,1430.72998,-3.48,,0.009,51.58,2.42,4.13,4.49,7.51,8.03,9.26,25.471,1900000000.0,1750000000.0,N/A,1.90,2.25,18.738,2.25,116070000.0,18.738,34840000.0,1.13,132.20,28.30,157570000.0,4.829,4130000.0,3.081,13.966,98350000.0,N/A,N/A,51.60,5150000.0,6.9,37.10,4950000.0,underperform
4805,2011-09-03 05:25:49,1315041949.0,cmg,313.37,-7.45,1218.890015,14.82,-22.27,0.40,50.49,4.75,10.30,9.40,15.53,17.43,22.70,65.64,9440000000.0,9440000000.0,35.32,2.21,4.63,24.28,4.63,692310000.0,24.28,191710000.0,6.05,9.00,22.40,384560000.0,12.27,3720000.0,3.76,30.01,9440000000.0,0.87,12.61,82.50,2950000.0,3.10,12.70,3630000.0,underperform
4806,2011-11-16 21:43:02,1321497782.0,cmg,316.67,-17.8,1236.910034,9.41,-27.21,0.37,49.33,4.75,10.26,9.46,15.64,17.73,23.17,69.14,9810000000.0,9810000000.0,36.74,2.36,4.55,23.89,4.55,692310000.0,23.89,203920000.0,6.42,25.30,24.10,444630000.0,14.21,3690000.0,3.80,31.92,9810000000.0,0.71,12.61,82.50,3290000.0,3.40,N/A,3040000.0,underperform
4807,2013-03-15 02:46:12,1363329972.0,cmg,321.35,83.2,1560.699951,19.7,63.5,0.28,36.88,3.66,8.05,10.18,16.88,18.62,24.28,86.67,9530000000.0,9530000000.0,26.23,1.56,3.49,17.49,3.49,740340000.0,17.49,278000000.0,8.75,6.80,17.20,472860000.0,15.24,3530000.0,2.93,40.07,419960000.0,0.50,1.64,102.70,4059999.9999999995,6.70,15.10,4040000.0,outperform
4808,2012-11-14 01:14:26,1352873666.0,cmg,256.54,112.02,1355.48999,32.1,79.91999999999999,0.27,30.48,3.16,6.36,10.43,17.24,18.58,23.76,83.43,7730000000.0,7730000000.0,25.20,1.41,2.94,14.47,2.94,840440000.0,14.47,274120000.0,8.60,19.60,18.40,573890000.0,18.22,3560000.0,4.12,41.43,414160000.0,0.45,11.87,87.50,4160000.0,2.60,15.50,3590000.0,outperform
4809,2007-10-11 08:15:11,1192104911.0,cmg,129.0,-62.52,1554.410034,-42.15,-20.370000000000005,0.008,78.92,4.60,8.43,5.85,9.35,9.32,11.71,28.911,4330000000.0,4179999999.9999995,N/A,2.47,4.43,32.946,4.43,172250000.0,32.946,55060000.0,1.67,85.10,33.90,156220000.0,4.758,4070000.0000000005,2.931,15.633,120570000.0,1.48,10.52,123.30,3600000.0,9.2,25.40,4190000.0000000005,underperform
4810,2006-10-23 12:47:42,1161622062.0,cmg,56.4,125.41,1377.02002,10.35,115.06,3.531,57.07,2.44,4.15,3.85,6.94,7.29,7.80,25.232,1780000000.0,1640000000.0,N/A,2.04,2.25,19.52,2.25,116070000.0,19.52,28130000.0,0.96,58.00,31.10,142040000.0,4.374,3.531,3.531,13.231,95590000.0,N/A,4.97,39.90,3030000.0,7.1,9.40,1610000.0,outperform
4811,2013-05-11 11:21:04,1368285664.0,cmg,366.33,36.58,1632.689941,14.88,21.699999999999996,N/A,40.10,4.03,8.82,10.36,17.00,18.47,23.75,89.69,10850000000.0,10850000000.0,29.02,1.70,3.85,19.17,3.85,740340000.0,19.17,291920000.0,9.23,22.20,13.40,507500000.0,16.42,0.00,3.16,41.64,515840000.00000006,0.48,1.64,102.70,3860000.0,7.80,16.30,3710000.0,outperform
4812,2011-11-02 19:25:47,1320276347.0,cmg,329.62,-20.14,1237.900024,15.32,-35.46,0.37,51.00,4.77,10.28,9.46,15.64,17.73,23.17,69.14,9830000000.0,9830000000.0,38.07,2.43,4.56,23.94,4.56,692310000.0,23.94,203920000.0,6.42,25.30,24.10,444630000.0,14.21,3690000.0,3.80,31.92,9830000000.0,0.71,12.61,82.50,3040000.0,2.80,13.10,3220000.0,underperform
4813,2009-08-01 20:00:21,1249171221.0,cmg,94.29,54.85,975.150024,12.96,41.89,N/A,31.49,2.08,4.59,6.80,11.70,12.59,15.46,44.227,2760000000.0,2760000000.0,N/A,1.26,1.93,12.288,1.93,286930000.0,12.288,97240000.0,2.98,44.70,14.10,208300000.0,6.583,3920000.0,2.956,20.504999,217530000.0,1.24,5.90,130.50,6470000.0,15.8,45.20,6540000.0,outperform
4814,2009-10-23 06:57:15,1256295435.0,vitc,10.43,-39.41,1079.599976,9.13,-48.54,N/A,38.69,1.73,16.19,3.86,7.45,N/A,N/A,7.297,307470000.0,307470000.0,N/A,N/A,1.83,19.478,1.83,N/A,19.478,6490000.0,0.27,898.80,33.30,0.002,0.002,16149999.999999998,0.959,0.654,4590000.0,N/A,N/A,N/A,N/A,N/A,N/A,N/A,underperform
4815,2013-05-16 15:10:58,1368731458.0,vitc,7.97,-23.71,1650.469971,13.78,-37.49,N/A,N/A,0.77,4.08,4.53,4.29,7.89,21.90,10.32,234820000.0,234820000.0,N/A,1.51,0.68,28.41,0.68,76150000.0,28.41,15620000.0,0.48,N/A,16.90,29960000.0,0.89,0.00,1.61,1.93,N/A,0.87,38.77,41.20,2500000.0,47.60,10.50,2450000.0,underperform
4816,2008-11-02 01:41:53,1225604513.0,ibm,80.34,35.75,954.090027,9.31,26.439999999999998,1.211,11.46,1.18,4.35,10.93,15.79,9.21,50.63,75.793,125960000000.0,150340000000.0,N/A,0.96,1.44,6.866,1.44,41730000000.0,6.866,11400000000.0,8.11,22.30,12.80,9850000000.0,7.268,34229999999.999996,1.036,20.862,18090000000.0,0.81,0.05,62.30,14000000.0,1.00,1.00,15000000.0,outperform
4817,2006-08-12 13:28:03,1155403683.0,ibm,64.87,48.9,1265.949951,14.78,34.12,0.649,14.25,1.30,3.44,9.53,14.09,7.45,26.59,56.439,114870000000.0,126660000000.0,N/A,1.23,1.43,7.301,1.43,36530000000.0,7.301,8470000000.000001,5.297,10.60,1.70,9990000000.0,6.564,21780000000.0,1.16,22.045,15340000000.0,1.22,0.22,56.90,9880000.0,1.8,0.60,8600000.0,outperform
4818,2005-09-01 12:47:02,1125593222.0,ibm,67.6,3.64,1221.589966,7.32,-3.68,0.787,15.75,1.34,4.27,8.90,12.39,7.34,29.19,58.646,128650000000.0,143710000000.0,N/A,1.47,1.49,8.435,1.49,36030000000.0,8.435,8610000000.0,5.12,5.40,3.60,8660000000.0,5.426,23720000000.0,1.258,18.878,13160000000.0,N/A,0.12,56.00,11320000.0,1.6,0.70,9680000.0,underperform
4819,2012-03-02 02:14:17,1330672457.0,ibm,187.99,3.53,1369.630005,10.69,-7.16,154.78,15.12,2.13,11.33,14.83,20.01,11.63,73.05,89.32,247600000000.0,247600000000.0,12.01,1.22,2.32,9.45,2.32,46010000000.0,9.45,15860000000.0,13.06,4.40,1.60,11920000000.0,10.28,31320000000.0,1.21,17.36,19800000000.0,0.52,0.07,61.60,12540000.0,2.60,N/A,13450000.0,underperform
4820,2012-09-01 02:26:34,1346480794.0,ibm,186.03,-4.64,1410.48999,16.14,-20.78,157.73,14.16,2.08,10.79,15.34,20.82,12.15,74.37,90.90,242180000000.0,242180000000.0,11.70,1.19,2.28,9.04,2.28,50140000000.0,9.04,16280000000.000002,13.77,5.90,3.30,11230000000.0,9.83,32439999999.999996,1.22,17.91,20500000000.0,0.59,0.09,60.30,14370000.0,3.90,1.20,14530000.0,underperform
4821,2005-08-22 11:45:47,1124725547.0,ibm,70.2,-3.22,1221.72998,6.31,-9.53,0.787,16.17,1.37,4.38,8.90,12.39,7.34,29.19,58.646,132070000000.0,147130000000.0,N/A,1.52,1.53,8.636,1.53,36030000000.0,8.636,8610000000.0,5.12,5.40,3.60,8660000000.0,5.426,23720000000.0,1.258,18.878,13160000000.0,N/A,0.12,56.00,8310000.000000001,0.8,0.50,12700000.0,underperform
4822,2013-05-16 13:28:56,1368725336.0,ibm,197.8,-6.62,1650.469971,13.78,-20.4,173.82,14.02,2.18,11.81,16.05,21.05,11.68,82.86,91.27,245840000000.0,245840000000.0,11.08,1.17,2.38,9.31,2.38,50300000000.0,9.31,16570000000.0,14.50,1.10,5.10,12060000000.0,10.88,33400000000.0,1.16,17.22,19320000000.0,0.65,0.09,59.10,16719999.999999998,3.40,1.50,16629999.999999998,underperform
4823,2006-09-03 03:52:11,1157269931.0,ibm,69.68,,1303.819946,13.05,,0.649,15.37,1.39,3.67,9.53,14.09,7.45,26.59,56.439,123890000000.0,135680000000.0,N/A,1.30,1.53,7.821,1.53,36530000000.0,7.821,8470000000.000001,5.30,10.60,1.70,9990000000.0,6.564,21780000000.0,1.16,22.045,15340000000.0,1.25,0.22,56.80,8100000.0,1.4,0.50,9880000.0,underperform
4824,2003-12-15 02:04:11,1071471851.0,ibm,77.14,6.47,1068.040039,12.67,-6.2,0.843,23.78,1.83,5.82,7.83,10.20,7.24,27.60,49.607,159500000000.0,176350000000.0,18.93,2.16,2.03,13.64,2.03,30280000000.0,13.64,6810000000.0,3.899,53.70,7.10,6170000000.0,3.59,23020000000.0,1.245,15.88,N/A,1.484,1.00,56.44,15740000.0,2.361,0.92,19170000.0,underperform
4825,2008-12-17 18:44:15,1229557455.0,ibm,76.49,51.34,904.419983,21.19,30.150000000000002,1.251,10.25,1.10,4.22,11.24,16.22,9.53,49.34,76.942,116800000000.0,140730000000.0,N/A,0.90,1.33,6.232,1.33,41730000000.0,6.232,11860000000.0,8.48,19.60,4.90,9760000000.0,7.262,34410000000.0,0.987,20.483999,17350000000.0,1.05,0.05,61.50,13440000.0,1.00,1.00,11330000.0,outperform
4826,2005-11-01 03:12:25,1130832745.0,ibm,69.34,13.93,1202.76001,13.72,0.20999999999999908,0.709,15.87,1.36,4.25,9.03,14.14,8.27,28.59,58.234,129330000000.00002,141770000000.0,N/A,1.44,1.50,7.673,1.50,36030000000.0,7.673,8570000000.0,5.16,2.40,7.80,8250000000.0,5.226,21420000000.0,1.306,19.142,13560000000.0,N/A,8.01,56.00,12720000.0,2.1,0.80,10360000.0,outperform
4827,2012-01-25 00:06:45,1327468005.0,ibm,180.59,8.42,1326.060059,12.73,-4.3100000000000005,154.78,14.70,2.06,10.94,14.83,20.01,11.63,73.05,89.32,239770000000.0,239770000000.0,11.66,1.18,2.24,9.15,2.24,46010000000.0,9.15,15860000000.0,13.06,4.40,1.60,11920000000.0,10.28,31320000000.0,1.21,17.36,19800000000.0,0.41,0.07,61.60,14660000.0,2.90,1.20,16880000.0,underperform
4828,2009-04-03 14:34:25,1238783665.0,ibm,91.55,27.86,842.5,38.8,-10.939999999999998,N/A,11.40,1.31,10.03,11.90,17.22,9.70,58.82,76.211,152190000000.0,152190000000.0,N/A,1.13,1.47,6.533,1.47,45660000000.0,6.533,12330000000.0,8.925,12.00,6.40,12910000000.0,9.62,34140000000.0,1.155,10.055,18810000000.0,0.78,0.04,61.30,19300000.0,1.3,1.40,14610000.0,underperform
4829,2012-11-12 15:38:08,1352752688.0,ibm,181.27,-1.39,1380.030029,28.09,-29.48,155.39,13.58,2.05,9.95,15.53,20.83,12.06,73.84,90.69,235640000000.0,235640000000.0,11.36,1.29,2.25,8.89,2.25,50140000000.0,8.89,16260000000.000002,13.91,0.40,5.40,12300000000.0,10.89,33670000000.0,1.22,19.06,20340000000.0,0.64,0.09,59.90,15500000.0,3.40,1.30,15400000.0,underperform
4830,2013-01-30 10:19:19,1359559159.0,ibm,194.94,-11.17,1501.959961,19.46,-30.630000000000003,175.25,14.19,2.19,12.11,15.89,20.59,11.41,84.67,91.47,250510000000.0,250510000000.0,11.05,1.24,2.40,9.56,2.40,50140000000.0,9.56,16600000000.000002,14.37,6.20,0.60,11130000000.0,9.94,33270000000.000004,1.13,16.84,19600000000.0,0.64,0.09,59.90,14810000.0,3.80,1.30,13410000.0,underperform
4831,2004-10-10 03:40:11,1097394011.0,ibm,73.64,-6.23,1130.650024,5.01,-11.24,0.761,18.61,1.58,5.08,8.72,11.40,8.09,29.16,53.466,145260000000.0,158990000000.0,15.71,1.74,1.71,10.39,1.71,33020000000.000004,10.39,8090000000.0,4.66,111.90,9.80,8189999999.999999,4.89,21930000000.0,1.205,17.209999,16000000000.0,1.445,1.00,56.82,12120000.0,2.886,0.73,11860000.0,underperform
4832,2005-04-03 17:00:31,1112562031.0,ibm,77.27,-8.2,1180.589966,9.93,-18.13,0.771,18.26,1.55,5.06,8.77,11.40,8.19,29.27,56.349,147660000000.0,160010000000.0,14.68,1.61,1.66,10.07,1.66,36030000000.0,10.07,8449999999.999999,4.95,11.20,8.00,10570000000.0,6.47,22930000000.0,1.18,18.077,15320000000.0,1.63,0.63,56.02,11030000.0,2.423,0.68,12470000.0,underperform
4833,2007-10-14 02:23:33,1192343013.0,ibm,102.98,-20.68,1554.410034,-35.45,14.770000000000003,2.072,18.06,1.70,9.58,10.42,14.43,8.29,38.93,63.569,160270000000.0,184800000000.0,N/A,1.58,1.95,9.874,1.95,38300000000.0,9.874,9790000000.0,6.52,11.80,8.60,10190000000.0,7.49,34720000000.0,0.88,12.317,15790000000.0,1.59,0.02,65.20,18690000.0,2.5,1.40,26220000.0,outperform
4834,2005-07-06 08:01:44,1120651304.0,ibm,64.27,4.14,1194.939941,6.62,-2.4800000000000004,0.782,14.96,1.24,4.03,8.73,12.09,7.09,29.23,58.477,120660000000.0,135419999999.99998,13.93,1.55,1.40,8.115,1.40,36030000000.0,8.115,8490000000.0,5.00,2.90,3.30,8650000000.0,5.362,23410000000.0,1.222,18.546,13840000000.0,1.64,0.12,56.00,8310000.000000001,0.8,0.50,12700000.0,underperform
4835,2012-02-01 11:15:54,1328112954.0,ibm,181.43,7.21,1324.089966,13.14,-5.930000000000001,154.78,14.75,2.09,11.09,14.83,20.01,11.63,73.05,89.32,242810000000.0,242810000000.0,11.73,1.21,2.27,9.27,2.27,46010000000.0,9.27,15860000000.0,13.06,4.40,1.60,11920000000.0,10.28,31320000000.0,1.21,17.36,19800000000.0,0.41,0.07,61.60,14940000.0,2.90,1.20,14660000.0,underperform
4836,2005-08-26 08:14:56,1125058496.0,ibm,68.31,-0.89,1205.099976,7.29,-8.18,0.787,15.84,1.35,4.30,8.90,12.39,7.34,29.19,58.646,129419999999.99998,144480000000.0,N/A,1.49,1.50,8.48,1.50,36030000000.0,8.48,8610000000.0,5.12,5.40,3.60,8660000000.0,5.426,23720000000.0,1.258,18.878,13160000000.0,N/A,0.12,56.00,8310000.000000001,0.8,0.50,12700000.0,underperform
4837,2012-02-13 09:23:42,1329143022.0,ibm,182.13,5.65,1351.77002,12.4,-6.75,154.78,14.73,2.09,11.08,14.83,20.01,11.63,73.05,89.32,242610000000.0,242610000000.0,11.70,1.19,2.27,9.26,2.27,46010000000.0,9.26,15860000000.0,13.06,4.40,1.60,11920000000.0,10.28,31320000000.0,1.21,17.36,19800000000.0,0.52,0.07,61.60,13450000.0,2.40,1.10,14940000.0,underperform
4838,2012-02-07 02:06:47,1328598407.0,ibm,182.12,6.17,1347.050049,12.25,-6.08,154.78,14.76,2.10,11.15,14.83,20.01,11.63,73.05,89.32,244020000000.0,244020000000.0,11.74,1.22,2.28,9.32,2.28,46010000000.0,9.32,15860000000.0,13.06,4.40,1.60,11920000000.0,10.28,31320000000.0,1.21,17.36,19800000000.0,0.52,0.07,61.60,14940000.0,2.90,1.20,14660000.0,underperform
4839,2005-08-22 04:07:47,1124698067.0,ibm,70.2,-3.22,1221.72998,6.31,-9.53,0.787,16.17,1.35,4.30,8.90,12.39,7.34,29.19,58.646,132070000000.0,147130000000.0,N/A,1.52,1.53,8.636,1.53,36030000000.0,8.636,8610000000.0,5.12,5.40,3.60,8660000000.0,5.426,23720000000.0,1.258,18.878,13160000000.0,N/A,0.12,56.00,8310000.000000001,0.8,0.50,12700000.0,underperform
4840,2012-02-29 13:08:58,1330538938.0,ibm,186.02,3.85,1365.680054,10.91,-7.0600000000000005,154.78,15.16,2.15,11.40,14.83,20.01,11.63,73.05,89.32,249050000000.0,249050000000.0,12.04,1.22,2.33,9.51,2.33,46010000000.0,9.51,15860000000.0,13.06,4.40,1.60,11920000000.0,10.28,31320000000.0,1.21,17.36,19800000000.0,0.52,0.07,61.60,12540000.0,2.60,N/A,13450000.0,underperform
4841,2008-01-23 15:55:10,1201121710.0,ibm,92.89,-13.61,1338.599976,-38.18,24.57,1.239,13.85,1.42,4.94,10.55,14.65,8.09,36.57,69.422,138220000000.0,159820000000.0,N/A,1.14,1.62,8.143,1.62,38300000000.0,8.143,10420000000.0,7.18,11.60,9.90,16149999999.999998,11.616,35270000000.0,1.112,20.482,N/A,1.59,0.05,63.30,17660000.0,2.5,1.30,14670000.0,outperform
4842,2004-12-10 14:12:52,1102705972.0,ibm,81.59,-7.37,1188.0,5.84,-13.21,0.739,20.73,1.71,5.47,8.56,11.22,8.05,28.57,55.008,162320000000.0,174600000000.0,17.63,1.93,1.84,11.39,1.84,33020000000.000004,11.39,8109999999.999999,4.703,111.90,9.80,9670000000.0,5.81,21950000000.0,1.207,17.841999,16030000000.000002,1.584,1.00,56.20,11120000.0,1.781,0.68,10270000.0,underperform
4843,2011-11-02 02:48:36,1320216516.0,ibm,172.54,8.96,1237.900024,15.32,-6.359999999999999,134.78,14.29,2.04,9.76,14.68,20.21,12.38,69.84,87.69,236440000000.0,236440000000.0,12.22,1.21,2.22,8.96,2.22,46010000000.0,8.96,15620000000.0,12.69,7.00,7.80,11330000000.0,9.61,30160000000.0,1.26,18.91,236440000000.0,0.69,0.07,61.00,23140000.0,3.40,1.90,23060000.0,underperform
4844,2006-08-12 10:14:49,1155392089.0,ibm,64.87,48.9,1265.949951,14.78,34.12,0.684,15.48,1.30,3.44,8.71,13.27,6.97,24.68,56.938,114870000000.0,138230000000.0,N/A,1.35,1.52,8.001,1.52,36530000000.0,8.001,7990000000.0,4.875,12.70,11.70,13690000000.0,8.732,22640000000.0,1.299,22.045,14870000000.0,1.19,9.56,56.00,7240000.0,1.5,0.50,6730000.0,outperform
4845,2012-02-03 07:32:43,1328272363.0,ibm,182.39,6.88,1344.900024,11.68,-4.8,154.78,14.67,2.09,11.10,14.83,20.01,11.63,73.05,89.32,241570000000.0,241570000000.0,11.66,1.21,2.26,9.22,2.26,46010000000.0,9.22,15860000000.0,13.06,4.40,1.60,11920000000.0,10.28,31320000000.0,1.21,17.36,19800000000.0,0.52,0.07,61.60,14940000.0,2.90,1.20,14660000.0,underperform
4846,2004-12-09 01:53:46,1102575226.0,ibm,82.3,-9.98,1189.23999,5.9,-15.88,0.739,20.55,1.69,5.39,8.56,11.22,8.05,28.57,55.008,160890000000.0,172260000000.0,17.48,1.95,1.82,11.24,1.82,33020000000.000004,11.24,8109999999.999999,4.703,111.90,9.80,9670000000.0,5.81,21950000000.0,1.207,17.841999,16030000000.000002,1.584,1.00,56.19,11120000.0,1.781,0.68,10270000.0,underperform
4847,2012-02-24 19:21:06,1330129266.0,ibm,186.99,2.53,1365.73999,10.71,-8.180000000000001,154.78,15.12,2.14,11.38,14.83,20.01,11.63,73.05,89.32,248630000000.0,248630000000.0,12.00,1.20,2.33,9.49,2.33,46010000000.0,9.49,15860000000.0,13.06,4.40,1.60,11920000000.0,10.28,31320000000.0,1.21,17.36,19800000000.0,0.52,0.07,61.60,13450000.0,2.40,1.10,14940000.0,underperform
4848,2003-10-09 08:05:12,1065701112.0,ibm,77.29,-5.5,1038.72998,8.03,-13.53,0.897,23.76,1.86,5.97,7.88,10.31,7.34,28.60,48.948,160320000000.0,178340000000.0,18.75,2.10,2.09,13.98,2.09,30280000000.0,13.98,6720000000.0,3.86,53.70,7.10,5820000000.0,3.36,23840000000.0,1.263,15.36,N/A,1.533,1.00,56.81,20300000.0,3.033,1.18,17980000.0,underperform
4849,2005-08-30 12:23:47,1125419027.0,ibm,68.45,2.1,1208.410034,8.02,-5.92,0.787,15.89,1.35,4.31,8.90,12.39,7.34,29.19,58.646,129800000000.00002,144860000000.0,N/A,1.47,1.51,8.503,1.51,36030000000.0,8.503,8610000000.0,5.12,5.40,3.60,8660000000.0,5.426,23720000000.0,1.258,18.878,13160000000.0,N/A,0.12,56.00,8310000.000000001,0.8,0.50,12700000.0,underperform
4850,2011-10-19 19:59:08,1319068748.0,ibm,166.42,11.72,1209.880005,20.45,-8.729999999999999,128.27,14.44,2.04,9.24,14.70,20.02,12.06,69.26,84.97,231640000000.0,231640000000.0,12.05,1.18,2.22,8.98,2.22,46010000000.0,8.98,15370000000.0,12.32,8.20,12.40,11790000000.0,9.87,29770000000.0,1.18,19.36,231640000000.0,0.69,0.07,61.00,23060000.0,3.60,1.90,22970000.0,underperform
4851,2012-03-01 12:17:04,1330622224.0,ibm,186.78,4.5,1374.089966,10.49,-5.99,154.78,15.06,2.13,11.33,14.83,20.01,11.63,73.05,89.32,247600000000.0,247600000000.0,11.96,1.22,2.32,9.45,2.32,46010000000.0,9.45,15860000000.0,13.06,4.40,1.60,11920000000.0,10.28,31320000000.0,1.21,17.36,19800000000.0,0.52,0.07,61.60,12540000.0,2.60,N/A,13450000.0,underperform
4852,2012-02-04 13:40:44,1328380844.0,ibm,181.43,7.21,1324.089966,13.14,-5.930000000000001,154.78,14.83,2.08,11.03,14.83,20.01,11.63,73.05,89.32,244020000000.0,244020000000.0,11.79,1.22,2.28,9.32,2.28,46010000000.0,9.32,15860000000.0,13.06,4.40,1.60,11920000000.0,10.28,31320000000.0,1.21,17.36,19800000000.0,0.52,0.07,61.60,14940000.0,2.90,1.20,14660000.0,underperform
4853,2012-07-01 23:23:25,1341199405.0,ibm,181.74,1.71,1329.040039,21.51,-19.8,154.23,14.59,2.06,10.67,15.01,20.60,12.07,73.73,90.57,245260000000.0,245260000000.0,11.76,1.11,2.29,9.16,2.29,50140000000.0,9.16,16059999999.999998,13.41,7.10,0.30,12390000000.0,10.74,32049999999.999996,1.28,17.95,20340000000.0,0.65,0.09,60.30,15830000.0,3.90,1.40,15320000.0,underperform
4854,2012-01-29 11:51:13,1327855873.0,ibm,179.88,9.12,1318.430054,13.79,-4.67,154.78,14.58,2.07,11.00,14.83,20.01,11.63,73.05,89.32,240330000000.0,240330000000.0,11.57,1.14,2.25,9.18,2.25,46010000000.0,9.18,15860000000.0,13.06,4.40,1.60,11920000000.0,10.28,31320000000.0,1.21,17.36,19800000000.0,0.41,0.07,61.60,14940000.0,2.90,1.20,14660000.0,underperform
4855,2011-04-25 20:41:26,1303778486.0,ibm,155.9,21.3,1335.25,2.75,18.55,123.53,14.55,2.05,8.97,14.85,19.97,11.21,64.59,78.71,222160000000.0,222160000000.0,11.48,1.14,2.23,8.97,2.23,46010000000.0,8.97,14830000000.0,11.52,9.20,6.60,11680000000.0,9.58,28620000000.0,1.19,18.77,222160000000.0,0.72,0.07,61.00,15370000.0,2.70,1.30,14480000.0,outperform
4856,2012-05-01 22:04:54,1335924294.0,ibm,196.68,-2.37,1405.819946,12.58,-14.95,154.23,15.51,2.23,11.54,15.01,20.60,12.07,73.73,90.57,258529999999.99997,258529999999.99997,12.52,1.29,2.42,9.65,2.42,50140000000.0,9.65,16059999999.999998,13.41,7.10,0.30,12390000000.0,10.74,32049999999.999996,1.28,17.95,20340000000.0,0.61,0.07,61.60,11680000.0,3.00,1.00,12670000.0,underperform
4857,2009-01-24 01:24:02,1232778242.0,ibm,81.46,43.89,840.23999,32.88,11.009999999999998,2.52,10.03,1.16,8.96,11.90,16.49,9.29,58.82,76.21,119920000000.0,141710000000.0,N/A,1.01,1.37,6.271,1.37,41730000000.0,6.271,12330000000.0,8.93,12.00,6.40,12910000000.0,9.632,33930000000.0,1.571,10.049,N/A,1.06,0.04,61.50,17380000.0,2.2,1.30,14910000.0,outperform
4858,2005-02-27 08:07:22,1109509642.0,ibm,78.34,-12.1,1200.199951,7.83,-19.93,0.771,18.74,1.57,5.12,8.77,11.40,8.19,29.27,56.349,151510000000.0,163870000000.0,15.09,1.65,1.70,10.31,1.70,33020000000.000004,10.31,8449999999.999999,4.95,111.90,9.80,10570000000.0,6.47,22930000000.0,1.18,18.077,16030000000.000002,1.646,1.00,57.23,12470000.0,2.391,0.77,11230000.0,underperform
4859,2012-10-22 07:39:40,1350905980.0,ibm,185.38,-8.33,1433.819946,22.38,-30.71,155.38,13.90,2.10,10.21,15.53,20.47,11.86,73.84,90.69,239910000000.0,239910000000.0,11.61,1.31,2.29,9.18,2.29,50140000000.0,9.18,16260000000.000002,13.91,0.40,5.40,12250000000.0,10.84,33670000000.0,1.22,18.94,21200000000.0,0.61,0.09,59.90,15350000.0,4.20,1.30,18490000.0,underperform
4860,2004-08-10 07:33:46,1092137626.0,ibm,71.59,-2.63,1079.040039,13.91,-16.54,0.761,17.93,1.51,4.85,8.72,11.40,8.09,29.16,53.466,139960000000.0,153580000000.0,15.16,1.68,1.65,10.04,1.65,33020000000.000004,10.04,8090000000.0,4.66,111.90,9.80,8189999999.999999,4.89,21930000000.0,1.205,17.209999,15850000000.0,1.449,1.00,56.94,13540000.0,2.797,0.82,13780000.0,underperform
4861,2006-08-21 12:41:39,1156178499.0,ibm,68.22,39.43,1297.52002,11.53,27.9,0.649,15.08,1.37,3.62,9.53,14.09,7.45,26.59,56.439,121590000000.0,133380000000.0,N/A,1.30,1.51,7.688,1.51,36530000000.0,7.688,8470000000.000001,5.297,10.60,1.70,9990000000.0,6.564,21780000000.0,1.16,22.045,15340000000.0,1.22,0.22,57.20,9880000.0,1.8,0.60,8600000.0,outperform
4862,2006-08-22 19:33:13,1156289593.0,ibm,67.94,41.24,1298.819946,12.72,28.520000000000003,0.649,14.92,1.36,3.60,9.53,14.09,7.45,26.59,56.439,120240000000.0,132440000000.0,N/A,1.30,1.50,7.634,1.50,36530000000.0,7.634,8470000000.000001,5.30,10.60,1.70,9990000000.0,6.564,21780000000.0,1.16,22.045,15340000000.0,1.22,0.22,57.20,9880000.0,1.8,0.60,8600000.0,outperform
4863,2011-09-02 09:26:44,1314970004.0,ibm,156.65,18.76,1173.969971,20.15,-1.389999999999997,128.27,13.83,1.95,8.80,14.70,20.02,12.06,69.26,84.97,221400000000.0,221400000000.0,11.51,1.09,2.12,8.58,2.12,46010000000.0,8.58,15370000000.0,12.32,8.20,12.40,11790000000.0,9.87,29770000000.0,1.18,19.36,221400000000.0,0.70,0.07,61.00,17150000.0,2.20,1.40,15590000.0,underperform
4864,2012-02-20 08:18:06,1329743886.0,ibm,,,1361.22998,12.47,,154.78,14.81,2.09,11.12,14.83,20.01,11.63,73.05,89.32,243770000000.0,243770000000.0,11.76,1.19,2.28,9.31,2.28,46010000000.0,9.31,15860000000.0,13.06,4.40,1.60,11920000000.0,10.28,31320000000.0,1.21,17.36,19800000000.0,0.52,0.07,61.60,13450000.0,2.40,1.10,14940000.0,underperform
4865,2012-06-20 20:37:31,1340239051.0,ibm,188.75,1.04,1355.689941,17.15,-16.11,154.23,14.83,2.14,11.08,15.01,20.60,12.07,73.73,90.57,249120000000.0,249120000000.0,11.94,1.14,2.33,9.30,2.33,50140000000.0,9.30,16059999999.999998,13.41,7.10,0.30,12390000000.0,10.74,32049999999.999996,1.28,17.95,20340000000.0,0.67,0.09,60.30,15320000.0,4.10,1.30,12910000.0,underperform
4866,2006-09-03 04:07:42,1157270862.0,ibm,69.68,,1303.819946,13.05,,0.649,15.37,1.39,3.67,9.53,14.09,7.45,26.59,56.439,123890000000.0,135680000000.0,N/A,1.30,1.53,7.821,1.53,36530000000.0,7.821,8470000000.000001,5.30,10.60,1.70,9990000000.0,6.564,21780000000.0,1.16,22.045,15340000000.0,1.25,0.22,56.80,8100000.0,1.4,0.50,9880000.0,underperform
4867,2010-01-17 21:55:53,1263783353.0,ibm,120.22,,1148.459961,12.61,,N/A,13.53,1.82,9.45,13.65,19.35,10.52,56.80,72.109,187060000000.0,187060000000.0,N/A,1.42,1.96,7.948,1.96,45660000000.0,7.948,13040000000.0,9.74,13.80,6.90,11510000000.0,8.764,25470000000.0,1.318,14.004,20950000000.0,0.73,0.04,60.90,11990000.0,2.2,0.90,13260000.0,underperform
4868,2012-03-04 19:00:56,1330905656.0,ibm,186.78,5.67,1374.089966,11.0,-5.33,154.77,15.22,2.14,11.41,14.83,20.44,11.88,73.05,89.32,249700000000.0,249700000000.0,12.09,1.22,2.34,9.36,2.34,50140000000.0,9.36,15860000000.0,13.06,4.40,1.60,11970000000.0,10.33,31320000000.0,1.21,17.31,19850000000.0,0.60,0.07,61.60,12540000.0,2.60,N/A,13450000.0,underperform
4869,2008-02-06 14:47:41,1202327261.0,ibm,91.04,-9.56,1326.449951,-36.23,26.669999999999995,1.239,14.62,1.47,5.11,10.55,14.65,8.09,36.57,69.422,145980000000.0,165110000000.0,N/A,1.18,1.67,8.412,1.67,38300000000.0,8.412,10420000000.0,7.182,11.60,9.90,16149999999.999998,11.616,35270000000.0,1.112,20.482,N/A,1.29,0.05,62.20,17660000.0,2.5,1.30,14670000.0,outperform
4870,2004-06-21 02:34:17,1087799657.0,ibm,75.22,-13.88,1130.300049,7.37,-21.25,0.84,20.12,1.67,5.41,8.57,11.42,7.89,29.10,52.211,151780000000.0,166950000000.0,16.34,1.82,1.83,10.99,1.83,33020000000.000004,10.99,7830000000.0,4.477,111.90,9.80,8500000000.0,5.04,23670000000.0,1.204,16.723,15850000000.0,1.467,1.00,56.66,13360000.0,2.335,0.80,12010000.0,underperform
4871,2012-02-26 15:50:17,1330289417.0,ibm,186.85,1.68,1363.459961,9.12,-7.4399999999999995,154.78,15.14,2.14,11.38,14.83,20.01,11.63,73.05,89.32,248800000000.0,248800000000.0,12.02,1.22,2.33,9.50,2.33,46010000000.0,9.50,15860000000.0,13.06,4.40,1.60,11920000000.0,10.28,31320000000.0,1.21,17.36,19800000000.0,0.52,0.07,61.60,13450000.0,2.40,1.10,14940000.0,underperform
4872,2005-07-08 08:33:52,1120826032.0,ibm,67.23,-0.85,1211.859985,4.87,-5.72,0.782,15.47,1.29,4.17,8.73,12.09,7.09,29.23,58.477,124840000000.0,139600000000.0,14.38,1.57,1.44,8.366,1.44,36030000000.0,8.366,8490000000.0,5.00,2.90,3.30,8650000000.0,5.362,23410000000.0,1.222,18.546,13840000000.0,1.64,0.12,56.00,8310000.000000001,0.8,0.50,12700000.0,underperform
4873,2012-01-01 10:05:04,1325430304.0,ibm,175.36,4.63,1263.02002,12.92,-8.29,134.78,14.49,2.06,9.84,14.68,20.21,12.38,69.84,87.69,235560000000.0,235560000000.0,12.39,1.26,2.21,8.93,2.21,46010000000.0,8.93,15620000000.0,12.69,7.00,7.80,11330000000.0,9.61,30160000000.0,1.26,18.91,19540000000.0,0.41,0.07,61.00,16880000.0,3.60,1.40,17760000.0,underperform
4874,2007-02-20 18:32:39,1172014359.0,adp,184.93,-82.25,1459.680054,-6.83,-75.42,0.012,17.67,2.96,4.73,17.23,18.34,3.88,19.52,16.829,27900000000.0,26610000000.0,N/A,1.77,2.81,12.005,2.81,4590000000.0,12.005,1150000000.0,2.87,14.60,14.10,1500000000.0,2.733,73800000.0,1.682,10.778,1410000000.0,0.07,1.21,72.90,2820000.0,1.6,0.50,2610000.0,underperform
4875,2013-02-06 18:15:11,1360192511.0,adp,57.85,25.25,1512.119995,17.28,7.969999999999999,7.29,21.34,2.75,4.71,12.87,18.89,4.39,22.59,22.23,29030000000.0,29030000000.0,18.95,2.22,2.69,12.28,2.69,4430000000.0,12.28,1390000000.0,2.83,0.90,5.90,1150000000.0,2.38,459000000.0,1.07,13.00,1530000000.0,0.83,0.19,76.00,4480000.0,2.30,0.90,3760000.0,outperform
4876,2007-04-28 09:46:50,1177768010.0,adp,36.07,0.28,1495.420044,-7.13,7.41,0.012,15.74,2.59,4.13,17.23,18.34,3.88,19.52,16.829,24860000000.0,23000000000.0,N/A,1.76,2.43,10.377,2.43,4590000000.0,10.377,1150000000.0,2.87,14.60,14.10,1500000000.0,2.733,73800000.0,1.682,10.778,1410000000.0,0.04,1.21,71.90,4590000.0,1.5,0.80,3310000.0,outperform
4877,2012-11-04 17:34:40,1352068480.0,adp,56.08,30.67,1427.589966,23.84,6.830000000000002,0.26,20.26,2.67,4.57,12.89,18.77,4.35,22.59,22.19,26660000000.0,26660000000.0,18.04,2.15,2.47,11.34,2.47,4430000000.0,11.34,1390000000.0,2.83,0.90,4.60,1150000000.0,2.38,16300000.0,1.07,12.99,N/A,0.87,0.19,76.00,4040000.0,2.00,0.80,4360000.0,outperform
4878,2008-12-07 07:53:01,1228654381.0,adp,30.42,24.52,845.2199710000001,30.53,-6.010000000000002,0.288,16.13,2.07,3.82,13.55,19.83,4.46,24.33,17.374,19130000000.0,17620000000.0,N/A,1.18,1.97,8.395,1.97,4099999999.9999995,8.395,1200000000.0,2.33,6.90,9.50,2920000000.0,5.735,1400000000.0,1.07,9.551,1910000000.0,0.62,1.23,77.30,7470000.0,2.2,1.50,5570000.0,underperform
4879,2006-06-27 09:26:37,1151414797.0,adp,160.82,-75.74,1239.199951,21.56,-97.3,0.012,23.41,2.82,4.24,12.20,19.40,3.59,19.07,15.72,25640000000.0,24130000000.0,N/A,1.84,2.66,11.004,2.66,4530000000.0,11.004,1130000000.0,1.90,9.50,10.10,1580000000.0,2.742,74300000.0,1.745,10.482,1890000000.0,0.41,1.48,73.80,3390000.0,1.4,0.60,2450000.0,underperform
4880,2009-06-22 11:11:50,1245683510.0,adp,30.11,20.79,893.0399779999999,22.65,-1.8599999999999994,N/A,15.00,2.00,3.58,13.53,20.20,3.65,23.01,17.703,16550000000.0,16550000000.0,N/A,1.31,1.85,7.831,1.85,4099999999.9999995,7.831,1210000000.0,2.38,2.70,2.20,1400000000.0,2.783,43100000.0,1.071,9.953,1620000000.0,0.61,1.11,79.50,9310000.0,2.4,1.90,10480000.0,underperform
4881,2013-04-26 14:37:22,1367001442.0,adp,63.83,17.44,1582.23999,18.53,-1.0899999999999999,0.46,23.20,3.08,5.06,13.39,15.10,3.01,21.78,21.66,30250000000.0,30250000000.0,20.92,2.48,2.88,15.85,2.88,4430000000.0,15.85,1370000000.0,2.87,4.20,7.90,1420000000.0,2.93,29300000.0,1.08,13.19,1550000000.0,0.83,0.19,77.40,6700000.0,3.40,1.40,7220000.0,underperform
4882,2012-01-04 00:07:51,1325653671.0,adp,50.3,10.93,1277.300049,14.25,-3.3200000000000003,0.61,21.19,2.59,4.38,12.57,18.19,3.93,21.71,20.65,25160000000.0,25160000000.0,17.97,1.95,2.47,11.58,2.47,4150000000.0000005,11.58,1280000000.0,2.57,8.70,13.10,1270000000.0,2.60,36500000.0,1.10,12.33,1800000000.0,0.74,0.17,74.70,5070000.0,2.10,1.00,6240000.0,underperform
4883,2011-08-05 04:11:51,1312531911.0,adp,44.09,18.87,1199.380005,14.67,4.200000000000001,0.57,19.00,2.49,4.09,12.70,18.47,3.73,21.83,20.02,23170000000.0,23170000000.0,15.75,1.66,2.34,10.81,2.34,3900000000.0,10.81,1250000000.0,2.52,16.30,14.50,1430000000.0,2.88,34200000.0,1.07,12.15,23170000000.0,0.64,0.17,74.70,4950000.0,1.90,1.00,5330000.0,outperform
4884,2007-06-30 05:05:33,1183194333.0,adp,39.01,-11.15,1506.339966,-14.82,3.67,0.007,16.53,2.79,4.49,17.14,18.67,3.74,19.89,17.299,26820000000.0,24180000000.0,N/A,1.73,2.52,10.596,2.52,4590000000.0,10.596,1200000000.0,2.93,4.90,13.60,2680000000.0,4.847,43600000.0,2.298,10.79,1450000000.0,0.25,1.20,69.70,6260000.0,1.10,1.10,6160000.0,outperform
4885,2006-05-29 06:22:46,1148898166.0,adp,,,1280.160034,18.59,,0.012,24.20,2.91,4.38,12.20,19.40,3.59,19.07,15.72,26500000000.0,25000000000.0,N/A,1.90,2.75,11.398,2.75,4530000000.0,11.398,1130000000.0,1.90,N/A,N/A,1580000000.0,2.742,74300000.0,1.745,10.482,1890000000.0,0.53,1.48,73.50,3390000.0,1.4,0.60,2450000.0,underperform
4886,2007-10-22 09:12:40,1193058760.0,adp,38.38,-26.0,1506.329956,-36.6,10.600000000000001,0.008,23.26,3.24,4.95,14.60,19.31,3.48,18.30,14.19,25240000000.0,23460000000.0,N/A,1.47,3.01,13.069,3.01,3710000000.0,13.069,1020000000.0,2.04,72.30,13.60,1820000000.0,3.421,43700000.0,1.879,9.608,1300000000.0,0.4,1.25,74.30,3950000.0,1.5,0.80,4770000.0,outperform
4887,2012-04-20 21:07:33,1334970453.0,adp,51.25,22.24,1378.530029,12.58,9.659999999999998,0.58,20.31,2.59,4.32,12.98,18.17,3.61,22.47,21.07,25480000000.0,25480000000.0,18.22,1.99,2.46,11.58,2.46,4150000000.0000005,11.58,1340000000.0,2.71,20.90,7.40,1360000000.0,2.76,36000000.0,1.08,12.64,1810000000.0,0.77,0.17,75.80,4800000.0,2.30,1.00,3930000.0,outperform
4888,2009-03-27 23:09:31,1238209771.0,adp,30.12,29.05,815.9400019999999,43.11,-14.059999999999999,N/A,14.94,2.04,3.80,13.58,19.88,3.68,24.12,17.638,17110000000.0,17110000000.0,N/A,1.29,1.90,8.164,1.90,4099999999.9999995,8.164,1210000000.0,2.38,3.20,2.50,1370000000.0,2.717,51200000.0,1.053,9.599,1870000000.0,0.65,1.23,77.60,17040000.0,2.9,3.40,13730000.0,underperform
4889,2004-05-12 18:03:39,1084399419.0,adp,162.6,-3.84,1097.280029,5.66,-9.5,0.015,29.11,3.65,4.92,12.40,19.84,4.31,17.45,12.644,26980000000.0,26510000000.0,26.42,2.93,3.50,14.61,3.50,4050000000.0,14.61,940350000.0,1.57,7.50,2.00,1230000000.0,2.08,82050000.0,1.553,9.526,1510000000.0,1.073,1.99,72.48,6230000.0,2.9,1.08,6970000.0,underperform
4890,2007-05-28 15:46:58,1180381618.0,adp,,,1515.72998,-8.6,,0.007,16.78,2.80,4.52,17.14,18.67,3.74,19.89,17.299,27240000000.0,24600000000.0,N/A,1.65,2.56,10.781,2.56,4590000000.0,10.781,1200000000.0,2.93,4.90,13.60,2680000000.0,4.847,43600000.0,2.298,10.79,1450000000.0,0.09,1.21,73.10,3550000.0,1.1,0.70,4590000.0,underperform
4891,2011-09-30 03:20:09,1317367209.0,adp,43.27,26.81,1131.420044,26.68,0.129999999999999,0.62,19.10,2.36,3.89,12.70,18.47,3.73,21.83,20.02,21950000000.0,21950000000.0,15.83,1.57,2.22,10.24,2.22,4150000000.0000005,10.24,1250000000.0,2.52,16.30,14.50,1430000000.0,2.91,37000000.0,1.07,12.25,21950000000.0,0.64,0.17,74.70,8610000.0,2.20,N/A,7460000.0,outperform
4892,2013-04-23 04:13:36,1366704816.0,adp,63.61,17.84,1578.780029,18.79,-0.9499999999999993,0.46,22.85,3.01,4.94,13.39,15.10,3.01,21.78,21.66,30250000000.0,30250000000.0,20.60,2.45,2.88,15.85,2.88,4430000000.0,15.85,1370000000.0,2.87,4.20,7.90,1420000000.0,2.93,29300000.0,1.08,13.19,1550000000.0,0.83,0.19,77.40,6700000.0,3.40,1.40,7220000.0,underperform
4893,2012-07-26 00:02:28,1343275348.0,adp,53.04,31.84,1360.02002,24.38,7.460000000000001,0.27,19.95,2.56,4.19,13.02,19.32,3.14,21.69,21.53,25350000000.0,25350000000.0,18.53,2.10,2.41,10.77,2.41,4150000000.0000005,10.77,1370000000.0,2.78,6.70,6.80,1690000000.0,3.46,17300000.0,1.07,13.20,1900000000.0,0.84,0.16,75.90,5550000.0,2.50,1.10,5650000.0,outperform
4894,2008-01-23 19:35:35,1201134935.0,adp,32.22,-4.22,1338.599976,-38.18,33.96,0.078,18.05,2.56,4.11,14.66,19.64,3.80,19.22,14.789,20290000000.0,19370000000.0,N/A,1.26,2.41,10.331,2.41,3710000000.0,10.331,1040000000.0,2.136,15.50,13.50,1580000000.0,2.993,389400000.0,1.572,9.5,1410000000.0,0.64,1.17,73.40,3630000.0,2.1,0.70,3770000.0,outperform
4895,2004-10-27 23:09:45,1098932985.0,peg,15.02,49.67,1125.400024,4.75,44.92,2.446,12.94,0.93,1.85,7.04,16.79,2.80,14.75,46.284,10020000000.0,23370000000.0,12.57,3.77,2.15,9.39,2.15,2630000000.0,9.39,766000000.0,3.262,373.50,32.50,253000000.0,1.07,13480000000.0,1.053,22.892,1650000000.0,0.251,1.99,54.86,5020000.0,5.557,2.16,4840000.0,outperform
4896,2005-05-07 15:47:16,1115495236.0,peg,20.94,12.23,1175.650024,11.62,0.6100000000000012,2.397,18.96,1.24,2.38,6.56,16.56,2.56,12.98,46.163,13670000000.0,27420000000.0,15.76,4.45,2.49,10.79,2.49,4940000000.0,10.79,721000000.0,3.03,37.40,1.10,279000000.0,1.17,13950000000.0,1.044,24.103001,1610000000.0,0.321,0.44,56.95,7410000.0,9.538,3.12,6870000.0,outperform
4897,2007-04-10 07:27:29,1176204449.0,peg,32.54,-1.87,1448.390015,-6.48,4.61,1.719,29.63,1.77,3.19,6.08,17.54,4.86,11.78,48.332,21940000000.0,33400000000.0,N/A,2.77,2.75,10.382,2.75,5400000000.0,10.382,752000000.0,2.93,N/A,17.90,141000000.0,0.558,11600000000.0,1.075,26.705,1930000000.0,0.15,0.28,57.90,3800000.0,2.8,1.50,2670000.0,outperform
4898,2005-03-05 23:38:24,1110083904.0,peg,19.51,28.91,1210.079956,6.53,22.38,2.397,18.54,1.18,2.26,6.56,16.56,2.56,12.98,46.146,13370000000.0,27040000000.0,15.41,4.15,2.46,10.65,2.46,2630000000.0,10.65,721000000.0,3.03,373.50,32.50,279000000.0,1.17,13950000000.0,1.044,24.103001,1830000000.0,0.323,0.06,57.36,4330000.0,4.736,1.82,5050000.0,outperform
4899,2010-09-08 04:56:28,1283936188.0,peg,27.01,8.07,1098.869995,7.92,0.15000000000000036,100.12,10.61,1.37,1.81,12.87,24.40,6.40,17.72,23.84,25800000000.0,25800000000.0,10.94,5.24,2.14,6.50,2.14,4090000000.0,6.50,1550000000.0,3.06,28.00,4.10,74000000.0,0.15,9140000000.0,1.07,18.04,25800000000.0,0.57,0.09,62.50,4670000.0,1.50,0.90,8029999.999999999,outperform
4900,2008-01-21 01:27:54,1200896874.0,peg,,,1325.189941,-39.24,,1.533,22.54,1.89,3.31,8.33,21.83,6.05,18.33,50.403,24020000000.0,34800000000.0,N/A,0.90,2.73,9.419,2.73,5400000000.0,9.419,1310000000.0,4.19,35.30,5.40,421000000.0,1.655,11210000000.0,1.154,28.747999,2040000000.0,0.02,0.19,59.70,2400000.0,2.1,0.90,2470000.0,underperform
4901,2013-05-11 01:49:21,1368251361.0,peg,33.15,15.87,1632.689941,14.88,0.9899999999999984,75.63,16.04,1.82,1.61,11.37,22.13,4.35,10.22,19.16,26290000000.0,26290000000.0,14.63,5.58,2.71,7.70,2.71,3430000000.0,7.70,1100000000.0,2.17,35.10,3.10,435000000.0,0.86,8279999999.999999,1.07,21.64,2580000000.0,0.22,0.12,63.30,8540000.0,3.80,1.70,8390000.0,outperform
4902,2013-04-22 02:16:31,1366611391.0,peg,33.61,14.46,1562.5,20.29,-5.829999999999998,76.08,14.30,1.83,1.66,13.04,23.70,4.71,12.11,19.33,26050000000.0,26050000000.0,15.15,21.96,2.66,7.35,2.66,3430000000.0,7.35,1280000000.0,2.51,37.80,8.70,394000000.0,0.78,8199999999.999999,1.02,21.31,2790000000.0,0.22,0.12,63.30,8390000.0,3.30,1.70,9180000.0,underperform
4903,2008-11-02 23:40:53,1225687253.0,peg,21.66,10.02,968.75,7.65,2.369999999999999,1.526,13.95,1.17,2.31,7.91,20.67,5.92,14.68,25.567,14310000000.0,24340000000.0,N/A,0.95,1.87,6.8,1.87,6330000000.0,6.8,985000000.0,2.02,N/A,5.40,86000000.0,0.169,10040000000.0,1.014,12.929,1760000000.0,0.8,0.22,61.70,6020000.0,1.3,1.20,6670000.0,outperform
4904,2012-08-21 19:40:37,1345592437.0,peg,29.43,3.64,1413.170044,16.25,-12.61,78.19,12.11,1.60,1.54,13.28,24.26,5.26,12.81,20.22,23970000000.0,23970000000.0,13.51,6.74,2.34,6.56,2.34,3850000000.0,6.56,1330000000.0,2.68,34.70,15.00,783000000.0,1.55,8320000000.0,1.40,21.04,3540000000.0,0.26,0.12,61.90,7840000.0,3.90,1.60,8470000.0,underperform
4905,2009-01-21 10:07:47,1232550467.0,peg,23.92,8.03,840.23999,32.88,-24.85,1.202,13.13,1.15,2.00,8.83,20.10,5.89,12.80,26.266,15380000000.0,24760000000.0,N/A,1.72,1.85,6.923,1.85,6330000000.0,6.923,959000000.0,2.314,29.60,11.10,229000000.0,0.452,9230000000.0,1.121,15.173,1970000000.0,0.65,0.22,61.90,2640000.0,0.8,0.50,N/A,underperform
4906,2012-11-05 08:24:19,1352121859.0,peg,28.19,14.54,1417.26001,24.39,-9.850000000000001,76.89,11.18,1.57,1.46,14.09,25.16,5.19,13.46,19.79,23330000000.0,23330000000.0,13.00,6.48,2.33,6.27,2.33,3850000000.0,6.27,1410000000.0,2.78,18.00,8.30,780000000.0,1.54,8310000000.000001,1.31,21.36,3460000000.0,0.25,0.13,63.50,9800000.0,5.10,1.90,8640000.0,underperform
4907,2013-06-04 17:17:16,1370380636.0,mkc,66.97,7.42,1631.380005,18.17,-10.750000000000002,71.30,22.79,2.27,5.37,10.13,14.34,8.87,23.95,30.49,10260000000.0,10260000000.0,19.82,2.61,2.54,15.02,2.54,1620000000.0,15.02,409300000.0,3.06,2.00,3.10,84000000.0,0.64,1230000000.0,1.09,12.94,464100000.0,0.43,0.06,81.10,4750000.0,8.70,N/A,4790000.0,underperform
4908,2006-08-29 23:00:44,1156906844.0,mkc,29.75,0.71,1304.280029,12.23,-11.52,0.675,23.26,1.81,5.19,8.13,13.43,10.64,24.72,19.606,4780000000.0,5250000000.0,N/A,2.29,2.01,11.277,2.01,1040000000.0,11.277,212100000.0,1.56,44.00,1.80,74070000.0,0.562,614210000.0,1.184,6.885,353680000.0,0.74,0.66,64.40,1950000.0,3.2,1.70,1830000.0,underperform
4909,2005-03-16 21:12:06,1111025526.0,mkc,29.61,-6.11,1188.069946,9.87,-15.98,0.717,24.63,2.02,5.73,8.11,13.17,9.33,26.22,17.835,5070000000.0,5670000000.0,19.56,2.28,2.25,14.02,2.25,1010000000.0,14.02,214510000.0,1.52,1.80,11.30,70300000.0,0.52,638200000.0,1.118,6.566,349500000.0,0.071,2.13,64.80,1720000.0,3.016,1.29,1610000.0,underperform
4910,2005-01-25 09:39:29,1106663969.0,mkc,30.48,-17.49,1168.410034,8.24,-25.729999999999997,0.824,25.76,2.14,6.59,8.20,13.16,9.57,27.34,17.457,5310000000.0,5950000000.0,22.32,2.68,2.40,14.94,2.40,898600000.0,14.94,214350000.0,1.508,17.20,2.20,25910000.0,0.19,664040000.0,1.252,5.893,284960000.0,0.106,2.57,64.56,1610000.0,4.738,1.21,1680000.0,underperform
4911,2003-10-26 16:17:30,1067203050.0,mkc,23.23,17.82,1033.77002,5.9,11.92,0.909,22.25,1.82,5.76,7.69,12.61,8.86,29.04,15.959,4099999999.9999995,4740000000.0,19.26,1.94,2.09,13.08,2.09,856600000.0,13.08,189170000.0,1.328,22.60,2.20,12180000.0,0.09,654230000.0,1.099,5.18,N/A,0.038,5.85,66.66,2290000.0,6.131,1.75,2540000.0,outperform
4912,2005-04-15 09:40:11,1113572411.0,mkc,27.38,0.37,1142.619995,12.73,-12.360000000000001,0.733,22.92,1.82,5.16,7.85,12.87,9.05,25.06,18.099,4660000000.0,5300000000.0,18.15,2.15,2.07,13.17,2.07,1010000000.0,13.17,212440000.0,1.51,1.80,11.30,24390000.0,0.18,662910000.0,0.912,6.69,349500000.0,0.041,2.15,65.69,1740000.0,5.411,1.31,1720000.0,underperform
4913,2009-02-02 20:10:20,1233623420.0,mkc,27.87,18.69,825.4400019999999,33.66,-14.969999999999995,1.112,16.19,1.33,3.43,8.34,12.84,8.23,23.90,24.361,4179999999.9999995,5490000000.0,N/A,1.40,1.75,11.252,1.75,1190000000.0,11.252,261000000.0,1.986,20.80,9.10,30300000.0,0.233,1350000000.0,0.927,9.348,316800000.0,0.65,0.16,79.40,2710000.0,5.3,2.30,3290000.0,underperform
4914,2004-09-14 17:48:08,1095198488.0,mkc,27.29,-10.88,1128.329956,8.76,-19.64,0.797,23.68,1.95,5.90,8.06,13.00,9.30,27.15,17.021,4750000000.0,5350000000.0,20.01,2.26,2.21,13.93,2.21,898600000.0,13.93,208240000.0,1.462,17.20,2.20,16120000.000000002,0.12,638690000.0,1.218,5.845,246340000.0,0.011,5.82,65.69,2980000.0,5.284,2.31,2220000.0,underperform
4915,2004-11-29 06:21:08,1101727268.0,mkc,29.13,-13.25,1178.569946,6.7,-19.95,0.824,24.71,2.06,6.34,8.20,13.16,9.57,27.34,17.457,5100000000.0,5730000000.0,21.42,2.52,2.31,14.4,2.31,898600000.0,14.4,214350000.0,1.508,17.20,2.20,25910000.0,0.19,664040000.0,1.252,5.893,284960000.0,0.05,5.79,64.28,1900000.0,5.174,1.47,2130000.0,underperform
4916,2011-08-15 05:12:11,1313399531.0,mkc,43.24,31.31,1204.48999,16.56,14.75,60.33,15.96,1.75,3.69,11.23,15.44,9.79,26.38,25.89,6980000000.0,6980000000.0,14.68,1.82,2.03,11.10,2.03,1420000000.0,11.10,386400000.0,2.87,11.20,10.70,65599999.99999999,0.50,990600000.0,1.27,12.35,6980000000.0,0.42,0.58,79.60,4099999.9999999995,6.90,N/A,4080000.0,outperform
4917,2010-09-01 10:02:44,1283349764.0,mkc,36.58,20.39,1080.290039,11.49,8.9,78.50,16.35,1.62,4.15,9.93,15.30,9.76,25.65,24.85,6280000000.0,6280000000.0,14.50,2.09,1.91,10.55,1.91,1330000000.0,10.55,325600000.0,2.44,30.60,5.40,39200000.0,0.29,1000000000.0,1.28,9.60,6280000000.0,0.39,0.40,82.10,5620000.0,8.20,N/A,5270000.0,outperform
4918,2005-09-08 11:32:11,1126193531.0,mkc,23.47,27.99,1231.670044,5.46,22.529999999999998,0.859,19.30,1.51,4.86,8.20,12.78,9.57,26.43,19.066,3920000000.0,5200000000.0,N/A,2.03,2.01,12.873,2.01,1010000000.0,12.873,212370000.0,1.52,0.10,5.40,20100000.0,0.15,692660000.0,0.837,6.02,336550000.0,0.068,0.71,64.10,1980000.0,3.9,1.70,1370000.0,outperform
4919,2007-12-20 02:40:35,1198136435.0,cmi,52.72,-54.8,1460.119995,-39.19,-15.61,0.208,15.67,0.95,3.72,5.81,7.58,7.62,24.89,125.867,11630000000.0,11810000000.0,N/A,0.74,0.94,9.517,0.94,2600000000.0,9.517,730000000.0,7.27,7.60,20.00,744000000.0,7.285,664000000.0,1.83,31.292999,750000000.0,0.88,0.68,89.20,2580000.0,1.5,2.60,2200000.0,underperform
4920,2012-07-26 02:41:29,1343284889.0,cmi,84.49,32.5,1360.02002,24.38,8.120000000000001,10.74,8.54,0.89,2.75,10.50,11.92,12.17,35.58,97.34,15660000000.0,15660000000.0,8.45,0.74,0.84,6.13,0.84,4590000000.0,6.13,1960000000.0,10.19,32.70,15.90,1570000000.0,8.24,683000000.0,2.02,31.55,2009999999.9999998,1.83,0.31,N/A,3720000.0,1.30,2.10,3900000.0,outperform
4921,2012-06-25 18:55:31,1340664931.0,cmi,85.18,21.86,1313.719971,20.88,0.9800000000000004,10.74,8.84,0.92,2.87,10.50,11.92,12.17,35.58,97.34,16329999999.999998,16329999999.999998,7.64,0.81,0.88,6.40,0.88,4590000000.0,6.40,1960000000.0,10.19,32.70,15.90,1570000000.0,8.24,683000000.0,2.02,31.55,2009999999.9999998,1.85,0.31,N/A,5280000.0,2.00,3.00,4630000.0,outperform
4922,2007-04-30 20:07:04,1177978024.0,cmi,40.65,25.46,1482.369995,-6.17,31.630000000000003,0.289,12.98,0.88,3.58,6.29,8.66,9.79,30.65,119.283,9610000000.0,9890000000.0,N/A,1.62,0.87,6.967,0.87,2600000000.0,6.967,715000000.0,7.10,13.20,10.20,935000000.0,8.973,811000000.0,1.871,26.891001,840000000.0,0.78,2.57,53.30,8980000.0,5.5,8.70,9050000.0,outperform
4923,2007-05-01 22:43:16,1178073796.0,cmi,40.54,37.1,1486.300049,-6.78,43.88,0.289,12.81,0.85,3.43,6.29,8.66,9.79,30.65,119.283,9480000000.0,9480000000.0,N/A,1.62,0.83,6.675,0.83,2600000000.0,6.675,715000000.0,7.103,13.20,10.20,935000000.0,8.973,811000000.0,1.871,26.891001,840000000.0,0.78,2.57,53.30,8980000.0,5.5,8.70,9050000.0,outperform
4924,2007-06-03 03:04:57,1180854297.0,cmi,41.61,51.14,1530.619995,-9.47,60.61,0.237,13.11,0.85,3.35,6.29,8.30,9.51,29.42,117.264,9810000000.0,9930000000.0,N/A,0.97,0.86,7.149,0.86,2600000000.0,7.149,723000000.0,7.18,5.90,5.20,590000000.0,5.658,695000000.0,1.953,28.159,709000000.0,1.32,2.57,104.10,8980000.0,5.5,8.80,9050000.0,outperform
4925,2007-04-28 14:47:13,1177786033.0,cmi,37.21,30.05,1495.420044,-7.13,37.18,0.289,13.54,0.79,3.20,6.29,8.66,9.79,30.65,119.283,10020000000.0,9890000000.0,N/A,1.42,0.87,6.967,0.87,2600000000.0,6.967,715000000.0,7.10,13.20,10.20,935000000.0,8.973,811000000.0,1.871,26.891001,840000000.0,0.78,2.57,53.30,8980000.0,5.5,8.70,9050000.0,outperform
4926,2009-01-14 23:19:19,1231993159.0,cmi,22.04,120.24,842.6199949999999,36.3,83.94,0.171,5.30,0.37,1.37,6.25,8.26,8.84,25.68,74.651,4940000000.0,5330000000.0,N/A,0.55,0.37,3.529,0.37,2560000000.0,3.529,910000000.0,4.63,24.50,9.50,655000000.0,3.253,667000000.0,1.829,19.327,1010000000.0,2.24,0.81,91.50,3300000.0,0.8,1.70,3710000.0,outperform
4927,2013-05-09 09:40:00,1368106800.0,cmi,109.9,33.7,1626.670044,15.48,18.220000000000002,11.40,14.78,1.29,3.25,8.77,10.30,8.68,23.50,88.91,19950000000.0,19950000000.0,11.71,1.36,1.19,9.52,1.19,4510000000.0,9.52,1470000000.0,7.78,38.00,12.30,1680000000.0,8.92,803000000.0,2.22,35.34,1940000000.0,1.70,0.31,85.70,3530000.0,2.00,2.00,3440000.0,outperform
4928,2012-01-04 07:30:52,1325680252.0,cmi,86.9,25.83,1277.300049,14.25,11.579999999999998,12.86,10.66,0.97,3.23,9.63,11.76,11.97,35.17,88.86,16670000000.000002,16670000000.000002,9.30,0.56,0.97,7.08,0.97,3170000000.0,7.08,1660000000.0,8.54,59.70,36.00,1440000000.0,7.53,713000000.0,1.88,27.28,1760000000.0,1.76,0.47,90.00,4270000.0,1.70,2.50,4330000.0,outperform
4929,2011-09-10 01:40:44,1315633244.0,cmi,84.85,10.55,1198.619995,19.48,-8.93,13.79,11.57,1.08,3.36,9.31,11.29,11.03,33.11,82.18,16640000000.0,16640000000.0,8.40,0.84,1.04,7.82,1.04,3170000000.0,7.82,1490000000.0,7.62,105.30,44.70,1470000000.0,7.65,761000000.0,1.92,26.75,16640000000.0,1.99,0.47,90.00,3690000.0,0.90,2.10,2630000.0,underperform
4930,2007-04-29 15:01:29,1177873289.0,cmi,37.93,35.7,1494.25,-6.55,42.25,0.289,13.54,0.79,3.20,6.29,8.66,9.79,30.65,119.283,10020000000.0,9890000000.0,N/A,1.62,0.87,6.967,0.87,2600000000.0,6.967,715000000.0,7.10,13.20,10.20,935000000.0,8.973,811000000.0,1.871,26.891001,840000000.0,0.78,2.57,53.30,8980000.0,5.5,8.70,9050000.0,outperform
4931,2007-04-27 00:35:39,1177648539.0,cmi,42.41,13.65,1494.069946,-7.64,21.29,0.289,6.06,0.77,3.14,6.29,8.72,9.85,30.65,238.697,8960000000.0,7170000000.0,N/A,1.03,0.63,5.027,0.63,2190000000.0,5.027,715000000.0,14.20,13.20,10.20,935000000.0,17.946,811000000.0,1.871,26.891001,840000000.0,0.44,0.98,116.50,5330000.0,8.5,10.30,5310000.0,outperform
4932,2006-11-01 00:46:23,1162359983.0,cmi,27.43,95.73,1367.810059,10.28,85.45,0.401,9.56,0.65,2.78,6.21,8.67,9.50,32.48,240.268,6670000000.0,7020000000.0,N/A,0.53,0.65,5.172,0.65,2190000000.0,5.172,667000000.0,13.29,56.00,14.10,944000000.0,17.961,1000000000.0,1.693,47.585999,960000000.0,0.48,0.98,113.60,7600000.0,6.3,14.60,6290000.0,outperform
4933,2011-11-20 05:19:32,1321784372.0,cmi,89.24,5.42,1216.130005,14.04,-8.62,12.86,11.01,1.05,3.47,9.63,11.76,11.97,35.17,88.86,17230000000.0,17230000000.0,9.60,0.61,1.00,7.32,1.00,3170000000.0,7.32,1660000000.0,8.54,59.70,36.00,1440000000.0,7.53,713000000.0,1.88,27.28,17230000000.0,1.69,0.47,90.00,3910000.0,1.00,2.30,5440000.0,underperform
4934,2011-07-10 06:14:01,1310292841.0,cmi,101.54,-10.86,1353.219971,-0.06,-10.799999999999999,14.75,16.99,1.45,4.34,8.45,10.44,9.78,28.86,74.54,20430000000.0,20430000000.0,11.02,1.14,1.40,11.08,1.40,3170000000.0,11.08,1230000000.0,6.29,130.20,55.80,1090000000.0,5.59,767000000.0,1.88,25.05,20430000000.0,1.98,0.47,90.00,2930000.0,0.90,1.70,2660000.0,underperform
4935,2006-10-23 12:47:54,1161622074.0,cmi,29.52,101.96,1377.02002,10.35,91.61,0.401,9.96,0.65,2.78,6.21,8.67,9.50,32.48,240.268,6960000000.0,7300000000.0,N/A,0.53,0.68,5.382,0.68,2190000000.0,5.382,667000000.0,13.29,56.00,14.10,944000000.0,17.961,1000000000.0,1.693,47.585999,960000000.0,0.48,0.98,113.10,6290000.0,6.3,12.10,7060000.0,outperform
4936,2006-08-28 16:02:02,1156795322.0,cmi,25.37,90.46,1301.780029,10.03,80.42999999999999,0.401,8.64,0.56,2.40,6.21,8.67,9.50,32.48,240.268,6040000000.0,6070000000.0,N/A,0.42,0.56,4.472,0.56,2190000000.0,4.472,667000000.0,13.29,56.00,14.10,944000000.0,17.961,1000000000.0,1.693,47.585999,960000000.0,0.7,0.98,113.30,7060000.0,5.9,13.60,4930000.0,outperform
4937,2007-05-03 01:29:57,1178170197.0,cmi,40.12,48.45,1502.390015,-5.89,54.34,0.237,12.73,0.83,3.26,6.29,8.30,9.51,29.42,117.264,9530000000.0,9690000000.0,N/A,1.45,0.84,6.977,0.84,2600000000.0,6.977,723000000.0,7.18,5.90,5.20,590000000.0,5.657,695000000.0,1.953,28.159,709000000.0,1.32,2.57,53.30,8980000.0,5.5,8.70,9050000.0,outperform
4938,2012-03-08 01:31:33,1331188293.0,cmi,113.33,1.54,1365.910034,13.56,-12.02,11.77,12.33,1.22,4.00,10.24,11.75,12.01,35.95,93.53,20870000000.0,20870000000.0,10.00,0.67,1.16,8.54,1.16,4590000000.0,8.54,1850000000.0,9.55,51.40,18.90,1760000000.0,9.26,686000000.0,1.94,28.88,2069999999.9999998,1.90,0.51,N/A,5470000.0,1.90,3.20,4960000.0,underperform
4939,2007-04-06 16:13:56,1175890436.0,cmi,32.33,38.26,1437.77002,-4.89,43.15,0.289,10.40,0.67,2.70,6.29,8.66,9.79,30.65,238.566,7700000000.0,7570000000.0,N/A,1.23,0.67,5.332,0.67,2600000000.0,5.332,715000000.0,14.21,13.20,10.20,935000000.0,17.946,811000000.0,1.871,53.780998,840000000.0,0.78,5.14,106.80,4520000.0,4.5,8.80,5540000.0,outperform
4940,2013-04-23 03:37:30,1366702650.0,cmi,103.4,39.65,1578.780029,18.79,20.86,11.11,12.42,1.16,3.05,9.49,11.18,10.00,27.15,91.58,19320000000.0,19320000000.0,10.44,1.25,1.11,8.42,1.11,4510000000.0,8.42,1640000000.0,8.67,32.70,12.80,1620000000.0,8.58,775000000.0,2.29,35.07,1530000000.0,1.73,0.31,85.70,3440000.0,2.20,2.00,3760000.0,outperform
4941,2011-07-11 13:19:55,1310404795.0,cmi,96.71,-14.78,1319.48999,1.67,-16.45,14.75,16.99,1.42,4.26,8.45,10.44,9.78,28.86,74.54,20430000000.0,20430000000.0,11.02,1.14,1.40,11.08,1.40,3170000000.0,11.08,1230000000.0,6.29,130.20,55.80,1090000000.0,5.59,767000000.0,1.88,25.05,20430000000.0,1.98,0.47,90.00,2930000.0,0.90,1.70,2660000.0,underperform
4942,2009-11-02 00:21:36,1257139296.0,cab,12.46,77.13,1042.880005,14.45,62.67999999999999,N/A,10.25,0.35,0.94,3.19,6.20,4.17,9.00,38.673,846720000.0,846720000.0,N/A,0.89,0.33,3.692,0.33,1010000000.0,3.692,82460000.0,1.23,93.00,2.00,418080000.0,6.221,419980000.0,1.969,14.378,N/A,1.01,41.41,58.90,15560000.0,22.9,30.20,16219999.999999998,outperform
4943,2007-03-29 12:23:14,1175185394.0,cab,24.73,-42.94,1422.530029,-7.54,-35.4,0.497,21.74,0.78,2.18,3.83,6.36,5.37,11.76,30.089,1600000000.0,1850000000.0,N/A,1.26,0.95,10.868,0.95,735340000.0,10.868,74940000.0,1.13,7.90,14.10,73320000.0,1.122,337510000.0,1.614,11.227,105580000.0,1.5,34.18,36.20,3930000.0,16.7,7.90,4620000.0,underperform
4944,2012-06-16 19:21:56,1339888916.0,cab,33.5,101.55,1314.880005,24.45,77.1,156.44,16.27,0.84,1.93,5.40,9.11,3.48,13.41,41.06,4240000000.0,4240000000.0,11.77,0.90,1.49,12.76,1.49,1200000000.0,12.76,153660000.0,2.15,62.10,6.30,157220000.0,2.24,1930000000.0,4.08,17.56,352170000.0,1.51,35.06,64.70,3240000.0,4.30,7.00,3090000.0,outperform
4945,2005-03-12 22:57:10,1110686230.0,cab,20.95,-4.87,1207.01001,5.4,-10.27,0.198,21.03,0.88,2.39,4.18,6.25,6.09,13.09,24.738,1360000000.0,1220000000.0,16.53,1.27,0.79,12.59,0.79,564900000.0,12.59,65000000.0,1.00,9.50,13.70,248180000.0,3.83,111930000.0,1.606,8.814,N/A,N/A,68.97,24.49,2340000.0,5.934,11.63,2200000.0,underperform
4946,2005-09-18 04:45:33,1127033133.0,cab,19.16,5.74,1227.72998,7.61,-1.87,0.451,18.44,0.84,2.13,4.15,6.15,5.49,12.60,25.568,1390000000.0,1580000000.0,N/A,1.07,0.95,11.768,0.95,630310000.0,11.768,68750000.0,1.03,202.80,23.20,71070000.0,0.974,262149999.99999997,1.222,8.996,79610000.0,N/A,51.42,22.10,5520000.0,17.4,11.30,4380000.0,underperform
4947,2009-02-11 02:24:11,1234337051.0,cab,6.23,172.87,833.73999,29.35,143.52,N/A,4.87,0.17,0.50,3.25,5.91,4.25,10.17,38.744,402720000.0,835020000.0,N/A,0.42,0.33,3.83,0.33,971210000.0,3.83,83200000.0,1.24,26.50,12.10,207280000.0,3.109,612250000.0,1.828,12.99,156680000.0,1.44,46.82,52.00,9980000.0,14.1,19.20,10600000.0,outperform
4948,2010-10-29 01:30:44,1288330244.0,cab,18.54,40.4,1183.26001,4.96,35.44,272.79,20.57,0.48,1.36,2.34,6.21,2.89,6.60,39.00,3300000000.0,3300000000.0,11.02,1.00,1.25,14.13,1.25,1030000000.0,14.13,61480000.0,0.90,97.60,4.00,499350000.0,7.36,2530000000.0,2.61,13.68,3300000000.0,1.14,39.83,70.50,9970000.0,28.10,24.80,10560000.0,outperform
4949,2005-04-11 12:15:25,1113236125.0,cab,20.06,-2.14,1181.209961,8.92,-11.06,0.501,20.09,0.84,2.29,4.18,6.25,6.09,13.09,24.738,1300000000.0,1340000000.0,15.79,1.21,0.86,10.51,0.86,630310000.0,10.51,65000000.0,1.00,26.50,11.70,248180000.0,3.83,283460000.0,1.606,8.771,47020000.0,N/A,44.01,24.40,2640000.0,6.849,7.26,2340000.0,underperform
4950,2013-05-16 15:00:39,1368730839.0,cab,71.38,-10.34,1650.469971,13.78,-24.119999999999997,173.81,26.19,1.50,3.47,5.91,9.98,3.86,14.60,47.00,7180000000.0,7180000000.0,18.49,1.15,2.18,17.48,2.18,1340000000.0,17.48,194530000.0,2.72,72.90,28.70,82040000.0,1.17,2480000000.0,4.04,20.27,363560000.0,1.88,32.73,63.80,4010000.0,5.60,8.50,3730000.0,underperform
4951,2011-08-17 15:39:42,1313609982.0,cab,22.17,116.78,1193.890015,18.56,98.22,213.04,12.64,0.58,1.46,4.61,7.75,2.77,12.46,39.77,3520000000.0,3520000000.0,9.85,0.81,1.29,12.50,1.29,1090000000.0,12.50,125530000.0,1.78,20.40,6.90,385330000.0,5.55,2320000000.0,2.12,15.66,3520000000.0,1.00,38.69,61.10,6200000.0,12.70,14.30,6550000.0,outperform
4952,2004-12-16 22:56:27,1103255787.0,cab,22.65,-21.41,1203.209961,5.33,-26.740000000000002,0.483,22.34,0.95,2.74,4.03,6.37,6.06,13.00,25.003,1470000000.0,1630000000.0,21.37,1.57,1.07,12.91,1.07,564900000.0,12.91,61520000.0,1.014,9.50,13.70,78980000.0,1.22,254350000.0,1.705,8.191,N/A,N/A,68.97,24.81,1630000.0,6.363,8.10,N/A,underperform
4953,2011-03-12 08:44:08,1299937448.0,cab,26.85,28.19,1320.02002,3.48,24.71,227.38,16.26,0.68,1.77,4.21,7.15,3.39,11.17,39.26,4000000000.0,4000000000.0,11.97,0.95,1.50,15.35,1.50,1090000000.0,15.35,112160000.0,1.62,299.40,1.60,136420000.0,1.99,2330000000.0,1.97,15.03,4000000000.0,1.06,39.83,70.50,3630000.0,4.40,9.00,4840000.0,outperform
4954,2007-03-30 10:40:22,1175265622.0,cab,24.81,-37.93,1420.859985,-5.61,-32.32,0.433,19.22,0.78,2.20,4.16,6.97,5.91,12.49,31.639,1620000000.0,1760000000.0,N/A,1.11,0.85,9.136,0.85,859130000.0,9.136,85790000.0,1.29,25.50,15.60,172900000.0,2.644,317870000.0,1.542,11.227,54960000.0,1.33,50.45,43.60,4300000.0,11.5,8.60,3920000.0,underperform
4955,2007-01-23 17:35:20,1169591720.0,cab,23.59,-42.77,1427.98999,-6.26,-36.510000000000005,0.497,20.84,0.77,2.23,3.83,6.36,5.37,11.76,30.089,1540000000.0,N/A,N/A,1.23,N/A,N/A,N/A,735340000.0,N/A,74940000.0,1.13,7.90,14.10,73320000.0,1.122,337510000.0,1.614,10.395,105580000.0,1.51,34.18,36.10,4620000.0,12.8,9.30,5300000.0,underperform
4956,2004-09-26 06:47:57,1096195677.0,cab,24.67,-24.32,1108.359985,9.68,-34.0,0.475,25.72,1.08,3.11,3.75,6.06,5.71,12.37,25.098,1600000000.0,1730000000.0,23.51,1.75,1.17,14.72,1.17,N/A,14.72,55260000.0,0.96,N/A,N/A,111670000.0,1.72,241750000.0,2.037,7.929,N/A,N/A,87.95,2.84,N/A,1.126,4.92,N/A,underperform
4957,2005-10-01 04:23:12,1128154992.0,cab,18.96,16.03,1216.890015,10.02,6.010000000000002,0.451,17.83,0.81,2.05,4.15,6.15,5.49,12.60,25.568,1340000000.0,1530000000.0,N/A,1.05,0.92,11.431,0.92,630310000.0,11.431,68750000.0,1.03,202.80,23.20,71070000.0,0.974,262149999.99999997,1.222,8.996,79610000.0,N/A,51.42,22.10,5520000.0,17.4,11.30,4380000.0,outperform
4958,2012-07-14 19:07:13,1342307233.0,cab,38.75,75.92,1341.449951,24.87,51.05,156.44,18.14,0.96,2.21,5.40,9.11,3.48,13.41,41.06,4520000000.0,4520000000.0,13.13,0.95,1.59,13.61,1.59,1200000000.0,13.61,153660000.0,2.15,62.10,6.30,157220000.0,2.24,1930000000.0,4.08,17.56,352170000.0,1.50,35.06,64.70,3340000.0,6.10,7.20,3360000.0,outperform
4959,2007-02-17 21:38:18,1171766298.0,amd,14.95,-56.32,1455.300049,-7.31,-49.01,0.656,N/A,1.44,1.25,2.94,6.51,2.45,3.63,11.482,8199999999.999999,10450000000.0,N/A,N/A,1.85,9.05,1.85,2390000000.0,9.05,166000000.0,0.34,N/A,3.60,1540000000.0,2.809,3800000000.0,1.39,11.876,N/A,4.24,0.20,70.50,22020000.0,4.00,4.00,23780000.0,underperform
4960,2007-03-25 01:56:34,1174802194.0,amd,13.35,-53.48,1434.540039,-5.9,-47.58,0.656,N/A,1.31,1.26,2.94,7.63,2.83,3.63,11.482,7490000000.0,9750000000.0,N/A,N/A,1.73,7.498,1.73,2790000000.0,7.498,166000000.0,0.34,N/A,3.60,1540000000.0,2.777,3800000000.0,1.39,10.576,1290000000.0,4.11,0.20,57.70,30510000.0,5.50,5.50,22020000.0,underperform
4961,2013-04-22 02:43:35,1366613015.0,amd,2.46,74.8,1562.5,20.29,54.51,492.53,N/A,0.38,4.53,15.01,4.87,3.42,100.75,6.61,2890000000.0,2890000000.0,N/A,0.66,0.59,5.85,0.59,1240000000.0,5.85,739000000.0,1.00,N/A,31.40,1000000000.0,1.34,2040000000.0,1.77,0.55,600000000.0,2.20,15.27,42.90,92440000.0,7.20,15.20,95550000.0,outperform
4962,2009-01-21 12:51:33,1232560293.0,amd,2.25,299.56,840.23999,32.88,266.68,3.909,N/A,0.19,0.91,54.89,3.33,1.17,48.17,10.463,1220000000.0,5110000000.0,N/A,N/A,0.81,4.904,0.81,2260000000.0,4.904,1320000000.0,5.743,N/A,14.00,1340000000.0,2.203,5230000000.0,1.378,2.201,381000000.0,1.88,8.27,67.20,76440000.0,3.9,12.60,90300000.0,outperform
4963,2009-11-20 06:12:01,1258715521.0,amd,6.95,5.47,1091.380005,7.99,-2.5200000000000005,N/A,N/A,1.00,N/A,45.31,22.32,7.55,576.36,7.588,7910000000.0,7910000000.0,N/A,N/A,1.61,N/A,1.61,2320000000.0,6000000.0,2270000000.0,3.52,N/A,22.30,2510000000.0,3.749,5700000000.0,1.887,0.849,927000000.0,1.88,24.32,37.20,45810000.0,1.5,7.60,50740000.0,underperform
4964,2013-05-11 20:14:11,1368317651.0,amd,3.83,2.61,1632.689941,14.88,-12.270000000000001,492.53,N/A,0.59,6.97,15.01,8.61,6.03,100.75,6.61,3740000000.0,3740000000.0,197.50,1.29,0.76,21.98,0.76,1240000000.0,21.98,739000000.0,1.00,N/A,31.40,1000000000.0,1.34,2040000000.0,1.77,0.55,600000000.0,2.22,15.27,42.90,102220000.0,6.60,16.90,92440000.0,underperform
4965,2007-05-16 18:05:35,1179353135.0,amd,15.58,-52.44,1514.140015,-5.98,-46.459999999999994,0.738,N/A,1.54,1.62,17.33,5.75,1.64,19.41,10.813,8590000000.0,11220000000.0,N/A,N/A,2.02,18.678,2.02,2790000000.0,18.678,962000000.0,1.87,N/A,7.40,1170000000.0,2.103,3840000000.0,1.094,9.516,N/A,4.03,0.20,56.20,45210000.0,8.20,8.20,40010000.0,underperform
4966,2003-12-15 23:11:56,1071547916.0,amd,14.73,53.02,1068.040039,12.67,40.35,0.912,N/A,1.77,2.33,40.12,28.97,20.96,46.39,8.679,5130000000.0,6330000000.0,61.08,N/A,2.11,162.17,2.11,591370000.0,162.17,1170000000.0,3.404,N/A,30.70,1080000000.0,3.09,2080000000.0,1.984,6.56,N/A,2.814,3.01,62.65,33650000.0,2.601,9.95,38730000.0,outperform
4967,2007-02-08 01:50:51,1170917451.0,amd,15.13,-58.1,1448.310059,-8.08,-50.02,0.656,N/A,1.49,1.29,2.94,6.51,2.45,3.63,11.482,8500000000.0,10660000000.0,N/A,N/A,1.89,9.23,1.89,2390000000.0,9.23,166000000.0,0.34,N/A,3.60,1540000000.0,2.809,3800000000.0,1.39,11.876,N/A,4.24,0.10,77.40,22020000.0,4.00,4.00,23780000.0,underperform
4968,2004-07-16 05:32:42,1089970362.0,amd,12.64,52.29,1101.390015,11.07,41.22,0.838,N/A,1.20,1.97,3.41,1.15,2.19,3.51,10.58,4590000000.0,5600000000.0,17.77,1.53,1.39,5.4,1.39,1190000000.0,5.4,83040000.0,0.26,N/A,30.50,1310000000.0,3.7,2049999999.9999998,1.99,6.958,580510000.0,3.014,2.99,67.30,68280000.0,7.179,19.91,53680000.0,outperform
4969,2007-05-17 03:47:24,1179388044.0,amd,15.43,-52.95,1512.75,-5.78,-47.17,0.738,N/A,1.54,1.62,17.33,5.75,1.64,19.41,10.813,8650000000.0,11220000000.0,N/A,N/A,2.02,18.678,2.02,2790000000.0,18.678,962000000.0,1.87,N/A,7.40,1170000000.0,2.103,3840000000.0,1.094,9.516,N/A,4.03,0.20,56.20,45210000.0,8.20,8.20,40010000.0,underperform
4970,2004-08-10 02:49:35,1092120575.0,amd,11.52,78.82,1079.040039,13.91,64.91,0.792,48.35,0.86,1.58,0.98,3.21,0.69,3.73,11.633,3960000000.0,4840000000.0,15.30,1.34,1.04,3.69,1.04,1190000000.0,3.69,89230000.0,0.231,N/A,30.50,1140000000.0,3.22,1990000000.0,1.904,7.111,580510000.0,3.014,3.00,67.13,64110000.0,6.53,18.65,68280000.0,outperform
4971,2007-01-13 14:36:14,1168716974.0,amd,20.01,-70.21,1414.849976,0.39,-70.6,0.138,17.97,1.94,1.96,8.81,12.27,5.39,12.61,12.373,10020000000.0,8350000000.0,N/A,1.28,1.46,5.364,1.46,2390000000.0,5.364,503410000.0,1.016,76.90,12.80,2360000000.0,4.296,689310000.0,2.067,10.29,1550000000.0,4.34,0.10,75.50,23780000.0,1.3,4.30,24520000.0,underperform
4972,2011-11-28 04:02:52,1322470972.0,amd,5.3,-64.53,1192.550049,17.31,-81.84,118.12,3.55,0.54,2.02,15.98,6.62,5.49,88.47,9.04,3730000000.0,3730000000.0,7.80,1.01,0.57,4.86,0.57,2960000000.0,4.86,1040000000.0,1.41,N/A,4.40,1810000000.0,2.59,2060000000.0,1.84,2.50,3730000000.0,2.29,15.80,55.70,80580000.0,3.40,N/A,80490000.0,underperform
4973,2008-01-23 21:45:08,1201142708.0,amd,7.56,-73.28,1338.599976,-38.18,-35.1,1.762,N/A,0.66,1.32,56.20,20.44,6.22,77.01,10.776,4380000000.0,7330000000.0,N/A,N/A,1.22,105.281,1.22,2790000000.0,105.281,3380000000.0,6.056,N/A,0.20,1890000000.0,3.263,5270000000.0,1.454,5.164,N/A,3.21,28.61,62.90,79210000.0,2.7,14.30,75660000.0,underperform
4974,2007-10-11 05:26:40,1192094800.0,amd,13.8,-72.39,1554.410034,-42.15,-30.240000000000002,1.238,N/A,1.33,1.71,28.90,14.09,4.73,35.41,10.777,7750000000.0,11690000000.0,N/A,N/A,2.05,38.218,2.05,2790000000.0,38.218,1650000000.0,3.12,N/A,13.30,1590000000.0,2.883,5540000000.0,1.453,8.087,92000000.0,3.15,0.29,85.60,84440000.0,3.9,15.30,81690000.0,underperform
4975,2012-10-15 09:41:26,1350308486.0,amd,2.75,46.18,1440.130005,17.91,28.27,180.93,N/A,0.30,1.73,9.92,2.85,2.22,45.61,8.69,2380000000.0,2380000000.0,9.45,1.28,0.37,25.06,0.37,2940000000.0,25.06,629000000.0,0.88,39.30,10.20,1580000000.0,2.23,2020000000.0,1.38,1.58,564000000.0,2.61,15.37,67.00,142220000.0,5.00,26.00,120950000.0,outperform
4976,2007-06-23 08:26:26,1182601586.0,amd,13.64,-46.26,1512.839966,-11.24,-35.019999999999996,0.738,N/A,1.46,1.56,17.33,5.75,1.64,19.41,10.813,8020000000.0,10690000000.0,N/A,N/A,1.93,15.169,1.93,2790000000.0,15.169,962000000.0,1.88,N/A,7.40,1170000000.0,2.12,3840000000.0,1.095,9.464,756000000.0,3.89,0.20,65.00,73340000.0,2.2,13.30,45210000.0,underperform
4977,2007-05-27 21:42:39,1180316559.0,amd,,,1507.51001,-8.73,,0.738,N/A,1.48,1.57,17.33,5.75,1.64,19.41,10.813,8119999999.999999,10800000000.0,N/A,N/A,1.95,15.317,1.95,2790000000.0,15.317,962000000.0,1.88,N/A,7.40,1170000000.0,2.12,3840000000.0,1.095,9.464,756000000.0,4.03,0.20,52.70,45210000.0,8.20,8.20,40010000.0,underperform
4978,2007-02-27 20:49:21,1172627361.0,amd,15.08,-51.72,1399.040039,-1.36,-50.36,0.656,N/A,1.52,1.32,2.94,6.51,2.45,3.63,11.482,8270000000.0,10860000000.0,N/A,N/A,1.92,9.401,1.92,2390000000.0,9.401,166000000.0,0.34,N/A,3.60,1540000000.0,2.809,3800000000.0,1.39,11.876,N/A,4.24,0.20,58.00,22020000.0,4.00,4.00,23780000.0,underperform
4979,2012-08-15 11:02:12,1345042932.0,amd,4.19,-11.93,1405.530029,18.2,-30.13,180.93,N/A,0.46,2.61,9.92,2.85,2.22,45.61,8.69,3360000000.0,3360000000.0,9.58,1.41,0.53,35.34,0.53,2940000000.0,35.34,629000000.0,0.88,39.30,10.20,1580000000.0,2.23,2020000000.0,1.38,1.58,564000000.0,2.77,15.46,65.00,93030000.0,4.60,17.00,87180000.0,underperform
4980,2006-06-17 18:31:57,1150583517.0,amd,25.11,-45.12,1230.040039,23.81,-68.92999999999999,0.14,31.62,2.12,2.68,6.17,9.27,4.34,9.61,14.25,12410000000.0,10440000000.0,N/A,1.16,1.75,6.477,1.75,2390000000.0,6.477,367430000.0,0.81,N/A,8.60,2630000000.0,5.438,658280000.0,2.164,9.744,1800000000.0,4.23,0.12,75.70,24610000.0,1.6,5.10,17440000.0,underperform
4981,2012-11-18 19:25:34,1353284734.0,amd,1.87,85.56,1353.329956,32.38,53.18,206.27,N/A,0.22,1.35,14.89,7.44,5.62,64.62,8.08,2060000000.0,2060000000.0,N/A,0.90,0.35,11.53,0.35,2940000000.0,11.53,883000000.0,1.20,N/A,24.90,1300000000.0,1.83,2040000000.0,1.81,1.39,135000000.0,2.69,15.37,67.00,147310000.0,4.60,26.90,142580000.0,outperform
4982,2004-10-10 11:13:17,1097421197.0,amd,14.11,63.78,1130.650024,5.01,58.77,0.792,30.61,1.01,1.98,2.96,3.21,2.10,6.78,12.209,4780000000.0,5640000000.0,19.57,1.73,1.14,4.3,1.14,1190000000.0,4.3,164310000.0,0.441,N/A,30.50,1140000000.0,3.22,1990000000.0,1.904,7.111,849530000.0,3.038,3.00,72.51,58640000.0,7.75,17.06,58740000.0,outperform
4983,2003-10-02 17:03:24,1065128604.0,amd,11.69,14.88,1020.23999,10.91,3.9700000000000006,0.729,N/A,1.52,1.70,55.09,45.57,25.09,50.32,7.415,4059999999.9999995,4800000000.0,N/A,N/A,1.88,N/A,1.88,591370000.0,N/A,1400000000.0,N/A,2050.90,30.70,738800000.0,2.13,1660000000.0,1.612,6.58,N/A,2.819,2.99,59.10,39840000.0,2.684,11.84,38840000.0,outperform
4984,2012-03-29 02:30:32,1333002632.0,amd,8.12,,1403.280029,11.44,,126.79,12.15,0.87,3.60,7.48,7.10,5.87,38.03,9.03,5970000000.0,5970000000.0,9.85,1.11,0.91,7.63,0.91,2940000000.0,7.63,495000000.0,0.67,N/A,2.50,1760000000.0,2.53,2020000000.0,1.82,2.28,382000000.0,2.77,15.54,64.10,66670000.0,3.90,12.20,61850000.0,underperform
4985,2005-02-07 01:53:06,1107759186.0,amd,17.22,138.15,1201.719971,4.42,133.73000000000002,0.618,72.57,1.24,2.31,1.45,4.44,1.00,3.51,12.267,6420000000.0,7080000000.0,24.63,3.15,1.42,31.94,1.42,1190000000.0,31.94,91160000.0,0.241,N/A,30.50,1200000000.0,3.26,1860000000.0,1.764,7.226,1110000000.0,3.143,2.99,65.74,41440000.0,2.893,11.64,39190000.0,outperform
4986,2012-11-14 06:49:06,1352893746.0,amd,1.93,82.38,1355.48999,32.1,50.279999999999994,206.27,N/A,0.24,1.43,14.89,7.44,5.62,64.62,8.08,2230000000.0,2230000000.0,N/A,0.96,0.37,12.45,0.37,2940000000.0,12.45,883000000.0,1.20,N/A,24.90,1300000000.0,1.83,2040000000.0,1.81,1.39,135000000.0,2.69,15.37,67.00,147310000.0,4.60,26.90,142580000.0,outperform
4987,2013-01-21 13:19:18,1358792358.0,amd,,,1485.97998,24.08,,206.27,N/A,0.33,1.97,14.89,4.28,3.24,64.62,8.08,2490000000.0,2490000000.0,N/A,0.97,0.42,4.80,0.42,2940000000.0,4.80,883000000.0,1.20,N/A,24.90,1300000000.0,1.83,2040000000.0,1.81,1.39,135000000.0,2.34,15.37,67.00,99530000.0,3.60,18.20,105620000.0,underperform
4988,2007-03-08 16:45:11,1173390311.0,amd,14.19,-54.26,1401.890015,-7.74,-46.519999999999996,0.656,N/A,1.39,1.33,2.94,7.63,2.83,3.63,11.482,7760000000.0,10080000000.0,N/A,N/A,1.78,7.754,1.78,2390000000.0,7.754,166000000.0,0.34,N/A,3.60,1540000000.0,2.777,3800000000.0,1.39,10.576,1290000000.0,4.11,0.20,58.40,30510000.0,5.50,5.50,22020000.0,underperform
4989,2008-11-01 22:56:46,1225594606.0,amd,2.98,65.44,930.090027,14.62,50.82,3.698,N/A,0.33,1.56,51.33,6.25,2.30,90.30,10.995,2130000000.0,5930000000.0,N/A,N/A,0.90,6.981,0.90,2260000000.0,6.981,2490000000.0,5.64,N/A,8.80,1340000000.0,2.206,5140000000.0,1.4,2.286,N/A,1.82,8.25,67.60,95650000.0,2.9,15.80,94190000.0,outperform
4990,2007-04-09 01:09:41,1176095381.0,amd,13.35,-54.83,1444.609985,-5.47,-49.36,0.656,N/A,1.25,1.20,2.94,7.63,2.83,3.63,11.482,7140000000.0,9390000000.0,N/A,N/A,1.66,7.225,1.66,2790000000.0,7.225,166000000.0,0.34,N/A,3.60,1540000000.0,2.777,3800000000.0,1.39,10.576,1290000000.0,4.33,0.20,58.30,40010000.0,1.5,7.20,30510000.0,underperform
4991,2007-03-16 16:25:13,1174076713.0,amd,14.01,-54.1,1386.949951,-5.64,-48.46,0.656,N/A,1.37,1.32,2.94,6.51,2.45,3.63,11.482,7790000000.0,10760000000.0,N/A,N/A,1.91,9.316,1.91,2390000000.0,9.316,166000000.0,0.34,N/A,3.60,1540000000.0,2.809,3800000000.0,1.39,10.576,N/A,4.24,0.10,77.40,22020000.0,4.00,4.00,23780000.0,underperform
4992,2011-12-28 23:41:31,1325133691.0,amd,5.28,-54.73,1249.640015,13.48,-68.21,118.12,3.75,0.57,2.15,15.98,6.62,5.49,88.47,9.04,4000000000.0,4000000000.0,8.66,1.08,0.61,5.21,0.61,2960000000.0,5.21,1040000000.0,1.41,N/A,4.40,1810000000.0,2.59,2060000000.0,1.84,2.50,18000000.0,2.16,15.80,55.70,85170000.0,4.80,14.70,85590000.0,underperform
4993,2008-12-18 00:42:43,1229578963.0,amd,2.23,305.83,885.2800289999999,24.53,281.29999999999995,3.909,N/A,0.21,1.02,52.24,6.14,2.26,91.47,10.995,1390000000.0,5260000000.0,N/A,N/A,0.80,6.22,0.80,2260000000.0,6.22,2500000000.0,5.74,N/A,14.00,1340000000.0,2.204,5230000000.0,1.378,2.202,381000000.0,1.91,8.27,67.10,90300000.0,4.5,14.90,80790000.0,outperform
4994,2011-09-25 19:48:58,1316994538.0,amd,6.12,-43.46,1129.560059,28.98,-72.44,134.00,5.49,0.66,2.58,12.83,6.54,5.18,69.20,8.99,4600000000.0,4600000000.0,8.12,0.98,0.71,5.96,0.71,2960000000.0,5.96,828000000.0,1.12,N/A,4.80,1860000000.0,2.69,2200000000.0,2.62,2.38,4600000000.0,2.26,15.80,55.70,97280000.0,3.80,16.80,102570000.0,underperform
4995,2004-12-04 15:02:59,1102190579.0,amd,22.61,21.23,1191.369995,6.15,15.08,0.795,53.14,1.68,3.13,2.89,5.02,2.04,6.70,11.828,8520000000.0,9160000000.0,32.25,2.90,1.85,6.4,1.85,1190000000.0,6.4,164310000.0,0.437,N/A,30.50,1190000000.0,3.23,2040000000.0,1.926,7.226,1110000000.0,3.101,2.99,65.71,51520000.0,4.009,14.47,64700000.0,outperform
4996,2006-10-23 12:34:46,1161621286.0,bwa,14.68,59.54,1377.02002,10.35,49.19,0.372,13.35,0.77,1.85,5.82,8.71,6.23,15.12,77.452,3420000000.0,3960000000.0,N/A,1.23,0.90,5.914,0.90,853800000.0,5.914,257600000.00000003,4.46,95.50,5.20,128600000.0,2.241,685800000.0,1.193,32.139999,443600000.0,1.26,0.69,94.30,3470000.0,10.2,6.10,3840000.0,outperform
4997,2007-12-27 09:58:35,1198767515.0,bwa,23.99,-56.73,1476.27002,-40.88,-15.849999999999994,0.274,22.85,0.69,1.76,5.01,7.35,5.13,12.68,44.536,2870000000.0,6260000000.0,N/A,1.34,1.21,9.749,1.21,849900000.0,9.749,258200000.0,2.20,112.20,23.90,176300000.0,1.52,601500000.0,1.582,28.513,537500000.0,0.95,0.53,92.30,4760000.0,4.4,4.10,4800000.0,underperform
4998,2007-02-23 09:52:33,1172242353.0,bwa,19.09,18.02,1451.189941,-6.28,24.3,0.385,21.14,0.98,2.39,4.62,7.67,5.59,12.02,79.881,4480000000.0,5010000000.0,N/A,1.35,1.09,7.78,1.09,853800000.0,7.78,211600000.0,3.65,36.80,14.70,182400000.0,3.146,721100000.0,1.389,32.278999,442100000.0,0.84,0.19,95.60,2840000.0,12.7,4.90,2870000.0,outperform
4999,2013-05-23 17:30:04,1369344604.0,bwa,40.62,52.39,1650.51001,15.15,37.24,37.98,20.00,1.34,3.08,6.81,11.62,8.07,17.25,62.28,10370000000.0,10370000000.0,13.01,1.10,1.46,9.26,1.46,1470000000.0,9.26,484900000.0,4.10,10.10,3.20,695400000.0,6.02,1200000000.0,1.64,26.88,864200000.0,1.78,1.28,95.90,5940000.0,5.30,5.20,6150000.0,outperform
5000,2004-05-27 20:02:12,1085702532.0,bwa,10.08,29.17,1121.280029,6.91,22.26,0.457,12.68,0.72,1.72,5.97,8.75,6.47,15.35,57.877,2320000000.0,2830000000.0,9.79,0.81,0.89,6.94,0.89,586700000.0,6.94,181800000.0,3.289,N/A,12.40,78700000.0,1.41,612200000.0,1.56,24.044001,344400000.0,1.018,1.27,43.82,3540000.0,6.185,6.43,2560000.0,outperform
5001,2009-09-06 11:44:24,1252251864.0,bwa,15.18,,1003.23999,10.09,,N/A,N/A,0.90,1.74,6.39,1.72,0.85,11.04,34.337,4290000000.0,4290000000.0,N/A,16.46,1.08,13.079,1.08,838500000.0,13.079,254700000.0,2.19,N/A,39.60,256899999.99999997,2.202,862000000.0,1.416,17.639,307500000.0,1.59,6.22,100.20,9550000.0,4.3,8.30,9240000.0,underperform
5002,2005-09-09 12:05:45,1126281945.0,bwa,14.03,-2.42,1241.47998,4.73,-7.15,0.53,14.54,0.83,2.11,5.76,8.69,6.26,15.35,69.688,3260000000.0,3940000000.0,N/A,0.96,1.00,6.712,1.00,651100000.0,6.712,226100000.0,3.97,34.40,24.40,146600000.0,2.593,829000000.0,1.25,27.35,388200000.0,N/A,0.62,92.40,2830000.0,5.00,5.00,3040000.0,underperform
5003,2005-03-17 18:20:56,1111101656.0,bwa,12.36,15.86,1190.209961,9.83,6.029999999999999,0.402,13.29,0.82,1.90,6.45,8.77,7.01,15.67,62.401,2880000000.0,3270000000.0,10.21,0.94,0.93,6.72,0.93,586700000.0,6.72,218300000.0,3.863,N/A,12.40,229700000.0,4.09,617700000.0,1.662,27.018999,407200000.0,1.057,0.84,88.49,3220000.0,8.715,5.77,2820000.0,outperform
5004,2004-12-01 05:57:23,1101898643.0,bwa,12.36,19.74,1191.369995,6.15,13.589999999999998,0.407,14.01,0.83,1.98,6.12,8.82,6.73,15.18,61.153,2810000000.0,3270000000.0,11.83,1.13,0.95,7.47,0.95,586700000.0,7.47,200600000.0,3.572,N/A,12.40,189000000.0,3.36,590300000.0,1.811,25.792999,407200000.0,1.072,0.84,86.96,3350000.0,5.165,6.02,3350000.0,outperform
5005,2005-04-11 10:39:59,1113230399.0,bwa,11.54,26.43,1181.209961,8.92,17.509999999999998,0.381,12.79,0.79,1.82,6.45,8.77,6.97,15.67,62.401,2790000000.0,3150000000.0,9.79,0.88,0.89,7.02,0.89,651100000.0,7.02,218300000.0,3.86,24.80,14.90,229700000.0,4.07,584500000.0,1.618,27.223,426600000.0,0.981,0.49,87.95,3100000.0,8.19,5.51,3220000.0,outperform
5006,2008-11-03 17:36:30,1225751790.0,pcp,64.64,48.05,966.2999880000001,8.19,39.86,0.075,8.73,1.27,2.08,15.00,22.70,N/A,N/A,51.386,9260000000.0,8940000000.0,N/A,0.50,1.25,5.088,1.25,1870000000.0,5.088,1050000000.0,7.61,14.40,5.70,413800000.0,2.969,324700000.0,N/A,31.225,N/A,1.76,0.38,88.60,0.4,0.4,0.70,1130000.0,outperform
5007,2006-06-27 12:50:22,1151427022.0,pcp,55.58,108.94,1239.199951,21.56,87.38,0.316,21.86,2.16,3.57,9.89,15.70,9.43,17.81,26.605,7650000000.0,8260000000.0,N/A,1.24,2.33,12.599,2.33,807300000.0,12.599,349100000.0,2.58,52.10,17.70,59900000.0,0.442,676600000.0,1.606,15.84,230800000.0,1.7,0.36,86.50,2040000.0,2.5,1.50,1570000.0,outperform
5008,2012-11-03 14:42:21,1351968141.0,pcp,172.88,46.54,1412.160034,24.39,22.15,2.72,19.21,3.30,2.91,17.21,25.76,N/A,N/A,52.77,25180000000.0,25180000000.0,14.93,1.32,3.29,11.72,3.29,2270000000.0,11.72,1330000000.0,9.00,12.80,7.90,193100000.0,1.33,236100000.0,N/A,59.66,N/A,0.96,0.26,92.90,1260000.0,1.70,0.90,1350000.0,outperform
5009,2005-03-08 16:22:42,1110316962.0,pcp,38.6,34.33,1219.430054,4.84,29.49,0.614,24.47,1.83,3.00,7.56,11.44,5.73,12.50,42.565,5160000000.0,5790000000.0,18.26,1.89,2.06,11.92,2.06,495600000.0,11.92,211300000.0,3.19,5.10,2.70,396900000.0,6.01,1050000000.0,1.477,25.934999,307900000.0,1.363,0.10,85.50,1030000.0,2.88,1.56,N/A,outperform
5010,2013-05-12 11:17:24,1368371844.0,pcp,206.52,23.79,1626.670044,16.6,7.189999999999998,38.68,21.60,3.83,3.19,17.03,25.80,N/A,15.72,57.50,30750000000.0,30750000000.0,15.00,1.28,3.67,13.05,3.67,2270000000.0,13.05,1430000000.0,9.72,23.20,26.20,N/A,N/A,N/A,N/A,64.86,N/A,0.80,0.14,95.00,1.30,1.30,0.50,0.12,outperform
5011,2004-10-15 17:00:20,1097874020.0,pcp,30.48,60.5,1108.199951,6.27,54.230000000000004,0.605,24.78,1.64,2.25,6.32,9.65,4.76,10.31,40.195,4000000000.0,4930000000.0,15.43,1.20,2.02,12.8,2.02,495600000.0,12.8,152600000.0,2.485,5.10,2.70,124000000.0,1.91,1070000000.0000001,1.335,27.264999,201800000.0,1.238,0.20,87.21,1100000.0,2.864,1.69,1070000.0,outperform
5012,2011-11-08 13:44:59,1320777899.0,pcp,169.48,2.18,1275.920044,9.3,-7.120000000000001,3.06,21.93,3.59,3.23,16.47,24.44,N/A,N/A,46.88,23100000000.0,23100000000.0,16.26,1.31,3.43,12.76,3.43,1890000000.0,12.76,1110000000.0,7.66,17.40,18.70,1320000000.0,9.14,229200000.0,N/A,52.05,23100000000.0,1.11,0.25,91.80,2730000.0,2.00,1.90,3450000.0,underperform
5013,2009-01-15 18:44:17,1232063057.0,pcp,54.41,108.34,843.73999,34.64,73.7,0.068,6.91,1.04,1.64,15.00,22.70,16.46,26.50,51.386,7330000000.0,7220000000.0,N/A,0.45,1.01,4.1,1.01,1870000000.0,4.1,1050000000.0,7.612,14.40,5.90,532299999.99999994,3.818,309000000.0,2.351,32.560001,1050000000.0,1.67,0.38,86.50,1190000.0,0.7,0.90,1930000.0,outperform
5014,2008-01-24 09:23:19,1201184599.0,pcp,106.35,-41.49,1352.069946,-38.47,-3.020000000000003,0.27,18.19,2.35,4.41,13.06,20.18,15.05,28.05,46.068,14880000000.0,15580000000.0,N/A,0.81,2.47,11.141,2.47,1310000000.0,11.141,817900000.0,5.92,52.10,31.10,212500000.0,1.538,912200000.0,1.776,24.42,906000000.0,1.25,0.38,84.60,1050000.0,1.2,0.80,1110000.0,underperform
5015,2007-04-10 04:14:10,1176192850.0,pcp,105.82,5.4,1448.390015,-6.48,11.88,0.314,27.58,3.06,5.43,11.06,17.28,12.56,21.89,35.359,14570000000.0,15370000000.0,N/A,1.03,3.21,16.102,3.21,807300000.0,16.102,513600000.0,3.85,69.40,61.50,125300000.0,0.914,840000000.0,1.464,19.676001,484700000.0,1.43,0.35,86.20,2900000.0,2.6,2.10,2120000.0,outperform
5016,2005-11-15 04:25:18,1132046718.0,pcp,48.3,51.1,1229.01001,13.63,37.47,N/A,22.51,1.93,3.43,8.72,14.94,N/A,N/A,24.842,6360000000.0,6990000000.0,N/A,1.40,2.13,11.79,2.13,653600000.0,11.79,291300000.0,2.13,144.40,25.40,160100000.0,1.205,828500000.0,N/A,13.858,N/A,N/A,0.37,85.00,2410000.0,2.7,1.80,2410000.0,outperform
5017,2008-12-22 20:09:33,1229994573.0,lltc,18.28,44.15,871.6300050000001,28.27,15.879999999999999,N/A,11.96,4.07,N/A,33.53,48.40,24.29,N/A,5.434,4760000000.0,5580000000.0,N/A,1.03,4.64,8.859,4.64,908150000.0,8.859,403750000.0,1.80,17.60,10.30,1020000000.0,4.609,1700000000.0,6.4,1.707,519830000.00000006,1.29,11.07,91.90,21400000.0,2.9,9.70,19830000.0,outperform
5018,2012-03-24 14:41:41,1332614501.0,lltc,31.38,13.48,1402.890015,10.19,3.290000000000001,131.54,15.60,5.72,12.60,37.13,48.43,25.50,112.29,5.76,7410000000.0,7410000000.0,15.74,1.94,5.54,10.57,5.54,1160000000.0,10.57,496080000.0,2.13,38.90,23.30,1040000000.0,4.53,795520000.0,8.09,2.65,620670000.0,1.06,0.66,93.80,8580000.0,4.10,N/A,9670000.0,outperform
5019,2013-04-25 06:09:02,1366884542.0,lltc,34.41,28.16,1585.160034,17.55,10.61,86.41,20.68,6.54,8.85,31.78,44.95,18.64,50.08,5.45,7580000000.0,7580000000.0,18.06,2.21,5.90,11.94,5.90,954080000.0,11.94,408310000.0,1.72,12.70,0.70,1450000000.0,6.13,821260000.0,12.90,4.01,N/A,1.17,0.69,92.40,6670000.0,3.00,2.90,8160000.0,outperform
5020,2013-03-17 07:45:17,1363520717.0,lltc,37.01,25.53,1563.22998,18.91,6.620000000000001,102.96,22.45,6.97,11.22,30.86,45.15,19.84,56.66,5.46,8289999999.999999,8289999999.999999,18.86,2.33,6.46,13.03,6.46,954080000.0,13.03,395840000.0,1.68,1.10,3.70,1300000000.0,5.59,815970000.0,9.81,3.42,546150000.0,1.16,0.69,92.40,8990000.0,3.60,3.90,7750000.0,outperform
5021,2007-03-01 16:40:35,1172785235.0,lltc,26.48,-13.94,1403.170044,-5.17,-8.77,N/A,23.06,8.78,4.70,39.20,50.69,16.76,21.12,3.741,9910000000.0,8150000000.0,N/A,1.32,7.20,11.864,7.20,854580000.0,11.864,443640000.0,1.44,1.70,1.00,1780000000.0,5.959,N/A,9.563,7.069,501260000.0,1.49,0.44,92.70,10080000.0,2.8,3.40,9820000.0,underperform
5022,2008-10-21 19:54:35,1224633275.0,lltc,17.86,32.42,955.0499880000001,13.23,19.19,N/A,12.13,4.07,N/A,33.53,48.40,24.29,N/A,5.434,4820000000.0,5580000000.0,N/A,0.87,4.64,8.854,4.64,908150000.0,8.854,403750000.0,1.80,17.60,10.30,1020000000.0,4.615,1700000000.0,6.4,1.707,N/A,1.2,8.07,94.00,20250000.0,3.5,9.20,21250000.0,outperform
5023,2009-02-16 00:04:15,1234760655.0,lltc,,,826.840027,32.42,,N/A,13.86,4.60,N/A,33.85,46.13,23.09,N/A,5.259,5420000000.0,6020000000.0,N/A,1.28,5.17,10.297,5.17,908150000.0,10.297,394150000.0,1.76,10.20,13.70,900160000.0,4.063,1500000000.0,7.318,1.38,N/A,1.15,11.12,89.80,23490000.0,2.8,10.70,21370000.0,underperform
5024,2003-10-27 06:00:30,1067252430.0,lltc,31.48,-10.55,1031.130005,7.75,-18.3,N/A,52.17,19.85,6.67,39.50,50.08,12.48,14.02,1.986,12850000000.0,11180000000.0,35.40,1.85,17.51,34.96,17.51,451510000.0,34.96,252260000.0,0.784,19.70,18.40,1670000000.0,5.31,N/A,11.602,6.05,N/A,2.261,0.15,87.77,9320000.0,1.73,2.97,9870000.0,underperform
5025,2004-12-09 07:31:12,1102595472.0,lltc,29.77,0.44,1189.23999,5.9,-5.46,8.602,34.37,13.57,6.49,40.87,55.34,17.06,19.47,2.77,11970000000.0,10320000000.0,26.16,1.39,11.65,19.17,11.65,621320000.0,19.17,362180000.0,1.134,38.70,33.10,1700000000.0,5.55,8.602,8.602,6.031,511480000.0,2.002,0.05,90.34,10470000.0,2.084,3.41,12310000.0,underperform
5026,2005-10-01 18:20:47,1128205247.0,lltc,28.26,-10.05,1216.890015,10.02,-20.07,9.663,27.30,10.84,5.67,41.34,56.17,16.85,22.74,3.414,11530000000.0,9740000000.0,N/A,1.21,9.28,15.258,9.28,830510000.0,15.258,433970000.0,1.38,7.30,7.50,1790000000.0,5.838,9.663,9.663,6.546,492720000.0,N/A,7.25,89.60,9910000.0,2.9,3.20,10840000.0,underperform
5027,2005-04-16 01:40:54,1113630054.0,lltc,29.65,-4.25,1173.790039,9.83,-14.08,9.923,30.18,12.27,6.07,41.11,55.77,18.29,20.93,2.988,11400000000.0,9920000000.0,25.60,1.40,10.44,17.19,10.44,621320000.0,17.19,390660000.0,1.23,38.70,33.10,1730000000.0,5.64,9.923,9.923,6.254,498910000.0,2.328,0.06,89.19,10030000.0,2.091,3.27,11050000.0,underperform
5028,2004-08-10 23:49:19,1092196159.0,lltc,28.88,3.08,1079.040039,13.91,-10.83,9.042,36.46,14.17,6.32,40.65,54.10,15.59,17.72,2.511,11530000000.0,9780000000.0,22.72,1.08,12.11,22.39,12.11,451510000.0,22.39,328170000.0,1.022,19.70,18.40,1660000000.0,5.35,9.042,9.042,5.85,386970000.0,2.028,0.14,87.35,10700000.0,1.974,3.46,9530000.0,underperform
5029,2007-04-10 09:28:53,1176211733.0,hrl,16.72,13.52,1448.390015,-6.48,20.0,0.189,17.71,0.88,2.72,5.01,7.91,9.89,16.53,42.348,5110000000.0,5330000000.0,N/A,1.68,0.91,9.029,0.91,1380000000.0,9.029,292190000.0,2.09,8.70,6.20,138830000.0,1.007,356380000.0,2.107,13.651,376020000.0,0.21,46.73,28.20,1.6,1.6,0.30,N/A,outperform
5030,2013-05-18 11:29:19,1368890959.0,hrl,41.98,15.13,1658.780029,12.78,2.3500000000000014,8.52,22.96,1.36,3.85,6.04,8.78,10.25,17.86,31.53,10350000000.0,10350000000.0,18.81,1.94,1.25,12.20,1.25,1330000000.0,12.20,501370000.0,1.86,1.00,3.80,887680000.0,3.35,250000000.0,3.26,11.06,507430000.0,0.48,49.29,33.30,6510000.0,6.90,4.90,6870000.0,outperform
5031,2009-01-12 23:59:13,1231822753.0,hrl,13.99,27.09,870.26001,30.56,-3.469999999999999,0.224,14.74,0.61,2.04,4.23,7.54,9.08,14.67,49.903,4130000000.0,4390000000.0,N/A,1.54,0.65,6.901,0.65,1520000000.0,6.901,285500000.0,2.08,33.00,11.80,154780000.0,1.151,450000000.0,1.841,14.924,271620000.0,0.66,47.85,29.40,2150000.0,2.3,1.60,2210000.0,underperform
5032,2005-03-29 07:30:34,1112099434.0,hrl,13.49,10.01,1165.359985,11.8,-1.790000000000001,0.26,17.58,0.87,2.95,4.97,8.07,9.75,17.83,35.1,4240000000.0,4510000000.0,15.89,1.80,0.92,9.11,0.92,1120000000.0,9.11,244310000.0,1.75,24.70,13.80,145210000.0,1.05,377260000.0,1.931,10.498,343520000.0,0.182,46.16,29.63,1240000.0,3.557,1.66,N/A,underperform
5033,2003-11-24 19:40:58,1069720858.0,hrl,11.8,13.14,1052.079956,11.87,1.2700000000000014,0.35,20.33,0.92,3.10,4.51,7.42,8.19,16.02,29.209,3710000000.0,4010000000.0,17.82,2.13,0.99,10.34,0.99,962850000.0,10.34,183380000.0,1.316,3.80,5.20,138780000.0,N/A,420820000.0,2.071,8.67,N/A,0.151,46.73,27.24,1180000.0,3.844,1.60,1300000.0,outperform
5034,2005-04-11 23:56:01,1113278161.0,hrl,13.44,12.05,1181.209961,8.92,3.130000000000001,0.26,17.44,0.87,2.93,4.97,8.07,9.75,17.83,35.1,4210000000.0,4490000000.0,15.61,1.70,0.91,9.07,0.91,1120000000.0,9.07,244310000.0,1.75,24.70,13.80,145210000.0,1.05,377260000.0,1.931,10.498,343520000.0,0.221,46.16,27.18,1240000.0,3.557,1.66,N/A,outperform
5035,2004-09-28 12:58:06,1096390686.0,hrl,11.63,23.65,1110.060059,9.62,14.03,0.283,15.99,0.80,2.68,5.04,8.26,9.61,17.98,32.769,3670000000.0,3850000000.0,15.73,1.86,0.84,8.13,0.84,1010000000.0,8.13,232180000.0,1.652,1.90,7.40,243600000.0,1.76,388000000.0,2.195,9.87,281760000.0,0.146,46.38,26.84,N/A,1.802,0.61,N/A,outperform
5036,2006-06-23 02:06:42,1151042802.0,hrl,16.34,2.63,1244.5,21.56,-18.93,0.233,18.92,0.90,2.98,4.80,7.65,9.81,16.86,40.712,5040000000.0,5350000000.0,N/A,1.89,0.95,9.501,0.95,1280000000.0,9.501,269430000.0,1.93,20.20,4.30,120640000.0,0.875,396170000.0,1.886,12.35,401820000.0,0.05,48.19,29.50,1080000.0,0.80,0.80,N/A,underperform
5037,2005-01-22 07:25:39,1106396739.0,hrl,13.49,10.9,1184.630005,8.48,2.42,0.27,18.86,0.90,3.10,4.85,7.89,9.41,17.41,34.101,4300000000.0,4380000000.0,16.32,1.80,0.92,9.27,0.92,1120000000.0,9.27,231660000.0,1.653,24.70,13.80,288880000.0,2.09,377270000.0,2.217,10.017,294730000.0,0.213,46.20,27.62,N/A,1.163,0.56,N/A,outperform
5038,2003-12-15 02:08:18,1071472098.0,hrl,11.32,15.99,1068.040039,12.67,3.3200000000000003,0.316,19.71,0.86,2.91,4.42,7.39,8.14,15.74,30.07,3630000000.0,3920000000.0,15.16,1.72,0.93,9.85,0.93,962850000.0,9.85,185780000.0,1.328,3.80,5.20,97980000.0,0.71,395270000.0,1.864,8.97,N/A,0.2,46.73,27.24,1180000.0,3.844,1.60,1300000.0,outperform
5039,2004-08-20 21:43:29,1093052609.0,pg,41.85,-0.69,1098.349976,11.1,-11.79,1.206,23.64,2.72,8.74,12.61,19.12,12.51,39.18,18.423,141000000000.0,156530000000.0,19.11,1.83,3.04,13.54,3.04,21240000000.0,13.54,6380000000.0,2.32,19.20,7.80,5890000000.0,2.29,20840000000.0,0.773,6.231,8900000000.0,0.135,1.00,57.59,9780000.0,1.842,0.38,14620000.0,underperform
5040,2004-06-21 23:35:14,1087875314.0,pg,42.15,-0.24,1130.300049,7.37,-7.61,1.007,12.81,2.87,8.45,12.28,18.55,12.39,37.98,35.3,71330000000.0,155830000000.0,10.86,2.05,3.16,14.29,3.16,21240000000.0,14.29,5930000000.0,4.331,19.20,7.80,5750000000.0,4.47,18410000000.0,1.011,13.037,8900000000.0,0.174,1.00,58.64,6390000.0,1.954,0.50,10010000.0,underperform
5041,2011-09-03 09:04:08,1315055048.0,pg,57.88,8.55,1218.890015,14.82,-6.27,47.08,15.92,2.11,2.63,14.29,19.16,7.42,18.23,29.44,202490000000.0,202490000000.0,13.57,1.53,2.45,10.85,2.45,41790000000.0,10.85,11560000000.0,3.93,14.90,10.20,2770000000.0,1.01,32009999999.999996,0.81,24.01,202490000000.0,0.48,0.03,58.10,26680000.0,1.80,N/A,22960000.0,underperform
5042,2005-12-22 07:20:25,1135254025.0,pg,45.96,10.79,1268.119995,11.25,-0.46000000000000085,2.05,21.49,2.39,10.60,12.71,19.37,11.56,44.66,23.221,139140000000.0,162350000000.0,N/A,1.93,2.81,12.444,2.81,28940000000.0,12.444,7210000000.0,2.72,4.50,7.60,8060000000.000001,3.389,29800000000.0,0.977,5.491,8980000000.0,N/A,3.48,59.10,32560000.000000004,3.9,1.40,33650000.0,underperform
5043,2006-06-17 20:45:37,1150591537.0,pg,43.31,16.21,1230.040039,23.81,-7.599999999999998,0.581,19.98,2.79,2.85,13.17,20.52,8.32,20.33,22.499,180550000000.0,209560000000.0,N/A,1.80,3.24,13.402,3.24,28940000000.0,13.402,8369999999.999999,2.75,37.00,20.70,10200000000.0,3.108,37750000000.0,1.328,19.261999,10320000000.0,0.76,0.14,59.20,13560000.0,1.2,0.40,14940000.0,underperform
5044,2013-04-25 02:44:06,1366872246.0,pg,73.68,9.62,1585.160034,17.55,-7.9300000000000015,49.65,17.50,2.69,3.42,15.50,19.77,7.51,17.51,30.36,250270000000.0,250270000000.0,17.69,2.50,3.00,12.72,3.00,41290000000.0,12.72,11170000000.0,4.41,140.10,2.00,6970000000.0,2.55,33430000000.0,0.98,23.99,14410000000.0,0.31,0.02,37.90,21330000.0,2.70,0.80,24740000.0,underperform
5045,2007-04-05 23:23:27,1175829807.0,pg,50.52,14.45,1443.76001,-5.08,19.53,0.554,22.43,2.70,3.17,13.14,20.75,6.97,14.68,22.973,198790000000.0,231050000000.0,N/A,1.64,3.14,12.673,3.14,35100000000.0,12.673,9520000000.0,2.81,12.40,7.60,5510000000.0,1.746,36180000000.0,0.789,19.881001,12030000000.0,0.96,3.78,59.30,21020000.0,2.4,0.70,15140000.0,outperform
5046,2012-06-25 18:51:21,1340664681.0,pg,55.24,33.56,1313.719971,20.88,12.680000000000003,50.24,18.21,1.92,2.56,11.29,18.73,7.37,14.51,30.92,194430000000.0,194430000000.0,14.96,2.32,2.28,10.15,2.28,41790000000.0,10.15,9410000000.0,3.26,16.10,1.50,3990000000.0,1.46,33110000000.0,0.86,23.38,13090000000.0,0.33,0.02,32.50,19840000.0,1.80,0.70,14110000.0,outperform
5047,2004-11-29 12:26:31,1101749191.0,pg,41.47,8.75,1178.569946,6.7,2.05,1.167,22.19,2.57,8.08,12.69,18.99,12.24,40.10,19.051,136070000000.0,152300000000.0,18.69,1.78,2.88,12.84,2.88,26330000000.0,12.84,6590000000.0,2.417,25.00,18.50,6720000000.0,2.65,21430000000.0,0.855,6.641,9670000000.0,0.213,1.00,58.38,10270000.0,1.526,0.41,10220000.0,outperform
5048,2011-11-06 20:59:05,1320631145.0,pg,57.92,12.28,1261.150024,12.38,-0.10000000000000142,51.57,16.01,2.06,2.72,13.92,18.55,7.24,18.23,30.28,205050000000.0,205050000000.0,13.76,1.72,2.43,11.06,2.43,41790000000.0,11.06,11500000000.0,3.94,1.90,8.90,3580000000.0,1.30,33850000000.0,0.83,23.27,205050000000.0,0.47,0.03,58.10,35440000.0,3.30,1.30,34160000.0,underperform
5049,2013-02-06 08:34:42,1360157682.0,pg,72.7,4.11,1512.119995,17.28,-13.170000000000002,49.65,17.18,2.48,3.16,15.50,19.77,7.51,17.51,30.36,233390000000.0,233390000000.0,17.24,2.30,2.80,11.87,2.80,41290000000.0,11.87,11170000000.0,4.41,140.10,2.00,6970000000.0,2.55,33430000000.0,0.98,23.99,14410000000.0,0.30,0.02,35.10,15560000.0,1.70,0.60,17430000.0,underperform
5050,2007-05-28 15:34:43,1180380883.0,pg,,,1515.72998,-8.6,,0.503,21.55,2.64,3.11,13.29,20.75,7.16,15.17,23.632,198260000000.0,228860000000.0,N/A,1.61,3.05,12.258,3.05,35100000000.0,12.258,9810000000.0,2.92,13.60,8.40,4230000000.0000005,1.343,33420000000.0,0.735,20.200001,13040000000.0,0.95,3.78,60.00,18230000.0,2.3,0.60,21020000.0,underperform
5051,2012-01-07 22:39:22,1325993962.0,pg,61.21,6.67,1277.300049,14.25,-7.58,51.57,16.86,2.17,2.86,13.92,18.55,7.24,18.23,30.28,214210000000.0,214210000000.0,14.55,1.81,2.54,11.55,2.54,41790000000.0,11.55,11500000000.0,3.94,1.90,8.90,3580000000.0,1.30,33850000000.0,0.83,23.27,12950000000.0,0.50,0.02,32.40,29350000.0,3.20,1.10,29680000.0,underperform
5052,2011-11-05 07:57:35,1320494255.0,pg,57.6,13.85,1237.900024,15.32,-1.4700000000000006,51.57,16.01,2.06,2.72,13.92,18.55,7.24,18.23,30.28,205550000000.0,205550000000.0,13.76,1.72,2.44,11.08,2.44,41790000000.0,11.08,11500000000.0,3.94,1.90,8.90,3580000000.0,1.30,33850000000.0,0.83,23.27,205550000000.0,0.47,0.03,58.10,35440000.0,3.30,1.30,34160000.0,underperform
5053,2004-12-15 09:14:17,1103120057.0,pg,43.02,7.21,1205.719971,5.41,1.7999999999999998,1.167,23.37,2.71,8.51,12.69,18.99,12.24,40.10,19.051,143300000000.0,159530000000.0,19.68,1.87,3.01,13.45,3.01,26330000000.0,13.45,6590000000.0,2.417,25.00,18.50,6720000000.0,2.65,21430000000.0,0.855,6.641,9670000000.0,0.218,1.00,58.23,10270000.0,1.526,0.41,10220000.0,outperform
5054,2012-03-16 01:47:52,1331876872.0,pg,62.11,18.05,1404.170044,10.71,7.34,51.45,19.90,2.19,2.96,11.86,18.42,7.30,15.56,30.68,217230000000.0,217230000000.0,15.38,1.98,2.55,11.69,2.55,41790000000.0,11.69,9860000000.0,3.40,49.30,3.70,4410000000.0,1.60,33390000000.0,0.79,22.90,13350000000.0,0.30,0.02,32.40,26680000.0,2.30,1.00,21740000.0,outperform
5055,2008-01-23 16:08:46,1201122526.0,pg,54.25,-11.76,1338.599976,-38.18,26.42,0.529,20.29,2.60,3.06,13.76,20.30,7.09,16.32,24.769,199660000000.0,234440000000.0,N/A,1.41,3.01,12.396,3.01,39790000000.0,12.396,10560000000.0,3.17,14.10,7.50,5000000000.0,1.609,35770000000.0,0.816,21.305,13710000000.0,0.61,0.05,58.70,31090000.0,3.2,1.00,23950000.0,outperform
5056,2005-02-07 03:04:36,1107763476.0,pg,40.45,15.2,1201.719971,4.42,10.78,1.169,20.94,2.55,8.02,12.81,19.16,12.09,40.18,19.6,133479999999.99998,149330000000.0,18.21,1.74,2.76,12.25,2.76,26330000000.0,12.25,6810000000.0,2.51,25.00,18.50,8170000000.0,3.24,23250000000.0,0.878,6.641,9670000000.0,0.204,0.56,56.78,9540000.0,1.958,0.38,9610000.0,outperform
5057,2011-11-06 19:33:28,1320626008.0,pg,57.92,12.28,1261.150024,12.38,-0.10000000000000142,51.57,16.01,2.06,2.72,13.92,18.55,7.24,18.23,30.28,205050000000.0,205050000000.0,13.76,1.72,2.43,11.06,2.43,41790000000.0,11.06,11500000000.0,3.94,1.90,8.90,3580000000.0,1.30,33850000000.0,0.83,23.27,205050000000.0,0.47,0.03,58.10,35440000.0,3.30,1.30,34160000.0,underperform
5058,2005-01-09 05:57:35,1105268255.0,pg,42.42,8.89,1187.890015,8.61,0.28000000000000114,1.167,23.14,2.65,8.33,12.69,18.99,12.24,40.10,19.051,141850000000.0,158080000000.0,19.42,1.87,2.99,13.33,2.99,26330000000.0,13.33,6590000000.0,2.417,25.00,18.50,6720000000.0,2.65,21430000000.0,0.855,6.641,9670000000.0,0.204,0.56,58.21,9610000.0,1.847,0.38,10270000.0,outperform
5059,2006-08-13 08:08:54,1155470934.0,pg,47.86,8.9,1271.810059,14.24,-5.34,0.606,22.80,2.89,3.13,12.73,19.42,8.40,21.61,21.918,197200000000.0,228930000000.0,N/A,1.61,3.36,14.42,3.36,28940000000.0,14.42,8680000000.0,2.643,26.80,25.10,7830000000.0,2.392,38100000000.0,1.217,19.224001,11380000000.0,0.77,0.14,57.30,15630000.0,1.8,0.50,12040000.0,underperform
5060,2013-09-01 19:40:02,1378078802.0,pg,74.94,10.9,1638.170044,22.29,-11.389999999999999,45.91,20.18,2.52,3.17,13.44,18.71,7.25,17.18,30.69,238700000000.0,238700000000.0,16.68,2.25,2.84,12.75,2.84,41740000000.0,12.75,11070000000.0,3.86,48.40,2.20,5950000000.0,2.17,31540000000.0,0.80,24.41,14870000000.0,0.34,0.02,34.40,19070000.0,2.80,0.70,19470000.0,underperform
5061,2008-10-28 23:38:18,1225251498.0,pg,52.77,-6.61,940.51001,10.86,-17.47,0.528,17.37,2.08,2.55,14.46,20.46,7.57,17.72,27.104,191860000000.0,208570000000.0,N/A,1.30,2.50,10.3,2.50,42810000000.0,10.3,11900000000.0,3.641,33.00,10.30,3540000000.0,1.167,36670000000.0,0.792,22.464001,15810000000.0,0.52,0.05,60.60,32840000.000000004,1.7,1.10,40990000.0,underperform
5062,2012-09-05 09:49:34,1346852974.0,pg,63.21,18.3,1403.439941,17.93,0.370000000000001,46.50,18.43,2.22,2.98,12.85,19.02,7.35,14.11,30.42,212350000000.0,212350000000.0,16.01,2.08,2.54,11.10,2.54,41290000000.0,11.10,8910000000.0,3.66,44.70,1.20,4440000000.0,1.61,29780000000.0,0.88,22.65,13280000000.0,0.28,0.02,32.50,18590000.0,1.90,N/A,18410000.0,outperform
5063,2005-12-29 17:41:52,1135896112.0,pg,45.67,12.33,1254.420044,13.06,-0.7300000000000004,2.05,21.40,2.41,10.66,12.71,19.37,11.56,44.66,23.221,138520000000.0,163210000000.0,N/A,1.93,2.82,12.509,2.82,28940000000.0,12.509,7210000000.0,2.72,4.50,7.60,8060000000.000001,3.389,29800000000.0,0.977,5.491,8980000000.0,N/A,3.48,59.10,32560000.000000004,3.9,1.40,33650000.0,underperform
5064,2007-04-28 09:51:41,1177768301.0,pg,51.23,7.46,1495.420044,-7.13,14.59,0.554,22.42,2.70,3.17,13.14,20.75,6.97,14.68,22.973,198730000000.0,230830000000.0,N/A,1.63,3.14,12.661,3.14,35100000000.0,12.661,9520000000.0,2.81,12.40,7.60,5510000000.0,1.746,36180000000.0,0.789,19.881001,12030000000.0,0.96,3.78,59.40,18230000.0,2.3,0.60,21020000.0,outperform
5065,2007-01-11 22:35:30,1168572930.0,pg,51.59,10.85,1423.819946,-1.6,12.45,0.591,24.03,2.82,3.26,12.95,20.52,9.31,23.88,22.285,204830000000.0,234960000000.0,N/A,1.76,3.25,13.215,3.25,35100000000.0,13.215,9200000000.0,2.69,33.00,27.00,7760000000.0,2.448,37710000000.0,1.239,19.684,12160000000.0,0.89,0.12,59.10,15070000.0,2.6,0.50,16280000.000000002,outperform
5066,2012-10-20 21:00:40,1350781240.0,pg,65.79,17.92,1460.910034,18.63,-0.7099999999999973,46.50,18.75,2.29,3.07,12.85,19.02,7.35,14.11,30.42,215570000000.0,215570000000.0,16.21,2.15,2.58,11.27,2.58,41290000000.0,11.27,8910000000.0,3.66,44.70,1.20,4440000000.0,1.61,29780000000.0,0.88,22.65,13280000000.0,0.27,0.02,35.10,22970000.0,2.40,0.80,19450000.0,underperform
5067,2007-02-18 15:42:45,1171831365.0,pg,52.12,,1456.810059,-7.33,,0.554,23.16,2.79,3.27,13.14,20.75,6.97,14.68,22.973,205320000000.0,237430000000.0,N/A,1.69,3.23,13.023,3.23,35100000000.0,13.023,9520000000.0,2.81,12.40,7.60,5510000000.0,1.746,36180000000.0,0.789,19.881001,12030000000.0,0.89,3.78,58.80,15940000.0,2.4,0.50,15070000.0,underperform
5068,2011-09-25 01:41:59,1316929319.0,pg,55.6,17.86,1129.560059,28.98,-11.120000000000001,47.08,15.59,2.04,2.55,14.29,19.16,7.42,18.23,29.44,198920000000.0,198920000000.0,13.29,1.61,2.41,10.66,2.41,41790000000.0,10.66,11560000000.0,3.93,14.90,10.20,2770000000.0,1.01,32009999999.999996,0.81,24.01,198920000000.0,0.48,0.03,58.10,31820000.0,2.10,1.20,26680000.0,underperform
5069,2006-08-13 11:39:28,1155483568.0,pg,47.86,8.9,1271.810059,14.24,-5.34,0.606,22.80,2.89,3.13,12.73,19.42,8.40,21.61,21.918,197200000000.0,228930000000.0,N/A,1.61,3.36,14.42,3.36,28940000000.0,14.42,8680000000.0,2.643,26.80,25.10,7830000000.0,2.392,38100000000.0,1.217,19.224001,11380000000.0,0.77,0.14,57.30,15630000.0,1.8,0.50,12040000.0,underperform
5070,2008-12-18 00:49:57,1229579397.0,pg,50.33,5.3,885.2800289999999,24.53,-19.23,0.611,16.17,2.16,2.91,14.47,20.33,7.68,18.69,27.936,181230000000.0,220300000000.0,N/A,1.44,2.58,10.707,2.58,42810000000.0,10.707,12160000000.0,3.75,8.70,9.00,4500000000.0,1.508,39450000000.0,0.656,21.171,15840000000.0,0.47,0.05,59.80,36490000.0,1.2,1.20,72350000.0,underperform
5071,2008-12-25 06:59:17,1230206357.0,pg,,,871.6300050000001,28.27,,0.611,16.09,2.09,2.83,14.47,20.33,7.68,18.69,27.936,180310000000.0,216620000000.0,N/A,1.40,2.54,10.529,2.54,42810000000.0,10.529,12160000000.0,3.75,8.70,9.00,4500000000.0,1.508,39450000000.0,0.656,21.171,15840000000.0,0.47,0.05,59.80,36490000.0,1.2,1.20,72350000.0,underperform
5072,2007-06-30 05:05:59,1183194359.0,pg,49.54,3.51,1506.339966,-14.82,18.33,0.503,20.95,2.57,3.04,13.29,20.75,7.16,15.17,23.632,192680000000.0,223290000000.0,N/A,1.73,2.98,11.959,2.98,35100000000.0,11.959,9810000000.0,2.92,13.60,8.40,4230000000.0000005,1.343,33420000000.0,0.735,20.200001,13040000000.0,0.88,3.78,59.70,19360000.0,1.8,0.60,14210000.0,outperform
5073,2012-07-14 19:10:51,1342307451.0,pg,57.18,35.9,1341.449951,24.87,11.029999999999998,50.24,19.95,2.04,2.72,11.29,18.73,7.37,14.51,30.92,208850000000.0,208850000000.0,16.65,2.60,2.45,10.90,2.45,41790000000.0,10.90,9410000000.0,3.26,16.10,1.50,3990000000.0,1.46,33110000000.0,0.86,23.38,13090000000.0,0.32,0.02,32.50,18990000.0,1.60,0.70,20230000.0,outperform
5074,2005-01-04 11:27:08,1104856028.0,pg,41.78,10.2,1188.050049,7.19,3.009999999999999,1.167,22.83,2.64,8.29,12.69,18.99,12.24,40.10,19.051,140000000000.0,154710000000.0,19.23,1.83,2.92,13.04,2.92,26330000000.0,13.04,6590000000.0,2.417,N/A,N/A,6720000000.0,2.65,21430000000.0,0.855,6.641,N/A,0.204,1.00,58.22,9610000.0,1.847,0.38,10270000.0,outperform
5075,2011-08-14 06:11:50,1313316710.0,bxp,87.61,13.07,1172.640015,19.74,-6.669999999999998,147.28,97.54,8.79,3.09,8.73,38.12,2.99,3.23,11.78,21820000000.0,21820000000.0,19.53,1.79,13.06,21.19,13.06,1020000000.0,21.19,145890000.0,1.03,2.00,11.00,780580000.0,5.33,7940000000.0,6.64,32.50,21820000000.0,1.47,1.59,100.20,10190000.0,10.70,7.40,10450000.0,underperform
5076,2008-12-11 23:39:39,1229056779.0,bxp,40.68,39.55,873.590027,26.65,12.899999999999999,1.677,17.74,4.98,1.98,23.57,39.75,3.29,7.34,12.09,6130000000.0,13260000000.0,N/A,2.23,9.17,15.18,9.17,998680000.0,15.18,301760000.0,2.88,80.00,4.20,55600000.0,0.464,6110000000.0,2.335,30.410999,539210000.0,1.46,8.81,105.00,10620000.0,3.9,9.10,10590000.0,outperform
5077,2013-04-23 04:45:10,1366706710.0,bxp,98.47,13.41,1578.780029,18.79,-5.379999999999999,152.52,56.58,8.65,3.27,15.04,36.63,2.92,5.14,12.83,24520000000.0,24520000000.0,19.44,2.95,12.74,21.17,12.74,1190000000.0,21.17,255890000.0,1.92,52.50,3.10,1040000000.0,6.87,8910000000.0,4.60,33.62,642950000.0,0.84,0.84,102.70,5560000.0,4.90,4.50,6000000.0,underperform
5078,2013-04-25 03:23:44,1366874624.0,bxp,98.13,13.8,1585.160034,17.55,-3.75,152.52,56.33,8.54,3.22,15.04,36.63,2.92,5.14,12.83,24520000000.0,24520000000.0,19.35,2.96,12.74,21.17,12.74,1190000000.0,21.17,255890000.0,1.92,52.50,3.10,1040000000.0,6.87,8910000000.0,4.60,33.62,642950000.0,0.84,0.84,102.70,5560000.0,4.90,4.50,6000000.0,underperform
5079,2008-02-28 13:49:41,1204224581.0,bxp,68.84,-56.55,1367.680054,-46.25,-10.299999999999997,1.497,8.23,7.63,2.94,93.75,40.59,3.43,31.87,11.89,10790000000.0,14770000000.0,N/A,6.47,10.45,17.127,10.45,980230000.0,17.127,1100000000.0,10.97,70.40,2.20,1510000000.0,12.61,5490000000.0,1.819,30.701,N/A,1.16,14.71,94.90,7810000.0,6.70,6.70,7980000.0,underperform
5080,2005-04-19 22:08:16,1113962896.0,bxp,40.28,48.01,1152.780029,13.63,34.379999999999995,1.707,26.28,4.93,2.35,22.53,21.95,3.50,8.82,12.876,6920000000.0,11680000000.0,14.15,4.97,8.34,13.49,8.34,925720000.0,13.49,255440000.0,2.39,22.30,6.90,239340000.0,2.17,5010000000.0,N/A,26.614,429510000.0,0.235,15.02,89.07,2790000.0,6.798,2.97,2440000.0,outperform
5081,2006-10-23 12:35:46,1161621346.0,bxp,71.47,6.55,1377.02002,10.35,-3.8,1.354,13.52,8.20,3.34,62.04,43.57,4.22,26.17,12.937,11950000000.0,16390000000.0,N/A,6.39,11.25,18.156,11.25,947610000.0,18.156,852710000.0,7.73,278.10,3.70,370400000.0,3.241,4830000000.0,4.818,31.250999,523980000.0,0.82,17.49,97.30,3360000.0,3.00,3.00,3240000.0,underperform
5082,2006-06-23 18:40:54,1151102454.0,bxp,58.28,28.36,1244.5,21.56,6.800000000000001,1.598,22.49,6.92,3.36,30.80,43.50,4.42,13.60,12.912,9990000000.0,14660000000.0,N/A,5.25,10.15,16.386,10.15,947610000.0,16.386,399150000.0,3.89,10.60,0.50,32210000.0,0.282,4700000000.0,1.518,26.049,471580000.0,0.83,17.51,92.80,3070000.0,4.8,2.80,2790000.0,outperform
5083,2005-01-28 23:13:32,1106972012.0,bxp,36.85,38.75,1171.359985,7.97,30.78,1.707,24.30,4.53,2.14,22.53,21.95,3.50,8.82,12.876,6330000000.0,11050000000.0,13.00,2.74,7.89,12.77,7.89,856740000.0,12.77,255440000.0,2.386,17.80,6.10,239340000.0,2.17,5010000000.0,N/A,26.542,452910000.0,0.236,17.06,87.16,2350000.0,6.903,2.56,2350000.0,outperform
5084,2003-10-27 11:09:37,1067270977.0,bxp,26.47,40.88,1031.130005,7.75,33.13,2.065,8.74,3.20,1.82,39.99,23.94,6.36,22.06,13.727,4240000000.0,8900000000.0,10.83,1.68,6.66,11.07,6.66,818250000.0,11.07,482930000.0,4.983,113.60,19.50,158590000.0,1.63,4820000000.0,N/A,24.06,N/A,0.259,18.94,87.94,N/A,2.761,1.11,N/A,outperform
5085,2007-12-14 03:30:47,1197621047.0,bxp,67.36,-28.99,1467.949951,-38.74,9.750000000000004,1.244,9.08,7.99,2.69,86.96,41.10,3.62,27.07,12.379,11490000000.0,15210000000.0,N/A,5.31,10.39,17.06,10.39,980230000.0,17.06,1110000000.0,10.62,124.50,4.70,1890000000.0,15.882,5410000000.0,3.532,36.459,598070000.0,1.52,7.00,98.60,5020000.0,4.5,4.30,4790000.0,outperform
5086,2012-07-25 18:44:37,1343256277.0,bxp,97.02,2.25,1337.890015,26.34,-24.09,142.89,54.49,8.65,3.27,15.77,39.02,3.27,5.83,12.76,23630000000.0,23630000000.0,20.74,3.48,12.57,20.38,12.57,1140000000.0,20.38,280350000.0,2.00,58.40,8.00,591200000.0,3.95,7960000000.0,4.05,33.22,643300000.0,1.06,1.07,106.70,7330000.0,8.10,5.90,6910000.0,underperform
5087,2005-09-09 19:25:53,1126308353.0,bxp,46.88,44.94,1241.47998,4.73,40.209999999999994,1.6,22.83,5.55,2.62,24.74,43.56,4.35,11.68,13.184,8080000000.0,12420000000.0,N/A,5.73,8.59,13.788,8.59,925720000.0,13.788,342990000.0,3.17,90.00,5.10,507180000.0,4.544,4900000000.0,1.557,27.483,423900000.0,N/A,42.51,90.70,4160000.0,3.90,3.90,3240000.0,outperform
5088,2013-01-30 10:13:35,1359558815.0,xom,85.83,6.5,1501.959961,19.46,-12.96,7.21,9.70,0.98,2.51,10.40,11.50,9.31,28.16,90.96,417730000000.0,417730000000.0,11.51,3.88,0.98,6.44,0.98,179630000000.0,6.44,44330000000.0,9.46,7.40,7.70,13060000000.0,2.86,12420000000.0,1.03,36.56,53700000000.0,0.87,0.13,47.00,30940000.0,2.20,0.70,27500000.0,underperform
5089,2013-01-16 01:39:08,1358318348.0,xom,84.69,13.63,1472.630005,25.35,-11.72,7.21,9.47,0.96,2.45,10.40,11.50,9.31,28.16,90.96,407790000000.0,407790000000.0,11.29,3.84,0.96,6.29,0.96,179630000000.0,6.29,44330000000.0,9.46,7.40,7.70,13060000000.0,2.86,12420000000.0,1.03,36.56,53700000000.0,0.87,0.13,47.00,27500000.0,1.90,0.60,35990000.0,underperform
5090,2011-05-21 07:21:57,1305976917.0,xom,74.49,2.75,1340.680054,-2.67,5.42,10.08,11.62,1.11,2.68,9.56,12.82,10.38,25.97,73.60,408610000000.0,408610000000.0,8.94,1.46,1.12,6.60,1.12,149470000000.0,6.60,34810000000.0,7.02,69.00,26.40,12830000000.0,2.61,15880000000.0,0.98,30.75,52220000000.0,0.41,0.09,49.30,29120000.0,1.90,0.60,26430000.0,outperform
5091,2011-09-25 01:21:05,1316928065.0,xom,63.53,36.01,1129.560059,28.98,7.029999999999998,10.19,9.14,0.86,2.16,9.66,12.74,10.13,25.32,78.67,343440000000.0,343440000000.0,7.80,1.24,0.88,5.22,0.88,149470000000.0,5.22,37930000000.0,7.59,41.30,36.30,10040000000.0,2.07,16489999999.999998,0.97,31.99,343440000000.0,0.45,0.09,49.30,45960000.0,1.40,0.90,38120000.0,outperform
5092,2008-12-18 11:56:40,1229619400.0,xom,66.03,-9.36,885.2800289999999,24.53,-33.89,0.082,8.77,0.89,3.29,10.57,16.53,19.46,40.23,88.396,412320000000.0,384150000000.0,N/A,4.15,0.83,4.313,0.83,171700000000.0,4.313,49060000000.0,9.24,57.60,34.70,38430000000.0,7.556,10260000000.0,1.42,24.629999,60580000000.0,0.5,0.07,50.60,40180000.0,0.6,0.80,38520000.0,underperform
5093,2008-12-15 01:12:02,1229321522.0,xom,68.56,-11.48,868.570007,27.56,-39.04,0.082,8.70,0.88,3.25,10.57,16.53,19.46,40.23,88.396,409220000000.0,381050000000.0,N/A,4.01,0.82,4.278,0.82,171700000000.0,4.278,49060000000.0,9.24,57.60,34.70,38430000000.0,7.556,10260000000.0,1.42,24.629999,60580000000.0,0.5,0.07,50.60,40180000.0,0.6,0.80,38520000.0,underperform
5094,2011-01-15 18:15:24,1295133324.0,xom,69.02,13.31,1285.959961,0.74,12.57,12.61,13.78,1.17,2.67,8.27,11.49,8.95,21.61,68.48,387200000000.0,387200000000.0,11.76,1.08,1.17,7.51,1.17,124750000000.0,7.51,27260000000.0,5.65,55.40,16.10,12260000000.0,2.43,18290000000.0,1.01,28.76,43860000000.0,0.42,0.08,48.90,36930000.0,1.80,0.80,34190000.0,outperform
5095,2010-10-09 02:49:59,1286606999.0,xom,57.27,18.39,1159.969971,0.43,17.96,14.58,12.43,1.02,2.32,7.75,11.02,8.49,19.97,67.01,332730000000.0,332730000000.0,10.19,0.94,1.05,6.96,1.05,124750000000.0,6.96,24640000000.0,5.18,91.40,25.00,13270000000.0,2.61,20430000000.0,1.08,27.53,39610000000.0,0.38,0.08,48.90,33560000.0,1.60,0.70,31900000.0,outperform
5096,2011-06-24 23:04:37,1308971077.0,xom,69.97,13.48,1268.449951,6.88,6.6000000000000005,10.08,10.93,1.06,2.55,9.56,12.82,10.38,25.97,73.60,389450000000.0,389450000000.0,8.47,1.41,1.07,6.29,1.07,149470000000.0,6.29,34810000000.0,7.02,69.00,26.40,12830000000.0,2.61,15880000000.0,0.98,30.75,52220000000.0,0.42,0.09,49.30,29910000.0,1.60,0.60,26460000.0,outperform
5097,2012-03-02 12:14:06,1330708446.0,xom,80.12,6.45,1369.630005,10.69,-4.239999999999999,10.60,10.31,0.94,2.66,9.47,12.48,10.68,26.93,89.02,413620000000.0,413620000000.0,9.57,1.20,0.95,5.94,0.95,179630000000.0,5.94,41060000000.0,8.42,1.60,15.00,12660000000.0,2.69,17030000000.000002,0.94,32.61,55340000000.0,0.57,0.11,49.20,30340000.0,1.80,0.60,36820000.0,underperform
5098,2011-05-09 04:21:31,1304929291.0,xom,75.36,3.48,1346.290039,1.29,2.19,9.83,11.78,1.11,2.80,9.53,13.14,N/A,N/A,73.86,414520000000.0,414520000000.0,9.23,0.98,1.14,6.56,1.14,149470000000.0,6.56,34810000000.0,7.02,69.00,31.10,7830000000.0,1.59,15010000000.0,N/A,29.49,N/A,0.41,0.09,49.30,26430000.0,1.50,0.50,25620000.0,outperform
5099,2007-10-14 02:00:41,1192341641.0,xom,77.64,-19.72,1554.410034,-35.45,15.730000000000004,0.076,13.38,1.40,4.42,11.00,16.49,16.81,34.71,64.195,518460000000.00006,498300000000.0,N/A,1.88,1.36,6.887,1.36,164380000000.0,6.887,40280000000.0,6.99,1.00,1.00,28960000000.0,5.221,8790000000.0,1.555,20.978001,48960000000.0,1.26,0.09,51.30,41630000.0,1.7,0.80,48170000.0,outperform
5100,2011-06-17 23:55:19,1308369319.0,xom,72.01,4.64,1271.5,3.41,1.2299999999999995,10.08,11.25,1.07,2.58,9.56,12.82,10.38,25.97,73.60,393290000000.0,393290000000.0,8.71,1.40,1.08,6.35,1.08,149470000000.0,6.35,34810000000.0,7.02,69.00,26.40,12830000000.0,2.61,15880000000.0,0.98,30.75,52220000000.0,0.42,0.09,49.30,29910000.0,1.60,0.60,26460000.0,outperform
5101,2011-09-25 21:08:32,1316999312.0,xom,63.53,36.01,1129.560059,28.98,7.029999999999998,10.19,9.14,0.86,2.16,9.66,12.74,10.13,25.32,78.67,343440000000.0,343440000000.0,7.80,1.24,0.88,5.22,0.88,149470000000.0,5.22,37930000000.0,7.59,41.30,36.30,10040000000.0,2.07,16489999999.999998,0.97,31.99,343440000000.0,0.45,0.09,49.30,45960000.0,1.40,0.90,38120000.0,outperform
5102,2005-01-16 07:46:13,1105879573.0,xom,40.22,,1177.449951,9.36,,0.106,14.21,1.16,3.42,8.40,13.31,13.24,25.93,42.791,329470000000.0,323470000000.0,14.76,1.96,1.15,6.79,1.15,116810000000.0,6.79,23560000000.0,3.594,87.70,20.70,16110000000.0,2.5,10110000000.0,1.311,14.795,35040000000.0,0.397,0.71,52.75,22480000.0,1.919,0.35,19200000.0,underperform
5103,2010-01-05 16:33:34,1262727214.0,xom,60.91,10.52,1136.52002,12.32,-1.8000000000000007,N/A,16.08,1.22,3.06,7.84,10.45,7.22,18.10,55.239,325250000000.0,325250000000.0,N/A,5.07,1.21,8.141,1.21,188550000000.0,8.141,21050000000.0,4.293,68.10,41.30,12620000000.0,2.659,9600000000.0,1.083,22.594999,30420000000.0,0.33,0.06,48.10,27080000.0,1.2,0.50,28500000.0,underperform
5104,2004-08-20 21:58:50,1093053530.0,xom,35.8,31.2,1098.349976,11.1,20.1,0.105,13.85,1.11,3.14,8.15,12.79,12.41,24.38,40.05,294370000000.0,288990000000.0,16.51,1.65,1.09,6.66,1.09,116810000000.0,6.66,21530000000.0,3.268,87.70,20.70,14180000000.0,2.18,9830000000.0,1.315,14.378,31290000000.0,0.375,0.71,52.28,32799999.999999996,2.817,0.51,30110000.0,outperform
5105,2011-05-26 16:05:41,1306440341.0,xom,75.08,2.16,1325.689941,-0.59,2.75,10.08,11.66,1.11,2.67,9.56,12.82,10.38,25.97,73.60,406790000000.0,406790000000.0,8.95,1.43,1.12,6.57,1.12,149470000000.0,6.57,34810000000.0,7.02,69.00,26.40,12830000000.0,2.61,15880000000.0,0.98,30.75,52220000000.0,0.41,0.09,49.30,26460000.0,1.50,0.50,29120000.0,outperform
5106,2008-10-28 14:50:36,1225219836.0,xom,63.85,0.89,940.51001,10.86,-9.969999999999999,0.077,8.51,0.80,2.75,10.17,15.72,17.04,36.19,80.367,357350000000.0,313210000000.0,N/A,1.04,0.73,3.915,0.73,171700000000.0,3.915,43640000000.0,8.081,13.80,40.30,39700000000.0,7.643,9640000000.0,1.346,24.033001,61240000000.0,0.86,0.06,51.40,34680000.0,0.70,0.70,31420000.0,underperform
5107,2011-03-13 18:29:33,1300055373.0,xom,73.73,7.69,1295.109985,5.87,1.8200000000000003,9.83,13.20,1.18,2.76,8.89,12.01,9.60,23.43,70.13,410720000000.0,410720000000.0,10.01,1.08,1.20,7.35,1.20,149470000000.0,7.35,30460000000.0,6.22,52.90,16.00,7830000000.0,1.58,15010000000.0,0.94,29.49,48410000000.0,0.43,0.08,48.90,29730000.0,1.30,0.60,32049999.999999996,outperform
5108,2004-10-18 20:48:16,1098146896.0,xom,38.57,17.86,1114.02002,5.76,12.1,0.105,14.92,1.21,3.41,8.15,12.79,12.41,24.38,40.05,317140000000.0,314550000000.0,15.28,1.67,1.19,7.25,1.19,116810000000.0,7.25,21530000000.0,3.268,87.70,20.70,14180000000.0,2.18,9830000000.0,1.315,14.378,31290000000.0,0.372,0.71,52.42,31150000.0,2.803,0.48,21230000.0,outperform
5109,2010-07-26 21:48:10,1280195290.0,xom,53.7,43.18,1115.01001,19.46,23.72,N/A,13.76,0.93,2.49,6.98,10.22,8.27,19.16,63.05,276190000000.0,276190000000.0,8.99,0.67,0.92,6.39,0.92,124750000000.0,6.39,21030000000.0,4.39,38.50,42.80,13830000000.0,2.94,9450000000.0,1.07,23.96,32570000000.0,0.38,0.07,45.00,41320000.0,1.10,0.90,104570000.0,outperform
5110,2012-07-02 06:44:12,1341225852.0,xom,79.75,9.03,1365.51001,18.2,-9.17,9.54,10.33,0.88,2.47,9.00,11.89,9.90,25.55,92.12,397120000000.0,397120000000.0,10.02,1.08,0.90,5.81,0.90,179630000000.0,5.81,39860000000.0,8.28,11.30,9.20,18670000000.0,3.99,15650000000.0,0.95,33.58,57780000000.0,0.76,0.13,49.30,44120000.0,2.40,0.90,40320000.0,underperform
5111,2011-06-10 22:30:13,1307759413.0,xom,72.7,3.05,1270.97998,3.47,-0.4200000000000004,10.08,11.36,1.10,2.64,9.56,12.82,10.38,25.97,73.60,402940000000.0,402940000000.0,8.79,1.43,1.11,6.51,1.11,149470000000.0,6.51,34810000000.0,7.02,69.00,26.40,12830000000.0,2.61,15880000000.0,0.98,30.75,52220000000.0,0.42,0.09,49.30,26460000.0,1.50,0.50,29120000.0,underperform
5112,2008-12-17 05:06:10,1229508370.0,xom,69.51,-13.88,904.419983,21.19,-35.07,0.082,8.99,0.88,3.25,10.57,16.53,19.46,40.23,88.396,422900000000.0,378510000000.0,N/A,3.99,0.82,4.249,0.82,171700000000.0,4.249,49060000000.0,9.24,57.60,34.70,38430000000.0,7.556,10260000000.0,1.42,24.629999,60580000000.0,0.5,0.07,50.60,40180000.0,0.6,0.80,38520000.0,underperform
5113,2011-11-07 00:20:53,1320643253.0,xom,72.81,18.34,1261.119995,13.26,5.08,10.19,9.48,0.89,2.46,9.64,13.84,N/A,N/A,86.08,382790000000.0,382790000000.0,9.33,1.38,0.90,5.13,0.90,149470000000.0,5.13,40910000000.0,8.28,40.50,36.40,10040000000.0,2.10,16489999999.999998,N/A,31.99,382790000000.0,0.53,0.09,49.30,50360000.0,1.90,1.00,49950000.0,outperform
5114,2012-09-18 08:43:58,1347972238.0,xom,86.2,0.38,1459.319946,18.24,-17.86,9.28,9.68,0.98,2.61,10.37,11.44,9.48,29.02,91.62,423830000000.0,423830000000.0,11.26,1.48,0.98,6.48,0.98,179630000000.0,6.48,45090000000.0,9.49,49.00,7.10,17800000000.0,3.86,15580000000.0,1.04,35.27,55100000000.0,0.81,0.13,49.30,41290000.0,3.80,0.90,41180000.0,underperform
5115,2010-08-09 00:50:45,1281329445.0,xom,55.53,17.56,1127.790039,3.97,13.589999999999998,N/A,11.96,0.99,2.62,7.67,11.51,N/A,N/A,67.68,311170000000.0,311170000000.0,9.19,0.69,0.97,6.27,0.97,124750000000.0,6.27,24640000000.0,5.18,91.40,38.70,13830000000.0,2.72,9450000000.0,N/A,23.96,N/A,0.40,0.07,45.00,27390000.0,0.70,0.60,41320000.0,outperform
5116,2004-01-18 01:39:10,1074407950.0,xom,31.29,,1132.050049,4.63,,0.115,15.07,1.12,3.18,7.60,11.82,11.30,22.77,35.387,267700000000.0,266300000000.0,18.06,2.19,1.12,7.19,1.12,112640000000.0,7.19,18000000000.0,2.688,25.20,4.20,11020000000.0,1.67,9620000000.0,1.112,12.67,N/A,0.407,0.80,52.08,24810000.0,2.05,0.38,19500000.0,underperform
5117,2010-10-28 04:23:11,1288254191.0,xom,59.31,26.05,1183.780029,8.56,17.490000000000002,14.58,12.68,1.07,2.42,7.75,11.02,8.49,19.97,67.01,345920000000.0,345920000000.0,10.42,1.01,1.09,7.24,1.09,124750000000.0,7.24,24640000000.0,5.18,91.40,25.00,13270000000.0,2.61,20430000000.0,1.08,27.53,39610000000.0,0.38,0.08,48.90,31670000.0,1.60,0.70,33560000.0,outperform
5118,2012-03-23 17:57:03,1332539823.0,xom,79.4,6.35,1397.109985,11.57,-5.220000000000001,10.60,10.19,0.93,2.62,9.47,12.48,10.68,26.93,89.02,410130000000.0,410130000000.0,9.65,1.50,0.95,5.88,0.95,179630000000.0,5.88,41060000000.0,8.42,1.60,15.00,12660000000.0,2.69,17030000000.000002,0.94,32.61,55340000000.0,0.57,0.11,49.20,31410000.0,2.00,0.60,30340000.0,underperform
5119,2011-02-06 22:53:36,1297050816.0,xom,75.2,5.25,1307.099976,2.85,2.4,12.61,14.74,1.28,2.90,8.27,11.49,8.95,21.61,68.48,426630000000.0,426630000000.0,10.31,1.06,1.29,8.27,1.29,124750000000.0,8.27,27260000000.0,5.65,55.40,16.10,12260000000.0,2.43,18290000000.0,1.01,28.76,43860000000.0,0.41,0.08,48.90,38140000.0,2.10,0.80,35460000.0,outperform
5120,2011-04-24 03:03:15,1303628595.0,xom,78.25,1.64,1337.380005,2.21,-0.5700000000000001,9.83,13.88,1.24,2.90,8.89,12.01,9.60,23.43,70.13,431890000000.0,431890000000.0,9.54,0.99,1.26,7.73,1.26,149470000000.0,7.73,30460000000.0,6.22,52.90,16.00,7830000000.0,1.58,15010000000.0,0.94,29.49,48410000000.0,0.43,0.09,49.30,25620000.0,1.30,N/A,27760000.0,underperform
5121,2011-01-23 03:36:43,1295771803.0,xom,70.07,15.21,1280.26001,2.79,12.420000000000002,12.61,13.98,1.19,2.70,8.27,11.49,8.95,21.61,68.48,404300000000.0,404300000000.0,11.67,1.09,1.23,7.84,1.23,124750000000.0,7.84,27260000000.0,5.65,55.40,16.10,12260000000.0,2.43,18290000000.0,1.01,28.76,43860000000.0,0.42,0.08,48.90,35460000.0,1.90,0.80,36930000.0,outperform
5122,2013-05-16 17:56:57,1368741417.0,xom,87.01,14.16,1650.469971,13.78,0.3800000000000008,7.75,9.28,0.98,2.43,10.86,13.46,10.17,28.26,90.55,407990000000.0,407990000000.0,11.07,6.24,0.99,5.68,0.99,178620000000.0,5.68,44930000000.0,9.83,0.50,13.00,6210000000.0,1.40,13410000000.0,0.89,37.56,50480000000.0,0.86,0.14,50.20,48200000.0,3.60,1.10,40700000.0,outperform
5123,2011-04-29 11:57:49,1304092669.0,xom,79.71,1.12,1363.609985,1.99,-0.8699999999999999,9.83,14.04,1.26,2.96,8.89,12.01,9.60,23.43,70.13,440670000000.0,440670000000.0,9.73,1.07,1.29,7.88,1.29,149470000000.0,7.88,30460000000.0,6.22,52.90,16.00,7830000000.0,1.58,15010000000.0,0.94,29.49,48410000000.0,0.43,0.09,49.30,25620000.0,1.30,N/A,27760000.0,underperform
5124,2010-10-14 09:33:18,1287063198.0,xom,58.49,22.53,1173.810059,4.33,18.200000000000003,14.58,12.56,1.04,2.36,7.75,11.02,8.49,19.97,67.01,338340000000.0,338340000000.0,10.29,0.94,1.06,7.08,1.06,124750000000.0,7.08,24640000000.0,5.18,91.40,25.00,13270000000.0,2.61,20430000000.0,1.08,27.53,39610000000.0,0.38,0.08,48.90,33560000.0,1.60,0.70,31900000.0,outperform
5125,2011-11-02 04:46:48,1320223608.0,xom,70.99,21.36,1237.900024,15.32,6.039999999999999,10.19,9.17,0.88,2.44,9.64,13.84,N/A,N/A,86.08,380730000000.0,380730000000.0,9.02,1.60,0.90,5.10,0.90,149470000000.0,5.10,40910000000.0,8.28,40.50,36.40,10040000000.0,2.10,16489999999.999998,N/A,31.99,380730000000.0,0.46,0.09,49.30,50360000.0,1.90,1.00,49950000.0,outperform
5126,2011-03-21 21:12:30,1300756350.0,xom,75.06,7.07,1298.380005,8.25,-1.1799999999999997,9.83,13.32,1.17,2.74,8.89,12.01,9.60,23.43,70.13,410720000000.0,410720000000.0,9.93,1.01,1.20,7.35,1.20,149470000000.0,7.35,30460000000.0,6.22,52.90,16.00,7830000000.0,1.58,15010000000.0,0.94,29.49,48410000000.0,0.43,0.08,48.90,29730000.0,1.30,0.60,32049999.999999996,underperform
5127,2010-11-17 22:12:46,1290049966.0,xom,62.2,15.53,1178.589966,3.19,12.34,12.61,12.22,1.05,2.40,8.27,11.49,8.95,21.61,68.48,353670000000.0,353670000000.0,10.83,1.00,1.07,6.86,1.07,124750000000.0,6.86,27260000000.0,5.65,55.40,16.10,12260000000.0,2.43,18290000000.0,1.01,28.76,43860000000.0,0.41,0.08,48.90,29990000.0,1.40,0.60,32479999.999999996,outperform
5128,2011-11-07 22:35:33,1320723333.0,xom,72.81,18.34,1261.119995,13.26,5.08,10.19,9.58,0.89,2.45,9.64,13.84,N/A,N/A,86.08,382790000000.0,382790000000.0,9.42,1.38,0.90,5.13,0.90,149470000000.0,5.13,40910000000.0,8.28,40.50,36.40,10040000000.0,2.10,16489999999.999998,N/A,31.99,382790000000.0,0.53,0.09,49.30,50360000.0,1.90,1.00,49950000.0,outperform
5129,2011-09-02 09:33:17,1314970397.0,xom,66.19,24.9,1173.969971,20.15,4.75,10.19,9.69,0.91,2.30,9.66,12.74,10.13,25.32,78.67,366340000000.0,366340000000.0,8.22,1.33,0.93,5.57,0.93,149470000000.0,5.57,37930000000.0,7.59,41.30,36.30,10040000000.0,2.07,16489999999.999998,0.97,31.99,366340000000.0,0.43,0.09,49.30,38120000.0,1.30,0.80,32890000.0,outperform
5130,2011-03-28 18:53:57,1301352837.0,xom,75.63,6.29,1310.189941,7.81,-1.5199999999999996,9.83,13.47,1.21,2.84,8.89,12.01,9.60,23.43,70.13,410720000000.0,410720000000.0,10.04,1.01,1.20,7.35,1.20,149470000000.0,7.35,30460000000.0,6.22,52.90,16.00,7830000000.0,1.58,15010000000.0,0.94,29.49,48410000000.0,0.43,0.08,48.90,29730000.0,1.30,0.60,32049999.999999996,underperform
5131,2005-02-07 04:23:37,1107768217.0,xom,44.08,11.46,1201.719971,4.42,7.040000000000001,0.106,15.39,1.25,3.69,8.40,13.31,13.24,25.93,42.763,356690000000.0,350690000000.0,16.03,2.14,1.25,7.37,1.25,116810000000.0,7.37,23560000000.0,3.59,87.70,20.70,16110000000.0,2.5,10110000000.0,1.311,14.795,35040000000.0,0.397,0.71,51.63,23210000.0,1.778,0.36,22480000.0,outperform
5132,2012-05-02 12:16:58,1335975418.0,xom,80.0,5.55,1402.310059,13.93,-8.379999999999999,10.60,10.51,0.92,2.67,9.00,11.90,N/A,N/A,92.16,408090000000.0,408090000000.0,9.80,1.52,0.92,5.96,0.92,179630000000.0,5.96,39860000000.0,8.28,11.30,14.00,12660000000.0,2.71,17030000000.000002,N/A,32.61,N/A,0.61,0.11,49.20,24280000.0,1.60,0.50,27960000.0,underperform
5133,2011-01-10 03:38:12,1294648692.0,xom,67.71,16.85,1269.75,1.76,15.090000000000002,12.61,13.38,1.15,2.61,8.27,11.49,8.95,21.61,68.48,382710000000.0,382710000000.0,11.59,1.06,1.16,7.42,1.16,124750000000.0,7.42,27260000000.0,5.65,55.40,16.10,12260000000.0,2.43,18290000000.0,1.01,28.76,43860000000.0,0.42,0.08,48.90,36930000.0,1.80,0.80,34190000.0,outperform
5134,2011-01-30 20:35:54,1296437754.0,xom,71.99,9.61,1299.540039,1.04,8.57,12.61,13.98,1.22,2.78,8.27,11.49,8.95,21.61,68.48,404350000000.0,404350000000.0,11.45,1.11,1.23,7.84,1.23,124750000000.0,7.84,27260000000.0,5.65,55.40,16.10,12260000000.0,2.43,18290000000.0,1.01,28.76,43860000000.0,0.42,0.08,48.90,38140000.0,2.10,0.80,35460000.0,outperform
5135,2011-04-10 18:37:08,1302475028.0,xom,77.7,0.19,1333.51001,3.65,-3.46,9.83,13.82,1.24,2.91,8.89,12.01,9.60,23.43,70.13,433380000000.0,433380000000.0,9.82,1.01,1.27,7.75,1.27,149470000000.0,7.75,30460000000.0,6.22,52.90,16.00,7830000000.0,1.58,15010000000.0,0.94,29.49,48410000000.0,0.43,0.09,49.30,27760000.0,1.30,N/A,33450000.000000004,underperform
5136,2011-03-05 17:34:10,1299364450.0,xom,77.09,4.53,1308.439941,5.02,-0.4899999999999993,9.83,13.68,1.24,2.91,8.86,12.37,9.92,23.43,70.42,429060000000.0,429060000000.0,10.52,1.04,1.25,7.49,1.25,149470000000.0,7.49,30460000000.0,6.22,52.90,17.00,7830000000.0,1.58,15010000000.0,0.94,29.49,48410000000.0,0.43,0.08,48.90,29730000.0,1.30,0.60,32049999.999999996,underperform
5137,2005-07-21 08:58:18,1121950698.0,xom,46.51,12.69,1227.040039,1.08,11.61,0.08,13.78,1.35,3.62,9.94,14.79,13.53,28.41,43.363,375580000000.0,358740000000.0,12.47,1.67,1.29,7.002,1.29,134490000000.00002,7.002,27750000000.0,4.28,44.50,22.20,25170000000.0,3.953,8320000000.0,1.436,16.292,43380000000.0,0.464,0.14,53.10,34430000.0,1.8,0.50,35120000.0,outperform
5138,2011-01-02 19:33:55,1294014835.0,xom,66.12,,1257.880005,-0.02,,12.61,12.95,1.12,2.55,8.27,11.49,8.95,21.61,68.48,375150000000.0,375150000000.0,11.32,1.04,1.14,7.27,1.14,124750000000.0,7.27,27260000000.0,5.65,55.40,16.10,12260000000.0,2.43,18290000000.0,1.01,28.76,43860000000.0,0.40,0.08,48.90,34190000.0,1.50,0.70,38740000.0,underperform
5139,2012-10-24 02:46:11,1351061171.0,xom,84.53,1.04,1408.75,24.37,-23.330000000000002,9.28,9.50,0.98,2.61,10.37,11.44,9.48,29.02,91.62,423320000000.0,423320000000.0,11.01,1.87,0.97,6.47,0.97,179630000000.0,6.47,45090000000.0,9.49,49.00,7.10,17800000000.0,3.86,15580000000.0,1.04,35.27,55100000000.0,0.83,0.13,47.00,41090000.0,3.20,0.90,39510000.0,underperform
5140,2013-04-23 03:57:13,1366703833.0,xom,85.08,15.69,1578.780029,18.79,-3.0999999999999996,6.75,9.08,0.91,2.37,10.48,13.43,10.82,28.69,92.56,393810000000.0,393810000000.0,10.73,5.78,0.92,5.36,0.92,178620000000.0,5.36,44880000000.0,9.70,5.90,5.20,9580000000.0,2.14,11580000000.0,1.00,36.84,56170000000.0,0.86,0.14,50.20,38190000.0,2.90,N/A,40500000.0,underperform
5141,2009-01-12 17:50:55,1231800655.0,xom,65.64,-6.49,870.26001,30.56,-37.05,0.082,8.32,0.85,3.15,10.57,16.53,19.46,40.23,88.396,391210000000.0,366400000000.0,N/A,1.14,0.79,4.113,0.79,171700000000.0,4.113,49060000000.0,9.24,57.60,34.70,38430000000.0,7.556,10260000000.0,1.42,24.629999,60580000000.0,0.49,0.07,50.50,43530000.0,0.9,0.90,40180000.0,underperform
5142,2011-07-03 13:08:59,1309712939.0,xom,74.16,7.54,1320.640015,3.4,4.140000000000001,10.08,11.68,1.10,2.65,9.56,12.82,10.38,25.97,73.60,407030000000.0,407030000000.0,9.04,1.44,1.12,6.57,1.12,149470000000.0,6.57,34810000000.0,7.02,69.00,26.40,12830000000.0,2.61,15880000000.0,0.98,30.75,52220000000.0,0.44,0.09,49.30,33340000.000000004,1.90,0.70,29910000.0,outperform
5143,2010-08-15 17:09:06,1281906546.0,xom,53.95,26.36,1083.609985,11.16,15.2,N/A,11.57,0.96,2.19,7.75,11.02,8.49,19.97,67.01,312210000000.0,312210000000.0,8.89,0.67,0.98,6.53,0.98,124750000000.0,6.53,24640000000.0,5.18,91.40,25.00,13270000000.0,2.61,20430000000.0,1.08,27.53,39610000000.0,0.40,0.07,45.00,25720000.0,0.90,0.50,27390000.0,outperform
5144,2012-06-05 07:57:22,1338897442.0,xom,72.51,18.6,1285.5,25.16,-6.559999999999999,9.54,9.40,0.82,2.32,9.00,11.89,9.90,25.55,92.12,360930000000.0,360930000000.0,8.86,1.02,0.82,5.28,0.82,179630000000.0,5.28,39860000000.0,8.28,11.30,9.20,18670000000.0,3.99,15650000000.0,0.95,33.58,57780000000.0,0.73,0.13,49.30,36840000.0,2.60,0.80,32009999.999999996,underperform
5145,2012-10-25 15:11:09,1351192269.0,xom,85.05,-0.09,1412.969971,24.54,-24.63,9.28,9.51,0.95,2.55,10.37,11.44,9.48,29.02,91.62,412660000000.0,412660000000.0,11.02,1.87,0.95,6.31,0.95,179630000000.0,6.31,45090000000.0,9.49,49.00,7.10,17800000000.0,3.86,15580000000.0,1.04,35.27,55100000000.0,0.83,0.13,47.00,41090000.0,3.20,0.90,39510000.0,underperform
5146,2011-02-27 10:54:51,1298822091.0,xom,77.89,3.94,1306.099976,4.71,-0.77,12.15,13.72,1.21,2.99,8.59,14.93,N/A,23.61,72.66,430940000000.0,430940000000.0,10.56,1.04,1.22,6.44,1.22,124750000000.0,6.44,30460000000.0,6.22,52.90,22.10,12260000000.0,2.46,18290000000.0,N/A,28.76,N/A,0.41,0.08,48.90,29730000.0,1.30,0.60,32049999.999999996,underperform
5147,2011-02-12 22:51:08,1297569068.0,xom,74.79,5.32,1320.880005,2.35,2.97,12.15,13.32,1.17,2.89,8.59,14.93,N/A,23.61,72.66,423920000000.0,423920000000.0,10.22,1.06,1.20,6.33,1.20,124750000000.0,6.33,30460000000.0,6.22,52.90,22.10,12260000000.0,2.46,18290000000.0,N/A,28.76,N/A,0.41,0.08,48.90,38140000.0,2.10,0.80,35460000.0,outperform
5148,2011-04-18 02:52:35,1303109555.0,xom,75.29,5.33,1305.140015,6.56,-1.2299999999999995,9.83,13.55,1.21,2.83,8.89,12.01,9.60,23.43,70.13,425150000000.0,425150000000.0,9.30,0.94,1.24,7.60,1.24,149470000000.0,7.60,30460000000.0,6.22,52.90,16.00,7830000000.0,1.58,15010000000.0,0.94,29.49,48410000000.0,0.43,0.09,49.30,25620000.0,1.30,N/A,27760000.0,underperform
5149,2010-12-21 01:21:50,1292912510.0,xom,65.54,17.06,1254.599976,-0.87,17.93,12.61,12.79,1.10,2.51,8.27,11.49,8.95,21.61,68.48,368340000000.0,368340000000.0,11.18,1.02,1.12,7.14,1.12,124750000000.0,7.14,27260000000.0,5.65,55.40,16.10,12260000000.0,2.43,18290000000.0,1.01,28.76,43860000000.0,0.40,0.08,48.90,34190000.0,1.50,0.70,38740000.0,outperform
5150,2011-02-21 22:29:23,1298345363.0,xom,,,1343.01001,1.43,,12.15,13.59,1.18,2.92,8.59,14.93,N/A,23.61,72.66,423670000000.0,423670000000.0,10.43,1.06,1.20,6.33,1.20,124750000000.0,6.33,30460000000.0,6.22,52.90,22.10,12260000000.0,2.46,18290000000.0,N/A,28.76,N/A,0.41,0.08,48.90,32049999.999999996,1.50,0.70,38140000.0,underperform
5151,2011-06-03 21:50:27,1307152227.0,xom,73.98,0.78,1300.160034,1.01,-0.22999999999999998,10.08,11.56,1.10,2.64,9.56,12.82,10.38,25.97,73.60,403680000000.0,403680000000.0,8.86,1.44,1.11,6.52,1.11,149470000000.0,6.52,34810000000.0,7.02,69.00,26.40,12830000000.0,2.61,15880000000.0,0.98,30.75,52220000000.0,0.42,0.09,49.30,26460000.0,1.50,0.50,29120000.0,underperform
5152,2012-01-01 22:05:43,1325473543.0,xom,78.7,4.1,1263.02002,12.92,-8.82,10.33,10.23,0.97,2.62,9.75,12.87,10.83,26.85,85.05,412010000000.0,412010000000.0,10.15,1.14,0.98,5.91,0.98,149470000000.0,5.91,40910000000.0,8.28,40.50,31.50,11020000000.0,2.30,16760000000.000002,0.93,32.53,57650000000.0,0.62,0.09,49.30,38030000.0,1.90,0.80,40050000.0,underperform
5153,2005-05-28 02:17:09,1117261029.0,xom,44.74,12.74,1190.01001,6.96,5.78,0.08,13.26,1.15,3.45,9.94,14.79,13.53,28.41,43.363,361570000000.0,341040000000.0,13.33,1.68,1.22,6.657,1.22,134490000000.00002,6.657,27750000000.0,4.28,44.50,22.20,25170000000.0,3.953,8320000000.0,1.436,16.292,43380000000.0,0.455,0.14,51.70,34430000.0,1.8,0.50,35120000.0,outperform
5154,2011-07-09 20:50:40,1310259040.0,xom,74.33,7.57,1339.219971,2.12,5.45,10.08,11.74,1.11,2.68,9.56,12.82,10.38,25.97,73.60,409050000000.0,409050000000.0,9.12,1.44,1.12,6.61,1.12,149470000000.0,6.61,34810000000.0,7.02,69.00,26.40,12830000000.0,2.61,15880000000.0,0.98,30.75,52220000000.0,0.44,0.09,49.30,33340000.000000004,1.90,0.70,29910000.0,outperform
5155,2011-04-04 13:33:52,1301938432.0,xom,76.9,3.59,1332.869995,6.04,-2.45,9.83,13.61,1.23,2.87,8.89,12.01,9.60,23.43,70.13,410720000000.0,410720000000.0,10.12,1.02,1.20,7.35,1.20,149470000000.0,7.35,30460000000.0,6.22,52.90,16.00,7830000000.0,1.58,15010000000.0,0.94,29.49,48410000000.0,0.43,0.08,48.90,29730000.0,1.30,0.60,32049999.999999996,underperform
5156,2010-11-11 20:30:38,1289525438.0,xom,64.74,13.65,1213.540039,4.15,9.5,12.61,12.70,1.09,2.47,8.27,11.49,8.95,21.61,68.48,359010000000.0,359010000000.0,11.26,1.00,1.09,6.96,1.09,124750000000.0,6.96,27260000000.0,5.65,55.40,16.10,12260000000.0,2.43,18290000000.0,1.01,28.76,43860000000.0,0.41,0.08,48.90,32479999.999999996,1.60,0.70,31670000.0,outperform
5157,2011-11-08 03:03:20,1320739400.0,xom,73.62,13.38,1275.920044,9.3,4.08,10.19,9.58,0.89,2.45,9.64,13.84,N/A,N/A,86.08,382790000000.0,382790000000.0,9.42,1.38,0.90,5.13,0.90,149470000000.0,5.13,40910000000.0,8.28,40.50,36.40,10040000000.0,2.10,16489999999.999998,N/A,31.99,382790000000.0,0.53,0.09,49.30,50360000.0,1.90,1.00,49950000.0,outperform
5158,2010-11-09 05:50:33,1289299833.0,xom,63.66,12.21,1213.400024,1.29,10.920000000000002,12.61,12.45,1.07,2.43,8.27,11.49,8.95,21.61,68.48,359010000000.0,359010000000.0,11.06,0.98,1.09,6.96,1.09,124750000000.0,6.96,27260000000.0,5.65,55.40,16.10,12260000000.0,2.43,18290000000.0,1.01,28.76,43860000000.0,0.41,0.08,48.90,32479999.999999996,1.60,0.70,31670000.0,outperform
5159,2008-01-23 16:17:07,1201123027.0,xom,70.2,-4.43,1338.599976,-38.18,33.75,0.076,11.56,1.33,3.80,11.59,17.27,15.85,33.33,60.321,436870000000.0,427850000000.0,N/A,1.40,1.27,6.046,1.27,164380000000.0,6.046,39200000000.0,6.92,10.30,2.40,31610000000.0,5.786,8990000000.0,1.524,21.709999,49530000000.0,1.26,0.09,50.30,42160000.0,2.2,0.80,42260000.0,outperform
5160,2005-12-20 11:46:55,1135097215.0,xom,47.01,33.87,1259.619995,13.01,20.86,0.078,10.88,1.13,3.33,10.67,15.38,17.68,33.28,50.08,359030000000.0,338250000000.0,N/A,1.82,1.07,5.096,1.07,134490000000.00002,5.096,33840000000.000004,5.30,74.60,31.40,29240000000.0,4.699,8460000000.000001,1.469,17.34,50060000000.0,N/A,0.14,53.10,37110000.0,1.6,0.60,43840000.0,outperform
5161,2008-10-29 19:25:53,1225322753.0,usb,25.58,-14.43,930.090027,14.62,-29.049999999999997,N/A,14.75,4.38,2.68,28.85,46.38,1.50,16.80,7.105,51530000000.0,125470000000.0,N/A,2.33,10.17,N/A,10.17,17550000000.0,N/A,3490000000.0,1.992,47.40,21.60,7120000000.0,4.058,77530000000.0,N/A,11.502,N/A,0.24,0.25,61.60,53940000.0,1.6,3.10,74650000.0,underperform
5162,2004-04-23 16:28:18,1082752098.0,usb,18.88,7.79,1140.599976,-0.27,8.06,N/A,13.16,5.43,2.56,41.75,N/A,2.00,19.84,4.74,49620000000.0,89710000000.0,10.92,1.20,9.77,N/A,9.77,13940000000.0,N/A,3830000000.0,1.983,92.70,5.90,7180000000.0,3.77,47000000000.0,N/A,10.231,3390000000.0,0.752,1.00,54.88,9270000.0,1.741,0.49,8740000.0,outperform
5163,2007-04-04 23:17:55,1175743075.0,usb,28.32,2.44,1439.369995,-4.87,7.3100000000000005,N/A,13.31,4.76,3.06,36.43,62.89,2.22,23.02,7.336,61460000000.0,118940000000.0,N/A,1.40,9.12,N/A,9.12,16719999999.999998,N/A,4700000000.0,2.61,4.50,4.00,8640000000.0,4.877,64540000000.00001,N/A,11.445,5430000000.0,0.71,0.07,65.70,29660000.0,4.1,1.70,37460000.0,outperform
5164,2009-01-20 19:42:04,1232498524.0,usb,13.76,64.75,805.219971,41.33,23.42,N/A,8.36,2.72,1.59,30.10,43.08,1.50,16.80,6.809,29210000000.0,103560000000.0,N/A,1.41,8.76,N/A,8.76,17550000000.0,N/A,3490000000.0,1.992,47.40,22.40,7120000000.0,4.057,77530000000.0,N/A,11.502,4560000000.0,0.64,0.25,63.30,60670000.0,3.1,3.50,N/A,outperform
5165,2012-03-10 10:31:12,1331393472.0,usb,26.69,22.14,1352.630005,14.17,7.970000000000001,N/A,12.08,3.37,1.78,29.46,41.89,1.48,14.67,8.64,107000000000.0,107000000000.0,10.14,1.06,6.47,N/A,6.47,N/A,N/A,4720000000.0,2.46,38.60,22.40,13880000000.0,7.26,63090000000.0,N/A,16.42,9820000000.0,1.01,0.07,70.70,29690000.0,2.40,1.50,27650000.0,outperform
5166,2011-04-29 01:09:21,1304053761.0,usb,23.7,25.32,1363.609985,1.99,23.330000000000002,N/A,14.73,3.62,1.78,24.42,33.62,1.11,11.46,7.10,99420000000.0,99420000000.0,9.91,1.07,7.32,N/A,7.32,N/A,N/A,3330000000.0,1.73,61.80,27.80,14810000000.0,7.70,65099999999.99999,N/A,14.36,99420000000.0,1.13,0.07,68.70,18340000.0,1.70,1.00,17750000.0,outperform
5167,2011-10-23 16:27:36,1319401656.0,usb,23.12,40.22,1215.390015,17.97,22.25,N/A,11.23,3.03,1.56,28.56,40.39,1.42,13.77,8.21,98520000000.0,98520000000.0,9.69,0.92,6.26,N/A,6.26,N/A,N/A,4360000000.0,2.26,40.20,19.20,13710000000.0,7.17,62650000000.0,N/A,16.01,98520000000.0,1.22,0.07,68.70,47190000.0,2.70,2.50,41900000.0,outperform
5168,2011-12-28 23:57:44,1325134664.0,usb,25.05,22.04,1249.640015,13.48,8.559999999999999,N/A,11.89,3.30,1.70,28.64,40.21,1.42,13.77,8.19,101330000000.0,101330000000.0,10.18,0.99,6.46,N/A,6.46,N/A,N/A,4360000000.0,2.26,40.20,19.20,15490000000.0,8.12,63700000000.0,N/A,16.01,11190000000.0,1.23,0.07,68.70,37910000.0,2.80,2.00,37280000.0,outperform
5169,2005-01-31 10:49:38,1107186578.0,usb,22.28,3.82,1181.27002,8.36,-4.539999999999999,N/A,13.67,6.23,2.89,45.36,N/A,2.17,21.59,4.802,55640000000.0,97130000000.0,11.25,1.24,10.57,N/A,10.57,13940000000.0,N/A,4170000000.0,2.18,92.70,5.90,6340000000.0,3.39,47820000000.0,N/A,10.477,8400000000.0,0.75,0.99,55.41,13930000.0,2.693,0.75,13730000.0,underperform
5170,2011-08-24 06:24:59,1314181499.0,usb,20.52,50.63,1177.599976,19.06,31.570000000000004,N/A,10.44,2.60,1.31,27.48,38.18,1.34,13.03,7.84,86950000000.0,86950000000.0,8.15,0.87,5.78,N/A,5.78,N/A,N/A,3990000000.0,2.06,57.00,23.30,16500000000.0,8.59,63430000000.0,N/A,15.50,86950000000.0,1.07,0.07,68.70,22000000.0,1.70,1.10,18000000.0,outperform
5171,2013-05-11 09:34:50,1368279290.0,usb,32.0,23.94,1632.689941,14.88,9.06,N/A,11.55,3.49,1.78,32.53,45.66,1.60,14.33,9.40,107470000000.0,107470000000.0,10.34,1.12,6.09,N/A,6.09,N/A,N/A,5460000000.0,2.90,6.70,0.50,8170000000.0,4.42,53030000000.0,N/A,18.71,6540000000.0,0.98,0.08,71.80,17730000.0,1.90,1.00,16309999.999999998,outperform
5172,2004-09-13 23:47:09,1095133629.0,usb,21.51,4.56,1125.819946,9.36,-4.8,N/A,14.42,6.08,2.97,43.51,N/A,2.07,20.54,4.708,55510000000.0,93050000000.0,12.21,1.34,10.23,N/A,10.23,13940000000.0,N/A,3960000000.0,2.049,92.70,5.90,7480000000.0,3.98,45260000000.0,N/A,9.912,7730000000.0,0.752,0.99,55.54,16440000.000000002,4.008,0.88,15710000.0,underperform
5173,2012-03-09 07:22:13,1331295733.0,usb,27.7,16.28,1370.869995,12.44,3.8400000000000016,N/A,11.85,3.31,1.74,29.46,41.89,1.48,14.67,8.64,104930000000.0,104930000000.0,9.99,1.06,6.34,N/A,6.34,N/A,N/A,4720000000.0,2.46,38.60,22.40,13880000000.0,7.26,63090000000.0,N/A,16.42,9820000000.0,1.01,0.07,70.70,29690000.0,2.40,1.50,27650000.0,outperform
5174,2011-11-04 13:20:10,1320427210.0,usb,23.68,33.07,1253.22998,12.68,20.39,N/A,11.33,3.11,1.60,28.56,40.39,1.42,13.77,8.21,98920000000.0,98920000000.0,9.70,0.90,6.28,N/A,6.28,N/A,N/A,4360000000.0,2.26,40.20,19.20,13710000000.0,7.17,62650000000.0,N/A,16.01,98920000000.0,1.23,0.07,68.70,40980000.0,2.10,2.10,47190000.0,outperform
5175,2008-12-20 11:24:26,1229790266.0,usb,22.2,-11.26,904.419983,21.19,-32.45,N/A,12.47,3.64,2.13,30.10,43.08,1.50,16.80,6.809,43600000000.0,115020000000.0,N/A,1.80,9.73,N/A,9.73,17550000000.0,N/A,3490000000.0,1.99,47.40,22.40,7120000000.0,4.057,77530000000.0,N/A,11.502,4560000000.0,0.66,0.25,63.30,N/A,N/A,N/A,42790000.0,underperform
5176,2013-04-22 02:29:04,1366612144.0,usb,31.18,28.16,1562.5,20.29,7.870000000000001,N/A,11.21,3.40,1.76,32.53,45.66,1.60,14.33,9.40,106840000000.0,106840000000.0,10.00,1.09,6.06,N/A,6.06,N/A,N/A,5460000000.0,2.90,6.70,2.90,6930000000.0,3.73,52360000000.0,N/A,18.31,N/A,0.98,0.08,71.80,16309999.999999998,1.70,0.90,19710000.0,outperform
5177,2007-12-17 03:55:03,1197881703.0,usb,26.59,-13.61,1445.900024,-36.84,23.230000000000004,N/A,12.80,4.39,2.91,35.01,53.88,2.06,21.99,7.5,56430000000.0,124900000000.0,N/A,1.57,9.56,N/A,9.56,16719999999.999998,N/A,4520000000.0,2.55,8.90,1.20,6640000000.0,3.843,74110000000.0,N/A,11.409,2730000000.0,0.73,0.22,61.60,25890000.0,2.3,1.50,26020000.0,outperform
5178,2012-05-22 07:39:36,1337686776.0,usb,29.07,16.82,1316.630005,25.73,-8.91,N/A,11.77,3.38,1.81,29.98,42.74,1.55,14.84,9.02,106500000000.0,106500000000.0,10.21,1.12,6.18,N/A,6.18,N/A,N/A,5000000000.0,2.61,27.90,18.40,10990000000.0,5.80,58300000000.0,N/A,16.94,6680000000.0,0.92,0.07,70.70,19430000.0,1.90,1.00,19220000.0,underperform
5179,2006-08-29 06:06:27,1156845987.0,usb,25.28,5.54,1304.280029,12.23,-6.69,N/A,12.68,4.44,2.95,36.17,63.27,2.23,23.07,7.122,57050000000.0,113340000000.0,N/A,1.23,8.81,N/A,8.81,15140000000.0,N/A,4630000000.0,2.53,7.10,5.20,7230000000.0,4.07,62520000000.0,N/A,10.889,3460000000.0,1.05,0.26,57.00,19300000.0,3.3,1.10,25470000.0,underperform
5180,2005-02-19 21:17:49,1108865869.0,frx,41.45,12.83,1210.339966,6.53,6.3,5.486,17.08,4.52,4.34,28.76,36.65,23.75,27.58,8.601,14870000000.0,13110000000.0,16.15,0.94,4.05,10.56,4.05,2069999999.9999998,10.56,931530000.0,2.48,18.30,19.30,1760000000.0,5.486,5.486,5.486,9.595,1010000000.0,0.347,1.82,89.55,8730000.0,3.12,2.53,10290000.0,outperform
5181,2003-10-26 16:15:36,1067202936.0,frx,50.5,-13.96,1033.77002,5.9,-19.86,N/A,26.59,7.49,7.19,29.22,37.23,26.30,32.01,6.544,18560000000.0,17180000000.0,21.67,1.14,6.98,18.34,6.98,1740000000.0,18.34,719590000.0,1.912,84.00,40.20,1370000000.0,3.76,N/A,4.493,7.03,N/A,0.389,2.54,86.95,7510000.0,1.884,2.11,7220000.0,underperform
5182,2004-02-15 14:35:27,1076873727.0,frx,74.91,-44.27,1152.109985,4.69,-48.96,5.198,36.39,10.63,9.91,29.94,37.88,26.10,31.38,6.845,27260000000.0,25750000000.0,0.00,1.74,10.00,25.97,10.00,1740000000.0,25.97,771130000.0,2.049,84.00,40.20,1510000000.0,4.13,5.198,5.198,7.56,691780000.0,0.318,2.55,86.95,8990000.0,3.225,2.52,7560000.0,underperform
5183,2006-06-18 13:03:14,1150650194.0,frx,37.59,27.43,1256.160034,21.88,5.550000000000001,N/A,18.13,4.21,4.07,24.33,28.13,N/A,22.90,8.669,12300000000.0,10850000000.0,N/A,0.85,3.73,11.917,3.73,2470000000.0,11.917,708510000.0,2.08,74.20,16.10,1450000000.0,4.443,N/A,N/A,9.232,N/A,1.43,1.61,89.60,4950000.0,2.5,1.60,4179999.9999999995,outperform
5184,2005-03-07 10:15:27,1110208527.0,frx,43.64,2.29,1225.310059,4.13,-1.8399999999999999,5.486,17.71,4.76,4.57,28.76,36.65,23.75,27.58,8.601,15420000000.0,13660000000.0,16.81,0.98,4.22,11.01,4.22,2069999999.9999998,11.01,931530000.0,2.48,18.30,19.30,1760000000.0,5.486,5.486,5.486,9.595,1010000000.0,0.347,1.82,93.92,7900000.0,2.942,2.29,8730000.0,underperform
5185,2013-03-12 03:52:26,1363074746.0,frx,38.04,148.63,1552.47998,20.34,128.29,N/A,88.93,3.02,1.78,3.45,3.58,1.01,2.07,12.51,8369999999.999999,8369999999.999999,32.61,8.19,2.51,31.84,2.51,3570000000.0,31.84,115130000.0,0.43,N/A,40.10,1720000000.0,6.46,0.00,3.04,21.30,531539999.99999994,0.54,0.09,94.90,4300000.0,2.20,1.90,4330000.0,outperform
5186,2008-06-06 00:14:32,1212725672.0,frx,34.46,-30.53,1360.680054,-31.52,0.9899999999999984,N/A,11.58,2.94,3.11,26.03,29.38,N/A,29.56,11.817,11040000000.0,9190000000.0,N/A,1.00,2.47,7.777,2.47,2700000000.0,7.777,967930000.0,3.06,N/A,11.20,1760000000.0,5.643,N/A,N/A,11.319,N/A,0.21,0.63,93.60,3470000.0,0.8,1.10,3730000.0,outperform
5187,2010-04-13 05:18:51,1271150331.0,frx,28.37,19.46,1197.300049,9.78,9.680000000000001,N/A,11.41,2.13,1.76,18.75,20.91,9.53,16.93,13.277,5330000000.0,5330000000.0,N/A,2.66,1.33,5.747,1.33,3110000000.0,5.747,752550000.0,2.49,11.80,8.30,3240000000.0,10.726,N/A,4.957,16.027,1070000000.0000001,0.72,0.75,92.00,7740000.0,2.6,N/A,5960000.0,outperform
5188,2008-01-24 10:19:34,1201187974.0,frx,39.82,-37.8,1352.069946,-38.47,0.6700000000000017,N/A,22.30,3.36,3.71,15.39,33.61,N/A,N/A,11.444,12180000000.0,10610000000.0,N/A,1.07,2.93,8.173,2.93,2700000000.0,8.173,557250000.0,1.75,20.60,11.70,1570000000.0,5.045,N/A,N/A,10.508,N/A,1.42,0.63,93.10,2580000.0,1.2,0.80,2680000.0,outperform
5189,2013-05-11 10:58:55,1368284335.0,frx,37.7,138.44,1632.689941,14.88,123.56,N/A,N/A,3.26,1.78,1.04,2.39,N/A,0.57,11.61,8279999999.999999,8279999999.999999,24.22,1.22,2.68,117.93,2.68,3570000000.0,117.93,32100000.0,0.12,76.40,22.20,1720000000.0,6.46,0.00,N/A,21.30,N/A,0.55,0.09,94.90,4270000.0,3.60,1.80,4099999.9999999995,outperform
5190,2005-04-14 19:22:43,1113520963.0,frx,34.91,22.49,1162.050049,10.72,11.769999999999998,5.486,14.10,3.77,3.62,28.76,36.65,23.75,27.58,8.601,12270000000.0,10460000000.0,14.32,0.98,3.23,8.43,3.23,2069999999.9999998,8.43,931530000.0,2.48,18.30,19.30,1760000000.0,5.486,5.486,5.486,9.595,1010000000.0,0.214,1.82,91.86,7240000.0,3.856,2.10,7900000.0,outperform
5191,2007-03-11 11:44:08,1173627848.0,frx,51.73,-27.47,1401.890015,-9.17,-18.299999999999997,N/A,21.42,5.07,5.19,24.18,29.32,17.05,25.22,10.143,16469999999.999998,14980000000.0,N/A,1.07,4.62,13.924,4.62,2310000000.0,13.924,783910000.0,2.42,28.30,17.00,1490000000.0,4.696,N/A,4.767,9.961,1180000000.0,1.63,1.74,94.20,11400000.0,4.5,3.70,10160000.0,underperform
5192,2012-05-07 03:19:33,1336375173.0,vfc,36.4,22.06,1369.579956,18.72,3.34,56.48,18.42,1.69,3.81,8.98,12.77,9.91,21.08,91.54,18610000000.0,18610000000.0,13.63,1.24,1.85,12.48,1.85,4330000000.0,12.48,902600000.0,8.07,7.20,30.50,325650000.0,2.95,2510000000.0,1.77,40.28,1090000000.0,0.96,0.49,89.90,2020000.0,2.20,2.30,2089999.9999999998,outperform
5193,2004-12-04 13:46:03,1102185963.0,vfc,13.46,4.46,1191.369995,6.15,-1.6900000000000004,0.463,13.36,1.02,2.53,7.74,12.51,10.01,21.56,52.546,6020000000.0,6930000000.0,12.34,1.68,1.18,7.86,1.18,1950000000.0,7.86,453120000.0,4.053,N/A,2.40,182010000.0,1.64,1110000000.0,1.509,21.386,799050000.0,0.614,28.61,90.45,N/A,1.95,1.22,1820000.0,underperform
5194,2004-11-03 19:21:17,1099527677.0,vfc,13.47,-2.08,1143.199951,6.71,-8.79,0.463,13.44,1.02,2.53,7.74,12.51,9.99,21.58,52.546,6010000000.0,6900000000.0,12.41,1.68,1.17,7.84,1.17,1950000000.0,7.84,453570000.0,4.053,N/A,2.40,182010000.0,1.65,1110000000.0,1.509,21.452,815740000.0,0.568,28.53,89.99,1820000.0,6.935,2.32,1860000.0,underperform
5195,2004-09-23 13:21:48,1095960108.0,vfc,12.04,18.52,1108.359985,9.65,8.87,0.55,12.80,0.98,2.43,7.69,12.47,9.97,21.37,49.717,5390000000.0,6490000000.0,11.58,1.55,1.17,8.01,1.17,1950000000.0,8.01,422880000.0,3.819,N/A,2.40,177380000.0,1.61,1230000000.0,1.697,20.107,815740000.0,0.595,28.53,89.96,1610000.0,4.568,2.04,1220000.0,outperform
5196,2013-04-22 03:15:11,1366614911.0,vfc,42.71,38.73,1562.5,20.29,18.439999999999998,35.99,17.44,1.70,3.60,9.98,13.75,9.87,22.51,99.07,19890000000.0,19890000000.0,13.92,1.33,1.83,11.47,1.83,5060000000.0,11.47,1090000000.0,9.70,29.90,4.20,597460000.0,5.42,1840000000.0,1.99,46.51,1280000000.0,0.93,20.25,90.80,2660000.0,4.10,3.00,2280000.0,outperform
5197,2013-05-12 16:50:28,1368391828.0,vfc,44.6,39.08,1626.670044,16.6,22.479999999999997,39.57,17.94,1.82,3.91,10.44,14.08,10.13,23.93,99.68,21770000000.0,21770000000.0,15.03,1.55,1.99,12.21,1.99,5060000000.0,12.21,1140000000.0,10.21,25.60,2.20,300440000.0,2.74,2009999999.9999998,1.91,46.24,1400000000.0,0.93,20.25,90.80,2140000.0,3.90,2.40,2670000.0,outperform
5198,2005-02-18 22:57:11,1108785431.0,vfc,14.62,-5.27,1201.589966,6.53,-11.8,0.393,14.12,1.09,2.61,7.84,12.85,10.12,21.17,53.658,6580000000.0,7100000000.0,11.87,1.61,1.17,7.73,1.17,1950000000.0,7.73,472900000.0,4.19,N/A,2.40,485510000.0,4.37,1000000000.0,1.733,22.688,799050000.0,0.589,28.52,85.34,N/A,1.716,0.98,1070000.0,underperform
5199,2013-01-23 19:36:43,1358987803.0,vfc,37.22,54.3,1494.810059,22.32,31.979999999999997,52.24,16.69,1.52,3.32,9.38,12.70,8.43,21.52,97.88,18670000000.0,18670000000.0,13.68,1.48,1.74,11.67,1.74,4330000000.0,11.67,1010000000.0,9.01,26.80,14.50,304600000.0,2.77,2570000000.0,1.64,44.81,1210000000.0,0.96,0.57,87.50,2920000.0,3.90,3.30,2660000.0,outperform
5200,2011-11-03 19:47:45,1320364065.0,vfc,34.82,12.0,1261.150024,12.14,-0.14000000000000057,66.84,22.76,1.76,3.42,7.90,13.47,8.61,16.38,79.82,17890000000.0,17890000000.0,14.84,1.15,2.06,13.24,2.06,3600000000.0,13.24,684990000.0,6.20,23.90,23.20,337390000.0,3.08,2980000000.0,1.48,40.67,17890000000.0,0.82,0.40,92.20,3720000.0,3.30,N/A,3980000.0,underperform
5201,2007-01-27 16:22:35,1169932955.0,vfc,19.04,-3.31,1440.130005,-6.11,2.8000000000000003,0.321,15.15,1.21,2.66,7.99,12.60,9.88,18.78,62.53,8270000000.0,9120000000.0,N/A,1.61,1.32,9.242,1.32,2720000000.0,9.242,551350000.0,4.89,10.10,11.60,154200000.0,1.38,1000000000.0,2.22,28.084,446640000.0,0.87,0.34,89.10,2170000.0,4.1,1.90,1800000.0,outperform
5202,2007-04-10 09:14:09,1176210849.0,vfc,21.18,-10.91,1448.390015,-6.48,-4.43,0.243,18.06,1.54,2.93,8.58,13.29,10.25,17.55,56.221,9600000000.0,10050000000.0,N/A,1.64,1.62,10.256,1.62,2700000000.0,10.256,534409999.99999994,4.72,N/A,N/A,343220000.0,3.049,792700000.0,2.54,29.105,490750000.0,0.8,0.27,89.60,2240000.0,2.5,2.00,1440000.0,underperform
5203,2006-08-21 12:42:03,1156178523.0,vfc,17.08,18.91,1297.52002,11.53,7.380000000000001,0.328,14.75,1.15,2.63,7.97,12.72,10.02,19.21,60.573,7710000000.0,8510000000.0,N/A,1.39,1.27,8.795,1.27,2720000000.0,8.795,532870000.0,4.71,2.40,7.90,161670000.0,1.458,958670000.0,2.147,26.405001,518730000.0,0.96,0.34,89.20,3040000.0,5.3,2.70,2740000.0,outperform
5204,2005-04-05 02:35:13,1112682913.0,vfc,14.58,-3.43,1181.390015,11.02,-14.45,0.394,13.85,1.08,2.58,7.84,12.85,10.13,21.17,53.658,6560000000.0,7070000000.0,11.67,1.59,1.17,7.7,1.17,2410000000.0,7.7,472870000.0,4.21,19.30,16.30,485510000.0,4.31,1000000000.0,1.733,22.563,726940000.0,0.596,19.30,87.75,N/A,1.571,0.92,N/A,underperform
5205,2012-11-19 03:38:47,1353314327.0,vfc,38.76,42.85,1386.890015,28.91,13.940000000000001,52.24,17.30,1.58,3.43,9.38,12.70,8.43,21.52,97.88,19430000000.0,19430000000.0,14.17,1.39,1.81,12.15,1.81,4330000000.0,12.15,1010000000.0,9.01,26.80,14.50,304600000.0,2.77,2570000000.0,1.64,44.81,1210000000.0,0.93,0.57,87.50,2340000.0,3.80,2.60,2190000.0,outperform
5206,2012-11-14 10:54:18,1352908458.0,vfc,38.14,45.33,1355.48999,32.1,13.229999999999997,52.24,17.38,1.60,3.49,9.38,12.70,8.43,21.52,97.88,19510000000.0,19510000000.0,14.23,1.39,1.81,12.20,1.81,4330000000.0,12.20,1010000000.0,9.01,26.80,14.50,304600000.0,2.77,2570000000.0,1.64,44.81,1210000000.0,0.93,0.57,87.50,2340000.0,3.80,2.60,2190000.0,outperform
5207,2012-10-18 03:58:48,1350547128.0,vfc,41.68,21.02,1457.339966,19.7,1.3200000000000003,55.59,20.38,1.79,4.07,8.96,12.16,9.70,21.15,94.26,20680000000.0,20680000000.0,15.38,1.37,2.00,13.96,2.00,4330000000.0,13.96,928530000.0,8.29,20.00,16.40,330510000.0,3.01,2520000000.0,1.89,41.34,1200000000.0,0.93,0.57,87.50,2110000.0,3.70,2.40,1880000.0,outperform
5208,2003-11-08 10:40:50,1068306050.0,mac,24.67,56.87,1051.810059,10.44,46.43,2.356,26.20,4.77,2.71,13.81,11.88,1.80,12.89,7.284,2210000000.0,4540000000.0,10.91,1.66,9.97,15.8,9.97,249480000.0,15.8,81680000.0,1.601,4.70,13.30,79710000.0,1.52,2450000000.0,N/A,15.25,N/A,0.02,22.05,91.46,N/A,2.486,1.28,N/A,outperform
5209,2012-08-19 05:42:18,1345369338.0,mac,53.24,0.3,1415.51001,16.29,-15.989999999999998,129.61,26.26,6.80,2.74,26.21,40.88,3.79,7.99,8.52,11660000000.0,11660000000.0,17.49,2.34,10.35,15.28,10.35,448850000.0,15.28,218840000.0,2.20,N/A,8.10,89800000.0,0.68,4070000000.0000005,0.61,20.98,292020000.0,1.35,1.01,110.40,4470000.0,4.70,4.30,4520000.0,underperform
5210,2013-04-23 04:20:40,1366705240.0,mac,63.36,-0.88,1578.780029,18.79,-19.669999999999998,154.01,26.55,9.67,3.00,35.37,27.77,1.92,9.03,7.12,14420000000.0,14420000000.0,18.74,9.46,15.12,25.42,15.12,515179999.99999994,25.42,267480000.00000003,2.51,6.80,39.00,65790000.00000001,0.48,5260000000.0,0.30,22.38,351300000.0,1.09,0.80,99.20,4820000.0,6.80,N/A,4850000.0,underperform
5211,2005-03-06 20:48:37,1110160117.0,mac,37.1,29.62,1210.469971,5.6,24.020000000000003,2.945,45.23,6.60,3.69,8.40,8.27,1.03,7.71,6.609,3490000000.0,6430000000.0,12.68,1.49,12.45,20.3,12.45,314320000.0,20.3,72370000.0,1.30,57.30,28.30,52710000.0,0.89,2990000000.0,N/A,15.611,225320000.0,0.232,4.01,93.01,N/A,3.094,1.69,N/A,outperform
5212,2005-01-18 01:54:30,1106031270.0,mac,37.83,21.78,1195.97998,6.85,14.930000000000001,2.945,43.53,6.60,3.70,9.53,9.31,1.17,8.30,7.047,3460000000.0,6400000000.0,13.57,1.45,12.33,19.51,12.33,314320000.0,19.51,77930000.0,1.34,57.30,28.30,52710000.0,0.89,2990000000.0,N/A,15.611,225320000.0,0.185,4.00,94.12,N/A,3.673,1.66,N/A,outperform
5213,2013-05-09 23:00:31,1368154831.0,mac,66.26,-1.51,1626.670044,15.48,-16.990000000000002,154.01,25.55,9.61,3.13,36.95,27.62,N/A,N/A,7.39,9670000000.0,9670000000.0,19.57,10.09,9.67,16.87,9.67,515179999.99999994,16.87,299640000.0,2.73,N/A,9.70,N/A,N/A,N/A,N/A,22.38,N/A,1.08,0.80,99.20,4620000.0,6.10,3.80,4820000.0,underperform
5214,2011-08-15 21:56:51,1313459811.0,mac,44.93,17.47,1204.48999,16.56,0.9100000000000001,127.10,629.88,7.39,2.34,1.46,28.49,2.05,0.51,6.69,10270000000.0,10270000000.0,16.20,3.48,11.75,19.70,11.75,422270000.0,19.70,12490000.0,0.08,N/A,10.20,73230000.0,0.56,3880000000.0,0.19,20.97,10270000000.0,2.85,0.62,104.00,6450000.0,8.10,5.00,6760000.0,outperform
5215,2011-06-15 21:43:02,1308188582.0,mac,43.43,18.01,1265.420044,5.03,12.98,121.90,211.67,7.80,2.36,3.70,28.05,2.03,1.34,6.64,10310000000.0,10310000000.0,15.71,2.08,12.06,20.36,12.06,422270000.0,20.36,29510000.0,0.23,N/A,11.60,188020000.0,1.44,3820000000.0,0.34,21.56,10310000000.0,2.82,0.62,104.00,6880000.0,7.40,5.30,6640000.0,outperform
5216,2005-02-19 11:07:35,1108829255.0,mac,38.91,20.2,1210.339966,6.53,13.669999999999998,2.945,45.85,7.04,3.93,8.40,8.27,1.03,7.70,6.609,3540000000.0,6620000000.0,12.85,1.57,12.80,20.87,12.80,314320000.0,20.87,72370000.0,1.30,57.30,28.30,52710000.0,0.89,2990000000.0,N/A,15.611,225320000.0,0.232,4.00,90.53,N/A,2.683,1.73,N/A,outperform
5217,2004-11-30 18:52:37,1101858757.0,mac,38.71,16.69,1173.819946,6.45,10.240000000000002,2.945,45.30,6.90,3.87,9.53,9.31,1.17,8.30,7.047,3600000000.0,6520000000.0,14.22,1.81,12.57,19.88,12.57,314320000.0,19.88,77930000.0,1.34,57.30,28.30,52710000.0,0.89,2990000000.0,N/A,15.611,225320000.0,0.189,22.06,93.30,N/A,4.17,2.07,N/A,outperform
5218,2009-02-03 17:42:48,1233700968.0,so,25.71,1.09,838.51001,30.86,-29.77,1.357,14.58,1.55,1.92,10.56,20.68,4.57,13.67,21.716,25870000000.0,44370000000.0,N/A,2.55,2.66,8.718,2.66,6490000000.0,8.718,1760000000.0,2.28,8.90,13.80,806020000.0,1.036,18190000000.0,0.989,17.305,3510000000.0,0.46,0.02,46.40,13200000.0,3.3,1.70,11950000.0,underperform
5219,2011-12-24 19:24:32,1324772672.0,so,40.54,-1.04,1243.719971,16.08,-17.119999999999997,111.08,18.78,2.22,2.24,11.82,23.19,4.58,11.62,20.84,59910000000.0,59910000000.0,17.00,3.03,3.38,9.83,3.38,6180000000.0,9.83,2100000000.0,2.44,12.10,2.00,1520000000.0,1.77,20790000000.0,1.15,20.46,5060000000.0,0.25,0.01,43.80,13890000.0,3.50,1.60,14380000.0,underperform
5220,2003-12-16 00:43:21,1071553401.0,so,17.88,16.78,1075.130005,12.15,4.630000000000001,1.436,14.21,1.93,2.34,13.65,25.00,4.73,17.06,15.432,21560000000.0,35240000000.0,15.13,3.10,3.14,9.2,3.14,7270000000.0,9.2,1520000000.0,2.083,4.40,3.90,210640000.0,0.29,13850000000.0,0.714,12.67,N/A,0.481,0.76,37.03,9560000.0,5.546,1.32,9410000.0,outperform
5221,2004-10-24 20:44:55,1098665095.0,so,19.81,13.98,1106.48999,8.4,5.58,1.325,16.35,2.00,2.35,12.50,24.46,4.19,14.80,15.725,23330000000.0,37030000000.0,15.27,3.18,3.19,9.64,3.19,7750000000.0,9.64,1430000000.0,1.933,11.80,6.70,191160000.0,0.26,13900000000.0,0.857,13.432,2820000000.0,0.479,0.76,38.59,15440000.0,10.379,2.11,16940000.0,outperform
5222,2004-08-25 20:03:00,1093478580.0,so,18.78,19.81,1104.959961,9.72,10.089999999999998,1.325,15.47,1.89,2.22,12.50,24.46,4.19,14.80,15.725,22070000000.0,35710000000.0,14.51,2.98,3.07,9.3,3.07,7750000000.0,9.3,1430000000.0,1.933,11.80,6.70,191160000.0,0.26,13900000000.0,0.857,13.432,2820000000.0,0.467,0.76,38.58,14430000.0,9.826,1.97,13360000.0,outperform
5223,2004-04-14 07:34:54,1081942494.0,so,17.82,15.94,1128.170044,3.0,12.94,1.328,14.50,1.92,2.24,13.29,25.73,4.43,15.98,15.37,21480000000.0,34690000000.0,14.32,3.31,3.08,8.84,3.08,7750000000.0,8.84,1470000000.0,2.014,11.80,6.70,311000000.0,0.42,13370000000.0,0.806,13.13,3070000000.0,0.45,0.76,36.39,7960000.0,3.777,1.09,12370000.0,outperform
5224,2005-02-10 04:28:43,1108027723.0,so,21.5,4.19,1197.01001,5.85,-1.6599999999999993,1.244,17.04,2.12,2.41,12.64,24.42,4.19,14.73,15.809,24690000000.0,38670000000.0,15.17,3.18,3.30,10.07,3.30,7750000000.0,10.07,1450000000.0,1.96,11.80,6.70,284030000.0,0.38,13520000000.0,1.039,13.927,2760000000.0,0.444,0.67,39.51,12780000.0,7.355,1.74,13810000.0,underperform
5225,2011-11-13 09:10:07,1321193407.0,so,38.54,1.89,1239.699951,11.32,-9.43,114.96,17.94,2.11,2.20,11.82,23.19,N/A,N/A,20.84,59090000000.0,59090000000.0,16.27,2.88,3.33,9.69,3.33,6180000000.0,9.69,2100000000.0,2.45,12.10,2.00,443000000.0,0.52,20770000000.0,N/A,19.80,59090000000.0,0.20,0.01,43.80,13300000.0,1.90,1.60,14980000.0,underperform
5226,2012-06-26 22:40:58,1340764858.0,so,41.85,-0.86,1319.98999,21.46,-22.32,116.99,18.72,2.33,2.27,12.46,24.02,4.51,11.83,20.01,62180000000.0,62180000000.0,16.43,3.25,3.61,10.00,3.61,6850000000.0,10.00,2150000000.0,2.48,12.80,10.20,1050000000.0,1.21,21970000000.0,0.96,20.37,5470000000.0,0.11,0.02,43.40,10960000.0,2.50,1.30,10340000.0,underperform
5227,2011-10-05 01:40:24,1317793224.0,so,36.14,16.08,1144.030029,27.74,-11.66,114.96,17.78,2.04,2.12,11.33,22.24,4.48,11.51,20.85,57430000000.0,57430000000.0,15.49,2.84,3.26,9.75,3.26,6180000000.0,9.75,2000000000.0,2.35,18.40,7.40,443000000.0,0.52,20770000000.0,0.97,19.80,57430000000.0,0.28,0.01,43.80,15790000.0,2.50,1.90,12210000.0,underperform
5228,2007-02-23 05:28:38,1172226518.0,so,25.37,3.27,1451.189941,-6.28,9.55,1.437,17.16,1.89,2.39,10.96,22.46,N/A,14.33,19.322,27130000000.0,42960000000.0,N/A,3.36,2.99,9.264,2.99,5930000000.0,9.264,1570000000.0,2.12,18.20,0.50,418100000.0,0.56,16219999999.999998,N/A,15.195,N/A,0.37,0.02,42.30,18380000.0,8.7,2.50,16629999.999999998,outperform
5229,2005-01-15 09:34:53,1105799693.0,so,20.88,10.54,1187.699951,8.28,2.26,1.244,16.81,2.07,2.36,12.64,24.42,4.19,14.73,15.809,24370000000.0,38070000000.0,15.69,3.26,3.25,9.91,3.25,7750000000.0,9.91,1450000000.0,1.959,11.80,6.70,284030000.0,0.38,13520000000.0,1.039,13.927,2760000000.0,0.47,0.67,39.91,13810000.0,7.814,1.88,14250000.0,outperform
5230,2005-03-08 16:50:32,1110318632.0,so,20.8,7.45,1219.430054,4.84,2.6100000000000003,1.244,16.52,2.05,2.34,12.64,24.42,4.19,14.73,15.809,23940000000.0,37880000000.0,14.71,3.10,3.23,9.86,3.23,5440000000.0,9.86,1450000000.0,1.96,11.80,6.70,284030000.0,0.38,13520000000.0,1.039,13.927,2760000000.0,0.474,0.67,39.53,11590000.0,5.733,1.58,12780000.0,outperform
5231,2013-05-08 20:49:55,1368060595.0,so,44.23,-2.37,1632.689941,14.88,-17.25,115.76,20.04,2.44,2.24,12.26,23.79,N/A,N/A,19.30,63950000000.0,63950000000.0,16.35,3.58,3.80,10.39,3.80,7140000000.0,10.39,2060000000.0,2.34,78.00,8.10,635000000.0,0.73,22430000000.0,N/A,21.08,N/A,0.09,0.02,35.30,12070000.0,3.70,1.40,12410000.0,underperform
5232,2008-12-12 11:48:09,1229100489.0,so,27.57,-2.39,879.7299800000001,24.58,-26.97,1.357,15.94,1.69,2.10,10.56,20.68,4.57,13.67,21.716,28160000000.0,46630000000.0,N/A,2.83,2.80,9.163,2.80,6490000000.0,9.163,1760000000.0,2.28,2.40,12.30,806020000.0,1.041,18190000000.0,0.989,17.305,3510000000.0,0.38,0.03,46.30,15410000.0,2.6,2.00,16410000.0,underperform
5233,2009-06-25 02:21:58,1245910918.0,kmx,14.28,49.51,920.26001,17.01,32.5,N/A,50.91,0.46,1.85,0.89,1.52,2.54,3.69,30.231,3290000000.0,3290000000.0,N/A,3.08,0.50,21.059,0.50,968170000.0,21.059,58400000.0,0.27,2.70,18.30,133580000.00000001,0.613,417570000.0,2.27,7.461,105820000.0,0.96,0.80,104.70,35250000.0,9.9,16.10,32939999.999999996,outperform
5234,2008-12-24 21:04:59,1230170699.0,kmx,7.43,226.11,868.150024,29.76,196.35000000000002,0.176,37.72,0.22,1.06,0.58,1.01,2.19,2.88,34.677,1620000000.0,1800000000.0,N/A,3.70,0.24,13.851,0.24,1160000000.0,13.851,43520000.0,0.20,N/A,24.30,138140000.0,0.635,275650000.0,2.978,7.182,227230000.0,1.49,6.68,109.90,28820000.0,10.1,13.20,34760000.0,outperform
5235,2013-04-22 06:41:21,1366627281.0,kmx,43.39,0.28,1562.5,20.29,-20.009999999999998,205.65,22.87,0.83,3.08,3.86,6.51,5.03,15.26,49.38,15420000000.0,15420000000.0,18.43,1.62,1.37,18.62,1.37,1380000000.0,18.62,434280000.0,1.87,15.50,14.20,449360000.0,1.99,6210000000.0,3.38,13.37,778440000.0,1.72,0.52,98.60,9200000.0,7.60,N/A,9120000.0,underperform
5236,2005-01-23 18:25:50,1106522750.0,kmx,14.96,-3.68,1175.410034,7.52,-11.2,0.154,29.83,0.63,4.05,2.12,3.48,9.84,14.78,47.107,3110000000.0,3200000000.0,25.74,1.78,0.64,16.76,0.64,570890000.0,16.76,105760000.0,1.001,22.80,13.10,25760000.0,0.25,118270000.0,3.231,7.387,101030000.0,2.277,1.75,95.00,12250000.0,11.782,11.97,13860000.0,underperform
5237,2007-04-06 22:28:01,1175912881.0,kmx,25.0,-19.76,1437.77002,-4.89,-14.870000000000001,0.149,27.23,0.71,4.32,2.61,4.38,13.49,18.00,35.764,5360000000.0,5530000000.0,N/A,1.06,0.73,13.855,0.73,895040000.0,13.855,198600000.0,0.92,4.30,16.10,19450000.0,0.091,185480000.0,2.247,5.816,136800000.0,2.57,11.51,83.80,14060000.0,5.5,6.70,9340000.0,underperform
5238,2004-11-29 03:12:11,1101715931.0,kmx,14.37,-2.09,1178.569946,6.7,-8.79,0.139,28.61,0.62,4.00,2.21,3.61,10.23,15.49,45.72,3010000000.0,3060000000.0,25.13,1.62,0.63,15.92,0.63,570890000.0,15.92,106770000.0,1.01,22.80,13.10,56610000.0,0.54,104640000.0,3.303,7.212,98220000.0,2.162,4.02,95.00,13860000.0,10.423,13.88,14280000.0,underperform
5239,2012-11-04 01:54:19,1352012059.0,kmx,34.96,39.02,1427.589966,23.84,15.180000000000003,184.54,19.65,0.76,2.71,3.88,6.57,5.34,14.89,46.40,12920000000.0,12920000000.0,17.25,1.64,1.23,16.50,1.23,1380000000.0,16.50,409550000.0,1.77,0.40,6.90,458630000.0,2.00,5440000000.0,3.73,12.91,272170000.0,1.84,0.52,100.20,12570000.0,4.40,7.20,13350000.0,outperform
5240,2011-11-16 00:23:35,1321421015.0,kmx,28.18,18.35,1236.910034,9.41,8.940000000000001,169.60,15.93,0.64,2.48,4.15,6.69,5.93,17.75,43.89,10490000000.0,10490000000.0,14.48,1.14,1.06,14.51,1.06,1300000000.0,14.51,409210000.0,1.78,3.70,10.70,183050000.0,0.81,4330000000.0,3.05,11.27,10490000000.0,1.46,0.53,98.30,19430000.0,6.40,N/A,17350000.0,outperform
5241,2007-02-23 09:53:38,1172242418.0,kmx,28.38,-30.37,1451.189941,-6.28,-24.09,0.101,29.08,0.82,5.01,2.82,4.64,14.21,19.55,69.411,6020000000.0,6130000000.0,N/A,1.37,0.84,16.044,0.84,895040000.0,16.044,206970000.0,1.93,98.10,24.00,12350000.0,0.115,121420000.0,2.395,11.181,120760000.0,2.7,11.46,82.10,5600000.0,4.3,5.30,6640000.0,underperform
5242,2008-01-22 12:28:29,1201022909.0,kmx,17.85,-59.16,1310.5,-35.88,-23.279999999999994,0.128,18.10,0.45,2.50,2.48,4.16,11.12,15.25,37.852,3630000000.0,3810000000.0,N/A,1.05,0.47,9.951,0.47,971060000.0,9.951,202330000.0,0.92,34.30,5.60,8380000.000000001,0.038,185960000.0,2.377,6.662,153150000.0,1.16,6.59,103.40,34850000.0,9.4,16.30,31760000.0,underperform
5243,2004-05-23 00:51:31,1085287891.0,kmx,11.04,21.56,1089.189941,9.61,11.95,0.153,20.31,0.50,3.36,2.53,4.12,11.97,18.65,43.527,2330000000.0,2370000000.0,16.49,0.97,0.52,11.47,0.52,550640000.0,11.47,116450000.0,1.104,N/A,N/A,61640000.0,0.59,104450000.0,3.191,6.563,130259999.99999999,2.018,3.98,86.25,10400000.0,5.347,10.43,8310000.000000001,outperform
5244,2013-06-19 09:08:06,1371647286.0,kmx,47.47,-4.61,1628.930054,20.29,-24.9,205.65,25.78,0.96,3.61,3.86,6.51,5.03,15.26,49.38,16180000000.0,16180000000.0,20.78,1.77,1.44,19.54,1.44,1460000000.0,19.54,434280000.0,1.87,12.80,14.20,449390000.0,2.00,6210000000.0,3.38,13.37,778440000.0,1.76,0.52,98.60,10310000.0,7.10,5.20,10710000.0,underperform
5245,2004-12-15 18:06:37,1103151997.0,lrcx,28.99,26.08,1205.719971,5.41,20.669999999999998,0.01,24.28,3.36,4.24,14.33,18.99,13.26,21.71,8.271,3950000000.0,3460000000.0,15.77,0.83,2.96,13.94,2.96,431050000.0,13.94,167950000.0,1.195,N/A,23.90,476670000.0,3.5,9390000.0,2.535,6.801,198720000.0,2.895,0.73,90.04,7980000.0,2.736,5.90,6880000.0,outperform
5246,2003-12-07 16:54:14,1070834054.0,lrcx,32.77,-10.5,1069.719971,11.27,-21.77,0.488,383.66,5.78,6.18,1.45,0.63,0.88,1.68,5.656,4110000000.0000005,3910000000.0,31.29,2.25,5.27,103.69,5.27,303830000.0,103.69,10760000.0,0.082,N/A,19.90,524470000.0,4.02,330240000.0,4.38,5.32,N/A,3.317,2.98,90.70,7960000.0,3.207,6.29,9020000.0,underperform
5247,2004-10-26 07:47:53,1098791273.0,lrcx,24.57,35.21,1111.089966,7.23,27.98,0.009,20.62,2.77,3.54,14.33,18.99,13.26,21.71,8.271,3350000000.0,2880000000.0,13.46,0.71,2.46,12.93,2.46,431050000.0,12.93,167950000.0,1.195,N/A,23.90,476670000.0,3.51,8140000.000000001,2.535,6.751,157150000.0,2.939,0.72,91.13,7270000.0,2.675,5.39,7650000.0,outperform
5248,2005-03-06 07:41:17,1110112877.0,lrcx,29.88,43.98,1210.469971,5.6,38.379999999999995,0.007,17.06,3.08,4.00,18.03,23.75,18.80,29.04,9.557,4139999999.9999995,3500000000.0,16.19,0.88,2.57,10.04,2.57,431050000.0,10.04,245180000.0,1.74,N/A,23.90,649400000.0,4.65,7270000.0,3.077,7.494,313730000.0,2.833,0.83,91.92,7840000.0,2.505,5.66,6470000.0,outperform
5249,2009-02-03 18:35:51,1233704151.0,lrcx,19.8,67.32,838.51001,30.86,36.459999999999994,0.17,8.28,1.10,1.41,13.43,16.50,9.25,19.01,17.843,2450000000.0,1700000000.0,N/A,N/A,0.76,3.956,0.76,1170000000.0,3.956,299630000.0,2.37,94.00,35.70,1060000000.0,8.477,299380000.0,3.388,13.998,411000000.0,1.39,0.41,102.60,12430000.0,10.00,10.00,11450000.0,outperform
5250,2007-03-12 02:54:21,1173682461.0,lrcx,46.15,-15.71,1406.599976,-6.11,-9.600000000000001,0.172,11.81,2.91,3.30,25.42,29.94,20.00,38.81,15.565,6450000000.0,5550000000.0,N/A,0.56,2.52,7.833,2.52,827390000.0,7.833,559330000.0,3.85,115.10,76.80,1200000000.0,8.492,300000000.0,3.065,13.692,580570000.0,2.86,0.26,94.40,9710000.0,6.90,6.90,9330000.0,underperform
5251,2011-08-18 08:25:33,1313670333.0,lrcx,36.05,-2.58,1140.650024,24.33,-26.909999999999997,29.90,6.62,1.47,1.92,22.35,25.20,15.58,34.16,26.21,3370000000.0,3370000000.0,9.93,1.42,1.04,3.78,1.04,969940000.0,3.78,723750000.0,5.79,10.00,8.20,2120000000.0,17.13,738490000.0,4.79,19.94,3370000000.0,1.45,9.41,76.30,4030000.0000000005,1.60,3.90,5020000.0,underperform
5252,2013-04-22 19:07:12,1366672032.0,lrcx,41.75,26.75,1562.5,20.29,6.460000000000001,27.43,88.66,2.13,1.47,2.30,8.37,2.92,2.04,20.97,5530000000.0,5530000000.0,11.53,1.90,1.74,11.62,1.74,1080000000.0,11.62,72850000.0,0.48,80.70,47.40,2520000000.0,15.53,1290000000.0,4.66,28.32,685600000.0,1.22,0.42,94.90,7470000.0,3.30,4.20,8029999.999999999,outperform
5253,2011-04-17 01:56:36,1303019796.0,lrcx,50.86,-17.34,1314.52002,4.19,-21.53,0.99,9.70,2.10,3.01,22.49,26.01,19.09,36.84,24.02,5400000000.0,5400000000.0,9.52,0.86,1.80,6.33,1.80,969940000.0,6.33,675880000.0,5.35,218.90,78.70,1030000000.0,8.35,20640000.0,3.16,16.91,5400000000.0,1.47,9.41,76.30,2910000.0,1.50,2.80,3820000.0,underperform
5254,2009-10-25 14:18:46,1256494726.0,lrcx,37.01,21.32,1092.910034,8.48,12.84,N/A,N/A,4.21,3.23,27.08,10.29,3.02,18.70,8.885,4070000000.0000005,4070000000.0000005,N/A,2.57,3.65,95.892,3.65,388730000.0,95.892,302150000.0,2.41,N/A,61.50,579390000.0,4.575,46230000.0,3.509,11.484,78130000.0,1.36,0.50,103.80,15240000.0,6.5,12.10,15010000.0,outperform
5255,2013-05-07 11:23:09,1367940189.0,lrcx,45.94,23.47,1625.959961,15.51,7.959999999999999,28.50,165.88,2.23,1.65,1.38,3.82,1.41,1.29,20.74,6380000000.0,6380000000.0,12.47,1.98,1.90,16.33,1.90,1080000000.0,16.33,46240000.0,0.28,58.30,28.20,2360000000.0,14.57,1290000000.0,4.58,28.07,641660000.0,1.23,0.42,94.90,8780000.0,3.70,5.00,7470000.0,outperform
5256,2011-08-19 15:10:38,1313781038.0,lrcx,35.9,-3.06,1123.530029,25.1,-28.16,29.90,6.31,1.38,1.81,22.35,25.20,15.58,34.16,26.21,3090000000.0,3090000000.0,9.46,1.42,0.96,3.47,0.96,969940000.0,3.47,723750000.0,5.79,10.00,8.20,2120000000.0,17.13,738490000.0,4.79,19.94,3090000000.0,1.45,9.41,76.30,4030000.0000000005,1.60,3.90,5020000.0,underperform
5257,2005-04-08 21:07:50,1113008870.0,lrcx,27.93,57.07,1181.199951,11.04,46.03,0.007,16.12,2.86,3.71,18.03,23.75,18.80,29.04,9.557,3910000000.0,3240000000.0,15.14,0.82,2.38,9.31,2.38,431050000.0,9.31,245180000.0,1.74,N/A,23.90,649400000.0,4.65,7270000.0,3.077,7.494,313730000.0,3.255,0.83,91.77,8010000.0,1.983,5.78,7840000.0,outperform
5258,2004-04-12 02:15:09,1081750509.0,lrcx,27.03,2.52,1145.199951,3.72,-1.2000000000000002,0.457,229.83,4.74,4.84,2.09,0.58,1.29,2.38,5.59,3550000000.0,3290000000.0,18.77,1.34,4.40,87.18,4.40,303830000.0,87.18,15670000.0,0.116,N/A,19.90,586010000.0,4.4,327560000.0,4.507,5.503,89830000.0,3.03,2.99,92.52,6070000.0,1.75,4.70,5160000.0,underperform
5259,2013-04-30 10:32:23,1367332343.0,dte,68.88,11.45,1597.569946,17.93,-6.48,105.58,18.12,1.38,1.65,7.59,15.24,3.34,10.16,52.80,20410000000.0,20410000000.0,16.91,4.09,2.25,8.68,2.25,2600000000.0,8.68,744000000.0,3.99,50.00,11.90,218000000.0,1.25,8060000000.000001,1.12,43.67,2190000000.0,0.26,0.58,13.90,1470000.0,1.90,0.90,1780000.0,underperform
5260,2012-11-13 14:33:24,1352835204.0,dte,54.65,20.22,1374.530029,29.64,-9.420000000000002,105.65,14.78,1.16,1.36,7.85,15.64,3.34,9.58,50.75,17870000000.0,17870000000.0,14.53,3.17,2.07,7.84,2.07,2730000000.0,7.84,679000000.0,3.96,24.00,2.60,59000000.0,0.34,7850000000.0,1.18,42.94,2250000000.0,0.31,0.53,13.40,1440000.0,2.60,0.90,1460000.0,underperform
5261,2007-04-12 11:58:28,1176393508.0,dte,34.53,-13.15,1447.800049,-7.94,-5.21,1.532,20.05,0.96,1.48,4.80,10.36,2.48,7.52,50.972,8640000000.0,17450000000.0,N/A,3.54,1.94,8.955,1.94,5970000000.0,8.955,437000000.0,2.43,62.80,15.30,147000000.0,0.83,8960000000.0,0.951,33.019001,1460000000.0,0.43,0.23,65.80,9430000.0,7.5,5.30,5590000.0,underperform
5262,2008-12-12 00:05:41,1229058341.0,dte,26.43,30.76,879.7299800000001,24.58,6.180000000000003,1.494,8.32,0.60,0.94,7.15,13.22,3.27,10.06,58.192,5610000000.0,14470000000.0,N/A,1.79,1.54,6.804,1.54,4950000000.0,6.804,588000000.0,4.14,10.20,9.90,223000000.0,1.368,8960000000.0,1.036,36.779999,1350000000.0,0.63,0.34,55.40,2140000.0,1.4,1.30,2700000.0,outperform
5263,2013-02-03 02:32:23,1359876743.0,dte,59.28,11.62,1498.109985,16.27,-4.65,105.65,16.15,1.26,1.47,7.85,15.64,3.34,9.58,50.75,18800000000.0,18800000000.0,15.87,3.21,2.17,8.25,2.17,2730000000.0,8.25,679000000.0,3.96,24.00,2.60,59000000.0,0.34,7850000000.0,1.18,42.94,2250000000.0,0.26,0.53,13.40,1300000.0,2.00,0.80,1440000.0,underperform
5264,2012-11-17 08:51:02,1353160262.0,dte,54.47,22.36,1355.48999,32.1,-9.740000000000002,105.65,14.97,1.17,1.37,7.85,15.64,3.34,9.58,50.75,18000000000.0,18000000000.0,14.71,3.13,2.08,7.90,2.08,2730000000.0,7.90,679000000.0,3.96,24.00,2.60,59000000.0,0.34,7850000000.0,1.18,42.94,2250000000.0,0.31,0.53,13.40,1440000.0,2.60,0.90,1460000.0,underperform
5265,2010-10-24 19:24:37,1287962677.0,dte,39.82,15.97,1180.26001,6.26,9.71,121.52,13.29,0.95,1.21,7.05,16.13,3.50,9.23,50.25,15770000000.0,15770000000.0,12.65,2.62,1.90,6.78,1.90,2520000000.0,6.78,586000000.0,3.53,3.60,6.20,124000000.0,0.74,7970000000.0,0.88,38.85,15770000000.0,0.66,0.43,60.50,3010000.0,1.90,1.80,3930000.0,outperform
5266,2011-05-05 22:03:18,1304647398.0,dte,44.13,14.8,1335.099976,2.55,12.25,115.75,14.91,1.02,1.28,6.76,16.80,3.68,8.74,50.58,16430000000.0,16430000000.0,13.49,2.94,1.93,6.88,1.93,2790000000.0,6.88,577000000.0,3.41,23.10,0.90,197000000.0,1.16,7910000000.0,1.10,40.11,16430000000.0,0.62,0.43,56.40,2270000.0,1.90,1.30,2200000.0,outperform
5267,2011-07-05 21:25:09,1309915509.0,dte,44.45,,1337.880005,2.33,,115.75,14.84,1.01,1.27,6.76,16.80,3.68,8.74,50.58,16320000000.0,16320000000.0,13.39,2.86,1.91,6.83,1.91,2790000000.0,6.83,577000000.0,3.41,23.10,0.90,197000000.0,1.16,7910000000.0,1.10,40.11,16320000000.0,0.63,0.43,56.40,3010000.0,3.40,1.80,3370000.0,underperform
5268,2005-02-05 03:36:59,1107592619.0,dte,28.23,-1.81,1193.189941,6.51,-8.32,1.573,13.72,1.11,1.40,8.05,9.84,2.67,10.30,40.087,7760000000.0,16200000000.0,12.79,3.54,2.35,11.97,2.35,4800000000.0,11.97,554000000.0,3.25,17.60,4.30,74000000.0,0.43,8620000000.0,0.977,31.500999,1300000000.0,0.082,0.38,53.11,2920000.0,4.176,1.68,3510000.0,underperform
5269,2011-07-07 01:12:59,1310015579.0,dte,44.48,22.19,1353.219971,0.11,22.080000000000002,115.75,14.81,1.00,1.26,6.76,16.80,3.68,8.74,50.58,16290000000.0,16290000000.0,13.36,2.91,1.91,6.82,1.91,2790000000.0,6.82,577000000.0,3.41,23.10,0.90,197000000.0,1.16,7910000000.0,1.10,40.11,16290000000.0,0.63,0.43,56.40,3010000.0,3.40,1.80,3370000.0,outperform
5270,2012-06-14 22:02:35,1339725755.0,dte,54.03,18.12,1329.099976,22.39,-4.27,111.04,14.68,1.15,1.41,7.93,15.48,3.35,10.01,51.49,17880000000.0,17880000000.0,14.90,3.63,2.05,7.89,2.05,2730000000.0,7.89,691000000.0,4.05,11.40,7.50,57000000.0,0.34,7940000000.0,1.17,41.76,1910000000.0,0.33,0.53,12.90,1630000.0,2.00,1.00,1500000.0,underperform
5271,2013-04-22 01:39:51,1366609191.0,dte,68.9,9.09,1562.5,20.29,-11.2,108.91,20.33,1.41,1.68,6.94,14.62,3.07,9.32,51.41,20470000000.0,20470000000.0,16.92,4.05,2.33,9.19,2.33,2600000000.0,9.19,666000000.0,3.55,N/A,N/A,65000000.0,0.38,8070000000.0,1.05,42.78,2210000000.0,0.26,0.58,13.90,1780000.0,1.60,1.00,2110000.0,underperform
5272,2008-06-22 11:55:31,1214150131.0,dte,32.74,-23.52,1342.829956,-33.5,9.98,1.283,6.82,0.83,1.20,12.18,9.35,2.16,15.13,52.042,7010000000.0,14590000000.0,N/A,2.40,1.69,8.43,1.69,4950000000.0,8.43,891000000.0,6.30,58.20,4.30,77000000.0,0.472,7660000000.0,0.88,36.562,1390000000.0,0.93,0.31,58.50,4910000.0,6.3,3.00,4099999.9999999995,outperform
5273,2011-10-07 02:27:49,1317968869.0,pcl,30.78,27.78,1155.459961,25.58,2.200000000000003,202.25,33.58,4.85,4.26,14.74,23.00,3.93,12.63,7.26,8130000000.000001,8130000000.000001,24.72,N/A,6.93,22.47,6.93,383000000.0,22.47,173000000.0,1.06,25.70,10.10,253000000.0,1.56,2700000000.0,0.57,8.24,8130000000.000001,1.13,0.27,66.80,14080000.0,8.60,N/A,14430000.0,outperform
5274,2012-04-29 17:26:35,1335734795.0,pcl,37.94,32.45,1399.97998,13.83,18.620000000000005,219.56,35.24,5.80,5.35,16.54,23.48,4.03,14.64,7.22,9280000000.0,9280000000.0,28.72,16.92,7.95,25.08,7.95,378000000.0,25.08,193000000.0,1.19,3.40,11.50,254000000.0,1.57,2770000000.0,0.56,7.83,374000000.0,0.96,0.29,68.40,9310000.0,12.10,5.80,9140000.0,outperform
5275,2005-09-11 17:49:59,1126475399.0,pcl,25.25,-3.64,1231.670044,5.51,-9.15,0.841,20.36,4.72,2.98,23.55,28.80,5.91,13.22,7.88,6930000000.0,8480000000.0,N/A,4.36,5.85,16.113,5.85,558000000.0,16.113,298000000.0,1.85,21.10,5.00,384000000.0,2.087,1930000000.0,2.45,12.489,437000000.0,N/A,0.51,49.00,3070000.0,1.70,1.70,3010000.0,underperform
5276,2008-06-22 18:57:07,1214175427.0,pcl,34.67,-35.45,1342.829956,-33.5,-1.9500000000000028,1.398,27.84,4.66,4.28,16.48,25.05,5.72,14.15,9.64,7550000000.0,9970000000.0,N/A,5.32,5.97,18.188,5.97,551000000.0,18.188,273000000.0,1.58,15.60,1.60,118000000.0,0.69,2540000000.0,1.366,10.614,478000000.0,0.82,0.33,66.10,16290000.0,13.7,9.60,15480000.0,underperform
5277,2011-12-28 17:39:16,1325111956.0,pcl,32.8,26.46,1249.640015,13.48,12.98,213.22,31.35,4.93,4.58,15.81,23.68,4.16,14.30,7.46,8430000000.0,8430000000.0,27.37,N/A,6.98,22.19,6.98,383000000.0,22.19,191000000.0,1.17,56.20,13.10,291000000.0,1.80,2770000000.0,0.52,8.05,431000000.0,1.05,0.27,66.80,13340000.0,10.60,8.30,13130000.0,outperform
5278,2013-04-26 01:17:38,1366953458.0,pcl,50.1,-16.81,1582.23999,18.53,-35.34,241.21,42.72,6.47,7.07,15.16,20.99,4.06,16.33,8.29,11080000000.0,11080000000.0,31.79,2.44,8.28,28.06,8.28,396000000.0,28.06,203000000.0,1.25,29.50,12.40,356000000.0,2.19,2950000000.0,1.08,7.55,353000000.0,0.98,0.34,68.40,8970000.0,12.30,5.60,9160000.0,underperform
5279,2007-03-13 12:02:25,1173801745.0,pcl,27.25,9.39,1377.949951,-5.02,14.41,1.112,22.20,4.24,3.30,19.48,27.35,5.87,14.27,9.014,6900000000.0,8900000000.0,N/A,5.04,5.47,15.528,5.47,556000000.0,15.528,315000000.0,1.75,3.00,3.10,273000000.0,1.54,2320000000.0,1.826,11.796,556000000.0,1.1,0.40,54.50,6320000.0,6.1,3.60,5580000.0,outperform
5280,2005-04-15 00:41:42,1113540102.0,pcl,23.49,5.79,1142.619995,12.73,-6.94,0.842,19.41,4.38,2.99,22.19,30.89,7.75,15.39,8.298,6570000000.0,8240000000.0,22.48,4.52,5.39,14.05,5.39,558000000.0,14.05,339000000.0,1.84,88.50,27.80,347000000.0,1.89,1890000000.0,2.712,12.194,600000000.0,0.635,0.88,48.91,3090000.0,4.977,1.70,3190000.0,underperform
5281,2012-02-28 02:53:46,1330415626.0,pcl,35.45,29.48,1372.180054,10.48,19.0,219.56,32.94,5.40,4.99,16.54,23.39,4.01,14.64,7.22,8820000000.0,8820000000.0,27.22,15.86,7.56,23.90,7.56,383000000.0,23.90,193000000.0,1.19,3.40,11.50,254000000.0,1.58,2770000000.0,0.56,7.83,374000000.0,1.03,0.29,68.40,11500000.0,9.00,7.10,12820000.0,outperform
5282,2009-01-06 13:57:48,1231268268.0,pcl,26.56,19.39,934.7000119999999,21.66,-2.2699999999999996,1.455,22.25,3.33,3.18,15.45,23.42,5.26,14.11,9.662,5520000000.0,7950000000.0,N/A,3.65,4.80,15.317,4.80,551000000.0,15.317,256000000.0,1.49,16.90,1.70,175000000.0,1.049,2600000000.0,1.133,10.42,438000000.0,1.03,0.32,67.90,13610000.0,2.7,8.20,13190000.0,underperform
5283,2010-03-13 15:09:37,1268510977.0,pcl,30.48,15.22,1145.609985,13.05,2.17,N/A,25.69,4.63,4.08,18.24,24.11,4.23,15.54,7.924,8529999999.999999,8529999999.999999,N/A,5.32,6.59,20.749,6.59,405000000.0,20.749,236000000.0,1.44,70.50,44.00,299000000.0,1.835,2780000000.0,2.836,9.005,540000000.0,1.11,0.28,74.70,16640000.0,8.6,10.30,18560000.0,outperform
5284,2013-04-23 04:18:03,1366705083.0,pcl,49.92,-16.51,1578.780029,18.79,-35.3,241.21,42.01,6.34,6.93,15.16,20.99,4.06,16.33,8.29,11080000000.0,11080000000.0,31.26,2.44,8.28,28.06,8.28,396000000.0,28.06,203000000.0,1.25,29.50,12.40,356000000.0,2.19,2950000000.0,1.08,7.55,353000000.0,0.98,0.34,68.40,8970000.0,12.30,5.60,9160000.0,underperform
5285,2005-02-07 17:53:17,1107816797.0,pcl,24.62,-0.65,1201.719971,4.42,-5.07,0.842,20.45,4.55,3.10,22.19,30.89,7.75,15.39,8.298,6910000000.0,8439999999.999999,24.44,4.82,5.52,14.41,5.52,380000000.0,14.41,339000000.0,1.84,17.60,5.20,347000000.0,1.89,1890000000.0,2.712,12.13,587000000.0,0.669,0.87,46.39,2560000.0,4.617,1.41,2810000.0,underperform
5286,2013-04-25 02:53:29,1366872809.0,btu,19.14,-6.9,1585.160034,17.55,-24.450000000000003,125.32,N/A,0.66,1.04,10.02,0.64,0.19,12.40,32.52,10690000000.0,10690000000.0,11.86,3.25,1.37,16.00,1.37,2140000000.0000002,16.00,673200000.0,3.26,N/A,14.30,629500000.0,2.34,6150000000.0,1.48,18.26,N/A,1.76,0.39,80.90,10470000.0,1.40,3.90,11530000.0,underperform
5287,2012-01-11 12:46:37,1326303997.0,btu,35.41,-27.28,1292.47998,13.9,-41.18,47.02,10.39,1.28,1.85,12.43,18.65,7.83,19.83,28.31,10870000000.0,10870000000.0,7.48,0.27,1.43,5.84,1.43,2020000000.0,5.84,944100000.0,3.47,22.30,9.20,1400000000.0,5.17,2500000000.0,2.09,19.53,1390000000.0,1.40,0.24,84.30,10970000.0,2.00,4.60,12350000.0,underperform
5288,2005-03-05 23:29:51,1110083391.0,btu,20.45,109.1,1210.079956,6.53,102.57,0.826,34.95,1.72,3.71,4.94,6.74,2.92,10.81,57.011,6380000000.0,7410000000.0,14.67,2.44,2.04,14.4,2.04,493680000.0,14.4,178200000.0,2.83,70.30,4.10,389600000.0,6.03,1430000000.0,1.362,26.051001,225590000.0,0.839,1.41,88.84,2450000.0,2.456,3.85,2140000.0,outperform
5289,2012-09-09 16:28:31,1347222511.0,btu,20.66,-11.37,1432.119995,16.73,-28.1,108.79,7.37,0.69,0.98,10.54,18.11,6.60,16.30,30.76,12260000000.0,12260000000.0,9.52,1.54,1.48,5.91,1.48,2420000000.0,5.91,912700000.0,3.22,28.10,0.90,489200000.0,1.82,6390000000.0,1.48,21.74,1690000000.0,1.94,0.32,75.20,17880000.0,1.90,7.40,18070000.0,underperform
5290,2008-06-07 06:09:48,1212833388.0,btu,69.18,-51.98,1377.199951,-31.57,-20.409999999999997,1.307,90.08,4.41,8.11,4.91,9.12,2.86,16.28,17.849,21110000000.0,24390000000.0,N/A,1.79,5.15,30.26,5.15,999890000.0,30.26,408890000.0,0.86,35.40,15.00,82550000.0,0.304,3370000000.0,0.876,9.491,123400000.0,2.27,0.19,90.10,15640000.0,3.6,5.80,14100000.0,underperform
5291,2008-06-09 03:43:31,1212997411.0,btu,76.05,-55.86,1361.76001,-30.79,-25.07,1.307,90.08,4.41,8.11,4.91,9.12,2.86,16.28,17.849,21110000000.0,24390000000.0,N/A,1.50,5.15,30.26,5.15,999890000.0,30.26,408890000.0,0.86,35.40,15.00,82550000.0,0.304,3370000000.0,0.876,9.491,123400000.0,2.27,0.19,90.00,15640000.0,3.6,5.80,14100000.0,underperform
5292,2007-02-28 04:29:10,1172654950.0,btu,35.03,57.58,1406.819946,-2.78,60.36,1.396,18.12,2.15,4.84,11.43,9.65,4.06,26.60,19.526,10660000000.0,14260000000.0,N/A,0.89,2.71,16.171,2.71,928620000.0,16.171,600700000.0,2.23,7.90,10.40,326500000.0,1.238,3260000000.0,0.932,8.873,N/A,2.07,0.35,76.90,8980000.0,1.5,3.40,8480000.0,outperform
5293,2011-10-22 00:50:54,1319259054.0,btu,36.16,-26.74,1209.880005,20.45,-47.19,47.89,11.84,1.39,1.98,12.04,19.81,8.43,20.09,27.73,11600000000.0,11600000000.0,7.03,0.29,1.56,6.05,1.56,2020000000.0,6.05,893400000.0,3.28,38.10,20.90,1250000000.0,4.62,2510000000.0,2.09,19.26,11600000000.0,1.42,0.16,84.30,11400000.0,1.70,4.80,13140000.0,underperform
5294,2011-08-19 01:12:01,1313730721.0,btu,40.95,-48.5,1123.530029,25.1,-73.6,47.89,13.42,1.73,2.47,12.04,19.81,8.43,20.09,27.73,14120000000.0,14120000000.0,7.52,0.46,1.90,7.36,1.90,2020000000.0,7.36,893400000.0,3.28,38.10,20.90,1250000000.0,4.62,2510000000.0,2.09,19.26,14120000000.0,1.38,0.16,84.30,6950000.0,1.60,2.90,5430000.0,underperform
5295,2005-02-25 15:40:15,1109364015.0,btu,21.02,99.71,1211.369995,6.71,93.0,0.826,34.43,1.71,3.68,4.94,6.74,2.92,10.81,57.011,6280000000.0,7230000000.0,14.54,2.27,1.99,14.04,1.99,493680000.0,14.04,178200000.0,2.83,N/A,N/A,389600000.0,6.03,1430000000.0,1.362,26.051001,N/A,0.839,1.41,80.54,2450000.0,2.456,3.85,2140000.0,outperform
5296,2013-04-05 06:15:52,1365156952.0,btu,19.6,-16.53,1553.280029,21.74,-38.269999999999996,126.61,N/A,0.67,1.10,7.25,2.68,0.83,9.01,30.14,11390000000.0,11390000000.0,10.86,2.71,1.41,12.56,1.41,2140000000.0000002,12.56,481500000.0,2.19,N/A,9.50,563600000.0,2.09,6250000000.0,1.54,18.26,1520000000.0,1.76,0.39,80.90,11530000.0,1.50,4.30,10670000.0,underperform
5297,2008-12-11 12:15:02,1229015702.0,btu,23.07,73.82,873.590027,26.65,47.169999999999995,1.074,10.13,1.19,2.39,11.78,17.69,6.52,31.34,21.986,7020000000.0,10060000000.0,N/A,0.26,1.70,6.994,1.70,999890000.0,6.994,873860000.0,2.56,1044.30,59.00,104000000.0,0.384,3150000000.0,0.941,10.837,519070000.00000006,1.78,8.46,77.30,10170000.0,0.9,3.80,12120000.0,outperform
5298,2009-04-28 22:10:42,1240971042.0,btu,23.72,92.41,855.159973,39.31,53.099999999999994,N/A,6.39,1.02,2.07,15.71,20.90,9.33,35.31,25.344,9170000000.0,9170000000.0,N/A,0.92,1.35,5.004,1.35,1980000000.0,5.004,1040000000.0,3.95,197.40,14.40,526700000.00000006,1.97,2790000000.0,1.185,12.471,N/A,1.26,0.15,81.20,8800000.0,3.30,3.30,9050000.0,outperform
5299,2006-06-19 00:36:14,1150691774.0,btu,42.73,4.12,1240.130005,23.67,-19.55,0.653,28.09,2.90,6.55,10.27,10.25,5.15,25.17,18.606,13870000000.0,14930000000.0,N/A,0.63,3.06,17.478,3.06,928620000.0,17.478,500980000.0,1.865,151.00,21.70,350160000.0,1.323,1410000000.0,0.991,8.162,653880000.0,2.25,0.46,84.00,7120000.0,1.8,2.70,6540000.0,underperform
5300,2006-10-23 12:34:22,1161621262.0,btu,35.78,26.19,1377.02002,10.35,15.840000000000002,0.592,20.09,2.17,4.74,10.99,10.15,5.19,26.40,19.355,11040000000.0,11890000000.0,N/A,0.76,2.34,13.465,2.34,928620000.0,13.465,559160000.0,2.078,61.10,18.70,318740000.0,1.206,1380000000.0,1.087,8.8,662570000.0,2.03,0.46,83.60,5100000.0,1.90,1.90,6070000.0,outperform
5301,2009-04-15 20:19:09,1239841149.0,btu,24.37,85.27,852.0599980000001,42.2,43.06999999999999,N/A,7.39,1.19,2.68,14.46,20.02,8.72,36.32,24.523,10550000000.0,10550000000.0,N/A,0.72,1.60,6.112,1.60,1980000000.0,6.112,984800000.0,3.52,719.30,61.00,449700000.0,1.682,3160000000.0,1.062,10.964,1290000000.0,1.26,0.25,81.20,9050000.0,0.9,3.40,9840000.0,outperform
5302,2013-04-23 05:36:49,1366709809.0,btu,18.42,-6.41,1578.780029,18.79,-25.2,125.32,N/A,0.66,1.05,10.02,0.64,0.19,12.40,32.52,10690000000.0,10690000000.0,11.44,3.49,1.37,16.00,1.37,2140000000.0000002,16.00,673200000.0,3.26,N/A,14.30,629500000.0,2.34,6150000000.0,1.48,18.26,N/A,1.76,0.39,80.90,10470000.0,1.40,3.90,11530000.0,underperform
5303,2004-09-19 14:30:24,1095618624.0,btu,11.69,203.51,1123.5,9.57,193.94,0.892,30.36,1.10,2.20,3.47,5.24,1.97,8.38,54.194,3540000000.0,4630000000.0,14.26,4.44,1.46,11.09,1.46,493680000.0,11.09,107790000.0,1.818,70.30,4.10,329350000.0,5.13,1410000000.0,1.316,24.768999,172080000.0,0.745,20.42,92.79,2500000.0,2.89,4.89,2029999.9999999998,outperform
5304,2005-01-15 09:46:44,1105800404.0,hrb,17.55,8.43,1187.699951,8.28,0.15000000000000036,1.16,14.60,1.86,5.86,14.08,23.04,11.66,37.86,24.048,7800000000.0,8710000000.0,11.98,1.04,2.09,7.99,2.09,4210000000.0,7.99,586080000.0,3.242,20.30,11.30,575800000.0,3.5,1530000000.0,1.088,8.042,715070000.0,0.231,9.12,79.36,6550000.0,5.634,4.37,6800000.0,outperform
5305,2007-03-24 08:29:14,1174739354.0,hrb,16.47,1.21,1435.040039,-7.35,8.559999999999999,2.519,29.45,1.36,4.56,4.66,15.59,6.31,32.96,15.872,6920000000.0,9700000000.0,N/A,1.24,1.89,8.055,1.89,1970000000.0,8.055,513840000.00000006,0.73,N/A,11.00,1080000000.0,3.353,3850000000.0,0.779,4.74,498190000.0,0.64,0.35,91.10,13900000.0,9.2,4.30,13640000.0,outperform
5306,2011-05-22 13:11:31,1306084291.0,hrb,14.37,-5.36,1343.599976,-2.05,-3.3100000000000005,212.70,11.81,1.32,6.03,11.58,21.87,7.84,51.43,12.04,5280000000.0,5280000000.0,10.14,1.18,1.39,5.67,1.39,1410000000.0,5.67,452110000.0,1.38,N/A,8.90,1470000000.0,4.80,1760000000.0,0.95,2.71,5280000000.0,0.49,4.49,92.30,26370000.0,5.30,8.80,28820000.0,underperform
5307,2013-05-15 01:18:56,1368595136.0,hrb,27.63,-0.11,1658.780029,12.78,-12.889999999999999,209.75,21.91,2.88,11.82,13.64,22.09,8.20,51.06,9.37,8490000000.0,8490000000.0,14.78,1.42,3.26,12.64,3.26,1580000000.0,12.64,367440000.0,1.27,N/A,30.50,418390000.0,1.54,1330000000.0,0.84,2.33,432890000.0,0.97,0.18,84.60,6610000.0,2.10,2.40,8470000.0,underperform
5308,2005-09-01 07:10:16,1125573016.0,hrb,20.16,-20.19,1221.589966,7.32,-27.51,0.482,14.31,2.01,4.48,14.39,23.81,12.21,33.50,13.329,8950000000.0,8800000000.0,N/A,1.56,1.99,6.664,1.99,2000000000.0,6.664,635860000.0,1.88,9.10,6.50,1100000000.0,3.314,953020000.0,1.39,5.967,513789999.99999994,N/A,9.24,89.40,31040000.0,14.1,9.40,33530000.0,underperform
5309,2006-06-17 14:22:02,1150568522.0,hrb,17.59,-0.11,1230.040039,23.81,-23.919999999999998,0.43,15.88,1.58,3.59,10.06,17.52,9.26,23.94,14.851,7680000000.0,7910000000.0,N/A,0.98,1.62,6.644,1.62,2000000000.0,6.644,490410000.0,1.47,4.80,5.80,694360000.0,2.114,924530000.0,0.976,6.542,585690000.0,0.68,N/A,83.30,11020000.0,3.40,3.40,8350000.0,underperform
5310,2011-11-14 20:47:23,1321321643.0,hrb,14.0,20.07,1251.780029,9.81,10.26,87.15,13.25,1.34,3.94,9.96,18.24,9.49,33.08,11.89,4930000000.0,4930000000.0,8.90,0.95,1.36,6.45,1.36,1360000000.0,6.45,372420000.0,1.18,N/A,2.60,1010000000.0,3.31,1080000000.0,1.04,4.04,4930000000.0,0.49,4.49,92.30,16680000.0,5.20,N/A,19660000.0,outperform
5311,2007-12-13 06:45:38,1197546338.0,hrb,14.45,17.37,1488.410034,-40.89,58.260000000000005,2.016,N/A,1.54,5.79,14.90,16.56,6.72,26.43,12.579,6300000000.0,8050000000.000001,N/A,1.20,1.98,9.753,1.98,1510000000.0,9.753,382350000.0,1.87,N/A,11.20,437670000.0,1.348,2180000000.0,0.613,3.332,540850000.0,1.29,2.05,93.50,20560000.0,9.4,6.30,22240000.0,outperform
5312,2006-09-06 09:27:25,1157549245.0,hrb,16.08,-3.17,1300.26001,13.71,-16.880000000000003,0.616,18.21,1.41,3.25,8.07,14.46,8.14,21.46,14.703,6850000000.0,7500000000.0,N/A,0.87,1.56,7.122,1.56,1970000000.0,7.122,387020000.0,1.17,N/A,12.10,467290000.0,1.452,1120000000.0,0.814,6.538,841820000.0,0.58,0.37,89.70,8800000.0,6.6,2.70,11390000.0,underperform
5313,2007-02-23 09:53:18,1172242398.0,hrb,17.45,-16.39,1451.189941,-6.28,-10.11,1.204,23.75,1.52,4.43,6.56,11.81,6.72,19.60,14.624,7230000000.0,8670000000.0,N/A,1.37,1.82,8.671,1.82,1970000000.0,8.671,311810000.0,0.94,N/A,6.90,518559999.99999994,1.609,1960000000.0,0.725,5.059,100250000.0,0.42,0.35,70.40,13640000.0,4.20,4.20,10490000.0,underperform
5314,2005-10-31 08:22:51,1130764971.0,hrb,18.45,-10.03,1207.01001,14.16,-24.189999999999998,0.521,12.81,1.72,4.34,14.17,23.18,13.68,38.60,13.785,7970000000.0,8210000000.000001,N/A,0.94,1.81,6.146,1.81,2000000000.0,6.146,644280000.0,1.92,22.90,26.40,709890000.0,2.187,949000000.0,1.361,5.539,718610000.0,N/A,0.64,89.40,10890000.0,5.3,3.40,15920000.0,underperform
5315,2005-04-06 03:04:37,1112771077.0,hrb,18.69,-12.63,1184.069946,10.55,-23.18,1.714,15.79,1.97,5.78,13.45,21.59,10.65,37.31,25.014,8350000000.0,10280000000.0,12.45,1.17,2.42,9.78,2.42,4210000000.0,9.78,571040000.0,3.20,20.30,11.30,576150000.0,3.49,2480000000.0,1.064,8.775,343200000.0,0.269,9.11,80.45,12070000.0,6.373,8.04,9190000.0,underperform
5316,2004-11-27 16:10:25,1101589825.0,hrb,17.31,,1181.76001,10.77,,1.16,14.44,1.88,5.94,14.08,23.04,11.66,37.86,24.048,7720000000.0,8770000000.0,11.39,1.15,2.11,8.04,2.11,4210000000.0,8.04,586080000.0,3.242,20.30,11.30,575800000.0,3.49,1530000000.0,1.088,7.983,520610000.0,0.23,7.51,79.08,6800000.0,5.677,4.46,5860000.0,underperform
5317,2010-01-25 04:20:24,1264411224.0,hrb,18.56,-38.74,1096.780029,17.72,-56.46,N/A,15.25,1.87,7.10,12.11,23.20,11.34,54.37,12.088,7160000000.0,7160000000.0,N/A,1.14,1.76,6.821,1.76,1490000000.0,6.821,517659999.99999994,1.46,N/A,7.20,1430000000.0,4.268,1140000000.0,0.966,3.192,904220000.0,0.6,10.96,77.00,7550000.0,2.8,3.10,7320000.0,underperform
5318,2007-07-03 02:28:38,1183444118.0,hrb,17.8,-2.19,1524.869995,-17.27,15.08,1.482,N/A,1.94,5.33,11.16,13.51,4.86,21.02,12.043,7470000000.0,8720000000.0,N/A,1.39,2.24,12.919,2.24,1970000000.0,12.919,374340000.0,1.33,N/A,7.50,921840000.0,2.855,2100000000.0,0.667,4.382,584720000.0,0.57,0.35,94.20,20340000.0,8.4,6.30,23310000.0,outperform
5319,2007-03-16 10:28:11,1174055291.0,hrb,16.04,-13.28,1386.949951,-5.64,-7.64,1.204,22.13,1.31,5.88,6.56,11.81,6.72,19.60,14.624,6730000000.0,9450000000.0,N/A,1.43,1.99,9.451,1.99,1970000000.0,9.451,311810000.0,0.94,N/A,6.90,518559999.99999994,1.609,1960000000.0,0.725,3.55,100250000.0,0.42,0.37,90.80,13640000.0,4.30,4.30,10490000.0,underperform
5320,2011-09-11 00:07:05,1315714025.0,hrb,12.05,27.63,1185.900024,20.51,7.119999999999997,87.15,11.16,1.14,3.37,9.96,18.24,9.49,33.08,11.89,4080000000.0,4080000000.0,7.55,0.86,1.12,5.33,1.12,1360000000.0,5.33,372420000.0,1.18,N/A,2.60,1010000000.0,3.31,1080000000.0,1.04,4.04,4080000000.0,0.47,4.49,92.30,18030000.0,5.20,5.90,17430000.0,outperform
5321,2008-12-30 21:24:47,1230690287.0,hrb,18.0,5.0,890.6400150000001,26.47,-21.47,2.207,32.32,1.68,8.83,5.20,18.72,8.17,63.91,13.388,7570000000.0,8500000000.0,N/A,1.14,1.94,8.761,1.94,1600000000.0,8.761,439990000.0,0.69,N/A,1.50,693630000.0,2.046,1840000000.0,1.089,2.459,489270000.0,0.91,3.25,86.90,6430000.0,2.4,1.90,6160000.0,underperform
5322,2004-05-05 16:32:46,1083789166.0,hrb,16.66,13.57,1121.530029,4.56,9.010000000000002,1.517,13.40,2.03,5.50,15.66,26.31,13.26,41.84,21.889,8010000000.0,9590000000.0,11.14,0.87,2.41,7.35,2.41,2380000000.0,7.35,623260000.0,3.419,33.50,13.90,741370000.0,4.24,2240000000.0,1.07,8.412,577300000.0,0.249,7.58,80.35,4190000.0000000005,2.882,2.59,5260000.0,outperform
5323,2007-04-08 13:26:24,1176053184.0,hrb,16.28,3.99,1443.76001,-4.93,8.92,2.519,29.09,1.33,4.49,4.66,15.59,6.31,32.96,15.872,6840000000.0,9610000000.0,N/A,1.22,1.87,7.986,1.87,1970000000.0,7.986,513840000.00000006,0.73,N/A,11.00,1080000000.0,3.353,3850000000.0,0.779,4.74,498190000.0,0.57,0.35,91.00,15090000.0,4.3,4.70,13900000.0,outperform
5324,2011-07-12 15:03:37,1310497417.0,hrb,13.98,7.37,1313.640015,2.12,5.25,77.06,12.05,1.32,3.32,11.16,17.84,7.78,29.02,11.77,4260000000.0,4260000000.0,9.00,0.99,1.17,5.66,1.17,1360000000.0,5.66,418320000.0,1.31,4.70,0.90,1680000000.0,5.49,1120000000.0,1.12,4.75,4260000000.0,0.47,4.49,92.30,22970000.0,6.30,7.70,23410000.0,outperform
5325,2005-02-07 01:33:48,1107758028.0,hrb,17.35,2.07,1201.719971,4.42,-2.35,1.16,14.57,1.88,5.90,14.08,23.04,11.66,37.86,24.048,7780000000.0,8730000000.0,11.96,1.04,2.10,8.01,2.10,4210000000.0,8.01,586080000.0,3.24,20.30,11.30,575800000.0,3.5,1530000000.0,1.088,8.042,715070000.0,0.231,9.12,78.74,6540000.0,7.119,4.37,6550000.0,underperform
5326,2013-02-15 08:55:52,1360936552.0,ndaq,30.16,26.16,1519.790039,19.7,6.460000000000001,37.93,15.00,1.61,0.97,11.29,24.75,4.16,6.85,18.53,6290000000.0,6290000000.0,9.78,1.12,2.02,7.19,2.02,1570000000.0,7.19,352000000.0,2.04,4.90,10.20,720000000.0,4.38,1980000000.0,1.61,31.66,N/A,1.19,18.46,77.10,4130000.0,3.70,3.40,4170000.0,outperform
5327,2007-03-16 02:53:20,1174028000.0,ndaq,26.7,39.29,1386.949951,-5.64,44.93,1.032,29.03,1.87,2.12,7.72,15.38,5.75,14.96,15.893,3110000000.0,2650000000.0,N/A,1.27,1.60,8.537,1.60,687400000.0,8.537,127200000.0,0.95,267.60,72.40,1950000000.0,17.344,1500000000.0,5.021,12.975,201070000.0,3.1,9.76,70.90,8260000.0,3.3,7.40,7140000.0,outperform
5328,2005-04-06 23:15:35,1112843735.0,ndaq,10.35,281.06,1184.069946,10.55,270.51,1.693,N/A,1.57,32.03,0.33,1.51,0.21,42.71,6.85,852070000.0,981560000.0,15.40,2.75,1.82,11.61,1.82,484600000.0,11.61,11380000.0,0.14,N/A,8.40,261700000.0,3.31,265000000.0,1.95,0.335,117030000.0,0.951,60.02,1.38,N/A,0.616,1.08,N/A,outperform
5329,2007-03-24 08:36:06,1174739766.0,ndaq,27.94,36.36,1435.040039,-7.35,43.71,1.032,30.72,2.01,2.28,7.72,15.38,5.75,14.96,15.893,3290000000.0,2840000000.0,N/A,1.43,1.72,9.172,1.72,687400000.0,9.172,127200000.0,0.95,267.60,72.40,1950000000.0,17.344,1500000000.0,5.021,12.975,201070000.0,3.1,9.76,70.70,8260000.0,3.3,7.40,7140000.0,outperform
5330,2006-05-25 07:05:44,1148555144.0,ndaq,29.07,8.46,1272.880005,19.08,-10.619999999999997,2.284,48.56,3.07,5.38,6.11,13.09,5.64,19.40,13.243,3200000000.0,4090000000.0,N/A,2.87,3.74,18.4,3.74,526010000.0,18.4,61550000.0,0.59,40.90,119.90,596180000.0,5.349,1190000000.0,2.478,5.614,88410000.0,1.31,4.01,57.10,5600000.0,3.2,6.20,7230000.0,underperform
5331,2011-11-18 13:44:26,1321641866.0,ndaq,24.65,-10.67,1215.650024,11.5,-22.17,101.80,10.60,1.33,0.90,13.09,23.23,4.18,8.68,18.67,8970000000.0,8970000000.0,8.99,0.79,2.65,10.02,2.65,1420000000.0,10.02,443000000.0,2.40,8.90,25.00,625000000.0,3.53,5090000000.0,1.14,28.15,8970000000.0,1.05,27.72,68.50,4150000.0000000005,1.50,3.00,5030000.0,underperform
5332,2008-12-06 19:15:02,1228608902.0,ndaq,19.64,-3.72,870.73999,26.32,-30.04,0.538,12.09,1.32,0.92,11.01,18.58,5.78,11.08,19.165,4670000000.0,6290000000.0,N/A,0.57,1.91,9.189,1.91,812240000.0,9.189,362080000.0,1.93,83.50,51.90,935060000.0,4.672,2560000000.0,1.318,23.756001,222690000.0,1.24,30.43,69.00,9410000.0,3.2,4.70,9760000.0,underperform
5333,2007-02-16 01:07:33,1171606053.0,ndaq,31.03,30.62,1455.540039,-6.07,36.69,1.219,48.23,2.41,2.68,5.58,14.09,5.77,10.77,15.171,3550000000.0,3290000000.0,N/A,1.44,2.24,11.646,2.24,526010000.0,11.646,80270000.0,0.66,69.80,82.70,1860000000.0,16.605,1610000000.0,6.106,11.781,164170000.0,2.91,9.76,76.80,7140000.0,2.4,6.50,7180000.0,outperform
5334,2007-10-11 03:58:01,1192089481.0,ndaq,39.97,-37.85,1554.410034,-42.15,4.299999999999997,0.935,36.48,2.41,2.96,8.51,17.46,5.80,12.06,17.544,4840000000.0,3980000000.0,N/A,1.27,2.02,10.394,2.02,687400000.0,10.394,167710000.0,1.17,237.20,35.80,2270000000.0,20.083,1500000000.0,4.199,14.195,285890000.0,2.85,13.95,95.90,6930000.0,2.8,6.20,6940000.0,outperform
5335,2005-03-27 19:14:51,1111968891.0,ndaq,10.66,274.3,1171.420044,11.11,263.19,1.693,N/A,1.58,32.27,0.33,1.51,0.21,42.71,6.85,877370000.0,1010000000.0,15.86,2.85,1.87,11.96,1.87,484600000.0,11.96,11380000.0,0.14,N/A,8.40,261700000.0,3.31,265000000.0,1.95,0.335,117030000.0,0.97,60.02,1.38,N/A,0.214,2.04,N/A,outperform
5336,2013-04-23 11:39:18,1366731558.0,ndaq,27.74,30.57,1578.780029,18.79,11.780000000000001,37.93,13.80,1.50,0.90,11.29,24.98,4.19,6.85,18.54,6020000000.0,6020000000.0,9.48,1.08,1.93,6.82,1.93,1570000000.0,6.82,352000000.0,2.04,6.20,9.90,586000000.0,3.54,1980000000.0,1.61,31.45,594000000.0,1.14,18.58,79.20,2770000.0,2.30,2.30,3510000.0,outperform
5337,2013-05-12 03:59:16,1368345556.0,ndaq,29.46,23.66,1626.670044,16.6,7.059999999999999,37.79,16.82,1.64,0.96,10.10,25.30,5.31,5.92,18.38,6350000000.0,6350000000.0,10.07,0.90,2.08,7.23,2.08,1570000000.0,7.23,309000000.0,1.81,50.60,7.50,668000000.0,4.03,1970000000.0,1.44,31.38,635000000.0,1.13,18.58,79.20,2350000.0,1.10,2.10,2500000.0,outperform
5338,2006-06-27 10:09:08,1151417348.0,ndaq,25.58,10.63,1239.199951,21.56,-10.929999999999998,2.284,47.60,2.87,5.02,6.11,13.09,5.64,19.40,13.243,3140000000.0,3740000000.0,N/A,2.03,3.41,16.787,3.41,526010000.0,16.787,61550000.0,0.59,40.90,119.90,596180000.0,5.349,1190000000.0,2.478,5.614,88410000.0,2.07,4.01,61.30,6800000.0,2.4,6.20,5600000.0,underperform
5339,2009-02-02 22:27:45,1233631665.0,ndaq,19.66,-9.26,825.4400019999999,33.66,-42.919999999999995,0.538,10.60,1.33,0.92,11.01,18.58,5.78,11.08,19.165,4099999999.9999995,5990000000.0,N/A,0.58,1.82,8.744,1.82,812240000.0,8.744,362080000.0,1.93,83.50,51.90,935060000.0,4.671,2560000000.0,1.318,23.756001,222690000.0,1.22,30.43,71.40,10000000.0,3.4,5.00,10930000.0,underperform
5340,2007-01-23 07:41:33,1169556093.0,ndaq,32.18,23.83,1427.98999,-6.26,30.089999999999996,1.219,51.63,2.63,2.93,5.58,14.09,5.77,10.77,15.171,3800000000.0,3550000000.0,N/A,2.71,2.41,12.567,2.41,526010000.0,12.567,80270000.0,0.66,69.80,82.70,1860000000.0,16.605,1610000000.0,6.106,11.781,164170000.0,2.79,16.68,91.10,7180000.0,6.50,6.50,7330000.0,outperform
5341,2008-10-29 01:03:05,1225256585.0,ndaq,29.34,-37.93,930.090027,14.62,-52.55,0.349,7.60,1.80,1.13,22.60,17.43,4.96,21.11,19.686,5860000000.0,6080000000.0,N/A,0.65,2.06,10.663,2.06,812240000.0,10.663,666960000.0,3.86,81.10,47.20,876970000.0,4.387,1640000000.0,1.356,23.593,265459999.99999997,2.03,30.48,72.20,6140000.0,1.4,3.10,8660000.0,underperform
5342,2005-09-08 17:11:56,1126213916.0,pfg,37.9,14.91,1231.670044,5.46,9.45,0.165,14.87,1.52,1.67,11.03,12.39,0.59,11.20,28.766,13110000000.0,13200000000.0,N/A,1.38,1.52,11.177,1.52,8300000000.000001,11.177,839600000.0,3.15,99.60,11.20,1260000000.0,4.515,1300000000.0,5.819,28.103001,2130000000.0,N/A,0.51,52.60,4500000.0,5.1,1.60,3800000.0,outperform
5343,2007-03-29 23:30:29,1175225429.0,pfg,49.8,-7.47,1422.530029,-7.54,0.07000000000000028,0.208,15.99,1.62,2.04,10.78,13.46,0.61,13.20,36.169,16040000000.0,15510000000.0,N/A,1.29,1.57,10.817,1.57,9870000000.0,10.817,1000000000.0,3.74,14.60,3.20,2100000000.0,7.821,1640000000.0,17.563,29.287001,2280000000.0,0.31,0.05,48.90,1720000.0,1.6,0.60,2310000.0,outperform
5344,2013-05-23 16:13:06,1369339986.0,pfg,35.7,27.65,1650.51001,15.15,12.499999999999998,28.70,14.85,1.19,1.13,8.40,11.35,0.37,8.08,31.42,10390000000.0,10390000000.0,9.98,1.02,1.12,8.91,1.12,4090000000.0,8.91,747300000.0,2.50,12.10,3.40,3630000000.0,12.38,2840000000.0,4.12,33.15,2780000000.0,1.62,0.25,67.50,9490000.0,6.20,3.20,9220000.0,outperform
5345,2005-04-15 12:27:27,1113582447.0,pfg,30.06,34.0,1142.619995,12.73,21.27,0.149,16.79,1.36,1.50,8.46,10.62,0.64,9.30,26.384,11270000000.0,11940000000.0,12.34,1.18,1.44,N/A,1.44,8300000000.000001,N/A,702500000.0,2.24,10.60,11.70,452500000.0,1.51,1130000000.0,N/A,25.097,2260000000.0,0.489,0.65,51.90,3080000.0,3.544,1.03,2370000.0,outperform
5346,2004-01-18 09:01:34,1074434494.0,pfg,27.28,,1132.050049,4.63,,0.744,14.81,1.19,1.48,8.47,9.89,0.83,11.13,27.994,11340000000.0,15890000000.0,12.60,1.27,1.72,N/A,1.72,8820000000.0,N/A,782300000.0,2.372,60.30,5.50,1010000000.0,3.12,5560000000.0,N/A,23.14,N/A,0.459,0.98,50.21,1950000.0,2.095,0.61,2520000.0,underperform
5347,2005-01-19 09:09:00,1106143740.0,pfg,32.85,16.13,1184.630005,8.48,7.649999999999999,0.129,20.21,1.46,1.65,7.65,9.05,0.60,8.62,26.581,12630000000.0,11720000000.0,15.24,1.34,1.38,N/A,1.38,9400000000.0,N/A,649700000.0,2.036,424.50,6.60,1900000000.0,6.2,992600000.0,N/A,24.434,2630000000.0,0.492,0.96,53.08,3880000.0,4.107,1.28,4810000.0,outperform
5348,2009-02-14 13:00:40,1234634440.0,pfg,10.08,94.25,833.73999,29.35,64.9,N/A,7.15,0.31,0.56,4.61,4.56,N/A,7.03,38.054,3020000000.0,1390000000.0,N/A,0.33,0.14,2.348,0.14,10910000000.0,2.348,425100000.0,1.63,98.10,11.10,3460000000.0,13.328,1730000000.0,N/A,21.653,N/A,2.5,0.52,53.90,11050000.0,2.4,4.30,10630000.0,outperform
5349,2005-09-04 12:27:03,1125851223.0,pfg,37.64,,1221.589966,7.32,,0.165,14.76,1.50,1.65,11.03,12.39,0.59,11.20,28.766,13010000000.0,13040000000.0,N/A,1.36,1.50,11.049,1.50,8300000000.000001,11.049,839600000.0,3.15,99.60,11.20,1260000000.0,4.515,1300000000.0,5.819,28.103001,2130000000.0,N/A,0.51,52.60,4500000.0,5.1,1.60,3800000.0,underperform
5350,2011-05-08 10:13:23,1304864003.0,pfg,28.03,-13.52,1335.099976,2.58,-16.1,25.86,15.17,1.09,1.03,7.63,11.28,N/A,N/A,28.77,8780000000.0,8780000000.0,9.29,0.78,0.95,7.21,0.95,3820000000.0,7.21,671800000.0,2.07,2.80,9.60,3870000000.0,12.04,2560000000.0,N/A,30.36,8780000000.0,3.13,0.22,65.40,7530000.0,3.40,2.40,7660000.0,underperform
5351,2008-12-02 04:13:06,1228209186.0,wyn,4.19,314.08,848.8099980000001,30.68,283.4,1.016,2.00,0.19,0.23,8.79,16.42,4.26,10.81,24.941,767810000.0,4430000000.0,N/A,0.18,1.01,4.903,1.01,2240000000.0,4.903,387000000.0,2.17,21.40,0.80,228000000.0,1.286,3810000000.0,0.863,21.165001,82000000.0,2.17,0.41,89.80,5030000.0,1.6,2.80,6400000.0,outperform
5352,2012-02-25 18:29:51,1330212591.0,wyn,41.52,33.48,1357.660034,10.66,22.819999999999997,180.33,17.54,1.50,2.88,9.80,19.51,5.63,16.20,26.26,10310000000.0,10310000000.0,13.06,1.03,2.42,10.23,2.42,2230000000.0,10.23,417000000.0,2.51,29.10,6.80,142000000.0,0.97,4019999999.9999995,1.11,15.18,1000000000.0,3.24,6.12,88.20,2790000.0,1.40,N/A,2840000.0,outperform
5353,2007-06-18 03:42:21,1182152541.0,wyn,32.96,-47.75,1531.050049,-11.76,-35.99,0.917,21.33,1.70,2.01,8.66,17.19,4.42,8.14,20.431,6830000000.0,9590000000.0,N/A,1.38,2.41,11.456,2.41,2049999999.9999998,11.456,345000000.0,1.76,207.10,16.30,174000000.0,0.954,3130000000.0,0.967,18.541,84000000.0,N/A,0.07,86.50,2540000.0,2.8,1.40,2200000.0,underperform
5354,2008-02-22 15:27:49,1203712069.0,wyn,20.09,-82.43,1353.109985,-41.73,-40.70000000000001,1.018,10.36,0.94,1.20,9.24,16.65,N/A,11.57,24.088,4059999999.9999995,7330000000.0,N/A,N/A,1.68,8.252,1.68,2049999999.9999998,8.252,403000000.0,2.20,11.80,6.40,231000000.0,1.298,3470000000.0,N/A,19.146999,N/A,0.68,0.26,81.90,8100000.0,5.1,4.60,7510000.0,underperform
5355,2009-02-14 10:19:13,1234624753.0,wyn,5.19,299.81,833.73999,29.35,270.46,N/A,1.93,0.24,0.28,8.79,16.42,4.26,10.81,24.941,741920000.0,4330000000.0,N/A,0.19,0.98,4.786,0.98,2240000000.0,4.786,387000000.0,2.17,21.40,0.80,228000000.0,1.285,3810000000.0,0.863,21.165001,82000000.0,2.12,0.39,90.80,4400000.0,1.2,2.50,4490000.0,outperform
5356,2013-04-25 05:44:18,1366883058.0,wyn,60.91,18.21,1585.160034,17.55,0.6600000000000001,236.41,22.49,1.94,4.57,8.82,19.12,5.86,19.17,31.71,13020000000.0,13020000000.0,14.79,0.89,2.87,12.38,2.87,2440000000.0,12.38,400000000.0,2.75,42.90,9.30,195000000.0,1.43,4560000000.0,0.97,14.09,1000000000.0,1.61,0.95,92.00,1750000.0,1.40,1.30,2069999.9999999998,outperform
5357,2004-04-11 05:42:19,1081676539.0,ter,24.92,-43.82,1139.319946,3.68,-47.5,0.437,N/A,3.59,5.06,14.34,13.04,10.59,20.06,7.202,4850000000.0,4970000000.0,16.89,1.59,3.67,N/A,3.67,232670000.0,N/A,193990000.0,1.039,N/A,15.20,289420000.0,1.49,415240000.0,2.739,4.946,14310000.0,2.424,0.68,95.00,7050000.0,1.918,3.66,5660000.0,underperform
5358,2003-12-31 21:13:59,1072923239.0,ter,25.38,-32.51,1111.920044,9.14,-41.65,0.444,N/A,3.68,5.22,45.62,23.36,31.19,56.10,7.155,4860000000.0,5060000000.0,49.12,N/A,3.81,N/A,3.81,232670000.0,N/A,606270000.0,3.293,N/A,15.20,239210000.0,1.25,414940000.0,2.379,4.89,N/A,2.715,0.65,95.00,7430000.0,2.562,3.91,9040000.0,underperform
5359,2005-02-05 02:21:49,1107588109.0,ter,14.35,18.12,1193.189941,6.51,11.610000000000001,0.356,18.10,1.55,2.42,9.22,10.54,8.69,15.52,8.736,2820000000.0,2850000000.0,27.36,N/A,1.59,15.11,1.59,398900000.0,15.11,165240000.0,0.80,N/A,10.70,292310000.0,1.51,404080000.0,2.942,5.84,232290000.0,2.357,0.61,91.17,9090000.0,3.821,4.71,10160000.0,outperform
5360,2013-06-26 13:46:05,1372268765.0,ter,17.19,11.81,1603.26001,22.08,-10.269999999999998,9.87,21.06,2.11,1.81,12.34,15.64,6.51,11.38,8.20,2700000000.0,2700000000.0,9.11,0.89,1.75,6.99,1.75,886040000.0,6.99,190070000.0,0.82,80.40,29.30,710000000.0,3.72,176840000.0,2.89,9.41,356870000.0,2.03,0.62,110.80,23070000.0,9.20,13.60,22600000.0,underperform
5361,2005-03-10 05:54:24,1110452064.0,ter,15.26,2.69,1209.25,5.97,-3.28,0.356,19.10,1.65,2.61,9.22,10.54,8.69,15.52,8.736,2970000000.0,3070000000.0,27.32,N/A,1.72,16.29,1.72,398900000.0,16.29,165240000.0,0.80,N/A,10.70,292310000.0,1.51,404080000.0,2.942,5.837,232290000.0,2.484,0.61,92.80,10700000.0,3.885,5.54,9090000.0,underperform
5362,2004-08-28 09:55:41,1093701341.0,ter,14.07,14.93,1104.959961,9.72,5.209999999999999,0.381,59.70,1.63,2.46,3.39,4.89,3.01,5.64,8.12,2690000000.0,2760000000.0,8.88,0.90,1.68,12.71,1.68,398900000.0,12.71,55730000.0,0.232,N/A,10.70,329180000.0,1.7,415010000.0,2.77,5.612,119510000.0,2.512,0.68,95.00,9360000.0,4.045,4.86,6500000.0,outperform
5363,2009-01-12 00:26:06,1231737966.0,ter,5.05,118.42,870.26001,30.56,87.86,N/A,121.86,0.79,0.78,0.64,5.16,2.40,0.58,6.831,887070000.0,578990000.0,N/A,1.16,0.49,3.894,0.49,513429999.99999994,3.894,7140000.0,0.04,N/A,0.70,308080000.0,1.82,N/A,2.793,7.024,207620000.0,1.67,0.28,89.30,2690000.0,0.9,1.60,3110000.0,outperform
5364,2004-10-30 02:14:25,1099116865.0,ter,16.6,-18.55,1125.400024,4.75,-23.3,0.358,22.87,1.81,2.84,8.48,10.01,8.01,14.67,8.688,3210000000.0,3270000000.0,66.24,1.48,1.85,18.45,1.85,398900000.0,18.45,150400000.0,0.724,N/A,10.70,350230000.0,1.8,406250000.0,2.985,5.841,119510000.0,2.522,0.68,92.78,8640000.0,2.462,4.48,9210000.0,underperform
5365,2012-10-17 23:49:11,1350532151.0,ftr,4.03,0.5,1460.910034,18.63,-18.13,191.32,48.40,0.95,1.12,2.11,21.04,3.85,2.59,5.15,12710000000.0,12710000000.0,17.93,2.26,2.49,5.23,2.49,5240000000.0,5.23,104110000.0,0.10,44.20,4.80,410010000.0,0.41,8289999999.999999,0.84,4.32,1470000000.0,0.70,0.27,60.10,225420000.0,24.50,22.70,226070000.0,underperform
5366,2012-11-06 05:50:30,1352199030.0,ftr,3.79,13.72,1428.390015,23.95,-10.229999999999999,191.32,46.40,0.88,1.04,2.11,21.04,3.85,2.59,5.15,12380000000.0,12380000000.0,17.19,2.20,2.43,5.09,2.43,5240000000.0,5.09,104110000.0,0.10,44.20,4.80,410010000.0,0.41,8289999999.999999,0.84,4.32,1470000000.0,0.70,0.27,60.10,229270000.0,24.60,23.10,225420000.0,underperform
5367,2009-05-24 18:33:23,1243204403.0,ftr,3.97,26.95,888.330017,20.86,6.09,N/A,12.70,1.00,4.57,7.86,28.33,5.61,24.39,7.038,6740000000.0,6740000000.0,N/A,7.46,3.05,5.694,3.05,2020000000.0,5.694,173240000.0,0.55,20.40,5.50,177430000.0,0.568,4720000000.0,1.428,1.543,744830000.0,0.86,0.29,52.00,10030000.0,3.5,3.20,9430000.0,outperform
5368,2011-11-02 14:37:52,1320259072.0,ftr,4.63,-15.33,1237.900024,15.32,-30.65,166.03,37.55,1.11,1.22,2.98,20.00,5.55,6.39,5.49,13970000000.0,13970000000.0,21.10,4.66,2.57,5.61,2.57,3800000000.0,5.61,158340000.0,0.16,8.10,156.20,232670000.0,0.23,8189999999.999999,0.80,4.95,13970000000.0,0.48,0.22,49.50,70050000.0,5.10,7.10,75110000.0,underperform
5369,2012-03-10 13:26:52,1331404012.0,ftr,3.44,3.49,1352.630005,14.17,-10.68,185.72,29.47,0.83,0.98,2.85,20.19,3.74,3.26,5.30,12370000000.0,12370000000.0,17.68,1.02,2.36,5.03,2.36,5240000000.0,5.03,145870000.0,0.15,8.10,5.60,326090000.0,0.33,8300000000.000001,1.07,4.48,1570000000.0,0.58,0.17,46.30,165730000.0,6.60,16.70,119580000.0,underperform
5370,2013-05-07 08:20:11,1367929211.0,ftr,3.46,61.27,1625.959961,15.51,45.760000000000005,217.09,31.46,0.81,0.99,2.73,21.97,3.91,3.57,5.06,11640000000.0,11640000000.0,18.59,2.89,2.32,4.92,2.32,5010000000.0,4.92,133740000.00000001,0.13,41.10,3.90,1330000000.0,1.33,8940000000.0,1.34,4.11,1550000000.0,0.71,0.20,61.70,229410000.0,26.40,23.10,222390000.0,outperform
5371,2013-04-22 01:53:54,1366610034.0,ftr,3.53,58.64,1562.5,20.29,38.35,217.09,31.00,0.79,0.97,2.73,21.97,3.91,3.57,5.06,11640000000.0,11640000000.0,19.19,2.76,2.32,4.92,2.32,5010000000.0,4.92,133740000.00000001,0.13,41.10,3.90,1330000000.0,1.33,8940000000.0,1.34,4.11,1550000000.0,0.71,0.20,61.70,222390000.0,23.90,22.40,229100000.0,outperform
5372,2012-01-02 07:53:12,1325508792.0,ftr,,,1257.599976,49.46,,171.56,31.99,0.94,1.05,2.88,19.47,3.65,3.15,5.57,13110000000.0,13110000000.0,19.81,1.88,2.47,5.35,2.47,3800000000.0,5.35,149690000.0,0.16,29.70,8.00,205820000.0,0.21,8189999999.999999,0.83,4.79,1610000000.0,0.65,0.22,49.50,72080000.0,4.20,7.30,76100000.0,underperform
5373,2011-09-02 15:22:28,1314991348.0,ftr,5.27,-28.08,1173.969971,20.15,-48.23,166.03,44.66,1.34,1.48,2.98,20.00,5.55,6.39,5.49,15240000000.0,15240000000.0,22.75,5.14,2.81,6.12,2.81,3800000000.0,6.12,158340000.0,0.16,8.10,156.20,232670000.0,0.23,8189999999.999999,0.80,4.95,15240000000.0,0.76,0.22,49.50,90060000.0,5.30,9.10,93150000.0,underperform
5374,2004-06-23 08:46:37,1087994797.0,rop,25.2,32.54,1144.060059,4.95,27.59,0.893,33.55,2.70,2.81,7.26,12.73,4.10,8.83,21.949,1960000000.0,2500000000.0,17.09,1.24,3.43,21.74,3.43,346140000.0,21.74,52900000.0,1.584,12.90,6.50,82360000.0,2.24,624310000.0,2.663,18.997999,90960000.0,1.051,4.91,95.00,1980000.0,13.736,5.65,1990000.0,outperform
5375,2012-06-10 10:05:11,1339337111.0,rop,97.69,25.69,1314.98999,24.93,0.7600000000000016,32.34,22.16,3.37,2.90,15.60,24.06,8.18,14.37,29.71,10380000000.0,10380000000.0,18.76,1.52,3.63,12.51,3.63,1520000000.0,12.51,446580000.0,4.52,21.70,10.20,451720000.0,4.64,1080000000.0,2.33,34.20,656490000.0,1.05,1.00,97.30,3270000.0,5.90,3.80,3120000.0,outperform
5376,2013-03-17 08:19:26,1363522766.0,rop,124.71,9.09,1563.22998,18.91,-9.82,54.83,25.67,4.16,3.37,16.15,25.56,7.72,14.05,30.64,13990000000.0,13990000000.0,19.99,1.52,4.67,15.21,4.67,1670000000.0,15.21,483360000.0,4.86,18.00,9.60,370590000.0,3.75,2020000000.0,1.15,37.40,677850000.0,1.07,1.05,95.30,2069999.9999999998,5.00,2.40,1660000.0,underperform
5377,2013-04-23 09:32:57,1366723977.0,rop,122.93,6.85,1578.780029,18.79,-11.94,54.83,25.20,4.05,3.28,16.15,25.56,7.72,14.05,30.64,13770000000.0,13770000000.0,19.63,1.46,4.60,14.96,4.60,1670000000.0,14.96,483360000.0,4.86,18.00,9.60,370590000.0,3.75,2020000000.0,1.15,37.40,677850000.0,1.08,1.05,95.30,2009999.9999999998,5.10,2.40,2060000.0,underperform
5378,2005-02-27 08:07:26,1109509646.0,rop,29.54,45.6,1200.199951,7.83,37.77,0.815,25.66,2.39,3.07,9.68,14.29,6.10,13.25,25.663,2370000000.0,2880000000.0,16.81,1.29,2.97,18.29,2.97,346140000.0,18.29,93850000.0,2.48,12.90,6.50,102420000.0,2.76,615700000.0,2.763,20.333,115080000.0,1.221,3.92,95.00,1100000.0,2.804,3.09,1050000.0,outperform
5379,2008-02-16 07:55:38,1203166538.0,rop,54.43,-25.54,1367.209961,-38.91,13.369999999999997,0.571,21.80,2.48,2.91,11.68,20.67,8.74,14.97,22.8,4900000000.0,5750000000.0,N/A,N/A,2.86,11.461,2.86,861330000.0,11.461,234530000.0,2.53,28.20,24.70,125930000.0,1.42,978340000.0,1.198,19.322001,335980000.0,1.13,1.24,89.20,2520000.0,3.2,2.90,2580000.0,outperform
5380,2006-08-18 17:54:25,1155938065.0,rop,44.81,30.75,1302.300049,8.02,22.73,0.638,23.99,2.62,3.01,11.20,19.26,7.60,13.90,18.189,4080000000.0,4910000000.0,N/A,1.47,3.14,13.004,3.14,726410000.0,13.004,175380000.0,1.955,35.20,17.60,53380000.0,0.614,869110000.0,1.031,15.663,285670000.0,0.86,2.36,89.90,2470000.0,5.2,2.90,1740000.0,outperform
5381,2004-04-13 04:07:23,1081843643.0,rop,22.57,33.76,1129.439941,3.93,29.83,0.993,32.53,2.74,2.69,7.31,12.63,4.54,9.75,20.568,1810000000.0,2380000000.0,15.87,1.06,3.62,23.96,3.62,333760000.0,23.96,48060000.0,1.517,28.30,5.30,70230000.0,1.91,651110000.0,2.36,18.195,88090000.0,1.06,4.78,93.78,1490000.0,7.134,4.26,1450000.0,outperform
5382,2006-01-08 03:35:15,1136709315.0,rop,38.37,20.95,1273.47998,10.94,10.01,0.719,27.61,2.59,2.87,9.54,18.00,7.53,13.04,16.077,3570000000.0,4350000000.0,N/A,1.54,3.26,14.276,3.26,485050000.0,14.276,127550000.0,1.51,43.10,52.10,79100000.0,0.922,863730000.0,1.145,14.065,239190000.0,N/A,3.01,93.70,1440000.0,4.4,1.70,1310000.0,outperform
5383,2006-07-12 21:34:25,1152754465.0,rop,43.86,34.66,1258.599976,22.97,11.689999999999998,0.666,25.07,2.72,3.14,10.84,18.66,7.26,13.39,17.517,3990000000.0,4760000000.0,N/A,1.47,3.17,13.632,3.17,726410000.0,13.632,162850000.0,1.84,34.50,14.60,67160000.0,0.773,864780000.0,1.034,14.957,300010000.0,0.87,2.36,91.10,1740000.0,2.9,2.00,1410000.0,outperform
5384,2007-04-08 13:26:02,1176053162.0,rop,52.92,12.43,1443.76001,-4.93,17.36,0.691,26.03,2.85,3.25,11.37,19.99,8.05,14.13,19.584,4870000000.0,5820000000.0,N/A,1.41,3.42,13.477,3.42,861330000.0,13.477,193320000.0,2.13,12.50,18.40,69480000.0,0.79,1030000000.0,1.068,16.938,262540000.00000003,0.78,1.72,93.50,2170000.0,3.8,2.50,2700000.0,outperform
5385,2005-04-13 00:46:54,1113367614.0,rop,30.19,50.88,1173.790039,9.83,41.050000000000004,0.801,26.21,2.84,2.47,9.68,16.82,5.51,11.89,25.63,2760000000.0,3510000000.0,17.15,1.32,3.62,17.18,3.62,346140000.0,17.18,93850000.0,2.48,12.90,6.50,129419999.99999999,3.05,891890000.0,2.193,26.266001,115080000.0,1.113,4.19,95.00,1070000.0,3.227,2.62,1100000.0,outperform
5386,2005-09-12 13:12:26,1126545146.0,rop,38.26,9.12,1240.560059,5.84,3.2799999999999994,0.791,28.28,2.83,2.95,9.55,17.87,6.78,12.29,15.098,3430000000.0,4280000000.0000005,N/A,1.41,3.53,15.684,3.53,485050000.0,15.684,115740000.0,1.42,51.00,55.60,68400000.0,0.799,919240000.0,2.159,13.595,200270000.0,N/A,3.02,93.70,2040000.0,5.9,2.50,1970000.0,outperform
5387,2004-11-25 18:49:36,1101426576.0,rop,,,1177.23999,7.73,,0.815,32.64,2.61,2.98,8.22,14.29,5.08,10.84,23.817,2300000000.0,2820000000.0,19.32,1.40,3.27,17.9,3.27,346140000.0,17.9,70960000.0,1.90,12.90,6.50,102420000.0,2.76,615700000.0,2.763,20.333,115080000.0,1.273,4.73,95.00,1100000.0,5.32,3.10,1440000.0,underperform
5388,2004-01-28 14:28:05,1075318085.0,rop,23.47,18.58,1128.47998,4.08,14.499999999999998,0.653,33.77,2.80,3.63,8.30,14.59,5.72,11.86,18.003,1600000000.0,1880000000.0,18.95,1.47,3.28,18.82,3.28,333760000.0,18.82,47400000.0,1.498,28.30,5.30,14510000.0,0.46,288490000.0,2.54,13.95,N/A,1.083,4.62,95.00,1410000.0,3.909,4.67,1580000.0,outperform
5389,2013-04-25 03:56:44,1366876604.0,rop,122.64,5.15,1585.160034,17.55,-12.4,54.83,25.51,4.09,3.31,16.15,25.56,7.72,14.05,30.64,13770000000.0,13770000000.0,19.87,1.46,4.60,14.96,4.60,1670000000.0,14.96,483360000.0,4.86,18.00,9.60,370590000.0,3.75,2020000000.0,1.15,37.40,677850000.0,1.08,1.05,95.30,2009999.9999999998,5.10,2.40,2060000.0,underperform
5390,2005-03-19 09:22:34,1111242154.0,rop,31.64,39.48,1188.069946,9.87,29.61,0.801,27.25,2.58,2.31,9.68,16.82,5.51,11.89,25.63,2510000000.0,3260000000.0,17.82,1.37,3.36,15.95,3.36,346140000.0,15.95,93850000.0,2.48,12.90,6.50,129419999.99999999,3.48,891890000.0,2.193,29.117001,115080000.0,1.205,3.92,95.00,1100000.0,2.804,3.09,1050000.0,outperform
5391,2008-12-25 19:52:24,1230252744.0,xel,,,871.6300050000001,28.27,,1.258,12.64,0.72,1.17,5.55,11.96,3.51,9.34,25.835,8010000000.0,16370000000.000002,N/A,1.81,1.48,7.191,1.48,N/A,7.191,612890000.0,1.41,12.60,18.80,383980000.0,0.855,8740000000.0,1.002,15.265,1370000000.0,0.58,0.22,61.40,7110000.0,1.6,1.60,11490000.0,underperform
5392,2004-09-10 17:18:47,1094851127.0,xel,11.03,17.86,1123.920044,10.0,7.859999999999999,1.249,13.13,0.84,1.32,6.73,13.67,2.92,11.12,19.15,6930000000.0,13620000000.0,13.44,4.03,1.65,7.4,1.65,3860000000.0,7.4,550630000.0,1.321,N/A,16.70,118810000.0,0.3,6700000000.0,1.193,13.164,1120000000.0,0.669,0.58,49.89,10380000.0,10.603,2.61,10620000.0,outperform
5393,2013-05-15 19:59:53,1368662393.0,xel,28.36,4.87,1658.780029,12.78,-7.909999999999999,120.96,15.54,1.45,1.62,9.27,18.36,3.89,10.83,21.15,25980000000.0,25980000000.0,15.27,3.18,2.52,8.76,2.52,3420000000.0,8.76,958020000.0,1.96,28.60,7.90,132620000.0,0.27,11070000000.0,1.07,18.50,2170000000.0,0.21,0.17,65.30,6620000.0,3.00,1.30,6840000.0,underperform
5394,2005-02-20 13:39:37,1108924777.0,xel,11.75,,1200.75,7.2,,1.277,13.59,0.87,1.39,6.50,14.00,2.73,10.36,19.835,7150000000.0,13850000000.0,13.43,4.06,1.65,7.41,1.65,3860000000.0,7.41,540400000.0,1.31,N/A,16.70,196170000.0,0.49,6790000000.0,1.205,13.036,1370000000.0,0.662,0.59,53.24,12260000.0,12.136,3.08,12630000.0,underperform
5395,2008-03-02 16:31:29,1204493489.0,xel,14.98,-11.08,1367.680054,-48.76,37.68,1.259,14.71,0.87,1.38,5.75,13.47,3.74,9.34,24.113,8510000000.0,16520000000.0,N/A,1.89,1.65,7.31,1.65,N/A,7.31,571660000.0,1.35,37.20,5.50,51120000.0,0.119,8070000000.0,0.771,14.695,1550000000.0,0.71,0.18,62.60,21680000.0,11.9,5.10,21920000.0,outperform
5396,2004-12-16 20:03:42,1103245422.0,xel,11.74,8.18,1203.209961,5.33,2.8499999999999996,1.277,13.81,0.87,1.40,6.50,14.00,2.73,10.36,19.835,7270000000.0,14110000000.0,14.18,3.65,1.69,7.55,1.69,3860000000.0,7.55,540400000.0,1.314,N/A,16.70,90780000.0,0.23,6790000000.0,1.205,13.036,1370000000.0,0.66,0.58,53.09,8369999.999999999,6.915,2.10,10840000.0,outperform
5397,2004-11-26 16:54:53,1101506093.0,xel,11.76,7.4,1182.650024,7.01,0.39000000000000057,1.277,13.97,0.87,1.40,6.50,14.00,2.73,10.36,19.835,7350000000.0,14110000000.0,14.46,4.17,1.68,7.55,1.68,3860000000.0,7.55,540400000.0,1.314,N/A,16.70,90780000.0,0.23,6790000000.0,1.205,13.036,1370000000.0,0.66,0.58,53.22,8369999.999999999,6.915,2.10,10840000.0,outperform
5398,2008-10-02 17:48:50,1222984130.0,igt,14.36,25.91,1114.280029,-7.99,33.9,1.68,12.95,2.06,4.61,16.14,27.54,10.23,27.26,8.142,5000000000.0,6990000000.0,N/A,1.22,2.73,7.113,2.73,1480000000.0,7.113,413100000.0,1.30,20.60,4.10,274300000.0,0.924,1980000000.0,2.176,3.854,617300000.0,1.61,11.82,74.40,11750000.0,4.00,4.00,13130000.0,outperform
5399,2003-10-27 11:11:05,1067271065.0,igt,25.94,5.01,1031.130005,7.75,-2.74,0.979,30.72,4.84,6.72,16.06,29.49,9.85,24.12,6.306,10740000000.0,11110000000.0,24.46,1.82,5.02,15.69,5.02,882050000.0,15.69,355600000.0,1.013,26.80,54.10,1180000000.0,3.43,1560000000.0,2.135,4.62,N/A,0.404,3.64,83.82,13320000.0,5.382,4.00,14630000.0,underperform
5400,2004-08-27 19:01:11,1093647671.0,igt,23.87,-5.74,1107.77002,9.19,-14.93,0.55,21.99,4.15,4.87,19.79,33.26,11.34,25.93,6.589,9960000000.0,9920000000.0,19.01,1.45,4.12,11.54,4.12,1090000000.0,11.54,477080000.0,1.314,44.10,15.20,1240000000.0,3.6,1150000000.0,2.24,5.972,470040000.0,0.502,2.97,80.16,4410000.0,0.363,1.32,12130000.0,underperform
5401,2011-03-10 04:44:17,1299750257.0,igt,14.8,-0.95,1295.109985,5.85,-6.8,120.48,26.66,2.58,3.83,9.62,24.75,7.32,18.24,6.52,6390000000.0,6390000000.0,15.59,1.36,3.30,9.02,3.30,1120000000.0,9.02,222300000.0,0.62,0.50,9.80,168700000.0,0.56,1570000000.0,2.25,4.36,6390000000.0,1.67,0.34,87.40,18870000.0,4.60,6.30,19660000.0,underperform
5402,2005-01-15 09:46:49,1105800409.0,igt,27.54,-2.47,1187.699951,8.28,-10.75,0.401,28.40,4.67,5.86,17.30,32.77,10.30,22.42,6.692,11580000000.0,11570000000.0,18.78,1.43,4.66,13.17,4.66,1090000000.0,13.17,429750000.0,1.177,44.10,15.20,816810000.0,2.36,791950000.0,2.696,5.711,587630000.0,0.481,2.96,76.97,9660000.0,4.825,2.87,9110000.0,underperform
5403,2004-01-07 20:36:49,1073525809.0,igt,29.22,-4.76,1126.329956,5.47,-10.23,0.92,33.05,5.83,7.35,17.64,31.29,9.28,23.68,6.058,12200000000.0,12660000000.0,24.31,1.82,5.95,17.76,5.95,1090000000.0,17.76,375290000.0,1.07,44.10,15.20,1310000000.0,3.8,1550000000.0,2.199,4.89,N/A,0.37,3.64,82.36,13490000.0,8.361,4.06,13010000.0,underperform
5404,2011-01-06 05:51:00,1294311060.0,igt,17.32,-6.29,1273.849976,0.31,-6.6,135.65,29.97,2.70,4.34,9.36,25.25,7.52,19.54,6.71,6870000000.0,6870000000.0,17.39,1.50,3.46,9.30,3.46,1120000000.0,9.30,224300000.0,0.62,N/A,3.10,158400000.0,0.53,1670000000.0,2.07,4.14,6870000000.0,1.63,0.34,87.40,17050000.0,4.30,5.80,15050000.0,underperform
5405,2004-04-11 04:37:22,1081672642.0,igt,37.31,-41.7,1139.319946,3.68,-45.38,0.839,38.83,7.06,8.55,18.12,31.97,9.88,24.65,6.399,15660000000.0,15770000000.0,30.31,2.30,7.02,20.59,7.02,1090000000.0,20.59,407200000.0,1.163,44.10,15.20,1450000000.0,4.17,1560000000.0,2.331,5.348,506300000.0,0.491,2.97,80.34,10430000.0,4.513,3.10,10360000.0,underperform
5406,2004-11-15 23:25:13,1100579113.0,igt,29.74,-20.98,1183.810059,3.82,-24.8,0.401,30.39,4.95,6.26,17.30,32.77,10.30,22.42,6.692,12330000000.0,12330000000.0,19.98,1.53,4.96,14.03,4.96,1090000000.0,14.03,429750000.0,1.177,44.10,15.20,765050000.0,2.22,791950000.0,2.696,5.706,587630000.0,0.514,2.97,81.17,9780000.0,2.543,2.92,9340000.0,underperform
5407,2010-01-21 02:19:27,1264058367.0,igt,18.37,-8.22,1116.47998,14.95,-23.17,N/A,40.14,2.87,6.26,7.05,20.58,6.08,15.88,7.195,8070000000.0,8070000000.0,N/A,2.05,3.82,11.338,3.82,1150000000.0,11.338,149000000.0,0.51,N/A,18.60,168000000.0,0.566,2170000000.0,1.975,3.261,547900000.0,1.8,0.50,86.70,16719999.999999998,5.4,5.70,16480000.0,underperform
5408,2013-06-01 04:17:51,1370074671.0,igt,17.46,-29.38,1648.359985,16.48,-45.86,147.23,17.65,2.07,3.82,12.13,26.06,8.74,20.38,8.41,6350000000.0,6350000000.0,13.24,0.99,2.77,7.55,2.77,1240000000.0,7.55,280500000.0,1.01,26.30,10.90,236500000.0,0.91,1830000000.0,2.06,4.77,452300000.0,1.19,0.26,82.60,6740000.0,1.80,2.60,6840000.0,underperform
5409,2010-08-11 04:28:34,1281515314.0,igt,14.06,3.41,1089.469971,7.63,-4.22,N/A,29.07,2.31,3.87,7.89,24.11,7.14,16.28,6.85,6250000000.0,6250000000.0,15.43,1.18,3.09,8.54,3.09,1150000000.0,8.54,178700000.0,0.54,38.90,6.20,164900000.0,0.56,1810000000.0,2.14,4.07,6250000000.0,1.72,0.34,85.00,14890000.0,3.10,5.00,16620000.000000002,underperform
5410,2010-05-26 23:42:29,1274931749.0,igt,17.1,-6.43,1067.949951,24.13,-30.56,N/A,43.38,2.73,4.91,6.26,24.23,7.27,12.32,6.94,7300000000.0,7300000000.0,17.51,1.37,3.57,9.80,3.57,1150000000.0,9.80,128199999.99999999,0.43,97.90,3.90,180200000.0,0.60,1880000000.0,2.16,3.83,7300000000.0,1.82,0.34,83.30,16500000.0,2.60,5.60,16800000.0,underperform
5411,2005-09-03 13:22:50,1125768170.0,igt,23.33,41.75,1220.329956,6.84,34.91,0.388,25.21,3.89,4.55,16.10,29.43,10.61,18.59,6.933,9200000000.0,9140000000.0,N/A,1.47,3.82,10.283,3.82,1320000000.0,10.283,385420000.0,1.07,18.70,6.40,862800000.0,2.53,799620000.0,1.402,6.005,814990000.0,N/A,3.24,80.10,12540000.0,5.8,3.70,13350000.0,outperform
5412,2008-06-23 19:30:30,1214263830.0,igt,25.27,-47.29,1318.0,-32.09,-15.199999999999996,1.236,21.14,3.51,6.72,17.04,28.27,10.70,26.38,8.093,8930000000.0,10450000000.0,N/A,1.69,4.04,10.319,4.04,1480000000.0,10.319,441100000.0,1.36,46.60,6.00,324600000.0,1.048,1690000000.0,2.187,4.366,650000000.0,0.6,1.39,86.10,15540000.0,6.3,5.00,14530000.0,underperform
5413,2004-06-20 20:21:11,1087777271.0,igt,29.03,-13.54,1132.050049,7.42,-20.96,0.582,29.39,5.21,6.18,18.52,32.46,10.55,25.37,6.562,12520000000.0,12610000000.0,23.61,1.81,5.36,15.43,5.36,1090000000.0,15.43,435860000.0,1.221,44.10,15.20,1070000000.0000001,3.05,1150000000.0,3.82,5.688,470040000.0,0.463,2.99,81.84,11840000.0,2.511,3.50,11680000.0,underperform
5414,2005-04-10 07:26:23,1113132383.0,igt,22.89,34.91,1191.140015,8.86,26.049999999999997,0.398,22.91,3.74,4.56,17.30,31.84,10.52,21.83,6.693,9290000000.0,9190000000.0,16.62,1.34,3.65,10.57,3.65,1320000000.0,10.57,435540000.0,1.18,25.10,16.80,928530000.0,2.69,827040000.0,2.817,5.991,647340000.0,0.364,2.97,75.71,12880000.0,4.831,3.85,12530000.0,outperform
5415,2005-09-13 06:37:43,1126607863.0,igt,22.77,47.56,1231.199951,7.06,40.5,0.388,25.33,3.85,4.49,16.10,29.43,10.61,18.59,6.933,9240000000.0,9180000000.0,N/A,1.45,3.84,10.329,3.84,1320000000.0,10.329,385420000.0,1.07,18.70,6.40,862800000.0,2.53,799620000.0,1.402,6.005,814990000.0,N/A,3.24,80.10,12540000.0,5.8,3.70,13350000.0,outperform
5416,2005-04-23 21:29:14,1114306154.0,dtv,14.16,19.49,1137.5,15.29,4.199999999999999,0.324,N/A,1.73,2.62,9.41,18.28,6.74,12.89,8.202,19420000000.0,19020000000.0,29.81,3.37,1.67,N/A,1.67,1680000000.0,N/A,1060000000.0,0.76,N/A,12.20,2830000000.0,2.04,2430000000.0,1.771,5.417,228600000.0,1.764,33.74,80.06,17340000.0,8.96,1.89,16200000.0,outperform
5417,2011-09-06 06:00:37,1315303237.0,dtv,42.06,25.68,1165.23999,20.44,5.239999999999998,N/A,13.92,1.25,N/A,9.67,16.72,14.63,701.64,31.52,42100000000.0,42100000000.0,9.96,0.66,1.65,6.25,1.65,12000000000.0,6.25,2470000000.0,3.03,29.10,12.90,2530000000.0,3.42,13460000000.0,1.31,2.17,42100000000.0,0.87,8.55,82.00,16030000.000000002,2.20,2.00,18260000.0,outperform
5418,2007-01-13 03:59:05,1168678745.0,dtv,24.0,-8.5,1414.849976,0.39,-8.89,0.583,26.74,2.09,4.74,8.37,13.06,7.92,16.95,10.868,29610000000.0,30900000000.0,N/A,1.39,2.18,10.991,2.18,6440000000.0,10.991,1190000000.0,0.91,291.30,13.40,2270000000.0,1.857,3620000000.0,1.297,5.095,2640000000.0,0.65,0.03,57.60,25850000.0,1.9,2.10,21990000.0,underperform
5419,2013-04-22 03:38:02,1366616282.0,dtv,55.96,37.13,1562.5,20.29,16.840000000000003,N/A,12.05,1.04,N/A,9.92,17.09,16.29,N/A,46.61,47250000000.0,47250000000.0,9.51,0.64,1.59,6.54,1.59,14160000000.0,6.54,2950000000.0,4.58,31.20,7.90,1900000000.0,3.32,17530000000.0,1.00,9.26,5630000000.0,0.86,0.09,82.90,15100000.0,2.10,2.60,13440000.0,outperform
5420,2005-02-20 13:30:38,1108924238.0,dtv,15.2,,1200.75,7.2,,0.323,N/A,1.85,2.80,9.37,18.20,6.70,12.82,8.202,20950000000.0,20550000000.0,29.65,3.78,1.81,N/A,1.81,4490000000.0,N/A,1050000000.0,0.76,N/A,N/A,2830000000.0,2.04,2430000000.0,1.765,5.425,N/A,1.648,33.74,59.73,16510000.000000002,8.107,1.80,15360000.0,underperform
5421,2013-06-05 09:06:39,1370437599.0,dtv,60.89,36.23,1608.900024,20.61,15.619999999999997,N/A,13.06,1.14,N/A,9.61,17.12,15.22,N/A,49.51,50860000000.0,50860000000.0,10.30,0.53,1.68,6.86,1.68,14160000000.0,6.86,2910000000.0,4.71,5.60,7.60,1680000000.0,3.01,18360000000.0,1.01,10.93,5410000000.0,1.04,0.09,82.90,12430000.0,3.00,2.20,11040000.0,outperform
5422,2013-02-06 13:20:06,1360174806.0,dtv,52.47,33.68,1512.119995,17.28,16.4,N/A,12.86,1.09,N/A,9.35,17.13,16.18,N/A,43.92,46380000000.0,46380000000.0,10.21,0.66,1.59,6.50,1.59,13270000000.0,6.50,2720000000.0,4.07,9.50,8.40,2420000000.0,4.01,17160000000.0,1.20,8.17,5710000000.0,0.79,0.09,86.60,21580000.0,4.80,3.20,12310000.0,outperform
5423,2012-12-01 02:28:34,1354346914.0,dtv,49.16,,1409.930054,25.78,,N/A,12.21,1.02,N/A,9.35,17.13,16.18,N/A,43.92,44560000000.0,44560000000.0,9.58,0.68,1.53,6.24,1.53,13270000000.0,6.24,2720000000.0,4.07,9.50,8.40,2420000000.0,4.01,17160000000.0,1.20,8.17,5710000000.0,0.96,0.09,86.60,16329999.999999998,3.90,2.40,17570000.0,underperform
5424,2012-07-14 18:02:56,1342303376.0,dtv,48.15,33.75,1341.449951,24.87,8.879999999999999,N/A,13.13,1.11,N/A,9.54,17.10,14.05,N/A,38.92,44580000000.0,44580000000.0,9.22,0.60,1.60,6.48,1.60,13270000000.0,6.48,2670000000.0,3.68,8.50,11.50,4530000000.0,6.91,17460000000.0,1.19,5.48,5640000000.0,0.94,0.10,86.70,16420000.000000002,2.60,2.40,16530000.000000002,outperform
5425,2009-09-07 09:31:46,1252330306.0,dtv,,,1016.400024,7.42,,N/A,20.12,1.18,5.37,6.38,11.69,8.71,23.27,19.554,28000000000.0,28000000000.0,N/A,0.96,1.37,5.632,1.37,9740000000.0,5.632,1300000000.0,1.25,10.50,8.60,2270000000.0,2.325,5790000000.0,1.167,4.589,4000000000.0,0.8,56.22,53.80,73300000.0,5.9,7.50,77480000.0,underperform
5426,2007-02-20 06:12:52,1171969972.0,dtv,23.88,6.99,1459.680054,-6.83,13.82,0.541,21.36,2.00,4.39,9.62,15.18,9.14,19.43,11.697,29220000000.0,30170000000.0,N/A,1.09,2.04,9.184,2.04,6440000000.0,9.184,1420000000.0,1.12,193.70,16.30,2670000000.0,2.181,3620000000.0,1.371,5.482,3160000000.0,0.63,38.47,52.30,26620000.0,3.7,2.20,25850000.0,outperform
5427,2007-06-09 18:49:15,1181429355.0,dtv,22.78,25.07,1517.380005,-7.47,32.54,0.49,18.67,1.79,3.94,9.96,16.15,10.70,22.78,12.404,28010000000.0,29040000000.0,N/A,1.05,1.90,7.883,1.90,7160000000.0,7.883,1520000000.0,1.23,43.00,15.40,2380000000.0,1.943,3400000000.0,1.305,5.674,3720000000.0,0.79,38.46,58.20,11440000.0,2.8,0.90,16120000.000000002,outperform
5428,2007-04-11 05:38:08,1176284288.0,dtv,23.74,10.4,1438.869995,-5.44,15.84,0.548,21.23,1.96,4.33,9.62,15.18,9.20,19.43,11.697,29190000000.0,30180000000.0,N/A,1.07,2.05,9.146,2.05,7160000000.0,9.146,1420000000.0,1.12,193.70,16.30,2670000000.0,2.171,3660000000.0,1.371,5.447,3160000000.0,0.59,38.27,58.50,19960000.0,3.3,1.60,20990000.0,outperform
5429,2004-05-17 09:25:54,1084800354.0,dtv,16.63,-10.7,1084.099976,8.27,-18.97,0.302,N/A,2.27,2.70,0.39,1.42,0.22,0.68,7.523,23260000000.0,24460000000.0,37.33,N/A,2.35,28.47,2.35,4490000000.0,28.47,64099999.99999999,0.046,N/A,N/A,1440000000.0,1.04,2640000000.0,1.772,6.317,N/A,1.64,35.00,45.67,10440000.0,3.998,1.16,N/A,underperform
5430,2013-05-11 12:30:21,1368289821.0,kmb,100.17,9.69,1632.689941,14.88,-5.190000000000001,140.98,22.50,1.87,8.43,8.58,15.68,10.54,35.62,54.02,45700000000.0,45700000000.0,16.90,2.17,2.16,10.95,2.16,6750000000.0,10.95,1810000000.0,4.60,13.50,1.50,1110000000.0,2.88,7030000000.0,0.98,12.22,3310000000.0,0.05,0.25,68.80,7900000.0,3.30,2.00,8050000.000000001,underperform
5431,2004-09-07 03:17:32,1094541452.0,kmb,47.03,-4.17,1121.300049,10.26,-14.43,0.484,19.21,2.23,4.91,11.70,16.89,10.52,26.88,29.498,33689999999.999996,36600000000.0,17.25,2.07,2.45,11.08,2.45,4900000000.0,11.08,1790000000.0,3.546,1.20,5.80,362300000.0,0.73,3280000000.0,1.252,13.676,2750000000.0,0.235,0.43,75.00,2410000.0,1.827,0.49,2430000.0,underperform
5432,2012-05-19 12:19:28,1337444368.0,kmb,73.97,34.74,1324.800049,24.58,10.160000000000004,123.18,18.27,1.47,5.78,8.12,13.93,9.27,31.68,53.54,36980000000.0,36980000000.0,14.25,1.89,1.76,9.25,1.76,6150000000.0,9.25,1710000000.0,4.31,33.70,4.20,873000000.0,2.23,6940000000.0,1.20,13.68,2620000000.0,0.18,0.23,69.00,8010000.0,3.10,2.00,6770000.0,outperform
5433,2008-05-28 04:39:41,1211963981.0,kmb,49.83,-15.27,1390.839966,-34.8,19.529999999999998,1.028,15.28,1.41,4.73,9.69,14.47,9.37,30.39,43.232,26550000000.0,31470000000.0,N/A,1.71,1.68,9.002,1.68,5700000000.0,9.002,1810000000.0,4.15,2.50,9.70,524700000.00000006,1.254,5730000000.0,1.241,13.286,2350000000.0,0.51,0.15,79.10,4340000.0,2.2,1.00,3600000.0,outperform
5434,2011-10-17 05:46:56,1318844816.0,kmb,64.73,26.42,1200.859985,21.16,5.260000000000002,127.78,16.97,1.38,5.04,8.45,12.70,8.24,32.54,50.40,34650000000.0,34650000000.0,13.62,2.01,1.70,9.83,1.70,6550000000.0,9.83,1720000000.0,4.24,18.10,8.30,1010000000.0,2.57,7480000000.0,1.09,14.17,34650000000.0,0.39,0.21,70.80,7460000.0,2.30,1.90,6750000.0,outperform
5435,2013-04-22 02:54:10,1366613650.0,kmb,101.44,6.06,1562.5,20.29,-14.23,140.98,23.08,1.86,8.36,8.58,15.18,10.20,35.62,53.99,47040000000.0,47040000000.0,17.74,2.45,2.23,11.56,2.23,6750000000.0,11.56,1810000000.0,4.60,13.50,1.50,1110000000.0,2.86,7030000000.0,0.98,12.13,3310000000.0,0.04,0.25,68.80,6710000.0,2.90,1.70,8270000.0,underperform
5436,2012-01-04 10:52:41,1325692361.0,kmb,66.99,22.3,1277.300049,14.25,8.05,133.44,17.49,1.39,5.56,8.11,14.08,9.33,31.27,51.97,34830000000.0,34830000000.0,13.95,2.68,1.68,8.82,1.68,6550000000.0,8.82,1680000000.0,4.19,7.90,8.10,1320000000.0,3.35,7290000000.0,1.12,13.17,2720000000.0,0.31,0.21,70.80,4690000.0,1.80,1.20,4960000.0,outperform
5437,2013-02-10 21:57:03,1360551423.0,kmb,86.66,22.29,1509.390015,19.24,3.0500000000000007,127.37,20.57,1.68,6.70,8.31,14.81,9.94,33.80,53.18,41020000000.0,41020000000.0,15.15,1.62,1.95,10.32,1.95,6150000000.0,10.32,1750000000.0,4.42,33.40,2.50,1110000000.0,2.84,6730000000.0,1.08,13.58,N/A,0.05,0.22,69.60,8350000.0,4.50,2.10,7810000.0,outperform
5438,2011-12-30 17:04:13,1325282653.0,kmb,67.52,17.79,1257.599976,12.9,4.889999999999999,133.44,17.60,1.41,5.62,8.11,14.08,9.33,31.27,51.97,35130000000.0,35130000000.0,14.04,2.68,1.69,8.90,1.69,6550000000.0,8.90,1680000000.0,4.19,7.90,8.10,1320000000.0,3.35,7290000000.0,1.12,13.17,2720000000.0,0.31,0.21,70.80,4690000.0,1.80,1.20,4960000.0,outperform
5439,2008-12-26 20:00:26,1230339626.0,kmb,42.07,28.9,872.7999880000001,28.39,0.509999999999998,1.249,12.71,1.10,4.33,8.82,13.66,9.02,34.72,46.75,21540000000.0,27290000000.0,N/A,1.63,1.39,7.913,1.39,5700000000.0,7.913,1730000000.0,4.096,8.80,8.20,524100000.0,1.267,6240000000.0,1.068,12.045,2520000000.0,0.35,0.21,78.90,3330000.0,0.9,0.80,3570000.0,outperform
5440,2006-08-18 17:53:32,1155938012.0,kmb,45.96,14.51,1302.300049,8.02,6.49,0.624,21.31,1.73,4.77,8.31,15.84,10.19,22.19,34.971,28230000000.0,31380000000.0,N/A,2.11,1.93,8.574,1.93,5080000000.0,8.574,1360000000.0,2.89,10.50,4.40,337400000.0,0.736,3670000000.0,1.095,12.841,2350000000.0,0.72,0.29,73.70,4160000.0,2.4,0.90,2920000.0,outperform
5441,2007-04-06 11:35:41,1175873741.0,kmb,52.54,-1.98,1437.77002,-4.89,2.9099999999999997,0.591,21.45,1.89,5.17,8.95,15.44,10.26,25.73,36.525,31800000000.0,34540000000.0,N/A,2.23,2.06,9.407,2.06,5080000000.0,9.407,1500000000.0,3.25,30.00,7.40,631300000.0,1.383,3600000000.0,1.051,13.383,2580000000.0,0.57,0.04,77.50,2820000.0,1.7,0.60,2530000.0,outperform
5442,2009-02-24 18:35:47,1235518547.0,kmb,38.94,30.71,773.1400150000001,42.95,-12.240000000000002,N/A,11.70,1.00,5.01,8.71,13.43,8.93,37.31,46.381,19540000000.0,25040000000.0,N/A,1.42,1.29,7.364,1.29,5700000000.0,7.364,1700000000.0,4.04,8.10,3.40,364000000.0,0.88,5970000000.0,1.229,9.376,N/A,0.35,0.15,77.40,4260000.0,1.1,1.00,3470000.0,underperform
5443,2006-10-23 12:47:06,1161622026.0,cma,47.55,-17.29,1377.02002,10.35,-27.64,N/A,11.55,3.22,1.83,28.48,54.14,1.52,16.44,17.963,9470000000.0,11840000000.0,N/A,1.51,4.02,N/A,4.02,3120000000.0,N/A,847000000.0,5.05,7.80,N/A,4050000000.0,24.937,6530000000.0,N/A,31.990999,879000000.0,0.65,0.94,61.50,3460000.0,4.3,2.20,3010000.0,underperform
5444,2008-10-29 00:05:16,1225253116.0,cma,24.75,7.47,930.090027,14.62,-7.1499999999999995,N/A,13.79,1.75,0.76,14.05,24.78,0.50,6.09,14.803,4290000000.0,21480000000.0,N/A,2.88,9.67,N/A,9.67,3450000000.0,N/A,310000000.0,2.067,84.50,21.40,1410000000.0,9.349,19000000000.0,N/A,33.887001,N/A,0.57,0.43,84.30,18620000.0,3.1,12.50,26690000.0,underperform
5445,2007-05-29 12:21:22,1180455682.0,cma,51.99,-40.05,1518.109985,-8.38,-31.669999999999995,N/A,11.33,3.57,1.91,32.51,51.15,1.34,14.96,17.256,9770000000.0,14230000000.0,N/A,1.84,5.20,N/A,5.20,3290000000.0,N/A,764000000.0,5.53,2.10,2.70,3010000000.0,19.308,7480000000.0,N/A,32.841,917000000.0,0.15,0.51,70.20,5090000.0,5.7,3.30,5010000.0,underperform
5446,2007-04-08 20:01:24,1176076884.0,cma,49.34,-34.45,1443.76001,-4.93,-29.520000000000003,N/A,10.81,3.38,1.81,32.28,52.28,1.41,15.30,17.288,9400000000.0,11590000000.0,N/A,1.64,4.19,N/A,4.19,3290000000.0,N/A,782000000.0,5.51,44.40,4.40,4390000000.0,27.865,6580000000.0,N/A,32.702,975000000.0,0.14,0.50,68.80,5010000.0,3.20,3.20,3890000.0,underperform
5447,2011-11-04 15:08:53,1320433733.0,cma,24.4,18.07,1253.22998,12.68,5.390000000000001,N/A,12.95,2.30,0.74,16.64,26.69,0.64,5.99,12.16,5720000000.0,5720000000.0,9.87,0.68,2.69,N/A,2.69,N/A,N/A,351000000.0,1.94,37.10,11.40,4240000000.0,23.97,5640000000.0,N/A,34.95,5720000000.0,1.11,0.31,89.30,12040000.0,2.60,6.90,16140000.0,outperform
5448,2012-03-09 22:58:49,1331351929.0,cma,29.04,18.08,1370.869995,12.44,5.639999999999999,N/A,14.56,2.59,0.86,17.15,29.97,0.69,6.21,12.39,7260000000.0,7260000000.0,11.44,0.88,3.17,N/A,3.17,N/A,N/A,389000000.0,2.09,N/A,8.20,4099999999.9999995,20.73,5420000000.0,N/A,34.81,902000000.0,1.38,0.34,83.30,8660000.0,2.10,4.90,9590000.0,outperform
5449,2013-06-16 05:42:26,1371375746.0,cma,37.19,33.23,1636.359985,18.42,14.809999999999995,N/A,13.78,2.90,1.01,21.51,34.37,0.82,7.51,12.95,5450000000.0,5450000000.0,13.11,1.90,2.23,N/A,2.23,N/A,N/A,518000000.0,2.71,3.10,4.20,6380000000.0,34.18,4860000000.0,N/A,37.41,873000000.0,1.41,0.24,85.00,11230000.0,5.80,6.00,13760000.0,outperform
5450,2005-12-22 23:43:13,1135312993.0,cma,45.46,6.01,1268.119995,11.25,-5.24,N/A,11.50,3.36,1.87,30.39,55.60,1.61,17.00,16.763,9570000000.0,8410000000.0,N/A,1.43,2.97,N/A,2.97,2780000000.0,N/A,861000000.0,5.035,21.40,17.80,5410000000.0,32.759,4310000000.0,N/A,30.805,988000000.0,N/A,0.74,67.60,3290000.0,2.8,2.00,3910000.0,underperform
5451,2009-01-31 23:59:58,1233464398.0,cma,18.52,77.7,874.090027,24.08,53.620000000000005,N/A,12.84,1.35,0.54,10.53,18.50,0.33,3.46,13.514,2510000000.0,18150000000.0,N/A,N/A,8.98,N/A,8.98,3450000000.0,N/A,195000000.0,1.30,83.20,32.40,1160000000.0,7.688,16800000000.0,N/A,33.375,N/A,0.8,0.44,80.00,14140000.0,5.8,9.50,12750000.0,outperform
5452,2007-03-01 05:00:49,1172743249.0,cma,49.22,-36.75,1403.170044,-5.17,-31.58,N/A,10.99,3.47,1.85,32.42,51.78,1.41,15.30,17.178,9520000000.0,11740000000.0,N/A,1.52,4.26,N/A,4.26,3120000000.0,N/A,782000000.0,5.50,44.40,6.80,4390000000.0,27.879,6580000000.0,N/A,32.702,N/A,0.28,0.50,68.80,3710000.0,2.40,2.40,3760000.0,underperform
5453,2005-02-04 07:56:40,1107521800.0,cma,44.4,-2.25,1203.030029,6.6,-8.85,N/A,13.33,4.47,1.96,33.84,N/A,1.42,14.97,12.869,9920000000.0,13260000000.0,11.97,1.61,5.93,N/A,5.93,2930000000.0,N/A,757000000.0,4.36,10.00,10.80,1140000000.0,6.68,4480000000.0,N/A,29.525,1000000000.0,0.627,1.86,63.17,3110000.0,4.021,1.86,3670000.0,underperform
5454,2011-04-29 04:12:19,1304064739.0,cma,35.79,-14.31,1363.609985,1.99,-16.3,N/A,43.23,3.44,1.16,14.18,21.25,0.46,4.06,11.49,10640000000.0,10640000000.0,14.38,1.45,5.45,N/A,5.45,N/A,N/A,136000000.0,0.88,N/A,69.50,2590000000.0,14.67,6670000000.0,N/A,32.82,10640000000.0,1.14,0.31,89.30,14250000.0,5.60,8.10,15440000.0,underperform
5455,2006-01-04 07:41:16,1136378476.0,cma,45.62,6.25,1273.459961,11.38,-5.130000000000001,N/A,11.44,3.31,1.84,30.39,55.60,1.61,17.00,16.763,9520000000.0,8410000000.0,N/A,1.41,2.97,N/A,2.97,2780000000.0,N/A,861000000.0,5.04,21.40,17.80,5410000000.0,32.759,4310000000.0,N/A,30.805,988000000.0,N/A,0.74,67.60,2710000.0,2.8,1.70,3290000.0,underperform
5456,2003-10-26 23:59:40,1067230780.0,cma,33.88,33.77,1028.910034,7.99,25.78,N/A,11.63,3.26,1.62,27.94,N/A,1.29,14.20,14.421,8230000000.0,11380000000.0,12.06,1.43,4.49,N/A,4.49,3220000000.0,N/A,710000000.0,4.036,15.30,12.80,1960000000.0,11.15,5110000000.0,N/A,29.05,N/A,0.582,2.57,64.80,2930000.0,3.23,1.71,5640000.0,outperform
5457,2005-03-28 13:45:34,1112035534.0,spg,43.47,47.25,1174.280029,10.13,37.12,3.142,40.91,5.08,3.70,14.35,39.88,2.09,9.73,12.674,13430000000.0,27860000000.0,11.69,1.74,10.55,16.62,10.55,1800000000.0,16.62,301190000.0,1.47,12.70,5.80,520080000.00000006,2.33,14590000000.0,N/A,16.25,1080000000.0,0.052,16.02,87.07,5550000.0,5.486,2.96,4670000.0,outperform
5458,2008-06-17 12:11:33,1213719093.0,spg,78.4,-44.32,1350.930054,-32.59,-11.729999999999997,5.015,52.36,6.07,8.19,12.95,41.57,4.06,13.61,16.528,22380000000.0,40150000000.0,N/A,1.82,10.88,16.544,10.88,3220000000.0,16.544,453620000.0,1.90,12.00,7.00,428660000.0,1.907,17450000000.0,0.605,12.153,1370000000.0,1.3,2.35,96.90,15020000.0,6.70,6.70,14760000.0,underperform
5459,2005-12-18 07:55:10,1134910510.0,spg,59.37,30.5,1270.939941,11.92,18.58,3.31,44.20,5.53,5.37,14.83,38.79,4.32,9.04,14.353,17340000000.0,32330000000.0,N/A,2.05,10.25,15.694,10.25,1800000000.0,15.694,265570000.0,1.79,13.30,28.30,422790000.0,1.923,14330000000.0,0.848,14.788,1170000000.0,N/A,10.49,82.00,8450000.0,6.9,3.80,7290000.0,outperform
5460,2005-08-30 19:00:29,1125442829.0,spg,55.24,19.01,1208.410034,8.02,10.990000000000002,3.2,40.82,5.50,4.85,15.33,46.13,3.89,8.77,13.791,16329999999.999998,31340000000.0,N/A,1.79,10.51,16.581,10.51,1800000000.0,16.581,274330000.0,1.81,120.50,27.80,375580000.0,1.703,14250000000.0,0.799,15.322,1160000000.0,N/A,15.85,82.00,6730000.0,6.5,3.00,5850000.0,outperform
5461,2005-12-13 22:24:43,1134530683.0,spg,58.81,33.09,1267.430054,11.5,21.590000000000003,3.31,44.06,5.42,5.26,14.83,38.79,4.32,9.04,14.353,17290000000.0,32090000000.000004,N/A,2.03,10.17,15.577,10.17,1800000000.0,15.577,265570000.0,1.79,13.30,28.30,422790000.0,1.923,14330000000.0,0.848,14.788,1170000000.0,N/A,10.49,82.00,8450000.0,6.9,3.80,7290000.0,outperform
5462,2008-12-19 20:02:57,1229734977.0,spg,45.86,45.77,887.8800050000001,24.92,20.85,5.397,30.85,3.05,4.48,11.57,41.64,4.14,12.89,16.817,12100000000.0,29500000000.0,N/A,1.10,7.82,11.87,7.82,3220000000.0,11.87,411050000.0,1.74,30.80,3.10,646120000.0,2.861,17880000000.0,1.024,11.378,1700000000.0,1.49,2.34,102.70,20050000.0,2.1,9.00,15310000.0,outperform
5463,2005-04-03 17:36:23,1112564183.0,spg,44.01,42.6,1180.589966,9.93,32.67,3.142,40.97,5.12,3.73,14.35,39.88,2.09,9.73,12.674,13450000000.0,28580000000.0,11.70,1.75,10.82,17.05,10.82,1800000000.0,17.05,301190000.0,1.47,7.00,14.20,520080000.00000006,2.33,14590000000.0,N/A,16.25,1080000000.0,0.052,16.02,87.08,5550000.0,5.486,2.96,4670000.0,outperform
5464,2009-04-21 23:56:04,1240372564.0,spg,42.0,81.76,850.080017,41.86,39.900000000000006,N/A,26.19,2.65,3.84,12.26,41.26,4.13,14.04,16.789,28060000000.0,28060000000.0,N/A,1.01,7.42,11.145,7.42,2740000000.0,11.145,422540000.0,1.871,21.90,0.60,773540000.0,3.344,18040000000.0,0.728,11.303,1610000000.0,1.54,2.07,91.10,30360000.0,2.3,13.20,27030000.0,outperform
5465,2004-09-08 19:16:34,1094685394.0,spg,40.2,43.78,1116.27002,10.34,33.44,3.401,38.99,4.89,4.04,15.26,41.38,2.37,10.45,12.021,11740000000.0,22680000000.0,12.00,1.77,9.41,14.76,9.41,1680000000.0,14.76,290450000.0,1.447,12.70,5.80,519070000.00000006,2.49,11050000000.0,N/A,13.994,951060000.0,0.009,47.01,81.34,5530000.0,6.948,5.02,4670000.0,outperform
5466,2013-05-23 13:52:27,1369331547.0,spg,167.04,4.12,1650.51001,15.15,-11.030000000000001,321.99,49.82,10.97,9.41,21.55,45.32,4.38,17.47,16.22,78250000000.0,78250000000.0,18.62,3.17,15.73,21.86,15.73,3870000000.0,21.86,1070000000.0000001,3.48,56.10,8.60,829970000.0,2.68,22570000000.0,0.59,18.71,2490000000.0,0.76,0.74,99.40,5360000.0,4.00,2.00,5600000.0,underperform
5467,2007-03-15 06:03:40,1173953020.0,spg,86.64,-19.41,1392.280029,-7.48,-11.93,3.868,50.02,7.30,7.86,16.92,39.62,4.14,13.60,15.076,24300000000.0,39830000000.0,N/A,2.60,11.96,17.753,11.96,2480000000.0,17.753,485750000.0,2.19,69.20,5.00,929360000.0,4.194,15390000000.0,0.591,13.978,1270000000.0,1.53,2.48,87.50,10160000.0,6.3,4.60,8840000.0,underperform
5468,2005-02-07 02:13:49,1107760429.0,cam,14.38,51.18,1201.719971,4.42,46.76,0.408,45.52,1.60,2.68,3.50,4.99,3.15,6.16,36.03,3210000000.0,3420000000.0,24.47,2.30,1.72,17.31,1.72,452700000.0,17.31,69540000.0,1.29,14.90,6.30,257800000.0,4.69,469000000.0,2.431,21.659,142020000.0,1.048,1.34,88.12,2250000.0,2.719,4.16,2180000.0,outperform
5469,2012-10-25 01:19:04,1351142344.0,cam,51.08,4.25,1412.969971,24.54,-20.29,40.46,22.23,1.73,2.61,7.56,12.70,6.32,11.72,30.83,13920000000.0,13920000000.0,11.75,0.92,1.84,11.61,1.84,2120000000.0,11.61,572900000.0,2.31,18.00,18.00,1250000000.0,5.07,2040000000.0,2.30,20.45,393500000.0,1.48,0.99,32.50,4590000.0,1.70,1.90,5860000.0,underperform
5470,2013-04-22 02:12:48,1366611168.0,cam,60.05,6.76,1562.5,20.29,-13.53,37.30,19.60,1.71,2.60,8.83,12.49,6.47,14.61,34.51,15040000000.0,15040000000.0,11.72,0.74,1.77,11.43,1.77,2480000000.0,11.43,750500000.0,3.02,118.70,19.50,1700000000.0,6.87,2080000000.0,2.18,22.56,682900000.0,1.55,0.80,33.30,3800000.0,1.80,1.60,4059999.9999999995,underperform
5471,2006-10-23 12:37:23,1161621443.0,cam,24.74,104.04,1377.02002,10.35,93.69000000000001,0.597,24.68,1.81,3.49,7.70,12.71,7.86,16.06,26.837,5550000000.0,5790000000.0,N/A,0.92,1.89,11.909,1.89,721570000.0,11.909,235910000.0,2.016,96.60,44.20,663290000.0,5.944,951060000.0,1.77,14.27,281950000.0,0.62,1.55,86.90,4530000.0,2.6,4.10,4290000.0,outperform
5472,2004-10-29 07:14:43,1099048483.0,cam,12.09,41.94,1130.199951,5.41,36.53,0.424,42.16,1.46,2.39,3.41,4.80,2.94,5.72,33.147,2690000000.0,2950000000.0,19.88,1.93,1.57,15.51,1.57,452700000.0,15.51,64040000.00000001,1.16,14.90,6.30,208600000.0,3.8,469800000.0,2.283,20.959999,92620000.0,1.078,3.34,91.04,2880000.0,2.654,5.43,2580000.0,outperform
5473,2006-06-23 18:41:08,1151102468.0,cam,22.42,60.53,1244.5,21.56,38.97,0.273,25.97,1.80,3.04,7.09,11.45,7.26,13.49,24.823,5180000000.0,5200000000.0,N/A,0.88,1.86,12.741,1.86,721570000.0,12.741,198580000.0,1.73,96.00,51.40,285480000.0,2.472,451650000.0,1.824,14.34,302320000.0,0.72,N/A,2.70,4050000.0,2.1,3.60,3910000.0,outperform
5474,2013-05-10 11:40:35,1368200435.0,cam,63.36,2.02,1633.699951,14.97,-12.950000000000001,37.52,20.73,1.80,2.80,8.68,12.57,6.79,14.51,35.73,16180000000.0,16180000000.0,12.92,0.83,1.84,11.78,1.84,2480000000.0,11.78,764800000.0,3.08,10.70,17.40,1610000000.0,6.50,2120000000.0,2.26,22.79,864000000.0,1.54,0.80,33.30,3620000.0,1.50,1.50,3800000.0,underperform
5475,2004-08-03 22:53:06,1091587986.0,cam,12.75,42.98,1099.689941,13.22,29.759999999999998,0.424,43.97,1.49,2.43,3.41,4.80,2.94,5.72,33.147,2800000000.0,3050000000.0,21.08,1.97,1.62,16.06,1.62,452700000.0,16.06,64040000.00000001,1.16,14.90,6.30,208600000.0,3.8,469800000.0,2.283,20.959999,66920000.0,1.102,3.34,90.97,3210000.0,5.167,6.05,3340000.0,outperform
5476,2013-02-03 03:23:27,1359879807.0,cam,63.31,-6.81,1498.109985,16.27,-23.08,37.30,21.68,1.84,2.81,8.83,12.10,6.27,14.61,34.51,16520000000.0,16520000000.0,12.86,0.79,1.94,12.88,1.94,2120000000.0,12.88,750500000.0,3.02,118.70,19.50,1700000000.0,6.90,2080000000.0,2.18,22.56,682900000.0,1.54,0.99,32.50,3480000.0,1.80,1.40,4070000.0000000005,underperform
5477,2012-01-11 01:42:00,1326264120.0,cam,51.41,13.29,1292.47998,13.9,-0.6100000000000012,34.43,22.25,1.84,2.69,8.71,13.31,6.82,13.31,27.57,12440000000.0,12440000000.0,14.72,0.94,1.85,11.42,1.85,1920000000.0,11.42,586800000.0,2.35,10.60,10.40,1540000000.0,6.27,1590000000.0,2.67,18.80,234300000.0,1.40,1.09,37.40,6770000.0,2.20,2.80,5930000.0,underperform
5478,2005-01-27 23:06:31,1106885191.0,cam,14.06,73.9,1174.550049,9.29,64.61000000000001,0.408,43.77,1.53,2.56,3.50,4.99,3.15,6.16,36.03,3090000000.0,3260000000.0,23.54,2.19,1.64,16.49,1.64,452700000.0,16.49,69540000.0,1.285,14.90,6.30,257800000.0,4.69,469000000.0,2.431,21.659,142020000.0,1.048,1.34,88.56,2250000.0,2.719,4.16,2180000.0,outperform
5479,2011-08-16 21:53:03,1313545983.0,cam,47.67,8.81,1192.76001,17.84,-9.03,41.22,20.83,1.85,2.56,8.68,13.06,6.56,13.20,26.99,12070000000.0,12070000000.0,12.85,1.17,1.84,11.48,1.84,1920000000.0,11.48,570900000.0,2.29,14.60,19.90,2040000000.0,8.34,1950000000.0,2.40,19.35,12070000000.0,1.58,1.33,94.00,7100000.0,1.90,2.90,8010000.0,underperform
5480,2007-12-29 11:15:06,1198944906.0,cam,48.47,,1497.660034,-6.15,,0.379,24.04,4.76,7.45,10.72,15.57,9.95,25.88,39.91,11150000000.0,10940000000.0,N/A,0.96,2.49,13.762,2.49,1140000000.0,13.762,471480000.0,4.09,68.80,21.20,568450000.0,5.198,753130000.0,1.808,13.111,503820000.0,1.17,1.47,94.60,6260000.0,2.7,5.80,6430000.0,underperform
5481,2009-07-04 05:02:23,1246698143.0,cam,27.94,16.0,923.330017,11.27,4.73,N/A,10.35,1.05,2.51,10.15,16.44,10.85,25.49,26.506,5780000000.0,5780000000.0,N/A,1.18,1.00,5.33,1.00,1720000000.0,5.33,585380000.0,2.59,6.80,6.10,1440000000.0,6.646,1410000000.0,1.974,11.113,814920000.0,1.55,1.49,85.40,10380000.0,4.80,4.80,7830000.0,outperform
5482,2005-05-09 20:07:41,1115683661.0,dltr,7.98,14.54,1178.839966,12.41,2.129999999999999,0.242,15.11,0.82,2.27,5.77,9.39,10.89,16.85,27.424,2610000000.0,2520000000.0,11.83,0.83,0.80,5.95,0.80,1110000000.0,5.95,180250000.0,1.58,1.50,11.60,317810000.0,2.91,281750000.0,3.295,10.301,276490000.0,1.537,6.14,95.00,4030000.0000000005,1.779,3.94,5050000.0,outperform
5483,2008-12-05 05:53:15,1228474395.0,dltr,14.1,15.32,876.070007,26.62,-11.3,0.235,16.61,0.80,3.21,4.81,7.81,11.74,20.61,50.395,3630000000.0,3820000000.0,N/A,1.09,0.84,7.383,0.84,1460000000.0,7.383,219000000.0,2.41,20.10,11.60,78600000.0,0.869,267600000.00000003,2.332,12.598,371600000.0,0.43,3.19,98.00,7260000.0,3.1,8.30,6740000.0,underperform
5484,2012-03-19 05:03:03,1332147783.0,dltr,46.84,-5.27,1409.75,9.83,-15.1,19.75,23.15,1.64,8.11,7.36,11.80,20.76,34.83,55.12,10850000000.0,10850000000.0,16.60,1.06,1.64,11.47,1.64,2089999999.9999998,11.47,488300000.0,4.03,15.60,12.80,288300000.0,2.47,265500000.0,2.08,11.53,686500000.0,0.21,2.82,92.70,3100000.0,3.00,3.00,3060000.0,underperform
5485,2012-07-21 19:43:53,1342914233.0,dltr,52.89,1.51,1372.780029,23.06,-21.549999999999997,17.93,24.37,1.79,8.25,7.39,11.89,20.93,33.93,28.70,11800000000.0,11800000000.0,18.03,1.20,1.73,12.09,1.73,2380000000.0,12.09,503400000.0,2.11,15.00,11.50,382300000.0,1.65,265500000.0,1.60,6.38,664700000.0,0.21,2.89,89.60,6180000.0,2.70,3.20,3440000.0,underperform
5486,2005-01-03 02:05:35,1104735935.0,dltr,9.51,-15.14,1202.079956,5.55,-20.69,0.25,18.72,1.08,3.04,5.82,9.65,11.09,17.12,26.479,3250000000.0,3420000000.0,15.22,0.89,1.13,8.33,1.13,1010000000.0,8.33,176420000.0,1.537,14.80,20.20,97840000.0,0.87,269000000.0,2.985,9.539,240200000.0,1.709,6.24,88.48,3940000.0,2.568,3.72,4300000.0,underperform
5487,2013-05-12 16:13:24,1368389604.0,dltr,49.06,8.66,1626.670044,16.6,-7.940000000000001,16.27,18.39,1.49,6.61,8.38,12.45,22.65,41.12,32.25,10940000000.0,10940000000.0,15.35,0.98,1.48,9.98,1.48,2650000000.0,9.98,619300000.0,2.68,21.70,15.40,399900000.0,1.78,271300000.0,2.18,7.42,677700000.0,0.11,2.91,92.60,3820000.0,1.90,N/A,3550000.0,underperform
5488,2011-10-03 23:18:37,1317698317.0,dltr,36.84,29.29,1099.22998,31.52,-2.2300000000000004,16.72,20.44,1.47,5.79,7.24,11.47,18.89,30.42,50.26,8890000000.0,8890000000.0,16.05,1.07,1.42,10.15,1.42,2089999999.9999998,10.15,451600000.0,3.61,21.70,11.90,545400000.0,4.47,265500000.0,2.84,12.98,8890000000.0,0.17,2.76,91.40,6080000.0,3.10,5.80,6850000.0,underperform
5489,2008-12-26 23:10:40,1230351040.0,dltr,13.97,16.96,872.7999880000001,28.39,-11.43,0.235,17.37,0.82,3.28,4.81,7.81,11.74,20.61,50.395,3800000000.0,3930000000.0,N/A,1.18,0.86,7.601,0.86,1460000000.0,7.601,219000000.0,2.41,20.10,11.60,78600000.0,0.867,267600000.00000003,2.332,12.584,371600000.0,0.43,3.19,97.90,8119999.999999999,2.4,9.30,7260000.0,underperform
5490,2004-09-28 01:03:32,1096347812.0,dltr,8.99,-19.91,1110.060059,9.62,-29.53,0.269,17.13,1.01,2.86,6.08,10.07,11.93,18.08,25.794,3030000000.0,3120000000.0,13.91,0.81,1.05,7.57,1.05,1010000000.0,7.57,180730000.0,1.567,14.80,20.20,181820000.0,1.61,284740000.0,3.162,9.333,255640000.0,1.665,6.22,83.61,4570000.0,3.057,4.31,4090000.0,underperform
5491,2012-09-23 16:46:36,1348433196.0,dltr,49.41,17.14,1460.26001,16.54,0.6000000000000014,17.35,21.63,1.63,7.48,7.57,12.05,21.10,33.93,29.81,11070000000.0,11070000000.0,16.92,1.15,1.59,10.96,1.59,2380000000.0,10.96,527700000.00000006,2.25,25.60,10.50,379800000.0,1.65,264300000.0,2.28,6.61,707100000.0,0.14,2.89,89.60,3790000.0,1.70,2.00,3730000.0,outperform
5492,2012-10-12 04:10:18,1350029418.0,dltr,41.11,40.26,1428.589966,15.95,24.31,17.35,19.28,1.55,7.10,7.57,12.05,21.10,33.93,29.81,9850000000.0,9850000000.0,15.03,1.05,1.41,9.75,1.41,2380000000.0,9.75,527700000.00000006,2.25,25.60,10.50,379800000.0,1.65,264300000.0,2.28,6.61,707100000.0,0.16,2.86,89.80,3950000.0,1.60,2.00,4110000.0000000005,outperform
5493,2005-02-07 02:29:23,1107761363.0,dltr,9.25,-2.38,1201.719971,4.42,-6.8,0.25,17.87,1.02,2.87,5.82,9.65,11.09,17.12,26.479,3100000000.0,3270000000.0,14.69,0.89,1.08,7.97,1.08,1010000000.0,7.97,176420000.0,1.54,14.80,20.20,97840000.0,0.87,269000000.0,2.985,9.539,240200000.0,1.713,6.24,88.64,6470000.0,6.017,6.11,4600000.0,underperform
5494,2013-04-23 18:21:20,1366755680.0,dltr,48.2,6.87,1578.780029,18.79,-11.919999999999998,16.27,18.06,1.45,6.43,8.38,12.45,22.65,41.12,32.25,10530000000.0,10530000000.0,15.03,0.95,1.42,9.61,1.42,2650000000.0,9.61,619300000.0,2.68,21.70,15.40,399900000.0,1.78,271300000.0,2.18,7.42,677700000.0,0.12,2.91,92.60,4370000.0,1.60,2.30,5040000.0,underperform
5495,2013-02-06 16:16:24,1360185384.0,dltr,39.56,28.64,1512.119995,17.28,11.36,17.18,15.97,1.27,5.85,8.16,12.12,21.19,38.76,30.69,9040000000.0,9040000000.0,14.10,0.92,1.27,8.76,1.27,2380000000.0,8.76,578600000.0,2.49,48.70,7.80,222400000.0,0.98,264300000.0,2.01,6.77,681200000.0,0.15,2.86,89.80,4190000.0000000005,1.20,2.20,5080000.0,outperform
5496,2009-02-09 23:47:48,1234241268.0,dltr,11.8,35.51,869.8900150000001,23.06,12.45,N/A,14.67,0.70,2.81,4.81,7.81,11.74,20.61,50.395,3210000000.0,3400000000.0,N/A,1.01,0.75,6.569,0.75,1460000000.0,6.569,219000000.0,2.41,20.10,11.60,78600000.0,0.867,267600000.00000003,2.332,12.584,371600000.0,0.38,3.03,98.70,7480000.0,3.7,8.60,8070000.0,outperform
5497,2004-02-15 07:47:33,1076849253.0,dltr,11.1,-17.39,1152.109985,4.69,-22.080000000000002,0.234,21.04,1.33,3.96,6.20,10.21,14.24,20.56,25.138,3780000000.0,3940000000.0,0.00,0.99,1.36,15.04,1.36,847960000.0,15.04,179500000.0,1.559,25.60,17.20,67140000.0,0.58,226890000.0,2.334,8.41,231790000.0,1.723,6.20,87.11,3930000.0,2.627,3.64,3740000.0,underperform
5498,2007-04-09 01:20:44,1176096044.0,dltr,12.68,-25.39,1444.609985,-5.47,-19.92,0.23,20.58,0.95,3.27,4.84,7.84,10.83,16.41,38.463,3740000000.0,3700000000.0,N/A,1.24,0.93,7.764,0.93,1360000000.0,7.764,192000000.0,1.85,12.80,22.20,306800000.0,3.123,268800000.0,2.502,11.716,412800000.0,0.96,4.21,93.00,6390000.0,3.5,6.80,6390000.0,underperform
5499,2004-10-20 11:29:57,1098286197.0,dltr,8.64,-16.9,1103.660034,6.72,-23.619999999999997,0.269,16.46,0.98,2.76,6.08,10.07,11.93,18.08,25.794,2920000000.0,3020000000.0,13.43,0.79,1.02,7.33,1.02,1010000000.0,7.33,180730000.0,1.567,14.80,20.20,181820000.0,1.61,284740000.0,3.162,9.333,255640000.0,1.723,6.22,84.02,5220000.0,3.282,4.93,4570000.0,underperform
5500,2012-11-04 04:51:10,1352022670.0,dltr,40.38,43.54,1427.589966,23.84,19.7,17.35,17.63,1.33,6.11,7.57,12.05,21.10,33.93,29.81,9000000000.0,9000000000.0,14.04,0.89,1.29,8.91,1.29,2380000000.0,8.91,527700000.00000006,2.25,25.60,10.50,379800000.0,1.65,264300000.0,2.28,6.61,707100000.0,0.20,2.86,89.80,4420000.0,1.20,2.30,3950000.0,outperform
5501,2011-11-18 21:54:52,1321671292.0,dltr,37.98,-0.58,1215.650024,11.5,-12.08,16.72,21.07,1.49,5.88,7.24,11.47,18.89,30.42,50.26,9030000000.0,9030000000.0,16.34,1.04,1.45,10.31,1.45,2089999999.9999998,10.31,451600000.0,3.61,21.70,11.90,545400000.0,4.47,265500000.0,2.84,12.98,9030000000.0,0.24,2.76,91.40,4890000.0,3.50,4.70,6030000.0,underperform
5502,2005-01-26 13:09:19,1106762959.0,dltr,9.12,-9.21,1174.069946,8.5,-17.71,0.25,17.67,1.01,2.85,5.82,9.65,11.09,17.12,26.479,3070000000.0,3240000000.0,14.37,0.84,1.07,7.88,1.07,1010000000.0,7.88,176420000.0,1.537,14.80,20.20,97840000.0,0.87,269000000.0,2.985,9.539,240200000.0,1.713,6.24,88.00,4600000.0,2.711,4.34,3940000.0,underperform
5503,2007-01-13 04:00:15,1168678815.0,tjx,13.8,-2.97,1414.849976,0.39,-3.3600000000000003,0.402,17.45,0.80,6.27,4.80,7.37,13.02,44.33,37.506,13630000000.0,14160000000.0,N/A,1.23,0.83,8.826,0.83,3760000000.0,8.826,821280000.0,1.72,48.50,11.40,341640000.0,0.751,873360000.0,1.442,4.777,1130000000.0,0.76,5.44,95.80,10340000.0,2.8,2.30,9260000.0,underperform
5504,2010-04-12 03:33:47,1271057627.0,tjx,21.82,12.65,1196.47998,9.84,2.8100000000000005,N/A,15.79,0.90,6.35,5.98,9.81,18.24,48.31,48.561,17400000000.0,17400000000.0,N/A,1.01,0.86,7.171,0.86,5320000000.0,7.171,1210000000.0,2.84,57.60,10.40,1750000000.0,4.263,792520000.0,1.659,7.058,2270000000.0,0.58,0.39,94.00,11080000.0,2.4,N/A,11440000.0,outperform
5505,2006-07-19 01:49:27,1153288167.0,tjx,11.42,21.45,1259.810059,23.28,-1.8300000000000018,0.423,15.85,0.67,5.68,4.41,6.74,12.73,41.58,35.285,10730000000.0,11480000000.0,N/A,0.96,0.70,8.081,0.70,3760000000.0,8.081,718650000.0,1.48,20.80,6.70,279880000.0,0.612,815130000.0,1.395,4.22,1020000000.0,0.81,0.51,97.40,8180000.0,3.5,1.80,7950000.0,underperform
5506,2007-03-13 13:28:37,1173806917.0,tjx,12.21,25.55,1377.949951,-5.02,30.57,0.343,17.46,0.70,5.33,4.24,7.25,13.63,37.14,36.256,12210000000.0,12240000000.0,N/A,1.07,0.70,7.576,0.70,3760000000.0,7.576,776760000.0,1.54,16.70,8.10,856700000.0,1.882,785600000.0,1.573,5.032,1200000000.0,0.86,8.70,93.00,11220000.0,3.1,2.50,10410000.0,outperform
5507,2003-10-26 20:20:27,1067217627.0,tjx,9.65,11.09,1033.77002,5.9,5.1899999999999995,0.524,20.13,0.86,7.85,4.35,7.07,13.57,39.49,23.631,10480000000.0,11140000000.0,14.96,1.00,0.90,9.92,0.90,2900000000.0,9.92,538450000.0,1.027,15.60,11.90,44010000.0,0.09,709600000.0,1.344,2.67,N/A,1.023,9.00,93.26,9800000.0,3.904,2.12,9760000.0,outperform
5508,2009-01-06 18:50:19,1231285819.0,tjx,10.29,72.5,934.7000119999999,21.66,50.84,0.412,10.24,0.46,4.19,4.82,7.94,13.97,44.86,45.596,8910000000.0,9390000000.0,N/A,0.79,0.49,4.861,0.49,4560000000.0,4.861,957370000.0,2.09,5.50,2.20,387350000.0,0.93,875430000.0,1.322,5.107,1510000000.0,0.71,0.36,102.00,12880000.0,1.8,3.10,14870000.0,outperform
5509,2008-01-20 06:38:30,1200829110.0,tjx,13.67,,1333.25,-36.24,,0.403,20.11,0.70,5.93,3.70,6.24,10.75,33.08,40.713,12620000000.0,13100000000.0,N/A,1.17,0.72,8.712,0.72,4190000000.0000005,8.712,713850000.0,1.44,8.20,5.90,388130000.0,0.888,862210000.0,1.368,4.901,1300000000.0,0.59,0.45,95.10,12390000.0,3.7,2.80,13020000.0,underperform
5510,2012-11-04 14:13:33,1352056413.0,tjx,41.27,45.38,1427.589966,23.84,21.540000000000003,23.19,18.39,1.28,9.19,7.10,11.64,21.08,53.03,32.50,29550000000.0,29550000000.0,14.88,1.37,1.22,8.91,1.22,6340000000.0,8.91,1720000000.0,2.26,20.90,8.70,1800000000.0,2.44,786180000.0,1.66,4.61,2900000000.0,0.48,0.56,92.20,6660000.0,1.30,1.00,5740000.0,outperform
5511,2012-06-16 12:20:06,1339863606.0,tjx,40.3,24.94,1314.880005,24.45,0.490000000000002,23.62,19.81,1.31,9.35,6.94,11.35,20.46,51.10,31.58,30510000000.0,30510000000.0,15.73,1.42,1.28,9.57,1.28,6340000000.0,9.57,1650000000.0,2.14,57.60,11.10,1740000000.0,2.35,786890000.0,1.66,4.50,2480000000.0,0.52,0.58,93.80,6050000.0,1.00,0.90,8470000.0,outperform
5512,2013-05-13 08:02:09,1368446529.0,tjx,49.68,18.22,1633.77002,16.14,2.0799999999999983,21.13,19.98,1.43,10.06,7.37,12.00,21.82,55.47,35.28,35620000000.0,35620000000.0,16.03,1.52,1.38,9.85,1.38,7360000000.0,9.85,1910000000.0,2.55,27.30,15.10,2049999999.9999998,2.83,774550000.0,1.52,5.06,3050000000.0,0.53,0.63,92.20,6210000.0,1.60,1.00,7230000.0,outperform
5513,2007-06-24 17:38:17,1182721097.0,sbux,24.44,-37.93,1522.189941,-13.41,-24.52,0.384,32.41,2.27,8.86,7.21,10.19,14.38,27.46,11.285,18920000000.0,19420000000.0,N/A,1.30,2.26,13.657,2.26,4610000000.0,13.657,635790000.0,0.79,18.50,19.60,343830000.0,0.464,849320000.0,0.653,2.965,1110000000.0,1.1,0.07,64.70,26030000.0,2.5,3.60,27430000.0,underperform
5514,2003-11-20 22:54:29,1069386869.0,sbux,14.18,81.24,1033.650024,13.22,68.02,0.002,45.46,2.97,5.80,6.58,10.42,10.38,13.52,10.147,11990000000.0,11740000000.0,30.70,1.76,2.88,17.72,2.88,1940000000.0,17.72,268350000.00000003,0.67,18.70,24.20,350010000.0,0.89,5080000.0,1.514,5.29,N/A,0.644,2.49,69.57,17790000.0,5.308,4.64,17090000.0,outperform
5515,2012-04-27 18:20:29,1335565229.0,sbux,55.22,5.74,1403.359985,12.5,-6.76,11.51,34.41,3.75,9.56,10.51,12.98,13.39,29.03,16.27,43980000000.0,43980000000.0,24.56,1.71,3.61,20.55,3.61,6750000000.0,20.55,1280000000.0,1.67,10.20,16.40,2270000000.0,3.02,549500000.0,1.96,6.34,1410000000.0,1.23,2.76,78.20,9420000.0,1.20,1.30,8590000.0,underperform
5516,2012-10-12 20:16:29,1350087389.0,sbux,45.68,61.8,1428.589966,15.95,45.849999999999994,10.20,26.21,2.76,6.65,10.67,13.09,13.77,28.45,17.24,33890000000.0,33890000000.0,22.15,N/A,2.61,14.96,2.61,6750000000.0,14.96,1380000000.0,1.80,19.30,12.70,2500000000.0,3.29,549600000.0,2.26,7.09,1610000000.0,0.88,2.71,76.90,10890000.0,1.50,1.50,12770000.0,outperform
5517,2007-03-06 01:20:21,1173162021.0,sbux,27.93,-39.53,1395.410034,-4.42,-35.11,0.151,39.06,2.73,9.28,7.25,10.24,14.17,26.21,10.746,22090000000.0,22370000000.0,N/A,1.45,2.73,16.39,2.73,4610000000.0,16.39,612270000.0,0.75,17.70,21.80,436470000.0,0.581,367510000.0,0.792,3.22,1200000000.0,1.36,0.07,66.80,22940000.0,2.6,3.10,23990000.0,underperform
5518,2011-09-02 15:32:00,1314991920.0,sbux,35.78,33.06,1173.969971,20.15,12.910000000000004,12.66,24.87,2.48,6.59,10.14,12.97,14.03,29.67,15.41,27090000000.0,27090000000.0,20.78,1.46,2.35,13.30,2.35,6250000000.0,13.30,1170000000.0,1.52,34.20,12.30,1950000000.0,2.62,549400000.0,1.93,5.80,27090000000.0,1.25,2.70,75.50,10130000.0,1.10,1.60,9580000.0,outperform
5519,2007-01-15 17:15:41,1168899341.0,sbux,,,1430.72998,-3.48,,0.317,50.42,3.47,12.16,7.25,10.27,14.07,26.93,10.164,27100000000.0,27350000000.0,N/A,1.72,3.51,20.935,3.51,4610000000.0,20.935,581470000.0,0.71,5.20,20.70,453640000.0,0.601,706820000.0,0.79,2.945,1130000000.0,1.24,2.18,69.10,26310000.0,3.6,3.60,26940000.0,underperform
5520,2004-10-24 21:03:05,1098666185.0,sbux,23.62,9.91,1106.48999,8.4,1.5099999999999998,0.002,57.30,4.10,8.25,7.27,11.50,12.15,16.11,12.034,19930000000.0,19210000000.0,43.22,2.48,3.90,22.95,3.90,2390000000.0,22.95,358000000.0,0.875,24.80,23.90,719110000.0,1.81,4540000.0,1.908,6.151,679530000.0,0.464,2.56,71.34,15760000.0,4.795,4.07,15020000.0,outperform
5521,2013-03-28 12:41:38,1364488898.0,sbux,55.58,31.13,1569.189941,18.38,12.75,10.62,30.61,3.12,8.24,10.50,13.66,14.29,28.84,18.12,40840000000.0,40840000000.0,21.72,1.42,2.99,16.60,2.99,7490000000.0,16.60,1430000000.0,1.86,13.10,10.60,2460000000.0,3.28,549600000.0,1.85,6.90,2350000000.0,0.78,2.54,74.40,10660000.0,2.00,1.50,8730000.0,outperform
5522,2011-11-08 15:43:30,1320785010.0,sbux,42.34,18.49,1275.920044,9.3,9.189999999999998,12.53,26.94,2.87,7.63,10.65,13.03,13.86,30.93,15.20,31440000000.0,31440000000.0,20.02,1.35,2.69,15.16,2.69,6250000000.0,15.16,1250000000.0,1.62,28.50,6.80,2049999999.9999998,2.75,549500000.0,1.83,5.80,31440000000.0,1.35,2.70,75.50,15290000.0,1.80,N/A,13730000.0,outperform
5523,2006-12-01 14:56:52,1165003012.0,sbux,32.77,-34.79,1396.709961,5.18,-39.97,0.081,49.25,3.59,10.83,7.67,10.72,16.46,23.88,9.679,26730000000.0,26440000000.0,N/A,1.71,3.55,19.298,3.55,3760000000.0,19.298,570790000.0,0.72,5.10,20.70,441980000.0,0.585,203060000.0,1.035,3.26,1100000000.0,1.17,2.18,70.40,26940000.0,4.4,3.60,30300000.0,underperform
5524,2013-05-09 00:55:07,1368075307.0,sbux,61.06,14.26,1626.670044,15.48,-1.2200000000000006,10.32,31.71,3.32,8.75,10.80,14.12,14.99,28.97,18.63,45170000000.0,45170000000.0,23.82,1.47,3.22,17.44,3.22,7490000000.0,17.44,1510000000.0,1.97,26.00,11.30,1700000000.0,2.27,549600000.0,1.68,7.11,2550000000.0,0.78,2.54,74.40,9880000.0,2.10,1.40,9780000.0,underperform
5525,2005-02-07 03:10:10,1107763810.0,sbux,23.74,34.58,1201.719971,4.42,30.159999999999997,0.001,49.18,3.74,7.92,7.60,11.82,12.92,17.25,13.561,20260000000.0,19430000000.0,35.68,1.89,3.47,20.41,3.47,3100000000.0,20.41,425840000.0,1.03,46.00,29.90,978420000.0,2.43,4170000.0,1.881,6.257,793850000.0,0.558,2.04,69.30,13100000.0,3.02,3.32,13100000.0,outperform
5526,2008-12-20 00:45:18,1229751918.0,sbux,9.15,126.34,904.419983,21.19,105.15,0.507,23.25,0.68,2.83,3.04,6.33,7.46,13.22,14.194,7240000000.0,7970000000.0,N/A,0.73,0.77,6.32,0.77,5740000000.0,6.32,315500000.0,0.43,96.60,3.10,322300000.0,0.44,1260000000.0,0.798,3.387,1260000000.0,53.09,2.51,62.90,26440000.0,1.4,3.70,30340000.0,outperform
5527,2007-05-20 17:58:13,1179698293.0,sbux,26.5,-40.04,1512.75,-5.69,-34.35,0.384,36.74,2.46,9.60,7.21,10.19,14.38,27.46,11.285,21450000000.0,21950000000.0,N/A,1.40,2.56,15.433,2.56,4610000000.0,15.433,635790000.0,0.79,18.50,19.60,343830000.0,0.464,849320000.0,0.653,2.965,1110000000.0,1.29,0.07,65.00,27430000.0,2.6,3.80,26240000.0,underperform
5528,2007-05-31 19:23:37,1180653817.0,sbux,26.82,-36.88,1530.619995,-8.51,-28.370000000000005,0.384,36.41,2.48,9.68,7.21,10.19,14.38,27.46,11.285,21250000000.0,21770000000.0,N/A,1.38,2.54,15.302,2.54,4610000000.0,15.302,635790000.0,0.79,18.50,19.60,343830000.0,0.464,849320000.0,0.653,2.965,1110000000.0,1.29,0.07,65.00,27430000.0,2.6,3.80,26240000.0,underperform
5529,2004-12-10 18:42:43,1102722163.0,sbux,27.02,7.96,1188.0,5.84,2.12,0.002,61.13,4.40,9.37,7.40,11.52,12.68,16.86,12.875,23150000000.0,22660000000.0,41.32,2.38,4.28,25.46,4.28,2390000000.0,25.46,391780000.0,0.953,24.80,23.90,653010000.0,1.64,4350000.0,1.757,6.257,679530000.0,0.47,2.54,70.31,15860000.0,4.42,4.09,14870000.0,outperform
5530,2007-04-29 07:56:12,1177847772.0,sbux,29.62,-50.78,1494.25,-6.55,-44.230000000000004,0.151,41.83,2.91,9.88,7.25,10.24,14.17,26.21,10.746,23660000000.0,23590000000.0,N/A,1.52,2.87,17.281,2.87,4610000000.0,17.281,612270000.0,0.75,17.70,21.80,436470000.0,0.581,367510000.0,0.792,3.22,1200000000.0,1.41,0.07,66.80,26240000.0,2.4,3.50,22940000.0,underperform
5531,2007-04-20 10:35:36,1177079736.0,sbux,29.47,-44.15,1484.349976,-8.06,-36.089999999999996,0.151,40.88,2.82,9.56,7.25,10.24,14.17,26.21,10.746,23110000000.0,23050000000.0,N/A,1.50,2.81,16.885,2.81,4610000000.0,16.885,612270000.0,0.75,17.70,21.80,436470000.0,0.581,367510000.0,0.792,3.22,1200000000.0,1.41,0.07,66.80,26240000.0,2.4,3.50,22940000.0,underperform
5532,2007-07-02 00:31:46,1183350706.0,sbux,24.25,-40.04,1519.430054,-15.43,-24.61,0.384,33.30,2.28,8.92,7.21,10.19,14.38,27.46,11.285,19440000000.0,19940000000.0,N/A,1.36,2.33,14.021,2.33,4610000000.0,14.021,635790000.0,0.79,18.50,19.60,343830000.0,0.464,849320000.0,0.653,2.965,1110000000.0,1.1,0.07,64.70,25880000.0,1.9,3.50,26030000.0,underperform
5533,2007-05-01 10:18:09,1178029089.0,sbux,28.87,-47.66,1486.300049,-6.78,-40.879999999999995,0.151,41.20,2.84,9.63,7.25,10.24,14.17,26.21,10.746,23290000000.0,23590000000.0,N/A,1.52,2.87,17.281,2.87,4610000000.0,17.281,612270000.0,0.75,17.70,21.80,436470000.0,0.581,367510000.0,0.792,3.22,1200000000.0,1.41,0.07,66.80,26240000.0,2.4,3.50,22940000.0,underperform
5534,2012-09-23 18:37:16,1348439836.0,sbux,49.56,49.33,1460.26001,16.54,32.79,10.20,28.37,3.00,7.22,10.67,13.09,13.77,28.45,17.24,36960000000.0,36960000000.0,23.86,1.53,2.85,16.31,2.85,6750000000.0,16.31,1380000000.0,1.80,19.30,12.70,2500000000.0,3.29,549600000.0,2.26,7.09,1610000000.0,0.90,2.71,78.10,13110000.0,1.40,1.80,7710000.0,outperform
5535,2007-03-23 02:05:30,1174629930.0,sbux,29.25,-44.31,1436.109985,-9.59,-34.72,0.151,42.02,2.95,10.02,7.25,10.24,14.17,26.21,10.746,23760000000.0,24160000000.0,N/A,1.52,2.94,17.705,2.94,4610000000.0,17.705,612270000.0,0.75,17.70,21.80,436470000.0,0.581,367510000.0,0.792,3.22,1200000000.0,1.36,0.07,66.80,22940000.0,2.6,3.10,23990000.0,underperform
5536,2007-04-30 09:08:45,1177938525.0,sbux,28.87,-47.77,1482.369995,-6.17,-41.6,0.151,41.83,2.88,9.78,7.25,10.24,14.17,26.21,10.746,23660000000.0,23590000000.0,N/A,1.52,2.87,17.281,2.87,4610000000.0,17.281,612270000.0,0.75,17.70,21.80,436470000.0,0.581,367510000.0,0.792,3.22,1200000000.0,1.41,0.07,66.80,26240000.0,2.4,3.50,22940000.0,underperform
5537,2007-02-26 06:29:28,1172489368.0,sbux,29.8,-40.47,1449.369995,-4.7,-35.769999999999996,0.151,43.49,3.02,10.25,7.25,10.24,14.17,26.21,10.746,24590000000.0,24520000000.0,N/A,1.58,2.99,17.969,2.99,4610000000.0,17.969,612270000.0,0.75,17.70,21.80,436470000.0,0.581,367510000.0,0.792,3.22,1200000000.0,1.16,0.07,67.00,23990000.0,4.4,3.30,26310000.0,underperform
5538,2007-10-17 18:33:13,1192660393.0,sbux,24.57,-59.99,1541.23999,-38.59,-21.4,0.374,32.34,2.17,8.25,7.04,10.09,12.64,26.69,11.905,19620000000.0,20010000000.0,N/A,1.37,2.23,14.543,2.23,4610000000.0,14.543,648640000.0,0.813,8.80,20.10,330020000.0,0.442,882100000.0,0.66,3.161,1240000000.0,1.2,0.04,61.30,24060000.0,2.9,3.30,25730000.0,underperform
5539,2004-06-19 18:27:08,1087684028.0,sbux,19.98,28.13,1133.560059,6.83,21.299999999999997,0.002,54.29,3.68,7.27,7.07,11.17,11.78,15.55,11.381,17330000000.0,16680000000.0,40.84,2.27,3.59,21.41,3.59,2390000000.0,21.41,328250000.0,0.805,24.80,23.90,657630000.0,1.66,4720000.0,1.759,5.919,692190000.0,0.538,2.53,70.09,14060000.0,4.656,3.64,15230000.0,outperform
5540,2007-02-12 06:46:46,1171280806.0,sbux,30.41,-42.72,1433.369995,-5.9,-36.82,0.151,43.77,3.08,10.38,7.25,10.24,14.17,26.21,10.75,24960000000.0,N/A,N/A,1.60,N/A,N/A,N/A,4610000000.0,N/A,612270000.0,0.75,17.70,21.80,436470000.0,0.576,367510000.0,0.792,3.22,1090000000.0,1.16,0.07,67.90,23990000.0,4.4,3.30,26310000.0,underperform
5541,2007-05-02 12:13:26,1178122406.0,sbux,29.09,-46.72,1495.920044,-5.79,-40.93,0.151,41.03,2.83,9.60,7.25,10.24,14.17,26.21,10.746,23200000000.0,23220000000.0,N/A,1.52,2.83,17.012,2.83,4610000000.0,17.012,612270000.0,0.753,17.70,21.80,436470000.0,0.581,367510000.0,0.792,3.22,1200000000.0,1.29,0.07,66.80,27430000.0,2.6,3.70,26240000.0,underperform
5542,2012-07-14 03:38:21,1342251501.0,sbux,50.31,34.96,1341.449951,24.87,10.09,10.70,30.99,3.17,7.78,10.56,12.84,13.45,28.12,16.80,38270000000.0,38270000000.0,23.41,1.47,3.04,17.53,3.04,6750000000.0,17.53,1330000000.0,1.73,18.50,14.70,2230000000.0,2.95,549600000.0,2.21,6.77,1520000000.0,1.06,2.71,78.10,8860000.0,1.20,1.20,7260000.0,outperform
5543,2008-01-25 16:39:38,1201297178.0,sbux,18.3,-53.99,1330.609985,-36.85,-17.14,0.553,22.66,1.59,6.61,7.15,10.05,12.10,29.81,12.553,14450000000.0,15760000000.0,N/A,1.00,1.68,10.967,1.68,5410000000.0,10.967,672640000.0,0.87,35.10,21.80,438690000.0,0.601,1260000000.0,0.787,3.094,1330000000.0,1.25,1.95,60.60,23880000.0,2.1,3.30,24840000.0,underperform
5544,2013-04-23 03:38:22,1366702702.0,sbux,57.96,20.08,1578.780029,18.79,1.2899999999999991,10.62,31.54,3.20,8.46,10.50,13.66,14.29,28.84,18.12,41850000000.0,41850000000.0,22.30,1.45,3.06,17.01,3.06,7490000000.0,17.01,1430000000.0,1.86,13.10,10.60,2460000000.0,3.28,549600000.0,1.85,6.90,2350000000.0,0.78,2.54,74.40,9780000.0,1.80,1.30,10090000.0,outperform
5545,2011-07-29 18:26:11,1311978371.0,sbux,38.12,27.54,1292.280029,3.53,24.009999999999998,12.70,28.30,2.68,6.93,9.79,13.00,13.80,27.83,15.00,28590000000.0,28590000000.0,22.50,1.50,2.56,14.34,2.56,6250000000.0,14.34,1090000000.0,1.43,20.40,9.90,1930000000.0,2.57,549400000.0,1.97,5.77,28590000000.0,1.26,2.70,75.50,11560000.0,1.70,1.80,11480000.0,outperform
5546,2007-10-06 05:09:44,1191661784.0,sbux,24.7,-46.6,1539.589966,-27.62,-18.98,0.374,33.01,2.21,8.39,7.04,10.09,12.64,26.69,11.905,20030000000.0,20340000000.0,N/A,1.39,2.27,14.787,2.27,4610000000.0,14.787,648640000.0,0.81,8.80,20.10,330020000.0,0.442,882100000.0,0.66,3.161,1240000000.0,1.2,0.04,61.40,25730000.0,3.1,3.50,27650000.0,underperform
5547,2004-04-04 01:22:03,1081059723.0,sbux,17.79,34.51,1132.170044,3.88,30.63,0.002,52.68,3.48,6.73,6.91,11.01,11.11,14.67,10.788,15570000000.0,14910000000.0,38.16,2.06,3.42,20.54,3.42,2390000000.0,20.54,300790000.0,0.746,24.80,23.90,665030000.0,1.68,4900000.0,1.55,5.677,711450000.0,0.619,2.51,69.65,15820000.0,4.055,4.10,15390000.0,outperform
5548,2009-01-31 07:35:33,1233405333.0,sbux,8.98,128.84,874.090027,24.08,104.76,0.51,22.21,0.68,2.85,3.04,6.33,7.46,13.22,14.194,6920000000.0,7870000000.0,N/A,0.81,0.76,6.238,0.76,5740000000.0,6.238,315500000.0,0.43,96.60,3.10,322300000.0,0.44,1270000000.0,0.798,3.387,1260000000.0,1.02,2.51,63.00,28150000.0,3.3,3.90,27290000.0,outperform
5549,2007-06-02 09:45:10,1180791910.0,sbux,26.72,-36.15,1530.22998,-8.62,-27.53,0.384,36.97,2.49,9.72,7.21,10.19,14.38,27.46,11.285,21580000000.0,22080000000.0,N/A,1.39,2.57,15.526,2.57,4610000000.0,15.526,635790000.0,0.79,18.50,19.60,343830000.0,0.464,849320000.0,0.653,2.965,1110000000.0,1.1,0.07,65.00,26030000.0,2.5,3.60,27430000.0,underperform
5550,2007-03-14 03:38:38,1173857918.0,sbux,27.29,-39.87,1387.170044,-5.17,-34.699999999999996,0.151,38.99,2.75,9.34,7.25,10.24,14.17,26.21,10.746,22050000000.0,22510000000.0,N/A,1.46,2.74,16.495,2.74,4610000000.0,16.495,612270000.0,0.75,17.70,21.80,436470000.0,0.581,367510000.0,0.792,3.22,1200000000.0,1.36,0.07,66.80,22940000.0,2.6,3.10,23990000.0,underperform
5551,2011-08-19 19:26:50,1313796410.0,yum,46.33,35.92,1123.530029,25.1,10.82,174.15,19.89,1.95,12.60,10.38,16.17,15.36,79.19,24.66,25060000000.0,25060000000.0,15.43,1.41,2.15,10.07,2.15,3220000000.0,10.07,1210000000.0,2.49,10.50,9.40,955000000.0,2.06,3290000000.0,1.08,3.88,25060000000.0,0.87,0.43,77.70,4720000.0,1.20,1.00,3840000.0,outperform
5552,2012-02-28 19:45:45,1330476345.0,yum,62.49,0.98,1372.180054,10.48,-9.5,173.12,23.96,2.39,16.54,10.45,15.76,14.50,74.48,26.92,32290000000.0,32290000000.0,17.51,1.50,2.56,12.34,2.56,3490000000.0,12.34,1320000000.0,2.74,29.90,15.40,1210000000.0,2.62,3320000000.0,0.95,3.96,2170000000.0,0.83,0.47,77.40,5170000.0,1.50,1.10,5700000.0,underperform
5553,2013-04-22 03:04:19,1366614259.0,yum,63.3,21.12,1562.5,20.29,0.8300000000000018,127.25,19.24,2.15,13.61,11.71,16.34,15.60,76.06,29.57,31480000000.0,31480000000.0,17.34,1.84,2.31,10.96,2.31,3780000000.0,10.96,1600000000.0,3.38,5.30,1.00,776000000.0,1.72,2940000000.0,0.87,4.78,2290000000.0,0.61,0.49,79.30,8230000.0,2.40,1.80,10270000.0,outperform
5554,2004-09-26 04:52:32,1096188752.0,yum,16.98,21.67,1108.359985,9.68,11.990000000000002,1.609,17.79,1.34,9.15,8.03,13.12,12.35,64.42,28.395,11790000000.0,13620000000.0,15.61,1.44,1.57,8.76,1.57,2040000000.0,8.76,698000000.0,2.281,5.80,8.00,225000000.0,0.77,2049999999.9999998,0.529,4.39,1080000000.0,0.378,2.64,79.00,3700000.0,3.054,1.31,3050000.0,outperform
5555,2007-04-04 22:42:15,1175740935.0,yum,25.07,33.59,1439.369995,-4.87,38.46,1.581,20.01,1.62,10.83,8.62,13.02,13.95,57.10,35.022,15410000000.0,17440000000.0,N/A,1.52,1.82,9.501,1.82,2470000000.0,9.501,824000000.0,2.92,2.70,4.00,325000000.0,1.233,2270000000.0,0.523,5.423,1300000000.0,1.04,0.41,81.40,3420000.0,1.9,1.30,2820000.0,outperform
5556,2003-12-14 16:11:23,1071436283.0,yum,14.43,35.41,1071.209961,11.9,23.509999999999998,2.137,17.75,1.23,10.02,7.04,12.35,10.53,78.90,26.89,9870000000.0,11680000000.0,15.34,1.40,1.43,8.29,1.43,1970000000.0,8.29,576000000.0,1.89,18.50,11.60,324000000.0,1.1,2140000000.0000002,0.575,3.41,N/A,0.368,2.67,79.13,3720000.0,3.678,1.30,4160000.0,outperform
5557,2011-10-24 06:18:43,1319451523.0,yum,50.42,33.32,1254.189941,12.67,20.65,154.92,21.08,1.99,12.07,10.24,15.87,14.40,67.36,25.56,26730000000.0,26730000000.0,16.79,1.48,2.21,10.48,2.21,3220000000.0,10.48,1240000000.0,2.55,7.30,14.40,1250000000.0,2.71,3230000000.0,1.04,4.32,26730000000.0,0.86,0.43,77.70,6640000.0,1.50,1.40,8550000.0,outperform
5558,2012-11-01 07:23:36,1351769016.0,yum,69.92,-4.03,1427.589966,23.4,-27.43,129.16,20.61,2.33,14.42,11.89,16.25,15.75,73.68,29.35,33659999999.999996,33659999999.999996,18.75,1.61,2.48,11.86,2.48,3490000000.0,11.86,1620000000.0,3.40,23.00,9.00,942000000.0,2.09,3020000000.0,1.01,4.86,2280000000.0,0.72,0.51,79.60,8500000.0,2.00,1.90,10250000.0,underperform
5559,2012-11-09 22:10:45,1352517045.0,yum,69.1,-0.27,1379.849976,28.31,-28.58,129.16,21.16,2.36,14.63,11.89,16.25,15.75,73.68,29.35,34220000000.0,34220000000.0,19.24,1.68,2.52,12.05,2.52,3490000000.0,12.05,1620000000.0,3.40,23.00,9.00,942000000.0,2.09,3020000000.0,1.01,4.86,2280000000.0,0.68,0.51,79.60,8500000.0,2.00,1.90,10250000.0,underperform
5560,2005-01-15 09:47:09,1105800429.0,yum,19.5,4.87,1187.699951,8.28,-3.4099999999999993,1.37,19.19,1.50,8.75,8.10,13.09,12.55,58.92,29.064,13230000000.0,14920000000.0,17.24,1.75,1.68,9.37,1.68,2040000000.0,9.37,719000000.0,2.354,5.80,8.00,448000000.0,1.53,2069999999.9999998,0.626,5.185,1080000000.0,0.468,2.64,79.78,9640000.0,7.17,3.38,4210000.0,underperform
5561,2013-05-11 23:04:07,1368327847.0,yum,67.49,11.35,1632.689941,14.88,-3.530000000000001,121.85,22.41,2.31,13.55,10.99,16.03,14.71,63.16,29.28,33180000000.0,33180000000.0,18.76,1.92,2.47,11.85,2.47,3780000000.0,11.85,1480000000.0,3.14,26.40,7.60,762000000.0,1.69,2940000000.0,0.91,5.10,2220000000.0,0.59,0.49,79.30,6840000.0,1.70,1.50,8230000.0,underperform
5562,2011-12-30 03:16:46,1325233006.0,yum,55.64,12.24,1257.599976,12.9,-0.6600000000000001,154.92,23.37,2.25,13.64,10.24,15.87,14.40,67.36,25.56,29140000000.0,29140000000.0,18.45,1.62,2.41,11.43,2.41,3220000000.0,11.43,1240000000.0,2.55,7.30,14.40,1250000000.0,2.71,3230000000.0,1.04,4.32,2170000000.0,0.85,0.43,77.70,6980000.0,2.20,1.50,7300000.0,underperform
5563,2009-04-26 00:31:25,1240720285.0,yum,30.88,30.15,851.919983,42.27,-12.120000000000005,N/A,17.76,1.41,N/A,8.55,12.73,13.09,187.00,23.745,19410000000.0,19410000000.0,N/A,1.40,1.72,9.744,1.72,2810000000.0,9.744,964000000.0,1.96,11.70,3.70,216000000.0,0.47,3590000000.0,0.552,0.235,1520000000.0,1.11,0.42,79.30,10980000.0,2.3,2.40,11910000.0,underperform
5564,2007-10-12 12:55:26,1192208126.0,yum,32.21,-24.37,1561.800049,-36.94,12.569999999999997,1.698,22.53,1.96,13.30,8.95,12.94,13.16,66.18,19.045,19340000000.0,20950000000.0,N/A,1.87,2.06,11.401,2.06,2470000000.0,11.401,910000000.0,1.65,17.40,12.60,507000000.0,0.99,2420000000.0,0.624,2.797,1460000000.0,1.42,0.45,81.50,6950000.0,3.1,1.30,7200000.0,outperform
5565,2005-04-19 16:05:42,1113941142.0,yum,21.29,-3.85,1152.780029,13.63,-17.48,1.092,20.66,1.61,9.05,8.21,12.82,12.90,55.27,29.52,14600000000.0,16140000000.0,17.27,1.72,1.79,10.07,1.79,4360000000.0,10.07,740000000.0,2.42,19.90,7.50,116000000.0,0.4,1740000000.0,0.543,5.5,1130000000.0,0.272,2.74,79.50,4970000.0,3.434,1.75,5690000.0,underperform
5566,2004-02-15 09:42:00,1076856120.0,cms,6.87,36.97,1152.109985,4.69,32.28,3.228,N/A,0.17,0.78,6.42,0.96,4.06,29.81,57.235,1430000000.0,7460000000.0,0.00,2.85,0.87,25.56,0.87,1510000000.0,25.56,548000000.0,3.994,N/A,9.50,664000000.0,4.12,6650000000.0,2.235,11.44,277000000.0,1.496,0.52,57.98,13280000.0,11.349,8.28,13440000.0,outperform
5567,2004-10-13 05:39:39,1097660379.0,cms,6.97,61.26,1113.650024,5.67,55.589999999999996,3.878,N/A,0.28,0.89,1.57,8.66,0.60,6.84,34.041,1500000000.0,8840000000.0,11.60,3.90,1.63,9.47,1.63,1540000000.0,9.47,102000000.0,0.645,N/A,34.60,715000000.0,4.43,7780000000.0,1.32,10.552,97000000.0,1.579,0.48,74.68,19080000.0,21.015,11.89,18120000.0,outperform
5568,2006-10-23 12:48:18,1161622098.0,cms,11.65,7.3,1377.02002,10.35,-3.05,2.835,N/A,0.51,1.41,3.24,5.06,1.76,8.52,30.447,3380000000.0,10270000000.0,N/A,3.75,1.55,10.298,1.55,3050000000.0,10.298,243000000.0,1.04,150.00,13.50,851000000.0,3.84,7510000000.0,2.022,10.786,655000000.0,0.98,0.72,91.50,15720000.0,9.8,7.20,15160000.0,underperform
5569,2004-12-09 07:34:24,1102595664.0,cms,7.75,40.52,1189.23999,5.9,34.620000000000005,3.782,N/A,0.30,0.93,0.09,9.12,0.03,1.25,33.845,1640000000.0,9170000000.0,13.41,4.20,1.68,10.46,1.68,1540000000.0,10.46,20000000.0,0.124,N/A,34.60,560000000.0,3.47,7820000000.0,1.785,10.936,131000000.0,1.597,0.48,77.46,16260000.000000002,9.947,10.13,17140000.0,outperform
5570,2013-05-09 17:06:21,1368133581.0,cms,27.09,7.57,1626.670044,15.48,-7.91,227.52,16.74,1.19,2.33,7.07,17.80,4.32,14.31,24.70,15140000000.0,15140000000.0,16.26,3.08,2.33,8.75,2.33,1830000000.0,8.75,459000000.0,1.70,114.90,13.50,586000000.0,2.21,7620000000.0,1.54,12.44,1330000000.0,0.29,0.45,85.40,9770000.0,4.50,3.70,11750000.0,underperform
5571,2013-04-23 04:18:12,1366705092.0,cms,27.45,6.12,1578.780029,18.79,-12.669999999999998,232.06,20.52,1.23,2.41,6.11,16.22,3.77,11.95,23.99,15420000000.0,15420000000.0,16.70,2.94,2.47,9.75,2.47,1830000000.0,9.75,375000000.0,1.42,63.40,3.10,93000000.0,0.35,7510000000.0,1.35,12.10,1240000000.0,0.28,0.45,85.40,11750000.0,4.40,4.50,11370000.0,underperform
5572,2004-01-31 01:56:03,1075532163.0,cms,6.84,16.52,1128.47998,4.08,12.44,3.228,N/A,0.16,0.77,6.42,0.96,4.06,29.81,57.235,1410000000.0,7440000000.0,10.55,2.98,0.87,25.48,0.87,1510000000.0,25.48,548000000.0,3.994,N/A,9.50,664000000.0,4.12,6650000000.0,2.235,11.44,N/A,1.446,0.52,54.97,13280000.0,11.349,8.28,13440000.0,outperform
5573,2007-06-11 10:07:37,1181570857.0,cms,13.39,-8.44,1509.119995,-9.98,1.540000000000001,2.96,N/A,0.55,1.84,3.74,8.26,2.67,3.41,32.251,3900000000.0,10550000000.0,N/A,5.17,1.48,8.27,1.48,2750000000.0,8.27,96000000.0,1.26,N/A,15.50,577000000.0,2.57,6990000000.0,1.472,9.411,832000000.0,0.43,0.55,96.90,22300000.0,10.4,10.00,21030000.0,outperform
5574,2012-01-20 18:19:31,1327101571.0,cms,19.32,20.19,1315.380005,11.95,8.240000000000002,238.03,14.02,0.82,1.78,6.08,15.22,3.96,13.61,26.47,12420000000.0,12420000000.0,13.71,2.49,1.89,7.94,1.89,1710000000.0,7.94,403000000.0,1.52,4.10,1.50,623000000.0,2.47,7350000000.0,1.29,12.08,1160000000.0,0.23,0.29,96.20,11360000.0,5.40,4.60,12680000.0,outperform
5575,2008-03-08 09:30:29,1204986629.0,cms,10.92,-22.16,1333.699951,-48.82,26.66,2.736,N/A,0.48,1.46,3.33,6.54,1.79,5.17,29.033,3100000000.0,9560000000.0,N/A,2.21,1.48,9.341,1.48,2400000000.0,9.341,138000000.0,1.02,N/A,2.80,348000000.0,1.545,6510000000.0,1.164,9.461,27000000.0,0.75,0.83,109.60,18650000.0,7.3,8.30,17660000.0,outperform
5576,2009-01-02 03:05:10,1230883510.0,ph,40.47,22.98,931.7999880000001,20.89,2.09,0.539,7.46,0.54,1.42,7.81,12.10,9.98,20.88,74.415,6860000000.0,8800000000.0,N/A,0.69,0.71,4.786,0.71,2810000000.0,4.786,970040000.0,5.70,9.00,10.00,608330000.0,3.775,2560000000.0,1.635,29.437,1360000000.0,1.6,1.46,80.00,2390000.0,1.4,1.50,1810000.0,outperform
5577,2013-05-13 10:50:31,1368456631.0,ph,91.64,36.31,1633.77002,16.14,20.17,55.87,14.64,1.08,2.60,7.53,11.08,7.64,17.82,86.94,15380000000.0,15380000000.0,12.78,2.41,1.18,8.70,1.18,3190000000.0,8.70,979230000.0,6.43,17.80,2.50,1680000000.0,11.24,3020000000.0,1.49,36.24,1240000000.0,1.62,0.82,83.10,2190000.0,1.70,1.70,3440000.0,outperform
5578,2005-02-05 14:23:45,1107631425.0,ph,38.03,15.67,1193.189941,6.51,9.16,0.316,16.74,1.05,2.51,6.16,8.68,7.63,15.94,64.67,7960000000.0,8780000000.0,12.32,1.19,1.13,8.79,1.13,1360000000.0,8.79,477710000.0,3.98,76.20,10.90,116860000.0,0.98,1070000000.0000001,2.117,26.084999,678210000.0,1.121,0.23,77.14,1610000.0,2.386,1.35,1620000.0,outperform
5579,2004-05-22 13:54:26,1085248466.0,ph,30.55,13.68,1088.680054,9.41,4.27,0.406,23.84,0.94,2.28,3.98,5.64,4.54,10.11,57.246,6470000000.0,7310000000.0,16.01,1.48,1.08,10.18,1.08,1100000000.0,10.18,269390000.0,2.271,50.80,4.30,169960000.0,1.42,1130000000.0,1.872,23.341999,735810000.0,1.059,0.63,75.44,1640000.0,2.119,1.38,2080000.0,outperform
5580,2007-01-13 09:38:02,1168699082.0,ph,45.01,28.62,1414.849976,0.39,28.23,0.308,13.28,0.93,2.15,7.24,11.13,9.21,18.16,82.444,9210000000.0,10350000000.0,N/A,0.97,1.05,7.294,1.05,2020000000.0,7.294,705010000.0,5.88,21.90,20.70,175850000.0,1.491,1320000000.0,1.764,36.210999,861410000.0,1.84,0.73,80.40,2630000.0,2.4,2.20,2600000.0,outperform
5581,2011-11-17 07:04:46,1321531486.0,ph,76.59,0.9,1216.130005,11.82,-10.92,34.17,12.31,1.01,2.57,8.62,12.43,9.42,21.89,80.23,14210000000.0,14210000000.0,10.35,1.88,1.12,7.38,1.12,2960000000.0,7.38,1100000000.0,6.76,20.20,14.30,424350000.0,2.81,1750000000.0,1.79,33.21,14210000000.0,1.36,0.61,83.20,3260000.0,1.30,2.20,3120000.0,underperform
5582,2008-06-13 01:12:33,1213333953.0,ph,69.73,-38.92,1360.030029,-30.95,-7.970000000000002,0.354,14.48,1.07,2.45,7.83,11.73,9.35,18.97,68.759,12830000000.0,14180000000.0,N/A,0.70,1.21,8.471,1.21,2450000000.0,8.471,914090000.0,5.28,22.00,14.40,182130000.0,1.086,1810000000.0,1.557,30.518999,1280000000.0,1.7,0.58,85.50,7970000.0,5.5,4.80,7020000.0,underperform
5583,2005-04-05 18:49:52,1112741392.0,ph,34.89,36.72,1181.390015,11.02,25.7,0.316,15.22,0.94,2.15,6.16,8.68,7.64,15.94,64.67,7280000000.0,8230000000.0,11.81,1.18,1.06,8.24,1.06,1360000000.0,8.24,477710000.0,3.98,76.20,10.90,116860000.0,0.97,1070000000.0000001,2.117,28.188,620200000.0,1.067,0.23,78.36,1910000.0,1.456,1.60,1200000.0,outperform
5584,2004-11-14 14:07:20,1100459240.0,ph,42.45,-9.47,1173.47998,5.14,-14.61,0.317,20.88,1.19,2.85,5.65,8.01,6.91,14.87,62.491,8800000000.0,9500000000.0,13.70,1.23,1.27,10.33,1.27,1360000000.0,10.33,421880000.0,3.528,76.20,10.90,290720000.0,2.43,988180000.0,2.189,26.084999,678210000.0,1.135,0.65,75.41,1900000.0,2.204,1.60,1590000.0,underperform
5585,2011-07-03 17:07:43,1309727263.0,ph,84.16,-14.02,1320.640015,3.4,-17.419999999999998,33.26,15.42,1.24,2.65,8.35,12.18,8.41,19.18,72.54,15600000000.0,15600000000.0,12.31,1.27,1.33,8.83,1.33,2150000000.0,8.83,979100000.0,5.94,81.70,23.90,1110000000.0,6.83,1860000000.0,2.00,33.80,15600000000.0,1.33,0.61,83.20,4540000.0,2.40,2.80,1940000.0,underperform
5586,2006-08-18 22:28:24,1155954504.0,ph,43.35,23.32,1302.300049,8.02,15.3,0.267,13.42,0.97,2.14,7.17,10.46,8.14,16.84,78.733,8990000000.0,10020000000.0,N/A,1.15,1.07,7.935,1.07,1710000000.0,7.935,638280000.0,5.57,20.10,18.40,171550000.0,1.426,1130000000.0,1.867,35.25,954640000.0,2.06,0.51,76.80,1520000.0,1.7,1.30,1380000.0,outperform
5587,2013-05-11 08:06:27,1368273987.0,fti,56.24,-0.37,1632.689941,14.88,-15.25,89.08,31.11,2.09,7.14,6.77,10.27,7.77,25.36,26.74,14590000000.0,14590000000.0,18.98,1.69,2.28,17.73,2.28,1320000000.0,17.73,433600000.0,1.80,3.60,17.90,236600000.0,1.00,1680000000.0,1.81,7.88,102900000.0,1.42,0.37,97.60,10330000.0,5.80,5.50,10210000.0,underperform
5588,2007-10-31 06:37:32,1193827052.0,fti,29.52,-42.41,1549.380005,-38.42,-3.989999999999995,0.509,27.73,2.09,10.16,7.18,8.73,8.61,30.63,30.836,7790000000.0,8050000000.000001,N/A,1.42,1.94,18.327,1.94,764300000.0,18.327,257399999.99999997,2.17,11.10,21.40,167400000.0,1.292,432900000.0,1.343,6.578,267899999.99999997,0.72,0.12,84.00,3950000.0,3.10,3.10,3130000.0,underperform
5589,2004-11-27 23:11:58,1101615118.0,fti,8.05,,1181.76001,-19.27,,0.373,27.39,0.88,4.15,3.22,4.78,5.09,17.99,37.501,2260000000.0,2410000000.0,21.73,1.70,0.94,12.95,0.94,463500000.0,12.95,82700000.0,1.206,N/A,11.40,52000000.0,0.76,203000000.0,1.193,7.968,65599999.99999999,0.864,0.71,88.25,1060000.0,1.392,1.55,N/A,underperform
5590,2012-11-03 07:39:42,1351942782.0,fti,40.9,23.59,1412.160034,24.39,-0.8000000000000007,87.59,23.97,1.68,5.64,7.04,9.63,7.28,25.36,24.23,10590000000.0,10590000000.0,17.02,1.41,1.82,15.41,1.82,1130000000.0,15.41,408800000.0,1.69,18.30,10.20,566200000.0,2.38,1530000000.0,1.96,7.28,40800000.0,1.44,0.42,99.30,5840000.0,3.00,2.80,7460000.0,underperform
5591,2013-04-14 01:32:29,1365917549.0,fti,55.05,-4.72,1593.369995,14.89,-19.61,88.54,29.66,2.13,7.11,6.99,10.53,7.96,26.42,25.66,13570000000.0,13570000000.0,18.08,1.65,2.21,17.09,2.21,1320000000.0,17.09,430000000.0,1.78,21.40,22.70,342100000.0,1.44,1640000000.0,1.77,7.75,138400000.0,1.42,0.37,97.60,10330000.0,5.30,N/A,11560000.0,underperform
5592,2005-02-14 06:58:30,1108382310.0,fti,8.09,35.48,1206.140015,5.75,29.729999999999997,0.246,20.04,0.89,4.20,4.22,5.94,6.86,22.46,39.895,2290000000.0,2330000000.0,18.23,1.37,0.84,10.23,0.84,463500000.0,10.23,116700000.0,1.67,N/A,11.40,124100000.0,1.81,163100000.0,1.223,7.968,65599999.99999999,0.869,0.71,89.00,1770000.0,4.172,2.61,2029999.9999999998,outperform
5593,2004-09-17 04:10:15,1095408615.0,fti,7.93,20.68,1128.550049,8.74,11.94,0.434,27.08,0.89,4.39,3.33,5.05,5.14,19.37,35.8,2180000000.0,2240000000.0,20.98,1.59,0.92,12.13,0.92,463500000.0,12.13,81000000.0,1.193,N/A,11.40,101500000.0,1.5,213500000.0,1.116,7.305,163300000.0,0.879,0.71,87.63,N/A,1.801,1.07,N/A,outperform
5594,2007-04-10 04:13:23,1176192803.0,fti,17.61,73.03,1448.390015,-6.48,79.51,0.261,24.47,1.26,5.39,5.40,8.59,9.38,25.78,55.035,4800000000.0,N/A,N/A,0.80,N/A,N/A,N/A,553200000.0,N/A,202600000.0,2.90,33.50,23.80,58700000.0,0.863,222800000.0,1.355,13.165,98900000.0,0.98,5.63,94.50,1700000.0,2.8,2.50,1370000.0,outperform
5595,2005-03-19 14:09:00,1111259340.0,fti,8.14,50.12,1188.069946,9.87,40.25,0.246,20.27,0.85,3.52,4.22,5.94,6.86,22.46,39.895,2350000000.0,2390000000.0,18.15,1.39,0.86,10.47,0.86,463500000.0,10.47,116700000.0,1.67,N/A,11.40,124100000.0,1.8,163100000.0,1.223,9.639,65599999.99999999,0.89,0.75,91.12,1860000.0,3.631,2.71,1770000.0,outperform
5596,2013-04-22 02:14:16,1366611256.0,fti,50.56,9.61,1562.5,20.29,-10.68,88.54,27.65,1.91,6.39,6.99,10.53,7.96,26.42,25.66,12990000000.0,12990000000.0,16.80,1.48,2.11,16.35,2.11,1320000000.0,16.35,430000000.0,1.78,21.40,22.70,342100000.0,1.44,1640000000.0,1.77,7.75,138400000.0,1.42,0.37,97.60,10210000.0,6.40,5.40,10330000.0,underperform
5597,2011-08-19 09:43:51,1313761431.0,bbby,50.64,25.51,1123.530029,25.1,0.41000000000000014,N/A,15.55,1.40,3.17,9.33,15.11,15.12,21.62,35.66,10650000000.0,10650000000.0,12.06,1.02,1.19,6.94,1.19,3620000000.0,6.94,834360000.0,3.28,31.30,9.70,1830000000.0,7.49,0.00,2.95,16.08,10650000000.0,1.22,2.57,91.40,4530000.0,2.30,2.10,4550000.0,outperform
5598,2008-12-04 05:20:30,1228386030.0,bbby,22.86,71.26,845.2199710000001,30.85,40.410000000000004,N/A,11.57,0.71,1.85,7.02,10.63,12.09,19.59,27.997,5840000000.0,4810000000.0,N/A,1.00,0.67,5.125,0.67,2930000000.0,5.125,507200000.0,1.94,18.90,4.90,298560000.0,1.15,N/A,2.191,10.619,504680000.0,1.05,3.99,98.80,18250000.0,7.30,7.30,19950000.0,outperform
5599,2013-02-06 16:41:57,1360186917.0,bbby,59.84,6.95,1512.119995,17.28,-10.330000000000002,N/A,13.67,1.29,3.32,9.91,15.53,16.25,25.74,44.88,12430000000.0,12430000000.0,11.88,1.04,1.21,6.97,1.21,3930000000.0,6.97,1010000000.0,4.38,1.80,15.30,784710000.0,3.53,0.00,2.16,17.91,1260000000.0,0.82,2.49,90.30,6400000.0,1.90,3.20,6010000.0,underperform
5600,2006-12-02 23:19:23,1165119563.0,bbby,39.3,-22.19,1399.47998,5.02,-27.21,N/A,19.61,1.79,4.30,9.43,14.32,16.07,22.95,21.412,11010000000.0,10190000000.0,N/A,1.09,1.66,9.699,1.66,2490000000.0,9.699,578510000.0,1.99,2.90,12.30,817250000.0,2.891,N/A,2.345,9.018,647440000.0,1.43,3.92,88.80,8650000.0,3.7,3.20,9870000.0,underperform
5601,2004-10-20 01:55:57,1098251757.0,bbby,39.1,-1.56,1103.660034,6.72,-8.28,0.031,26.53,2.44,5.35,9.22,14.66,15.70,22.98,15.834,11660000000.0,10920000000.0,20.49,1.08,2.25,13.63,2.25,1880000000.0,13.63,446810000.0,1.46,32.20,22.20,951850000.0,3.16,69100000.0,2.627,7.336,544650000.0,1.058,2.60,85.76,9540000.0,4.086,3.26,9030000.0,underperform
5602,2006-08-13 14:54:28,1155495268.0,bbby,35.02,-0.83,1271.810059,14.24,-15.07,N/A,17.87,1.66,4.14,9.64,14.71,16.59,24.42,20.531,9800000000.0,9160000000.0,N/A,0.97,1.54,8.873,1.54,2490000000.0,8.873,574380000.0,1.94,1.50,12.20,642270000.0,2.276,N/A,2.146,8.449,644770000.0,1.58,3.93,74.90,8750000.0,1.8,3.20,8450000.0,underperform
5603,2006-08-19 10:07:20,1155996440.0,bbby,35.76,-4.39,1295.430054,8.94,-13.329999999999998,N/A,18.33,1.72,4.30,9.64,14.71,16.59,24.42,20.531,10060000000.0,9420000000.0,N/A,1.01,1.58,9.119,1.58,2490000000.0,9.119,574380000.0,1.94,1.50,12.20,642270000.0,2.276,N/A,2.146,8.449,644770000.0,1.58,3.93,87.40,8750000.0,1.8,3.20,8450000.0,underperform
5604,2004-09-25 23:54:45,1096170885.0,bbby,39.58,0.3,1113.560059,9.08,-8.78,2.627,25.66,2.33,5.12,9.22,14.66,15.70,22.98,15.834,11260000000.0,10310000000.0,19.83,1.03,2.13,12.87,2.13,1880000000.0,12.87,446810000.0,1.46,32.20,22.20,951850000.0,3.17,2.627,2.627,7.339,500880000.0,1.006,2.59,85.77,9030000.0,3.572,3.08,7850000.0,underperform
5605,2013-05-23 21:23:08,1369358588.0,bbby,69.53,-11.75,1650.51001,15.15,-26.9,N/A,15.25,1.36,3.64,9.51,15.01,17.06,25.94,48.59,14010000000.0,14010000000.0,12.78,1.13,1.28,7.64,1.28,4390000000.0,7.64,1040000000.0,4.56,6.50,24.50,1010000000.0,4.67,0.00,2.37,18.76,1190000000.0,0.85,12.63,79.60,10080000.0,3.80,5.00,11290000.0,underperform
5606,2008-04-16 16:20:38,1208377238.0,bbby,30.54,1.47,1364.709961,-36.59,38.06,N/A,14.50,1.09,3.00,7.98,11.89,13.42,21.60,26.617,7850000000.0,7470000000.0,N/A,1.30,1.06,7.501,1.06,2840000000.0,7.501,562810000.0,2.10,16.00,3.10,224080000.0,0.868,N/A,2.051,9.927,614540000.0,1.17,3.97,97.80,28320000.0,4.1,11.30,28570000.0,outperform
5607,2003-10-26 19:36:04,1067214964.0,bbby,40.71,-5.45,1033.77002,5.9,-11.350000000000001,N/A,37.26,3.02,7.34,8.40,13.38,15.27,23.25,13.188,12220000000.0,11540000000.0,26.96,1.37,2.89,18.93,2.89,1520000000.0,18.93,335140000.0,1.108,37.60,25.20,682650000.0,2.31,N/A,2.244,5.55,N/A,1.128,2.60,84.32,6880000.0,2.521,2.39,6700000.0,underperform
5608,2005-03-19 12:23:51,1111253031.0,bbby,36.82,0.76,1188.069946,9.87,-9.11,0.031,23.70,2.22,4.67,9.41,14.87,15.49,22.41,16.228,10950000000.0,10160000000.0,19.05,1.01,2.04,12.18,2.04,1880000000.0,12.18,468230000.0,1.53,32.20,22.20,968780000.0,3.2,73440000.0,2.608,7.823,562860000.0,1.008,0.60,85.00,6780000.0,2.452,2.25,6290000.0,underperform
5609,2007-04-06 11:41:24,1175874084.0,bbby,40.76,-22.72,1437.77002,-4.89,-17.83,N/A,20.20,1.84,4.24,9.30,14.02,15.14,21.81,22.297,11680000000.0,10760000000.0,N/A,1.19,1.71,10.096,1.71,2490000000.0,10.096,586320000.0,2.04,5.80,11.80,817550000.0,2.885,N/A,2.435,9.628,580720000.0,1.76,3.70,83.40,12230000.0,5.4,4.50,10420000.0,underperform
5610,2005-04-05 13:37:06,1112722626.0,bbby,37.3,2.73,1181.390015,11.02,-8.29,0.031,24.22,2.25,4.73,9.41,14.87,15.49,22.41,16.228,11190000000.0,10300000000.0,19.46,1.00,2.07,12.34,2.07,1880000000.0,12.34,468230000.0,1.53,32.20,22.20,968780000.0,3.2,73440000.0,2.608,7.823,562860000.0,0.789,0.60,84.97,6000000.0,2.078,1.99,6780000.0,underperform
5611,2007-02-10 07:16:58,1171109818.0,bbby,41.93,-27.52,1450.02002,-7.8,-19.72,N/A,20.52,1.90,4.38,9.30,14.02,15.14,21.81,22.297,11860000000.0,N/A,N/A,1.22,N/A,N/A,N/A,2490000000.0,N/A,586320000.0,2.04,5.80,11.80,817550000.0,2.885,N/A,2.435,9.628,580720000.0,1.64,3.91,87.40,9160000.0,2.4,3.40,8760000.0,underperform
5612,2013-04-22 02:48:59,1366613339.0,bbby,66.46,-4.8,1562.5,20.29,-25.09,N/A,14.64,1.34,3.58,9.51,15.01,17.06,25.94,48.59,13660000000.0,13660000000.0,12.27,1.09,1.25,7.45,1.25,3930000000.0,7.45,1040000000.0,4.56,6.50,24.50,1010000000.0,4.62,0.00,2.37,18.56,1190000000.0,0.84,12.63,79.60,11590000.0,4.30,5.70,11130000.0,underperform
5613,2005-08-30 19:07:36,1125443256.0,bbby,40.03,-16.11,1208.410034,8.02,-24.13,2.418,23.32,2.27,5.19,9.86,15.40,16.04,23.72,17.682,11810000000.0,11160000000.0,N/A,1.04,2.11,12.168,2.11,2190000000.0,12.168,521820000.00000006,1.71,20.50,13.00,876510000.0,2.964,2.418,2.418,7.846,643930000.0,N/A,3.83,84.60,8850000.0,3.10,3.10,7610000.0,underperform
5614,2012-03-16 07:08:41,1331896121.0,bbby,66.03,-9.28,1404.170044,10.71,-19.990000000000002,N/A,17.55,1.67,3.97,9.94,15.95,16.19,23.92,38.06,13990000000.0,13990000000.0,14.73,1.07,1.51,8.43,1.51,3620000000.0,8.43,921950000.0,3.74,21.20,6.80,1530000000.0,6.45,0.00,2.86,16.52,1110000000.0,1.10,2.70,90.90,7300000.0,2.30,3.40,7010000.0,underperform
5615,2012-11-04 05:55:18,1352026518.0,rok,71.68,49.93,1427.589966,23.84,26.09,61.12,14.66,1.69,5.50,11.90,16.61,12.12,38.94,43.98,10680000000.0,10680000000.0,13.83,1.33,1.71,9.21,1.71,2390000000.0,9.21,742200000.0,5.15,6.20,2.90,1160000000.0,8.19,1180000000.0,2.10,13.62,508900000.0,1.41,0.55,72.90,3860000.0,3.50,2.70,4130000.0,outperform
5616,2013-04-25 00:40:09,1366864809.0,rok,84.09,47.14,1585.160034,17.55,29.59,58.85,17.25,1.89,6.04,11.40,16.23,11.59,37.41,44.54,11480000000.0,11480000000.0,13.96,1.46,1.83,10.04,1.83,2520000000.0,10.04,713900000.0,5.00,11.90,1.00,1300000000.0,9.33,1160000000.0,2.28,14.08,1070000000.0000001,1.43,0.55,72.10,2830000.0,2.80,2.00,2580000.0,outperform
5617,2005-05-15 00:24:46,1116131086.0,rok,38.81,52.67,1159.359985,11.66,41.010000000000005,0.377,18.61,1.85,4.42,10.22,12.99,11.54,25.92,25.154,8810000000.0,9080000000.0,15.76,1.09,1.91,10.82,1.91,1560000000.0,10.82,485000000.0,2.57,45.10,7.50,485000000.0,2.64,749000000.0,2.383,10.804,599200000.0,1.272,0.11,59.39,3890000.0,3.049,2.12,3790000.0,outperform
5618,2004-10-26 08:05:04,1098792304.0,rok,32.91,31.97,1111.089966,7.23,24.74,0.448,23.82,1.69,4.40,7.47,9.42,8.10,19.61,22.73,7450000000.0,7880000000.0,19.26,1.32,1.81,12.19,1.81,1350000000.0,12.19,325000000.0,1.698,136.40,5.00,330000000.0,1.79,752000000.0,2.054,9.099,541700000.0,0.929,2.01,58.22,3790000.0,4.794,2.10,3320000.0,outperform
5619,2008-02-04 00:29:12,1202102952.0,rok,49.28,-56.41,1380.819946,-39.27,-17.139999999999993,0.703,7.45,1.66,4.82,23.42,17.07,11.07,31.55,33.786,8760000000.0,9140000000.0,N/A,0.95,1.76,9.085,1.76,2100000000.0,9.085,595000000.0,7.79,63.50,16.20,867000000.0,5.742,1250000000.0,2.929,11.813,438800000.0,1.6,0.23,62.20,3000000.0,2.8,2.00,2680000.0,underperform
5620,2011-09-28 05:07:37,1317200857.0,rok,52.91,25.0,1151.060059,25.72,-0.7199999999999989,47.70,13.43,1.38,4.14,11.00,14.39,10.32,38.29,40.01,7740000000.0,7740000000.0,10.88,0.77,1.36,8.26,1.36,1940000000.0,8.26,625300000.0,4.32,50.30,19.60,1020000000.0,7.14,905000000.0,2.31,13.25,7740000000.0,1.76,0.52,72.40,2690000.0,1.00,1.90,2550000.0,underperform
5621,2005-03-18 07:24:11,1111148651.0,rok,48.21,22.96,1189.650024,9.53,13.430000000000001,0.385,26.51,2.33,5.47,9.12,11.81,10.07,22.92,24.306,10810000000.0,10990000000.0,19.00,1.30,2.39,14.23,2.39,1560000000.0,14.23,420000000.0,2.21,45.10,7.50,483000000.0,2.62,755000000.0,2.45,10.635,599200000.0,1.079,0.09,60.75,3810000.0,2.461,2.07,3390000.0,outperform
5622,2004-05-29 17:32:31,1085866351.0,rok,26.77,56.07,1114.939941,7.42,48.65,0.459,19.79,1.49,3.78,7.75,8.60,8.16,19.84,22.065,6290000000.0,6710000000.0,17.45,1.47,1.59,11.1,1.59,1350000000.0,11.1,327000000.0,1.711,136.40,5.00,354000000.0,1.9,766000000.0,2.186,8.973,524400000.0,0.944,1.98,56.18,1720000.0,1.712,0.94,1920000.0,outperform
5623,2012-04-03 22:16:13,1333505773.0,rok,74.88,9.39,1413.380005,9.93,-0.5399999999999991,67.66,15.76,1.87,6.15,11.97,16.18,12.29,42.45,42.81,11630000000.0,11630000000.0,13.28,1.22,1.90,10.54,1.90,2390000000.0,10.54,728800000.0,5.02,22.10,7.90,1030000000.0,7.26,1260000000.0,2.06,13.03,438500000.0,1.87,0.55,72.00,2650000.0,2.40,1.90,2670000.0,underperform
5624,2011-11-14 23:49:46,1321332586.0,rok,69.25,8.81,1251.780029,9.81,-1.0,51.77,15.35,1.80,6.17,11.63,15.49,11.58,43.46,41.33,10690000000.0,10690000000.0,12.49,0.89,1.78,10.08,1.78,1940000000.0,10.08,697100000.0,4.80,53.70,21.90,988900000.0,6.85,905000000.0,5.92,12.11,10690000000.0,1.75,0.52,72.40,2410000.0,1.70,1.70,3050000.0,underperform
5625,2005-01-30 15:15:48,1107116148.0,rok,45.04,21.4,1174.550049,9.42,11.979999999999999,0.385,25.50,2.33,5.51,9.12,11.81,10.07,22.92,24.306,10400000000.0,10670000000.0,18.51,1.40,2.32,13.82,2.32,1560000000.0,13.82,420000000.0,2.214,45.10,7.50,483000000.0,2.62,755000000.0,2.449,10.125,622800000.0,1.082,0.10,58.29,3380000.0,3.072,1.84,3360000.0,outperform
5626,2012-07-11 16:06:08,1342037168.0,rok,60.2,45.55,1341.449951,24.87,20.679999999999996,57.32,12.53,1.46,4.45,11.80,16.33,12.01,37.64,43.56,9070000000.0,9070000000.0,10.84,0.95,1.46,8.02,1.46,2390000000.0,8.02,730300000.0,5.06,0.80,6.60,1120000000.0,7.88,1160000000.0,2.21,14.23,466700000.0,1.57,0.54,73.10,2520000.0,1.80,1.80,2680000.0,outperform
5627,2013-05-07 07:32:30,1367926350.0,rok,85.12,38.95,1625.959961,15.51,23.440000000000005,56.47,16.96,1.96,6.05,11.60,16.24,11.35,35.70,44.53,11880000000.0,11880000000.0,14.18,1.49,1.90,10.42,1.90,2520000000.0,10.42,721800000.0,5.08,4.80,2.50,1330000000.0,9.38,1140000000.0,4.38,14.25,1020000000.0,1.42,0.55,72.10,2200000.0,1.90,1.60,2830000.0,outperform
5628,2012-04-15 01:16:55,1334467015.0,rok,75.84,6.4,1387.569946,11.88,-5.48,67.66,15.43,1.87,6.16,11.97,16.18,12.29,42.45,42.81,11260000000.0,11260000000.0,13.00,1.18,1.84,10.20,1.84,2390000000.0,10.20,728800000.0,5.02,22.10,7.90,1030000000.0,7.26,1260000000.0,2.06,13.03,438500000.0,1.87,0.55,72.00,2400000.0,2.50,1.70,2650000.0,underperform
5629,2013-03-24 18:38:58,1364164738.0,rok,83.43,44.78,1545.800049,20.16,24.62,58.85,17.18,1.92,6.12,11.40,16.23,11.59,37.41,44.54,11870000000.0,11870000000.0,13.93,1.49,1.89,10.38,1.89,2520000000.0,10.38,713900000.0,5.00,11.90,1.00,1300000000.0,9.33,1160000000.0,2.28,14.08,1070000000.0000001,1.43,0.55,72.10,2680000.0,2.90,1.90,2260000.0,outperform
5630,2008-10-18 17:30:32,1224365432.0,rok,22.7,69.07,907.840027,20.79,48.279999999999994,0.653,6.69,0.71,2.09,11.05,16.95,12.20,31.89,37.679,4000000000.0,4440000000.0,N/A,0.52,0.79,4.11,0.79,2100000000.0,4.11,615800000.0,4.11,7.10,15.20,805900000.0,5.535,1240000000.0,1.733,13.027,542700000.0,1.63,7.35,68.10,3560000.0,1.6,2.50,4150000.0000000005,outperform
5631,2006-08-29 06:05:58,1156845958.0,rok,47.42,23.83,1304.280029,12.23,11.599999999999998,0.548,18.13,1.85,6.14,10.48,16.56,12.81,32.35,30.527,10010000000.0,10510000000.0,N/A,1.15,1.93,9.667,1.93,1890000000.0,9.667,570700000.0,3.14,17.00,12.90,396800000.0,2.255,897300000.0,1.85,9.302,319400000.0,1.78,0.34,65.10,3770000.0,2.5,2.10,4820000.0,outperform
5632,2006-09-11 08:10:29,1157976629.0,rok,44.64,30.89,1299.540039,13.23,17.66,0.548,18.01,1.83,6.08,10.48,16.56,12.81,32.35,30.527,9950000000.0,10450000000.0,N/A,1.15,1.92,9.606,1.92,1890000000.0,9.606,570700000.0,3.14,17.00,12.90,396800000.0,2.255,897300000.0,1.85,9.302,319400000.0,1.66,0.34,65.10,3770000.0,2.5,2.10,4820000.0,outperform
5633,2006-10-29 11:07:09,1162138029.0,rok,52.03,9.8,1389.079956,10.94,-1.1399999999999988,0.505,20.14,2.03,5.76,10.48,16.56,12.81,32.35,30.527,11120000000.0,11680000000.0,N/A,1.10,2.15,10.737,2.15,1890000000.0,10.737,570700000.0,3.14,28.20,8.90,414700000.0,2.357,968000000.0,1.85,10.905,319400000.0,1.61,0.34,64.70,1660000.0,0.90,0.90,1680000.0,underperform
5634,2013-04-25 03:48:07,1366876087.0,mdlz,30.9,13.46,1585.160034,17.55,-4.09,60.23,18.59,1.62,1.76,8.65,12.19,3.15,4.63,19.70,71260000000.0,71260000000.0,17.87,1.53,2.04,13.31,2.04,13080000000.0,13.31,1540000000.0,1.69,N/A,N/A,4580000000.0,2.58,19490000000.0,1.05,18.12,3920000000.0,0.47,0.10,69.00,14290000.0,1.00,0.80,14250000.0,underperform
5635,2004-06-28 00:26:23,1088396783.0,nwl,17.38,5.93,1133.349976,6.02,-0.08999999999999986,1.516,N/A,0.85,3.35,0.39,2.30,0.38,1.37,27.521,6320000000.0,9170000000.0,15.13,1.59,1.21,20.06,1.21,2069999999.9999998,20.06,29500000.0,0.107,N/A,4.00,51900000.0,0.19,2900000000.0,1.523,6.967,726000000.0,N/A,8.81,82.02,12220000.0,12.751,4.87,11710000.0,underperform
5636,2007-06-09 18:43:26,1181429006.0,nwl,25.25,-31.84,1517.380005,-7.47,-24.37,1.238,22.08,1.33,4.38,6.08,11.86,7.80,22.84,22.705,8340000000.0,10660000000.0,N/A,1.80,1.71,10.91,1.71,2069999999.9999998,10.91,405600000.0,1.37,10.00,3.10,217800000.0,0.788,2340000000.0,1.817,6.852,669600000.0,1.07,0.61,81.80,6090000.0,4.3,2.20,7930000.0,underperform
5637,2009-02-06 23:46:29,1233981989.0,nwl,7.42,72.78,868.599976,26.33,46.45,1.784,N/A,0.35,1.38,0.81,9.59,5.76,2.68,23.36,2330000000.0,4840000000.0,N/A,0.82,0.75,6.018,0.75,2260000000.0,6.018,51800000.0,0.19,N/A,11.60,275400000.0,0.994,2880000000.0,1.085,5.825,454900000.0,1.06,0.65,89.40,4139999.9999999995,1.1,1.50,4870000.0,outperform
5638,2005-03-07 02:39:38,1110181178.0,nwl,17.16,14.74,1225.310059,4.13,10.61,1.491,N/A,0.91,3.47,0.28,2.88,0.27,1.04,24.387,6160000000.0,8279999999.999999,14.45,1.73,1.23,18.66,1.23,2069999999.9999998,18.66,19100000.0,0.07,N/A,4.00,505600000.0,1.84,2630000000.0,1.61,6.429,774500000.0,0.856,1.57,83.64,10630000.0,6.365,3.93,10570000.0,outperform
5639,2005-04-06 19:09:31,1112828971.0,nwl,17.06,18.93,1184.069946,10.55,8.379999999999999,1.491,N/A,0.90,3.43,0.28,2.88,0.27,1.04,24.387,6120000000.0,8180000000.0,14.37,1.70,1.21,18.43,1.21,1890000000.0,18.43,19100000.0,0.07,N/A,12.90,505600000.0,1.84,2630000000.0,1.61,6.429,660000000.0,0.853,1.49,83.89,10120000.0,9.653,3.74,10630000.0,outperform
5640,2012-01-01 08:29:08,1325424548.0,nwl,15.38,38.69,1263.02002,12.92,25.769999999999996,121.90,39.78,0.80,2.51,2.04,12.05,6.97,6.94,20.11,6850000000.0,6850000000.0,9.61,1.12,1.16,7.82,1.16,2170000000.0,7.82,131000000.0,0.41,N/A,5.80,138900000.0,0.48,2310000000.0,1.29,6.55,484500000.0,2.25,0.21,89.00,5260000.0,1.80,1.80,5200000.0,outperform
5641,2008-10-17 20:40:47,1224290447.0,nwl,12.7,7.87,940.5499880000001,16.1,-8.23,1.326,9.57,0.61,1.74,6.45,12.17,7.12,19.44,23.824,4070000000.0000005,6860000000.0,N/A,0.98,1.04,7.018,1.04,2260000000.0,7.018,420800000.0,1.53,35.00,7.80,211400000.0,0.763,3050000000.0,1.081,8.313,361200000.0,0.99,0.65,88.30,5690000.0,1.6,2.10,9390000.0,underperform
5642,2008-02-03 09:23:05,1202048585.0,nwl,20.17,-64.6,1378.550049,-40.12,-24.479999999999997,0.983,14.31,1.04,3.08,7.25,12.56,7.67,23.61,23.229,6620000000.0,8570000000.0,N/A,1.26,1.34,8.707,1.34,2069999999.9999998,8.707,470500000.0,1.67,56.90,6.40,169500000.0,0.613,2130000000.0,1.118,7.822,695300000.0,1.2,11.20,75.30,11880000.0,6.5,4.30,11520000.0,underperform
5643,2005-08-31 23:45:58,1125546358.0,nwl,18.31,19.12,1220.329956,6.84,12.280000000000001,1.419,715.00,0.97,3.74,0.01,9.27,5.94,4.36,24.157,6450000000.0,8610000000.0,N/A,1.76,1.30,10.049,1.30,1890000000.0,10.049,78600000.0,0.00,8.50,1.60,212200000.0,0.771,2420000000.0,1.814,6.214,614900000.0,N/A,1.17,86.00,10980000.0,7.5,4.00,10520000.0,outperform
5644,2011-10-29 09:08:58,1319893738.0,nwl,12.58,51.83,1242.0,13.77,38.06,115.72,14.05,0.69,1.85,5.60,12.00,6.50,15.99,20.19,6850000000.0,6850000000.0,9.14,0.97,1.18,7.91,1.18,2170000000.0,7.91,326400000.0,1.09,12.50,5.10,150100000.0,0.52,2530000000.0,1.19,7.49,6850000000.0,1.94,0.21,89.00,6030000.0,1.60,2.10,5650000.0,outperform
5645,2011-08-11 20:03:41,1313107421.0,nwl,11.83,35.76,1172.640015,19.89,15.869999999999997,115.72,11.84,0.58,1.54,5.60,12.00,6.50,15.99,20.19,5740000000.0,5740000000.0,7.48,0.86,0.99,6.63,0.99,2170000000.0,6.63,326400000.0,1.09,12.50,5.10,150100000.0,0.52,2530000000.0,1.19,7.49,5740000000.0,1.84,0.21,89.00,5930000.0,1.40,2.00,7300000.0,outperform
5646,2005-02-05 05:41:29,1107600089.0,nwl,16.92,11.64,1193.189941,6.51,5.130000000000001,1.491,N/A,0.86,3.72,0.28,2.88,0.27,1.04,24.387,6170000000.0,8180000000.0,14.48,1.69,1.21,18.43,1.21,2069999999.9999998,18.43,19100000.0,0.07,N/A,4.00,505600000.0,1.84,2630000000.0,1.61,5.928,774500000.0,0.799,1.57,81.76,10570000.0,6.575,3.91,11300000.0,outperform
5647,2013-05-13 03:54:20,1368431660.0,nwl,26.49,10.34,1633.77002,16.14,-5.800000000000001,106.24,21.55,1.32,3.91,6.38,12.45,7.34,19.55,20.27,9940000000.0,9940000000.0,13.86,1.64,1.69,11.07,1.69,2230000000.0,11.07,385200000.0,1.28,31.70,6.90,174200000.0,0.60,2109999999.9999998,1.41,6.85,542800000.0,1.35,0.47,90.30,5930000.0,2.30,2.10,5370000.0,underperform
5648,2004-12-17 14:12:26,1103310746.0,pcar,27.37,-5.26,1194.199951,6.58,-11.84,1.178,16.70,1.31,3.65,7.92,11.38,8.05,24.37,59.154,13590000000.0,15980000000.0,12.15,1.13,1.54,13.31,1.54,1500000000.0,13.31,824500000.0,4.687,41.50,14.10,1990000000.0,11.48,4380000000.0,1.972,21.424999,1140000000.0,1.097,12.85,51.38,4050000.0,2.477,2.67,3570000.0,underperform
5649,2003-11-12 19:14:09,1068682449.0,pcar,17.52,55.82,1058.530029,10.86,44.96,1.185,17.76,1.09,2.79,6.19,8.99,5.43,17.56,67.562,8670000000.0,10740000000.0,14.43,1.72,1.36,15.03,1.36,1270000000.0,15.03,489600000.0,4.183,114.30,18.60,1650000000.0,14.1,3660000000.0,2.218,26.52,N/A,0.95,12.75,52.79,2370000.0,2.65,2.33,2960000.0,outperform
5650,2013-05-14 22:32:25,1368585145.0,pcar,51.0,20.9,1650.339966,14.43,6.469999999999999,152.28,18.38,1.14,3.12,6.30,9.01,4.93,17.49,45.71,25290000000.0,25290000000.0,14.90,1.63,1.56,11.63,1.56,2690000000.0,11.63,1020000000.0,2.88,27.90,17.80,2380000000.0,6.73,9060000000.0,1.08,16.82,1780000000.0,1.72,2.36,61.20,7750000.0,3.50,2.20,8359999.999999999,outperform
5651,2006-12-07 21:34:03,1165545243.0,pcar,36.15,32.2,1407.290039,6.92,25.28,1.471,11.66,1.04,3.50,9.01,12.61,8.77,32.68,63.106,16360000000.0,21060000000.0,N/A,0.95,1.33,8.709,1.33,2720000000.0,8.709,1430000000.0,5.65,32.40,18.80,2380000000.0,9.58,6940000000.0,1.966,18.983999,1610000000.0,1.05,6.61,53.00,7800000.0,5.1,3.30,7830000.0,outperform
5652,2006-08-19 16:58:37,1156021117.0,pcar,31.76,32.24,1295.430054,8.94,23.300000000000004,1.494,10.97,0.96,3.29,8.75,12.49,8.66,32.03,60.068,14290000000.0,18770000000.0,N/A,0.89,1.23,8.183,1.23,2720000000.0,8.183,1330000000.0,5.22,53.20,17.20,2120000000.0,8.507,6610000000.0,1.963,17.733999,1400000000.0,1.2,6.58,52.50,7180000.0,5.4,3.10,6420000.0,outperform
5653,2007-04-05 15:56:54,1175803014.0,pcar,41.9,-0.1,1443.76001,-5.08,4.98,1.634,12.52,1.13,4.17,9.09,12.72,8.78,35.80,65.79,18500000000.0,23240000000.0,N/A,1.52,1.41,9.192,1.41,3250000000.0,9.192,1500000000.0,5.95,21.60,16.30,2630000000.0,10.586,7280000000.0,3.766,17.934999,1850000000.0,1.04,6.26,61.50,9300000.0,4.00,4.00,8170000.0,outperform
5654,2006-09-04 17:20:50,1157404850.0,pcar,,,1311.01001,13.61,,1.494,10.64,N/A,N/A,8.75,12.49,8.66,32.03,60.068,N/A,18340000000.0,N/A,0.83,1.21,7.995,1.21,2720000000.0,7.995,1330000000.0,5.22,53.20,17.20,2120000000.0,8.507,6610000000.0,1.963,N/A,1400000000.0,1.14,6.58,52.40,11050000.0,8.4,4.70,7180000.0,underperform
5655,2004-11-25 18:17:13,1101424633.0,pcar,,,1177.23999,7.73,,1.178,16.97,1.33,3.71,7.92,11.38,8.05,24.37,59.154,13820000000.0,16210000000.0,12.33,1.22,1.56,13.5,1.56,1500000000.0,13.5,824500000.0,4.687,41.50,14.10,1990000000.0,11.48,4380000000.0,1.972,21.424999,1140000000.0,1.069,12.85,51.43,3570000.0,2.878,2.36,3710000.0,underperform
5656,2006-06-27 14:15:56,1151432156.0,pcar,28.58,72.64,1239.199951,21.56,51.08,1.583,11.30,0.90,3.20,8.24,12.40,8.53,30.01,85.657,13210000000.0,17420000000.0,N/A,0.83,1.19,7.964,1.19,2720000000.0,7.964,1200000000.0,7.01,24.80,15.80,2089999999.9999998,12.508,6450000000.0,1.829,24.434999,1280000000.0,1.28,6.56,49.70,3610000.0,3.7,2.30,3140000.0,outperform
5657,2004-09-28 12:09:15,1096387755.0,pcar,23.62,0.93,1110.060059,9.62,-8.69,1.195,16.56,1.21,3.34,7.44,10.82,7.20,22.00,54.165,11580000000.0,14110000000.0,10.92,1.10,1.48,13.51,1.48,1500000000.0,13.51,710300000.0,4.028,41.50,14.10,1780000000.0,10.24,4139999999.9999995,1.954,19.950001,1080000000.0,35.90,12.83,50.49,4190000.0000000005,3.263,2.77,2500000.0,underperform
5658,2006-08-19 10:07:32,1155996452.0,pcar,31.76,32.24,1295.430054,8.94,23.300000000000004,1.494,10.97,0.96,3.29,8.75,12.49,8.66,32.03,60.068,14290000000.0,18770000000.0,N/A,0.89,1.23,8.183,1.23,2720000000.0,8.183,1330000000.0,5.22,53.20,17.20,2120000000.0,8.507,6610000000.0,1.963,17.733999,1400000000.0,1.2,6.58,52.50,7180000.0,5.4,3.10,6420000.0,outperform
5659,2005-09-15 03:04:14,1126767854.0,mdt,47.38,-17.39,1227.72998,7.49,-24.880000000000003,0.324,43.38,6.60,6.48,15.34,34.02,14.05,15.93,8.599,68610000000.0,68850000000.0,N/A,1.59,6.62,17.134,6.62,7610000000.0,17.134,1590000000.0,1.31,39.50,14.70,3160000000.0,2.609,3430000000.0,1.98,8.737,2140000000.0000002,N/A,0.19,71.50,8850000.0,2.6,0.70,8670000.0,underperform
5660,2004-10-10 13:54:21,1097430861.0,mdt,43.2,4.24,1130.650024,5.01,-0.7699999999999996,0.249,30.76,6.67,6.62,21.76,30.95,15.07,23.33,7.662,62090000000.0,62030000000.0,23.11,1.61,6.62,18.19,6.62,6830000000.0,18.19,2040000000.0,1.668,22.50,18.60,2410000000.0,1.99,2350000000.0,1.367,7.807,2930000000.0,0.295,0.58,70.64,13070000.0,3.828,1.09,12730000.0,underperform
5661,2011-11-18 21:13:06,1321668786.0,mdt,31.63,23.17,1215.650024,11.5,11.670000000000002,61.52,11.84,2.21,2.19,19.05,28.47,9.65,19.95,15.12,43290000000.0,43290000000.0,9.08,1.57,2.67,7.95,2.67,12020000000.0,7.95,3090000000.0,2.87,1.10,7.30,2520000000.0,2.39,10050000000.0,1.93,15.47,43290000000.0,0.96,0.09,76.10,11950000.0,2.00,1.10,13340000.0,outperform
5662,2013-04-23 08:30:51,1366720251.0,mdt,45.04,27.84,1578.780029,18.79,9.05,64.43,13.62,2.84,2.62,21.24,28.24,8.67,19.35,16.02,55690000000.0,55690000000.0,11.96,1.94,3.39,10.22,3.39,12300000000.0,10.22,3390000000.0,3.38,5.70,2.80,2460000000.0,2.43,11490000000.0,1.32,17.59,4740000000.0,1.02,0.16,78.50,9960000.0,2.60,1.00,10610000.0,outperform
5663,2012-04-18 23:19:22,1334805562.0,mdt,35.88,22.88,1385.140015,11.3,11.579999999999998,59.78,11.96,2.40,2.30,20.64,28.24,9.31,20.47,15.53,47480000000.0,47480000000.0,10.39,1.71,2.88,8.59,2.88,12020000000.0,8.59,3330000000.0,3.18,1.20,1.60,2340000000.0,2.25,10260000000.0,2.04,16.50,4190000000.0000005,1.00,0.10,76.70,14980000.0,2.80,1.40,15500000.0,outperform
5664,2013-04-26 06:49:38,1366973378.0,mdt,44.82,28.47,1582.23999,18.53,9.939999999999998,64.43,13.91,2.86,2.64,21.24,28.24,8.67,19.35,16.02,56060000000.0,56060000000.0,12.22,1.96,3.41,10.29,3.41,12300000000.0,10.29,3390000000.0,3.38,5.70,2.80,2460000000.0,2.43,11490000000.0,1.32,17.59,4740000000.0,1.02,0.16,78.50,9960000.0,2.60,1.00,10610000.0,outperform
5665,2004-08-25 17:49:47,1093470587.0,mdt,42.56,12.24,1104.959961,9.72,2.5199999999999996,0.248,30.36,6.49,6.43,21.76,30.95,15.07,23.33,7.662,61240000000.0,60730000000.0,22.81,1.46,6.48,20.65,6.48,6830000000.0,20.65,2040000000.0,1.668,22.50,18.60,2400000000.0,1.98,2340000000.0,1.367,7.815,2850000000.0,0.308,0.58,70.52,10380000.0,2.744,0.86,10910000.0,outperform
5666,2004-05-27 16:50:18,1085691018.0,mdt,40.46,11.27,1121.280029,6.91,4.359999999999999,0.284,31.42,6.56,6.47,21.91,31.26,14.85,23.10,6.98,58270000000.0,57270000000.0,21.56,1.38,6.68,18.09,6.68,5770000000.0,18.09,1880000000.0,1.53,62.60,19.60,1440000000.0,1.19,2470000000.0,1.138,7.167,2540000000.0,0.366,0.58,70.12,10380000.0,2.601,0.86,9280000.0,outperform
5667,2007-10-24 04:01:03,1193212863.0,mdt,40.52,-16.56,1515.880005,-40.09,23.530000000000005,0.542,19.34,4.25,4.78,22.97,30.43,11.96,27.36,10.934,54470000000.0,56530000000.0,N/A,1.34,4.51,12.833,4.51,9130000000.0,12.833,2880000000.0,2.48,12.70,7.90,2810000000.0,2.48,6040000000.0,3.759,9.825,3310000000.0,0.23,0.11,74.50,16079999.999999998,1.40,1.40,15580000.0,outperform
5668,2006-01-09 04:18:20,1136798300.0,mdt,49.81,-8.01,1290.150024,9.45,-17.46,0.345,38.36,6.48,6.26,17.42,33.63,13.73,17.81,8.903,71270000000.0,70930000000.0,N/A,1.60,6.59,17.183,6.59,7610000000.0,17.183,1880000000.0,1.54,52.40,15.20,4179999999.9999995,3.453,3840000000.0,1.657,9.212,2510000000.0,N/A,0.19,71.50,10520000.0,0.90,0.90,10550000.0,underperform
5669,2011-02-26 10:09:40,1298732980.0,mdt,35.91,-1.09,1307.400024,4.29,-5.38,70.05,13.28,2.68,2.76,20.68,32.23,11.44,22.06,14.60,49710000000.0,49710000000.0,10.99,1.34,3.14,8.33,3.14,12000000000.0,8.33,3270000000.0,3.00,11.20,2.90,3470000000.0,3.23,10760000000.0,1.51,14.30,49710000000.0,0.92,0.08,78.00,10810000.0,1.50,1.00,10140000.0,underperform
5670,2005-01-23 07:40:03,1106484003.0,mdt,43.7,13.96,1175.410034,7.52,6.440000000000001,0.238,30.24,6.56,6.35,21.84,30.95,14.95,23.09,7.866,62840000000.0,62500000000.0,23.85,1.66,6.51,18.07,6.51,6830000000.0,18.07,2100000000.0,1.719,22.50,18.60,2710000000.0,2.24,2370000000.0,2.561,8.211,3060000000.0,0.321,0.53,72.04,12010000.0,2.327,1.00,14060000.0,outperform
5671,2011-08-05 01:13:51,1312521231.0,mdt,30.81,21.06,1199.380005,14.67,6.389999999999999,61.59,11.48,2.28,2.30,19.43,28.63,9.74,20.24,14.79,43810000000.0,43810000000.0,8.69,1.28,2.75,8.17,2.75,12020000000.0,8.17,3100000000.0,2.86,18.70,2.40,2430000000.0,2.29,9840000000.0,1.93,14.92,43810000000.0,1.05,0.09,76.10,11580000.0,1.80,1.10,12700000.0,outperform
5672,2004-06-10 20:00:31,1086912031.0,mdt,40.84,8.23,1136.469971,5.42,2.8100000000000005,0.284,32.03,7.03,6.94,21.91,31.26,14.85,23.10,6.98,59400000000.0,61290000000.0,22.07,1.47,7.15,19.37,7.15,5770000000.0,19.37,1880000000.0,1.53,62.60,19.60,1440000000.0,1.19,2470000000.0,1.138,7.167,2540000000.0,0.357,0.58,69.98,10380000.0,2.601,0.86,9280000.0,outperform
5673,2012-01-10 14:34:23,1326224063.0,mdt,36.67,13.74,1292.079956,13.08,0.6600000000000001,61.43,12.39,2.52,2.48,20.64,29.43,9.90,21.49,15.42,49590000000.0,49590000000.0,10.54,1.68,3.02,8.74,3.02,12020000000.0,8.74,3390000000.0,3.17,53.90,5.90,2170000000.0,2.05,10280000000.0,1.90,15.86,4280000000.0000005,0.82,0.10,76.70,15350000.0,2.10,1.40,14330000.0,outperform
5674,2011-10-07 11:57:50,1318003070.0,mdt,30.59,36.02,1155.459961,25.58,10.440000000000005,61.52,11.41,2.13,2.12,19.05,28.47,9.65,19.95,15.12,42100000000.0,42100000000.0,8.75,1.17,2.60,7.74,2.60,12020000000.0,7.74,3090000000.0,2.87,1.10,7.30,2520000000.0,2.39,10050000000.0,1.93,15.47,42100000000.0,1.04,0.09,76.10,17070000.0,2.30,1.60,15290000.0,outperform
5675,2005-04-14 15:36:42,1113507402.0,mdt,43.16,-1.11,1162.050049,10.72,-11.83,0.233,28.82,6.25,6.08,21.91,30.97,14.92,22.99,8.148,62220000000.0,61630000000.0,23.60,1.64,6.20,17.19,6.20,6830000000.0,17.19,2180000000.0,1.79,22.50,18.60,2930000000.0,2.42,2390000000.0,2.533,8.46,3000000000.0,0.405,0.53,70.29,13650000.0,3.146,1.13,12650000.0,underperform
5676,2013-03-31 20:27:39,1364776059.0,mdt,45.15,33.82,1569.189941,19.32,14.5,64.43,13.89,2.87,2.64,21.24,28.24,8.67,19.35,16.02,56640000000.0,56640000000.0,12.17,2.00,3.45,10.39,3.45,12300000000.0,10.39,3390000000.0,3.38,5.70,2.80,2460000000.0,2.43,11490000000.0,1.32,17.59,4740000000.0,1.02,0.16,78.50,10610000.0,2.10,1.00,10740000.0,outperform
5677,2007-04-01 23:55:13,1175486113.0,mdt,41.66,-0.29,1422.530029,-7.02,6.7299999999999995,0.595,21.65,4.67,5.12,22.78,31.57,13.03,25.13,10.046,56500000000.0,63790000000.0,N/A,1.49,5.40,14.584,5.40,8480000000.0,14.584,2690000000.0,2.27,16.60,11.20,3610000000.0,3.132,6110000000.0,3.125,9.56,2500000000.0,0.51,10.26,74.90,15140000.0,1.30,1.30,14950000.0,outperform
5678,2007-04-09 06:13:51,1176113631.0,mdt,41.74,4.05,1444.609985,-5.47,9.52,0.558,21.10,4.69,5.15,22.59,31.25,12.91,24.03,10.414,56580000000.0,59380000000.0,N/A,1.40,4.91,13.288,4.91,8480000000.0,13.288,2730000000.0,2.33,6.00,10.00,3320000000.0,2.884,6130000000.0,3.037,9.56,2750000000.0,0.34,0.07,75.50,11820000.0,1.5,1.00,12920000.0,outperform
5679,2009-11-30 16:39:24,1259617164.0,mdt,37.71,-19.25,1095.630005,7.75,-27.0,N/A,21.27,3.15,3.50,14.66,31.35,12.77,16.87,13.595,53540000000.0,53540000000.0,N/A,1.24,3.55,9.821,3.55,11080000000.0,9.821,2210000000.0,1.99,52.00,7.50,1540000000.0,1.393,7500000000.0,2.231,12.295,3660000000.0,0.77,0.16,77.80,13740000.0,1.20,1.20,12350000.0,underperform
5680,2006-01-11 03:31:58,1136968318.0,mdt,49.38,-7.05,1294.180054,10.02,-17.07,0.345,38.32,6.64,6.41,17.42,33.63,13.73,17.81,8.903,71200000000.0,71090000000.0,N/A,1.60,6.60,17.221,6.60,7610000000.0,17.221,1880000000.0,1.54,52.40,15.20,4179999999.9999995,3.453,3840000000.0,1.657,9.212,2510000000.0,N/A,0.19,71.50,10520000.0,0.90,0.90,10550000.0,underperform
5681,2008-12-19 23:38:05,1229747885.0,mdt,27.9,38.89,887.8800050000001,24.92,13.969999999999999,0.518,16.48,2.49,2.86,15.19,31.74,13.54,18.32,12.95,36040000000.0,41650000000.0,N/A,0.89,2.87,7.818,2.87,10070000000.0,7.818,2210000000.0,1.95,14.30,14.30,1040000000.0,0.93,6540000000.0,2.231,11.267,3300000000.0,0.88,0.17,79.50,14730000.0,1.30,1.30,19460000.0,outperform
5682,2012-06-05 07:47:02,1338896822.0,mdt,34.14,44.32,1285.5,25.16,19.16,62.13,10.52,2.30,2.18,22.35,27.70,8.82,20.65,15.36,45270000000.0,45270000000.0,9.30,1.99,2.80,8.47,2.80,12020000000.0,8.47,3420000000.0,3.41,27.70,N/A,2590000000.0,2.50,10630000000.0,1.68,16.50,4380000000.0,0.95,0.10,78.60,9700000.0,2.00,0.90,10440000.0,outperform
5683,2011-08-06 16:18:38,1312661918.0,mdt,31.73,16.45,1260.339966,8.3,8.149999999999999,61.59,11.65,2.19,2.20,19.43,28.63,9.74,20.24,14.79,42750000000.0,42750000000.0,8.81,1.23,2.68,7.97,2.68,12020000000.0,7.97,3100000000.0,2.86,18.70,2.40,2430000000.0,2.29,9840000000.0,1.93,14.92,42750000000.0,1.05,0.09,76.10,11580000.0,1.80,1.10,12700000.0,outperform
5684,2009-07-23 05:48:34,1248342514.0,mdt,30.38,8.62,976.2899779999999,12.94,-4.32,N/A,17.66,2.67,3.05,14.86,31.37,12.48,17.79,13.06,43540000000.0,43540000000.0,N/A,1.05,2.98,8.249,2.98,11080000000.0,8.249,2170000000.0,1.93,84.30,0.80,1680000000.0,1.507,7290000000.0,2.371,11.483,3880000000.0,0.79,0.16,79.10,14590000.0,2.1,1.30,16010000.000000002,underperform
5685,2012-07-26 14:11:32,1343326292.0,trip,35.04,111.04,1360.02002,24.38,86.66000000000001,66.09,27.48,7.36,8.21,25.37,40.97,17.58,27.89,5.18,5080000000.0,5080000000.0,19.65,1.59,7.27,16.91,7.27,626190000.0,16.91,177460000.0,1.29,1.90,16.50,478240000.0,3.36,414360000.0,3.71,4.41,195490000.0,N/A,13.99,82.50,9810000.0,6.80,10.40,9910000.0,outperform
5686,2013-05-16 21:50:50,1368755450.0,trip,59.03,39.18,1650.469971,13.78,25.4,48.90,40.68,10.52,10.63,25.74,38.46,17.24,36.14,5.71,8500000000.0,8500000000.0,26.95,1.69,10.50,26.19,10.50,750890000.0,26.19,208260000.0,1.45,29.50,25.10,406140000.0,2.83,391310000.0,3.35,5.58,253010000.0,0.32,28.34,94.20,11870000.0,6.90,10.60,10950000.0,outperform
5687,2005-03-13 02:39:44,1110699584.0,yhoo,31.91,-5.52,1209.25,6.19,-11.71,0.106,54.95,12.27,6.63,23.49,19.26,11.72,15.47,2.461,43510000000.0,40750000000.0,47.24,2.05,11.40,48.85,11.40,1270000000.0,48.85,839550000.0,0.58,455.60,70.50,3510000000.0,2.55,750000000.0,4.265,4.814,854960000.0,2.874,13.81,74.59,76780000.0,3.108,6.48,75990000.0,underperform
5688,2013-04-22 02:02:44,1366610564.0,yhoo,23.95,50.9,1562.5,20.29,30.61,0.86,6.80,5.25,1.82,82.55,16.44,3.20,29.98,4.22,23120000000.0,23120000000.0,15.75,1.23,4.71,17.42,4.71,3370000000.0,17.42,4050000000.0,3.45,36.30,6.60,3010000000.0,2.72,121470000.0,4.04,12.76,360330000.0,0.88,6.91,71.20,24190000.0,1.30,2.30,25590000.0,outperform
5689,2005-12-21 20:00:59,1135213259.0,yhoo,40.47,-37.04,1262.790039,12.31,-49.35,0.1,37.77,11.94,7.65,32.80,20.97,8.39,23.31,3.476,57390000000.0,55810000000.0,N/A,2.66,11.54,36.101,11.54,2280000000.0,36.101,1590000000.0,1.07,0.20,46.70,3180000000.0,2.244,749990000.0,3.594,5.319,1570000000.0,N/A,10.94,72.30,86720000.0,4.2,6.80,79160000.0,underperform
5690,2004-08-11 09:35:49,1092231349.0,yhoo,27.42,27.43,1075.790039,15.06,12.37,0.151,106.47,13.26,7.51,13.56,17.60,6.60,9.22,1.89,36560000000.0,33820000000.0,57.77,2.30,12.96,59.86,12.96,1270000000.0,59.86,354070000.0,0.255,455.60,70.50,1540000000.0,1.14,750000000.0,2.537,3.422,565490000.0,3.216,13.33,73.73,90100000.0,3.892,7.72,95450000.0,outperform
5691,2012-03-23 13:12:07,1332522727.0,yhoo,15.39,43.6,1397.109985,11.57,32.03,0.33,18.98,3.77,1.47,21.04,16.55,3.47,8.44,3.91,16790000000.0,16790000000.0,16.83,1.65,3.37,12.35,3.37,3480000000.0,12.35,1050000000.0,0.82,5.30,13.20,2060000000.0,1.69,41000000.0,2.86,10.54,1320000000.0,0.94,14.35,69.70,28000000.0,1.40,2.80,26370000.0,outperform
5692,2011-09-02 15:03:39,1314990219.0,yhoo,12.87,15.31,1173.969971,20.15,-4.839999999999998,0.31,14.71,3.03,1.34,20.97,15.16,3.62,9.45,4.25,14340000000.0,14340000000.0,14.91,1.38,2.58,10.03,2.58,3700000000.0,10.03,1170000000.0,0.88,11.10,23.30,2550000000.0,2.02,40000000.0,3.13,9.95,14340000000.0,0.83,9.44,74.20,58220000.0,1.60,5.90,53310000.0,underperform
5693,2003-12-14 20:12:53,1071450773.0,yhoo,21.39,78.07,1071.209961,11.9,66.16999999999999,0.275,127.92,22.55,10.32,16.77,20.58,6.35,8.67,2.004,28250000000.0,27760000000.0,80.72,3.08,22.26,96.53,22.26,790190000.0,96.53,209070000.0,0.336,N/A,32.80,1250000000.0,1.9,750000000.0,3.055,4.15,N/A,3.364,13.26,68.29,31510000.0,2.795,5.53,38650000.0,outperform
5694,2004-11-14 18:35:08,1100475308.0,yhoo,37.79,1.75,1173.47998,5.14,-3.3899999999999997,0.123,100.00,16.44,8.44,17.15,17.34,8.79,11.91,2.215,51970000000.0,49790000000.0,77.14,3.71,15.75,73.1,15.75,1270000000.0,73.1,542050000.0,0.378,455.60,70.50,2930000000.0,2.13,750000000.0,4.073,4.48,854960000.0,3.395,13.38,72.61,90510000.0,4.307,7.60,90970000.0,underperform
5695,2013-08-20 05:53:08,1376992388.0,yhoo,27.12,38.27,1652.349976,20.22,18.050000000000004,0.35,7.41,5.78,2.11,86.13,15.82,3.09,31.55,4.27,25300000000.0,25300000000.0,15.83,1.77,5.25,19.71,5.25,3370000000.0,19.71,4150000000.0000005,3.63,46.10,6.80,2630000000.0,2.58,49000000.0,3.78,12.97,304060000.0,0.95,13.16,71.10,26700000.0,1.20,2.80,29170000.0,outperform
5696,2012-05-19 06:37:40,1337423860.0,yhoo,15.28,73.95,1324.800049,24.58,49.370000000000005,1.03,17.58,3.65,1.42,22.28,16.02,3.34,8.75,3.99,16160000000.0,16160000000.0,14.15,1.25,3.24,12.25,3.24,3480000000.0,12.25,1110000000.0,0.88,28.40,0.60,2210000000.0,1.80,132550000.00000001,3.25,10.45,1420000000.0,0.99,14.35,69.70,20900000.0,1.30,N/A,29290000.0,outperform
5697,2004-07-02 21:05:27,1088816727.0,yhoo,33.94,2.95,1125.380005,6.62,-3.67,0.163,156.41,22.00,9.95,13.92,17.76,6.33,8.81,1.575,45710000000.0,45380000000.0,75.42,3.27,21.61,100.41,21.61,1270000000.0,100.41,292390000.0,0.217,455.60,70.50,1560000000.0,1.16,750000000.0,2.7,3.447,565490000.0,3.198,13.33,73.43,95450000.0,4.91,8.18,62770000.0,underperform
5698,2008-10-28 00:52:22,1225169542.0,yhoo,12.36,29.77,940.51001,10.86,18.91,N/A,17.36,2.34,1.46,12.90,7.14,2.51,8.94,5.425,16180000000.0,13700000000.0,N/A,1.48,1.89,10.596,1.89,4130000000.0,10.596,933450000.0,0.67,64.10,1.10,3210000000.0,2.3,N/A,2.626,8.301,2180000000.0,0.96,19.79,63.40,40730000.0,1.6,3.30,41190000.0,outperform
5699,2011-11-02 05:41:07,1320226867.0,yhoo,15.1,12.25,1237.900024,15.32,-3.0700000000000003,1.07,18.16,3.80,1.58,20.55,15.89,3.58,8.77,4.02,16820000000.0,16820000000.0,16.97,1.60,3.25,11.97,3.25,3700000000.0,11.97,1070000000.0000001,0.82,26.00,24.00,2109999999.9999998,1.68,134310000.0,2.83,9.89,16820000000.0,0.70,9.44,74.20,39530000.0,1.00,4.00,41220000.0,underperform
5700,2003-10-26 19:43:03,1067215383.0,yhoo,20.2,74.26,1033.77002,5.9,68.36,0.275,120.62,21.04,9.45,16.77,20.58,6.35,8.67,2.004,26310000000.0,26380000000.0,77.69,3.63,21.16,91.75,21.16,790190000.0,91.75,209070000.0,0.336,N/A,32.80,681520000.0,1.05,750000000.0,1.694,4.28,N/A,3.3,14.22,64.06,39250000.0,3.494,7.05,30590000.0,outperform
5701,2007-10-27 05:49:27,1193478567.0,yhoo,30.68,-58.77,1515.880005,-40.09,-18.68,0.081,65.43,6.14,4.53,10.57,11.87,4.52,8.33,5.113,45050000000.0,40520000000.0,N/A,2.96,5.92,28.316,5.92,3750000000.0,28.316,722950000.0,0.51,4.60,11.80,2210000000.0,1.651,749630000.0,1.595,6.924,1460000000.0,0.57,5.94,63.80,51790000.0,2.2,4.30,51250000.0,underperform
5702,2005-09-23 20:32:38,1127521958.0,yhoo,32.13,-20.2,1215.290039,9.04,-29.24,0.098,29.89,10.23,5.86,35.93,20.76,8.13,25.08,3.197,45270000000.0,42500000000.0,N/A,1.87,9.63,30.057,9.63,2280000000.0,30.057,1590000000.0,1.08,570.80,50.50,3390000000.0,2.409,750000000.0,3.926,5.465,1390000000.0,N/A,11.02,72.30,83280000.0,4.1,6.60,75710000.0,underperform
5703,2004-12-04 14:22:23,1102188143.0,yhoo,38.0,8.08,1191.369995,6.15,1.9299999999999997,0.123,103.23,17.02,8.74,17.15,17.34,8.79,11.91,2.215,53650000000.0,51630000000.0,78.04,3.73,16.34,75.81,16.34,1270000000.0,75.81,542050000.0,0.378,455.60,70.50,2930000000.0,2.13,750000000.0,4.073,4.48,854960000.0,3.395,13.38,75.06,85300000.0,4.402,7.16,90510000.0,outperform
5704,2011-09-25 20:02:26,1316995346.0,yhoo,13.99,14.37,1129.560059,28.98,-14.610000000000001,0.31,16.68,3.17,1.41,20.97,15.16,3.62,9.45,4.25,16059999999.999998,16059999999.999998,17.31,1.45,2.88,11.23,2.88,3700000000.0,11.23,1170000000.0,0.88,11.10,23.30,2550000000.0,2.02,40000000.0,3.13,9.95,16059999999.999998,0.83,9.44,74.20,65060000.0,2.00,N/A,58220000.0,underperform
5705,2012-10-18 23:44:36,1350618276.0,yhoo,16.0,108.94,1457.339966,19.7,89.24,0.31,18.04,3.83,1.54,22.13,15.91,3.36,8.81,4.05,17190000000.0,17190000000.0,13.79,1.31,3.45,13.16,3.45,3480000000.0,13.16,1100000000.0,0.89,4.40,0.90,1910000000.0,1.61,39000000.0,3.04,10.45,1360000000.0,0.97,6.74,73.50,26260000.0,1.30,2.40,35560000.0,outperform
5706,2008-12-04 23:53:00,1228452780.0,yhoo,11.05,37.47,845.2199710000001,30.85,6.619999999999997,0.005,16.74,2.20,1.37,12.90,7.14,2.51,8.94,5.34,15320000000.0,12790000000.0,N/A,1.41,1.77,9.897,1.77,4130000000.0,9.897,933450000.0,0.66,64.10,1.10,3210000000.0,2.318,63010000.0,2.626,8.368,2180000000.0,1.16,9.65,73.40,35690000.0,1.2,2.80,30330000.0,outperform
5707,2013-04-25 07:51:23,1366890683.0,yhoo,25.2,36.83,1585.160034,17.55,19.279999999999998,0.86,7.18,5.59,1.94,82.55,16.44,3.20,29.98,4.22,23120000000.0,23120000000.0,16.61,1.23,4.71,17.42,4.71,3370000000.0,17.42,4050000000.0,3.45,36.30,6.60,3010000000.0,2.72,121470000.0,4.04,12.76,360330000.0,0.88,6.91,71.20,24190000.0,1.30,2.30,25590000.0,outperform
5708,2008-01-23 04:25:25,1201080325.0,yhoo,20.01,-43.63,1338.599976,-38.18,-5.450000000000003,0.081,38.75,4.06,2.98,10.57,12.30,4.68,8.33,5.083,26620000000.0,26310000000.0,N/A,1.88,3.85,18.02,3.85,3750000000.0,18.02,722950000.0,0.51,4.60,11.80,2210000000.0,1.655,749630000.0,1.595,6.979,1460000000.0,0.98,9.99,71.70,55530000.0,2.8,4.60,58270000.0,underperform
5709,2005-04-03 18:08:01,1112566081.0,yhoo,33.9,-5.93,1180.589966,9.93,-15.86,0.106,59.51,13.16,6.60,23.49,19.26,11.69,15.47,2.461,47550000000.0,44790000000.0,50.41,2.20,12.53,53.69,12.53,2280000000.0,53.69,839550000.0,0.58,252.90,120.00,3510000000.0,2.53,750000000.0,3.464,5.133,1090000000.0,2.874,13.83,73.71,75090000.0,3.473,6.28,76780000.0,underperform
5710,2005-04-12 22:26:34,1113359194.0,yhoo,34.28,-9.28,1187.76001,8.45,-17.729999999999997,0.106,59.51,13.43,6.74,23.49,19.26,11.69,15.47,2.461,47550000000.0,45230000000.0,50.41,2.22,12.65,54.22,12.65,2280000000.0,54.22,839550000.0,0.58,252.90,120.00,3510000000.0,2.53,750000000.0,3.464,5.133,1090000000.0,3.038,10.61,73.80,75090000.0,3.473,6.06,76780000.0,underperform
5711,2013-05-21 16:00:57,1369166457.0,yhoo,27.0,27.26,1669.160034,13.11,14.150000000000002,0.25,7.86,5.87,2.04,82.55,16.44,3.20,29.98,4.22,25730000000.0,25730000000.0,17.69,1.42,5.25,19.39,5.25,3370000000.0,19.39,4050000000.0,3.45,36.30,6.60,3010000000.0,2.78,36000000.0,4.04,13.04,360330000.0,0.89,6.91,71.20,26270000.0,1.50,2.80,26100000.0,outperform
5712,2008-12-17 11:42:58,1229532178.0,yhoo,13.11,20.67,904.419983,21.19,-0.5199999999999996,0.005,20.24,2.56,1.60,12.90,7.14,2.51,8.94,5.34,18540000000.0,15390000000.0,N/A,1.71,2.13,11.905,2.13,4130000000.0,11.905,933450000.0,0.66,64.10,1.10,3210000000.0,2.316,63010000.0,2.626,8.368,2180000000.0,1.16,15.09,68.50,44500000.0,1.4,3.50,35690000.0,underperform
5713,2012-01-01 22:05:43,1325473543.0,yhoo,16.13,23.37,1263.02002,12.92,10.450000000000001,0.31,19.74,3.86,1.60,20.55,15.89,3.58,8.77,4.01,17930000000.0,17930000000.0,18.12,1.58,3.46,12.76,3.46,3700000000.0,12.76,1070000000.0000001,0.82,26.00,24.00,2109999999.9999998,1.71,39000000.0,2.83,10.05,1300000000.0,0.66,9.44,74.20,36960000.0,1.80,3.70,38760000.0,outperform
5714,2008-12-18 20:12:32,1229649152.0,yhoo,12.72,26.89,885.2800289999999,24.53,2.3599999999999994,0.005,19.71,2.51,1.57,12.90,7.14,2.51,8.94,5.34,18050000000.0,15040000000.0,N/A,1.64,2.08,11.637,2.08,4130000000.0,11.637,933450000.0,0.66,64.10,1.10,3210000000.0,2.316,63010000.0,2.626,8.368,2180000000.0,1.16,15.09,68.50,44500000.0,1.4,3.50,35690000.0,outperform
5715,2004-11-24 20:52:36,1101347556.0,yhoo,37.61,,1181.76001,6.18,,0.123,99.39,15.83,8.13,17.15,17.34,8.79,11.91,2.215,51650000000.0,47870000000.0,75.14,3.57,15.14,70.28,15.14,1270000000.0,70.28,542050000.0,0.378,455.60,70.50,2930000000.0,2.13,750000000.0,4.073,4.48,854960000.0,3.395,13.38,75.44,90510000.0,4.307,7.60,90970000.0,underperform
5716,2004-06-19 10:41:03,1087656063.0,yhoo,32.47,12.1,1133.560059,6.83,5.27,0.163,147.79,20.77,9.39,13.92,17.76,6.33,8.81,1.575,43190000000.0,42800000000.0,71.27,3.14,20.38,94.69,20.38,1270000000.0,94.69,292390000.0,0.217,455.60,70.50,1560000000.0,1.16,750000000.0,2.7,3.447,565490000.0,3.198,13.33,73.85,62770000.0,1.255,5.38,103450000.0,outperform
5717,2009-01-31 06:06:47,1233400007.0,yhoo,12.24,26.14,874.090027,24.08,2.0600000000000023,0.007,38.71,2.26,1.45,5.89,8.43,2.93,4.09,5.149,16280000000.000002,12920000000.0,N/A,2.12,1.79,9.244,1.79,4130000000.0,9.244,424300000.0,0.30,N/A,1.40,3450000000.0,2.487,77060000.0,2.783,8.101,1880000000.0,1.18,15.09,68.50,37160000.0,3.00,3.00,35990000.0,outperform
5718,2013-01-25 21:25:26,1359167126.0,yhoo,20.37,97.25,1502.959961,22.75,74.5,0.25,6.28,4.87,1.56,79.94,16.01,2.84,28.30,4.10,15800000000.0,15800000000.0,17.87,1.63,3.18,11.96,3.18,3480000000.0,11.96,3970000000.0,3.25,977.50,1.20,8410000000.0,7.11,38220000.0,2.76,13.12,2049999999.9999998,0.95,6.74,73.50,20360000.0,1.00,1.90,21610000.0,outperform
5719,2005-11-25 09:26:07,1132928767.0,yhoo,42.13,-32.38,1268.25,10.87,-43.25,0.1,39.68,12.47,7.99,32.80,20.97,8.39,23.31,3.476,60300000000.0,57860000000.0,N/A,2.83,11.97,37.432,11.97,2280000000.0,37.432,1590000000.0,1.07,0.20,46.70,3180000000.0,2.244,749990000.0,3.594,5.319,1570000000.0,N/A,10.94,72.30,79160000.0,5.1,6.20,79480000.0,underperform
5720,2005-08-28 21:07:23,1125277643.0,yhoo,33.48,-13.65,1212.369995,7.37,-21.02,0.098,31.23,10.69,6.13,35.93,20.76,8.13,25.08,3.197,47300000000.0,44650000000.0,N/A,1.96,10.12,31.582,10.12,2280000000.0,31.582,1590000000.0,1.08,570.80,50.50,3390000000.0,2.409,750000000.0,3.926,5.465,1390000000.0,N/A,11.02,72.30,83280000.0,4.1,6.60,75710000.0,underperform
5721,2011-06-09 09:03:03,1307624583.0,teg,42.85,16.31,1289.0,2.84,13.469999999999999,77.99,13.44,0.80,1.31,5.97,10.99,3.35,9.84,63.29,6150000000.0,6150000000.0,13.98,1.98,1.25,7.64,1.25,852300000.0,7.64,293700000.0,3.75,146.90,14.50,195300000.0,2.51,2380000000.0,1.36,38.55,6150000000.0,0.91,0.73,52.80,4160000.0,8.70,5.40,4150000.0000000005,outperform
5722,2008-06-30 05:20:03,1214817603.0,teg,35.75,-36.67,1280.0,-28.18,-8.490000000000002,0.738,15.49,0.34,1.16,2.15,3.65,2.26,6.05,151.031,3830000000.0,6230000000.0,N/A,1.12,0.54,9.646,0.54,1570000000.0,9.646,197400000.0,3.24,2.60,45.20,97800000.0,1.28,2450000000.0,1.136,43.661999,292400000.0,0.73,0.85,49.10,1790000.0,3.4,2.40,1880000.0,underperform
5723,2013-04-23 04:43:30,1366706610.0,teg,56.67,4.31,1578.780029,18.79,-14.48,88.65,17.04,1.12,1.56,6.68,11.10,2.88,9.55,53.59,7460000000.0,7460000000.0,16.84,3.10,1.77,10.39,1.77,814600000.0,10.39,291100000.0,3.55,75.70,6.90,27400000.0,0.35,2730000000.0,0.92,38.84,573800000.0,0.54,0.94,52.90,2160000.0,5.50,2.80,2750000.0,underperform
5724,2008-01-02 16:25:36,1199309136.0,teg,34.74,,1447.160034,-39.92,,0.83,17.36,0.51,1.21,2.06,2.71,1.78,4.58,143.517,3880000000.0,6330000000.0,N/A,2.03,0.70,14.889,0.70,917000000.0,14.889,108500000.0,2.95,9.40,36.50,256300000.0,3.361,2640000000.0,1.081,42.549999,348700000.0,0.58,0.70,52.40,2360000.0,5.5,3.10,2320000.0,underperform
5725,2013-05-09 15:54:44,1368129284.0,teg,55.78,1.94,1626.670044,15.48,-13.540000000000001,92.42,12.95,1.03,1.50,7.97,13.09,3.68,11.94,59.05,7850000000.0,7850000000.0,16.82,3.25,1.69,9.16,1.69,814600000.0,9.16,374500000.0,4.66,89.60,34.10,72000000.0,0.92,2980000000.0,0.70,40.50,667000000.0,0.55,0.94,52.90,1950000.0,5.70,2.50,2160000.0,underperform
5726,2011-09-27 07:43:09,1317123789.0,teg,42.54,13.05,1175.380005,21.95,-8.899999999999999,77.15,15.64,0.77,1.27,4.95,9.99,3.25,8.14,62.99,5910000000.0,5910000000.0,13.57,1.71,1.20,7.88,1.20,852300000.0,7.88,244600000.0,3.11,63.20,0.40,211400000.0,2.71,2340000000.0,1.41,38.27,5910000000.0,0.94,0.73,52.80,3520000.0,4.10,N/A,3720000.0,underperform
5727,2012-08-22 21:21:15,1345684875.0,teg,50.21,7.49,1413.48999,17.22,-9.729999999999999,78.83,19.88,1.05,1.46,5.36,9.00,2.45,7.27,52.98,6810000000.0,6810000000.0,16.11,3.59,1.64,10.88,1.64,763600000.0,10.88,221100000.0,2.81,67.70,16.70,25700000.0,0.33,2400000000.0,0.85,38.44,567400000.0,0.68,0.93,52.70,4660000.0,14.60,6.00,4620000.0,underperform
5728,2008-12-25 05:30:56,1230201056.0,abt,,,871.6300050000001,28.27,,0.546,18.07,2.83,4.21,15.79,19.70,8.93,26.02,18.649,81690000000.0,88580000000.0,N/A,1.33,3.08,11.698,3.08,14490000000.0,11.698,4550000000.0,2.91,51.30,17.60,3770000000.0,2.428,10560000000.0,1.593,12.468,6810000000.0,0.36,0.16,69.00,13420000.0,1.2,0.90,13470000.0,underperform
5729,2011-11-02 06:21:21,1320229281.0,abt,50.12,25.7,1237.900024,15.32,10.379999999999999,68.83,18.20,2.18,3.18,11.84,21.04,N/A,N/A,24.76,91450000000.0,91450000000.0,10.51,1.25,2.38,8.14,2.38,20500000000.0,8.14,4550000000.0,2.90,66.00,13.20,8890000000.0,5.71,18220000000.0,N/A,16.95,91450000000.0,0.34,0.17,66.40,20820000.0,2.00,N/A,20860000.0,outperform
5730,2011-09-02 09:24:27,1314969867.0,abt,48.16,30.67,1173.969971,20.15,10.520000000000003,68.83,15.83,2.17,3.06,13.78,19.88,8.03,22.12,24.06,90170000000.0,90170000000.0,10.41,1.27,2.42,8.70,2.42,20500000000.0,8.70,5130000000.0,3.28,50.40,9.00,8890000000.0,5.71,18220000000.0,1.52,16.95,90170000000.0,0.28,0.17,66.40,15160000.0,1.50,N/A,13680000.0,outperform
5731,2007-03-23 02:47:40,1174632460.0,abt,47.58,2.12,1436.109985,-9.59,11.71,0.883,48.79,3.75,5.98,7.64,18.98,9.07,12.06,14.692,84100000000.0,95410000000.0,N/A,1.92,4.25,15.143,4.25,12660000000.0,15.143,1720000000.0,1.12,N/A,2.80,1370000000.0,0.89,12410000000.0,0.944,9.142,5330000000.0,0.19,4.31,65.80,14600000.0,2.3,0.90,13350000.0,outperform
5732,2012-01-01 23:13:40,1325477620.0,abt,53.39,18.09,1263.02002,12.92,5.17,67.73,19.40,2.28,3.57,11.84,20.62,8.47,19.71,24.75,96340000000.0,96340000000.0,11.18,1.30,2.51,8.73,2.51,20500000000.0,8.73,4550000000.0,2.90,66.00,13.20,7980000000.0,5.12,16719999999.999998,1.50,15.79,9890000000.0,0.32,0.17,66.40,21590000.0,3.50,N/A,21760000.0,outperform
5733,2012-03-30 05:44:15,1333100655.0,abt,58.33,-42.65,1408.469971,10.96,-53.61,62.85,20.26,2.47,3.93,12.17,20.90,8.40,20.00,24.94,103200000000.0,103200000000.0,11.42,1.47,2.66,9.24,2.66,23310000000.0,9.24,4710000000.0,3.01,12.30,4.10,8100000000.0,5.15,15410000000.0,1.54,15.56,8970000000.0,0.23,0.14,65.70,21610000.0,3.10,1.40,19840000.0,underperform
5734,2011-08-05 04:11:33,1312531893.0,abt,47.4,33.76,1199.380005,14.67,19.089999999999996,76.17,14.86,2.10,3.17,13.77,19.24,N/A,N/A,24.08,90490000000.0,90490000000.0,9.77,1.21,2.43,9.00,2.43,20500000000.0,9.00,5140000000.0,3.28,50.40,9.00,6500000000.0,4.18,18830000000.0,N/A,15.85,90490000000.0,0.30,0.17,66.40,13290000.0,2.30,N/A,13220000.0,outperform
5735,2008-04-28 03:46:55,1209368815.0,abt,46.25,-15.46,1396.369995,-38.76,23.299999999999997,0.687,20.80,2.94,4.40,14.39,18.25,N/A,N/A,17.319,80030000000.0,89420000000.0,N/A,1.32,3.35,13.157,3.35,14490000000.0,13.157,3850000000.0,2.47,34.50,13.80,2820000000.0,1.808,12210000000.0,N/A,11.471,N/A,0.07,0.15,69.80,9530000.0,0.60,0.60,13070000.0,outperform
5736,2007-04-10 20:13:09,1176250389.0,abt,50.41,-4.54,1448.390015,-6.48,1.9400000000000004,0.883,51.13,3.93,6.26,7.64,18.98,9.07,12.06,14.692,88120000000.0,99020000000.0,N/A,1.98,4.41,15.716,4.41,12660000000.0,15.716,1720000000.0,1.12,N/A,2.80,1370000000.0,0.89,12410000000.0,0.944,9.142,5330000000.0,0.27,4.31,65.80,17450000.0,2.5,1.10,14600000.0,outperform
5737,2004-09-20 13:31:02,1095701462.0,abt,36.51,2.33,1122.199951,8.83,-6.5,0.543,21.75,3.40,5.22,15.73,19.08,11.53,24.56,12.54,67000000000.0,71550000000.0,17.10,1.57,3.63,13.98,3.63,10210000000.0,13.98,3100000000.0,1.973,1.40,11.30,2420000000.0,1.55,6970000000.0,1.378,8.216,4480000000.0,0.259,6.63,61.02,10380000.0,3.621,0.71,9490000.0,underperform
5738,2007-01-13 21:19:42,1168741182.0,abt,44.51,20.33,1414.849976,0.39,19.939999999999998,0.604,24.54,3.46,4.94,14.21,20.44,10.17,21.20,14.547,77430000000.0,85830000000.0,N/A,2.01,3.85,13.127,3.85,11700000000.0,13.127,3170000000.0,2.06,5.20,3.50,1050000000.0,0.685,9450000000.0,1.355,10.186,5390000000.0,0.26,0.26,66.60,12500000.0,2.8,0.80,12630000.0,outperform
5739,2013-08-18 07:12:45,1376824365.0,abt,34.12,23.12,1661.319946,18.69,4.43,35.38,13.95,1.36,2.44,10.02,22.40,10.72,26.48,25.52,52890000000.0,52890000000.0,15.68,1.47,1.32,4.58,1.32,24750000000.0,4.58,6190000000.0,2.51,72.40,2.50,9390000000.0,6.04,7930000000.0,1.82,14.37,6200000000.0,0.50,0.16,67.00,10200000.0,1.40,0.70,8520000.0,outperform
5740,2006-07-18 12:32:14,1153240334.0,abt,39.26,21.52,1236.859985,25.01,-3.490000000000002,0.436,20.37,3.07,4.70,15.35,20.61,10.94,23.75,14.321,67890000000.0,71770000000.0,N/A,1.78,3.24,11.197,3.24,11700000000.0,11.197,3400000000.0,2.18,3.20,3.70,2400000000.0,1.576,6290000000.0,1.482,9.463,5820000000.0,0.14,0.26,62.10,8800000.0,1.9,0.60,7620000.0,underperform
5741,2008-01-23 23:41:45,1201149705.0,abt,51.78,-7.34,1338.599976,-38.18,30.84,0.784,46.71,3.57,5.69,7.74,17.36,7.62,12.34,16.177,89580000000.0,98530000000.0,N/A,1.66,3.96,16.136,3.96,12660000000.0,16.136,1930000000.0,1.24,0.20,14.40,2550000000.0,1.65,12240000000.0,1.045,10.101,5420000000.0,0.13,0.15,67.30,8770000.0,1.8,0.60,11750000.0,outperform
5742,2012-03-02 20:56:30,1330739790.0,abt,54.62,-39.36,1369.630005,10.69,-50.05,62.85,19.10,2.32,3.68,12.17,20.90,8.40,20.00,24.94,97440000000.0,97440000000.0,10.76,1.37,2.51,8.73,2.51,23310000000.0,8.73,4710000000.0,3.01,12.30,4.10,8100000000.0,5.15,15410000000.0,1.54,15.56,8970000000.0,0.23,0.14,65.70,18050000.0,2.30,N/A,18200000.0,underperform
5743,2013-05-08 18:10:02,1368051002.0,abt,35.21,8.83,1632.689941,14.88,-6.050000000000001,76.36,11.00,1.42,2.13,13.17,22.31,N/A,N/A,25.39,63100000000.0,63100000000.0,16.04,1.49,1.58,5.40,1.58,24750000000.0,5.40,6110000000.0,3.28,56.20,43.10,15170000000.0,9.66,20480000000.0,N/A,16.95,N/A,0.53,0.15,67.60,14240000.0,1.80,0.90,12730000.0,underperform
5744,2008-10-23 21:57:42,1224813462.0,abt,49.63,-5.26,908.1099849999999,18.88,-24.14,0.732,18.88,2.88,4.38,15.79,19.70,N/A,N/A,18.658,84820000000.0,95020000000.0,N/A,1.36,3.30,12.579,3.30,14490000000.0,12.579,4550000000.0,2.91,51.30,17.60,5180000000.0,3.359,13890000000.0,N/A,12.299,N/A,0.16,0.16,67.90,12000000.0,1.4,0.80,12230000.0,underperform
5745,2004-10-23 22:48:08,1098586088.0,abt,35.6,5.67,1103.660034,6.72,-1.0499999999999998,0.543,20.44,3.28,5.00,16.08,19.08,11.58,24.54,12.427,63790000000.0,68330000000.0,16.21,1.52,3.49,13.35,3.49,10210000000.0,13.35,3150000000.0,1.999,1.40,11.30,2420000000.0,1.55,6970000000.0,1.378,8.216,4480000000.0,0.23,6.63,60.92,9890000.0,3.561,0.68,10380000.0,underperform
5746,2005-02-28 19:21:54,1109636514.0,abt,39.65,-2.8,1203.599976,6.4,-9.2,0.508,23.15,3.81,5.56,16.36,20.14,11.37,24.10,12.04,71030000000.0,76730000000.0,16.59,1.69,4.05,14.64,4.05,10210000000.0,14.64,3100000000.0,1.97,1.40,11.30,1910000000.0,1.23,6580000000.0,1.4,8.319,4250000000.0,0.216,6.63,67.36,7110000.0,1.952,0.49,10790000.0,underperform
5747,2005-01-25 12:44:11,1106675051.0,abt,39.58,-7.05,1168.410034,8.24,-15.29,0.508,23.31,3.66,5.53,16.36,20.14,11.37,24.10,12.04,71530000000.0,76200000000.0,16.70,1.54,4.03,14.54,4.03,10210000000.0,14.54,3100000000.0,1.97,1.40,11.30,1910000000.0,1.23,6580000000.0,1.4,8.319,4250000000.0,0.246,6.63,61.38,10790000.0,2.584,0.74,9690000.0,underperform
5748,2007-06-03 02:36:35,1180852595.0,abt,49.91,-0.02,1530.619995,-9.47,9.450000000000001,0.871,56.02,3.74,6.06,6.68,17.69,9.49,10.50,15.13,86720000000.0,97560000000.0,N/A,1.82,4.21,14.858,4.21,12660000000.0,14.858,1510000000.0,1.00,19.30,15.50,1640000000.0,1.066,12480000000.0,0.935,9.296,5200000000.0,0.14,4.31,65.30,16390000.0,1.10,1.10,14900000.0,outperform
5749,2006-06-17 18:01:01,1150581661.0,abt,37.38,28.41,1230.040039,23.81,4.600000000000001,0.436,19.59,2.97,4.55,15.35,20.61,10.94,23.75,14.321,65290000000.00001,69180000000.0,N/A,1.74,3.13,10.792,3.13,11700000000.0,10.792,3400000000.0,2.18,3.20,3.70,2400000000.0,1.576,6290000000.0,1.482,9.463,5820000000.0,0.13,0.26,61.60,7620000.0,1.7,0.50,6730000.0,outperform
5750,2004-11-30 07:08:52,1101816532.0,adm,17.65,12.86,1173.819946,6.45,6.409999999999999,0.613,22.59,0.37,1.76,1.64,2.52,3.15,7.97,57.207,13900000000.0,17320000000.0,14.25,2.28,0.47,10.67,0.47,2150000000.0,10.67,610830000.0,0.94,9.70,17.70,1420000000.0,2.17,4850000000.0,1.605,12.075,860610000.0,0.397,13.63,65.48,3440000.0,1.062,0.61,3570000.0,outperform
5751,2011-09-28 04:29:00,1317198540.0,adm,23.36,12.37,1151.060059,25.72,-13.35,54.78,8.23,0.21,0.92,2.52,3.34,4.55,12.06,125.66,26220000000.0,26220000000.0,7.49,0.82,0.33,7.35,0.33,4300000000.0,7.35,2040000000.0,3.13,14.60,45.60,1350000000.0,2.00,10320000000.0,2.08,27.82,26220000000.0,0.29,2.14,71.40,13680000.0,1.60,2.20,12800000.0,underperform
5752,2007-04-09 12:40:37,1176136837.0,adm,32.36,16.01,1444.609985,-5.47,21.48,0.541,15.23,0.62,2.27,4.10,5.76,8.30,16.32,59.538,24160000000.0,27530000000.0,N/A,1.41,0.70,8.615,0.70,2970000000.0,8.615,1600000000.0,2.43,20.00,18.00,822780000.0,1.252,5820000000.0,4.594,16.309,335600000.0,0.93,13.16,68.30,4210000.0,0.7,0.70,4980000.0,outperform
5753,2007-03-07 08:11:55,1173273115.0,adm,29.15,37.84,1391.969971,-6.3,44.14,0.541,13.56,0.55,2.02,4.10,5.66,6.88,16.32,59.632,21510000000.0,26510000000.0,N/A,1.40,0.68,8.394,0.68,2970000000.0,8.394,1600000000.0,2.43,20.00,18.00,822780000.0,1.261,5820000000.0,1.691,16.309,335600000.0,0.75,2.87,64.30,3770000.0,0.5,0.60,4210000.0,outperform
5754,2013-06-07 17:17:34,1370639854.0,adm,31.93,37.49,1643.380005,17.31,20.180000000000003,46.71,17.53,0.24,1.14,1.37,1.84,2.46,6.70,138.08,28470000000.0,28470000000.0,10.95,1.61,0.31,11.15,0.31,3670000000.0,11.15,1240000000.0,1.89,32.60,2.70,1630000000.0,2.48,8860000000.0,1.73,28.76,3470000000.0,0.76,2.18,74.60,8820000.0,2.00,1.40,8570000.0,outperform
5755,2009-01-09 16:47:55,1231537675.0,adm,24.6,15.16,890.349976,27.72,-12.559999999999999,0.628,7.48,0.23,1.32,3.09,4.33,6.59,19.02,121.348,17920000000.0,23330000000.0,N/A,0.62,0.30,5.698,0.30,3840000000.0,5.698,2410000000.0,3.735,138.10,65.00,2990000000.0,4.653,8510000000.0,1.907,21.097,2690000000.0,0.22,2.26,73.10,13550000.0,1.8,2.20,N/A,underperform
5756,2004-01-31 04:11:22,1075540282.0,adm,13.03,45.59,1128.47998,4.08,41.510000000000005,0.703,20.50,0.32,1.41,1.55,2.51,2.83,7.10,49.17,10130000000.0,13860000000.0,14.66,1.82,0.44,9.49,0.44,1730000000.0,9.49,493250000.0,0.764,11.70,30.90,1360000000.0,2.11,5080000000.0,1.659,11.16,N/A,0.326,9.61,63.45,3820000.0,2.002,0.65,4760000.0,outperform
5757,2007-06-19 05:10:54,1182244254.0,adm,29.35,-2.62,1533.699951,-12.77,10.149999999999999,0.597,14.15,0.55,2.11,3.91,5.29,6.77,16.29,63.2,22700000000.0,28170000000.0,N/A,1.49,0.68,8.879,0.68,2970000000.0,8.879,1620000000.0,2.46,4.30,24.80,896530000.0,1.373,6370000000.0,1.836,16.35,442070000.0,0.58,2.87,63.80,12270000.0,2.00,2.00,11360000.0,outperform
5758,2012-07-28 11:39:41,1343489981.0,adm,25.27,40.64,1337.890015,26.34,14.3,55.68,13.83,0.20,0.98,1.48,2.58,3.36,7.54,134.59,27220000000.0,27220000000.0,9.70,1.11,0.31,8.67,0.31,4300000000.0,8.67,1320000000.0,1.99,31.00,5.40,1250000000.0,1.89,10330000000.0,1.84,27.81,4670000000.0,0.77,2.11,8.10,7370000.0,1.30,1.10,6300000.0,outperform
5759,2007-10-12 05:57:34,1192183054.0,adm,30.62,-51.31,1561.800049,-36.94,-14.370000000000005,0.47,10.59,0.50,1.94,4.91,4.69,5.56,20.53,67.616,22460000000.0,27080000000.0,N/A,1.55,0.62,9.799,0.62,3240000000.0,9.799,2160000000.0,3.30,132.80,27.90,663000000.0,1.03,5290000000.0,1.922,17.500999,303000000.0,0.35,8.79,60.20,11830000.0,2.5,1.90,12110000.0,underperform
5760,2008-01-23 23:14:44,1201148084.0,adm,35.36,-33.17,1338.599976,-38.18,5.009999999999998,0.62,12.11,0.55,2.19,4.64,4.39,5.07,19.90,73.175,26260000000.0,32040000000.0,N/A,1.53,0.68,11.451,0.68,N/A,11.451,2200000000.0,3.37,9.40,35.80,1120000000.0,1.744,7320000000.0,1.65,18.386,984000000.0,0.06,5.18,61.90,17400000.0,2.5,2.80,14830000.0,outperform
5761,2011-08-05 04:13:27,1312532007.0,adm,26.49,-8.31,1199.380005,14.67,-22.98,85.48,8.64,0.26,1.14,2.86,3.56,4.30,13.25,114.86,31540000000.0,31540000000.0,7.84,0.85,0.43,8.96,0.43,3840000000.0,8.96,2100000000.0,3.25,37.30,32.60,1620000000.0,2.54,14260000000.0,1.74,26.10,31540000000.0,0.26,2.14,71.40,10470000.0,1.70,1.70,10740000.0,underperform
5762,2011-07-29 19:09:22,1311980962.0,adm,28.1,-10.07,1292.280029,3.53,-13.6,85.48,9.43,0.27,1.18,2.86,3.56,4.30,13.25,114.86,32290000000.0,32290000000.0,9.09,0.96,0.44,9.17,0.44,3840000000.0,9.17,2100000000.0,3.25,37.30,32.60,1620000000.0,2.54,14260000000.0,1.74,26.10,32290000000.0,0.28,2.14,71.40,10470000.0,1.70,1.70,10740000.0,underperform
5763,2005-02-08 21:21:16,1107915676.0,adm,19.75,31.04,1202.300049,5.27,25.77,0.613,25.22,0.42,1.99,1.64,2.52,3.15,7.97,57.207,15520000000.0,19120000000.0,15.10,1.79,0.51,11.78,0.51,2150000000.0,11.78,610830000.0,0.94,9.70,17.70,1420000000.0,2.17,4850000000.0,1.605,12.075,860610000.0,0.428,13.63,64.67,4540000.0,2.221,0.80,5080000.0,outperform
5764,2007-02-20 08:05:08,1171976708.0,adm,30.65,28.45,1459.680054,-6.83,35.28,0.541,14.77,0.60,2.19,4.10,5.66,6.88,16.32,59.632,23420000000.0,28420000000.0,N/A,1.49,0.73,8.997,0.73,2970000000.0,8.997,1600000000.0,2.43,20.00,18.00,822780000.0,1.261,5820000000.0,1.691,16.309,335600000.0,0.93,2.85,58.80,4210000.0,0.7,0.70,4980000.0,outperform
5765,2005-02-14 20:39:46,1108431586.0,adm,20.48,27.54,1206.140015,5.75,21.79,0.528,22.73,0.43,2.01,1.90,2.69,3.56,8.88,56.837,16040000000.0,19170000000.0,15.61,1.80,0.52,11.42,0.52,2150000000.0,11.42,703510000.0,1.08,9.70,17.70,1250000000.0,1.9,4510000000.0,1.741,12.075,860610000.0,0.428,13.64,64.80,4540000.0,2.221,0.80,5080000.0,outperform
5766,2004-06-19 13:33:48,1087666428.0,adm,13.63,29.71,1133.560059,6.83,22.880000000000003,0.848,15.20,0.31,1.34,2.01,3.02,3.71,9.46,53.402,10580000000.0,15540000000.0,14.03,1.74,0.45,8.99,0.45,1730000000.0,8.99,692790000.0,1.071,11.70,30.90,1690000000.0,2.59,6690000000.0,1.512,12.129,305290000.0,0.383,9.61,64.94,4670000.0,2.005,0.80,3510000.0,outperform
5767,2004-04-14 16:44:25,1081975465.0,adm,13.82,31.04,1128.170044,3.0,28.04,0.789,18.64,0.33,1.45,1.76,2.69,3.23,8.19,51.297,10890000000.0,15790000000.0,15.01,1.72,0.48,10.07,0.48,1730000000.0,10.07,582830000.0,0.902,11.70,30.90,1250000000.0,1.93,6000000000.0,1.523,11.738,673600000.0,0.393,9.61,64.81,5340000.0,1.937,0.91,4890000.0,outperform
5768,2003-11-12 17:41:28,1068676888.0,adm,11.77,44.27,1058.530029,10.86,33.410000000000004,0.733,19.03,0.29,1.30,1.54,2.54,2.84,7.17,49.485,9380000000.0,13060000000.0,13.45,1.68,0.41,9.17,0.41,1730000000.0,9.17,493250000.0,0.761,11.70,30.90,1310000000.0,2.02,5180000000.0,1.636,10.96,N/A,0.308,9.61,65.34,5390000.0,4.109,0.92,5500000.0,outperform
5769,2007-06-18 03:24:32,1182151472.0,adm,29.89,-3.51,1531.050049,-11.76,8.25,0.597,14.08,0.54,2.11,3.91,5.29,6.77,16.29,63.2,22580000000.0,28060000000.0,N/A,1.49,0.68,8.841,0.68,2970000000.0,8.841,1620000000.0,2.46,4.30,24.80,896530000.0,1.373,6370000000.0,1.836,16.35,442070000.0,0.58,2.87,63.80,12270000.0,2.00,2.00,11360000.0,outperform
5770,2005-01-26 00:58:06,1106719086.0,adm,18.85,27.53,1174.069946,8.5,19.03,0.613,24.10,0.40,1.89,1.64,2.52,3.15,7.97,57.207,14820000000.0,18380000000.0,15.00,2.37,0.49,11.32,0.49,2150000000.0,11.32,610830000.0,0.94,9.70,17.70,1420000000.0,2.17,4850000000.0,1.605,12.075,860610000.0,0.452,13.63,65.03,4540000.0,2.221,0.80,5080000.0,outperform
5771,2011-12-31 04:39:51,1325324391.0,adm,26.54,-0.64,1249.640015,13.48,-14.120000000000001,51.59,8.76,0.22,1.04,2.51,3.37,4.66,12.65,131.92,26870000000.0,26870000000.0,8.51,1.15,0.31,7.22,0.31,4300000000.0,7.22,2150000000.0,3.26,33.30,30.40,1830000000.0,2.73,9500000000.0,1.88,27.52,618000000.0,0.63,2.14,71.40,9980000.0,2.20,1.50,11030000.0,underperform
5772,2012-02-16 09:49:51,1329403791.0,amp,52.2,26.92,1358.040039,11.91,15.010000000000002,73.26,12.57,1.19,1.18,10.51,26.34,1.27,9.23,42.42,17000000000.0,17000000000.0,8.22,0.74,1.66,6.12,1.66,8289999999.999999,6.12,1140000000.0,4.37,9.60,3.70,3250000000.0,14.65,8080000000.0,6.80,46.49,N/A,2.03,0.18,87.90,2330000.0,1.10,1.00,2880000.0,outperform
5773,2006-05-24 20:47:07,1148518027.0,amp,37.49,40.12,1258.569946,19.78,20.339999999999996,0.262,20.43,1.42,1.47,7.07,29.04,1.44,7.37,30.512,10750000000.0,10280000000.0,N/A,1.36,1.36,4.181,1.36,7480000000.0,4.181,528000000.0,2.15,20.80,5.50,2380000000.0,9.751,1920000000.0,3.445,30.051001,877000000.0,N/A,0.18,81.90,2550000.0,1.00,1.00,2490000.0,outperform
5774,2013-04-22 01:29:35,1366608575.0,amp,69.72,50.95,1562.5,20.29,30.660000000000004,96.49,15.62,1.38,1.56,10.03,23.96,1.15,9.31,46.91,18920000000.0,18920000000.0,9.41,0.72,1.84,7.05,1.84,8410000000.0,7.05,1030000000.0,4.62,64.80,3.50,5140000000.0,25.27,9370000000.0,2.23,44.58,1500000000.0,1.66,0.16,88.80,4090000.0,2.40,2.00,3200000.0,outperform
5775,2007-04-15 23:02:26,1176692546.0,amp,50.91,-15.16,1447.800049,-8.25,-6.91,0.291,23.55,1.75,1.81,7.75,29.01,N/A,8.17,33.022,14300000000.0,13240000000.0,N/A,1.50,1.63,5.215,1.63,7480000000.0,5.215,631000000.0,2.54,54.10,15.60,3860000000.0,15.953,2250000000.0,N/A,32.830002,N/A,1.72,0.18,83.70,4070000.0000000005,4.1,1.70,4420000.0,underperform
5776,2011-10-09 04:44:07,1318149847.0,amp,37.76,45.07,1164.969971,24.97,20.1,80.07,8.55,0.91,0.91,11.11,27.27,1.41,10.28,42.05,14100000000.0,14100000000.0,6.27,0.59,1.33,4.68,1.33,8289999999.999999,4.68,1250000000.0,4.57,19.30,6.10,4120000000.0,17.43,8990000000.0,1.15,44.49,14100000000.0,2.19,0.16,87.20,3700000.0,1.10,1.50,3000000.0,outperform
5777,2007-06-16 01:26:06,1181971566.0,amp,55.69,-29.41,1515.670044,-11.6,-17.810000000000002,0.288,24.98,1.86,1.99,7.93,28.80,1.55,8.64,33.686,15540000000.0,14460000000.0,N/A,1.55,1.76,5.474,1.76,8140000000.000001,5.474,651000000.0,2.65,13.80,5.80,3050000000.0,12.961,2230000000.0,6.514,32.678001,442000000.0,1.4,6.28,83.50,2970000.0,3.2,1.30,3540000.0,underperform
5778,2013-04-30 10:27:26,1367332046.0,amp,71.79,53.24,1597.569946,17.93,35.31,83.57,14.44,1.45,1.68,10.78,24.92,1.18,10.53,48.54,19880000000.0,19880000000.0,9.73,0.76,1.91,7.06,1.91,8410000000.0,7.06,1120000000.0,5.14,37.30,4.90,3040000000.0,15.02,8039999999.999999,6.24,44.25,N/A,1.66,0.16,88.80,2480000.0,1.80,1.20,4090000.0,outperform
5779,2009-02-07 01:51:30,1233989490.0,amp,18.44,84.16,832.22998,27.74,56.42,0.327,N/A,0.66,0.76,0.53,1.16,N/A,0.52,32.159,4690000000.0,32850000.0,N/A,0.54,0.01,0.301,0.01,8910000000.0,0.301,38000000.0,0.17,N/A,44.70,6730000000.0,31.081,2029999999.9999998,N/A,28.596001,N/A,1.88,0.08,84.10,4200000.0,1.4,1.90,4680000.0,outperform
5780,2009-10-30 05:04:33,1256893473.0,amp,31.3,48.5,1036.189941,14.12,34.38,N/A,71.55,1.28,1.10,1.67,6.16,N/A,N/A,30.003,6110000000.0,6110000000.0,N/A,1.02,0.88,10.669,0.88,5200000000.0,10.669,116000000.0,0.50,N/A,17.80,5370000000.0,21.068,2440000000.0,N/A,31.799,N/A,2.13,0.10,89.70,5060000.0,1.2,2.00,4880000.0,outperform
5781,2008-01-23 23:11:56,1201147916.0,amp,43.22,-60.94,1338.599976,-38.18,-22.759999999999998,0.283,16.61,1.31,1.46,8.46,16.20,0.83,9.41,36.069,11590000000.0,8930000000.0,N/A,1.08,1.04,5.745,1.04,8140000000.000001,5.745,730000000.0,3.01,13.80,11.40,4570000000.0,19.698,2200000000.0,7.271,33.380001,638000000.0,1.48,0.04,83.00,3610000.0,1.60,1.60,3000000.0,underperform
5782,2007-02-20 18:33:04,1172014384.0,amp,53.99,-14.78,1459.680054,-6.83,-7.949999999999999,0.291,24.76,1.85,1.95,7.75,29.01,N/A,8.17,33.022,15210000000.0,13480000000.0,N/A,1.53,1.66,5.309,1.66,7480000000.0,5.309,631000000.0,2.54,54.10,15.60,3860000000.0,15.953,2250000000.0,N/A,32.021999,N/A,1.72,6.10,65.30,4070000.0000000005,4.1,1.70,4420000.0,underperform
5783,2011-09-03 08:40:17,1315053617.0,chk,30.76,-40.28,1218.890015,14.82,-55.1,65.25,21.38,2.22,1.69,11.89,18.28,3.15,7.45,14.97,31340000000.0,31340000000.0,10.88,1.05,3.30,9.08,3.30,6870000000.0,9.08,957000000.0,1.50,100.00,64.90,109000000.0,0.17,10100000000.0,0.55,19.56,31340000000.0,1.47,4.46,69.80,26070000.0,1.60,4.50,24720000.0,underperform
5784,2013-04-23 16:55:32,1366750532.0,chk,18.53,55.42,1578.780029,18.79,36.63,71.83,N/A,0.97,0.96,6.24,13.54,2.50,3.31,19.15,25520000000.0,25520000000.0,10.16,0.31,2.07,5.70,2.07,2730000000.0,5.70,940000000.0,1.46,36.60,29.70,291000000.0,0.45,12850000000.0,0.47,19.38,2840000000.0,1.37,0.70,77.50,71490000.0,5.60,12.50,81320000.0,outperform
5785,2004-06-22 18:46:03,1087944363.0,chk,12.77,61.32,1134.410034,7.01,54.31,0.864,11.29,1.81,2.29,18.49,39.15,7.94,27.24,6.907,3480000000.0,6100000000.0,12.49,1.05,3.20,5.18,3.20,1500000000.0,5.18,324950000.0,1.272,676.90,132.60,189420000.0,0.78,2009999999.9999998,0.77,6.212,1190000000.0,0.347,13.00,67.54,15940000.0,6.555,7.56,14810000.0,outperform
5786,2012-07-18 04:41:37,1342600897.0,chk,18.53,18.4,1372.780029,23.06,-4.66,70.54,7.74,0.99,0.91,15.08,22.69,4.39,11.31,19.47,26160000000.0,26160000000.0,13.65,5.01,2.10,5.33,2.10,3560000000.0,5.33,1700000000.0,2.49,N/A,50.10,438000000.0,0.68,13330000000.0,0.59,20.98,5460000000.0,1.28,13.80,61.40,85820000.0,2.90,15.10,90830000.0,underperform
5787,2012-03-06 01:55:37,1331016937.0,chk,22.53,-14.65,1343.359985,14.75,-29.4,60.50,10.46,1.34,1.15,14.97,21.75,4.00,10.58,18.27,27040000000.0,27040000000.0,8.10,1.01,2.32,6.07,2.32,6870000000.0,6.07,1570000000.0,2.32,111.20,38.10,351000000.0,0.55,10870000000.0,0.45,21.20,5900000000.0,1.33,0.61,75.00,54760000.0,2.70,9.60,48070000.0,underperform
5788,2006-10-23 12:44:04,1161621844.0,chk,27.4,22.59,1377.02002,10.35,12.24,0.704,7.80,2.04,1.80,25.35,42.99,11.41,25.12,17.967,13010000000.0,20780000000.0,N/A,0.73,3.27,5.187,3.27,4350000000.0,5.187,1520000000.0,3.92,85.70,51.10,366270000.0,0.862,6330000000.0,0.932,16.958,3430000000.0,0.89,4.58,59.60,36110000.0,6.8,9.50,36750000.0,outperform
5789,2013-05-11 12:17:42,1368289062.0,chk,18.78,53.99,1632.689941,14.88,39.11,74.66,N/A,0.96,0.81,5.13,13.96,2.64,2.65,20.65,27120000000.0,27120000000.0,10.13,0.26,2.04,5.64,2.04,2730000000.0,5.64,854000000.0,1.33,N/A,41.50,33000000.0,0.05,13450000000.0,0.50,24.12,3490000000.0,1.36,0.70,77.50,63230000.0,5.50,N/A,71490000.0,outperform
5790,2012-05-09 09:12:54,1336569174.0,chk,16.79,14.12,1354.579956,20.09,-5.970000000000001,69.24,6.81,0.87,0.66,15.08,22.69,4.39,11.31,19.47,24470000000.0,24470000000.0,8.42,2.08,1.97,4.98,1.97,3560000000.0,4.98,1700000000.0,2.49,N/A,50.10,438000000.0,0.68,13080000000.0,0.59,25.73,5440000000.0,1.33,0.61,75.00,52390000.0,3.70,9.10,49430000.0,underperform
5791,2007-10-16 05:54:58,1192528498.0,chk,34.33,-56.42,1538.530029,-40.99,-15.43,0.81,10.57,2.37,1.83,24.00,41.56,8.14,17.42,17.119,17890000000.0,29270000000.0,N/A,0.48,3.91,6.113,3.91,6770000000.0,6.113,1690000000.0,3.58,43.90,32.90,4000000.0,0.008,9420000000.0,0.584,20.523001,4920000000.0,1.02,10.89,74.20,45360000.0,6.5,10.70,48960000.0,underperform
5792,2012-09-23 06:58:26,1348397906.0,chk,18.82,37.73,1460.26001,16.54,21.189999999999998,73.63,6.44,1.00,0.87,18.69,22.46,4.17,13.85,19.54,26940000000.0,26940000000.0,14.67,4.98,2.15,5.24,2.15,3560000000.0,5.24,2170000000.0,3.01,90.60,2.10,1020000000.0,1.59,14570000000.0,0.72,22.37,4840000000.0,1.27,13.80,61.40,88660000.0,5.80,15.60,91730000.0,outperform
5793,2007-04-07 14:34:35,1175970875.0,chk,29.13,43.46,1439.369995,-4.87,48.33,0.656,7.48,2.02,1.58,27.35,46.59,10.89,22.99,18.384,14960000000.0,24290000000.0,N/A,0.76,3.32,4.876,3.32,6770000000.0,4.876,1900000000.0,4.35,4.20,6.70,2520000.0,0.005,7380000000.0,0.611,20.316,4840000000.0,0.78,9.32,60.30,34530000.0,3.8,8.30,30500000.0,outperform
5794,2012-07-09 02:11:07,1341814267.0,chk,19.19,7.76,1352.459961,22.17,-14.410000000000002,70.54,8.06,1.01,0.94,15.08,22.69,4.39,11.31,19.47,26710000000.0,26710000000.0,13.36,7.01,2.15,5.44,2.15,3560000000.0,5.44,1700000000.0,2.49,N/A,50.10,438000000.0,0.68,13330000000.0,0.59,20.98,5460000000.0,1.28,13.80,61.40,90830000.0,2.50,15.90,94530000.0,underperform
5795,2004-12-15 01:44:04,1103093044.0,chk,15.12,97.62,1205.719971,5.41,92.21000000000001,0.978,13.39,1.97,1.41,16.91,34.99,6.68,20.41,7.435,4420000000.0,7950000000.0,9.94,1.41,3.57,6.04,3.57,1500000000.0,6.04,338210000.0,1.232,676.90,132.60,49070000.0,0.18,2760000000.0,0.535,11.629,1330000000.0,0.401,13.00,70.74,17580000.0,6.236,7.55,17740000.0,outperform
5796,2008-12-26 00:00:35,1230267635.0,chk,14.1,80.14,872.7999880000001,28.39,51.75,0.874,4.77,0.85,0.56,17.58,32.17,6.18,13.28,21.084,9120000000.0,22460000000.0,N/A,0.44,2.09,3.987,2.09,7160000000.0,3.987,1650000000.0,3.18,790.60,269.60,1960000000.0,3.268,14350000000.0,1.142,27.356001,5850000000.0,1.56,4.26,74.40,31570000.0,1.3,5.50,32920000.0,outperform
5797,2012-07-10 07:07:32,1341918452.0,chk,17.95,16.66,1341.469971,23.19,-6.530000000000001,70.54,8.04,1.03,0.95,15.08,22.69,4.39,11.31,19.47,26680000000.0,26680000000.0,13.32,7.13,2.14,5.43,2.14,3560000000.0,5.43,1700000000.0,2.49,N/A,50.10,438000000.0,0.68,13330000000.0,0.59,20.98,5460000000.0,1.28,13.80,61.40,90830000.0,2.50,15.90,94530000.0,underperform
5798,2004-03-02 13:14:15,1078251255.0,chk,11.78,66.55,1149.099976,5.31,61.239999999999995,1.278,12.06,1.87,2.36,17.61,39.19,7.66,26.98,6.531,2850000000.0,5210000000.0,15.83,2.32,3.43,5.54,3.43,610210000.0,5.54,249440000.0,1.09,81.50,23.80,38480000.0,0.18,2020000000.0,0.884,5.566,732390000.0,0.785,12.99,66.73,11200000.0,3.158,5.95,12660000.0,outperform
5799,2004-11-15 23:25:01,1100579101.0,chk,15.0,67.53,1183.810059,3.82,63.71,0.978,13.71,2.07,1.48,16.91,34.99,6.68,20.41,7.435,4520000000.0,8180000000.0,10.36,2.30,3.68,6.21,3.68,1500000000.0,6.21,338210000.0,1.232,676.90,132.60,49070000.0,0.18,2760000000.0,0.535,11.629,1240000000.0,0.366,13.00,61.96,17740000.0,7.16,7.62,17200000.0,outperform
5800,2010-01-05 17:28:55,1262730535.0,chk,27.01,-7.33,1136.52002,12.32,-19.65,N/A,N/A,2.15,1.52,73.08,112.85,17.11,43.57,14.143,30710000000.0,30710000000.0,N/A,1.38,3.63,6.503,3.63,10600000000.0,6.503,6210000000.0,10.425,94.20,75.80,520000000.0,0.803,12070000000.0,0.998,18.424999,3980000000.0,1.36,4.09,75.90,27620000.0,1.7,5.20,24990000.0,underperform
5801,2011-11-02 20:11:50,1320279110.0,chk,26.68,-27.1,1237.900024,15.32,-42.42,65.25,18.66,1.81,1.38,11.89,18.28,3.15,7.45,14.97,28100000000.0,28100000000.0,10.78,0.97,2.96,8.14,2.96,6870000000.0,8.14,957000000.0,1.50,100.00,64.90,109000000.0,0.17,10100000000.0,0.55,19.56,28100000000.0,1.17,4.46,69.80,26600000.0,2.10,4.60,24780000.0,underperform
5802,2008-12-18 00:12:57,1229577177.0,chk,14.44,67.8,885.2800289999999,24.53,43.269999999999996,0.874,5.05,0.91,0.59,17.58,32.17,6.18,13.28,21.084,9670000000.0,23090000000.0,N/A,0.40,2.15,4.098,2.15,7160000000.0,4.098,1650000000.0,3.18,790.60,269.60,1960000000.0,3.268,14350000000.0,1.142,27.356001,5850000000.0,1.56,4.26,74.50,31570000.0,1.3,5.50,32920000.0,outperform
5803,2005-03-26 18:12:38,1111878758.0,chk,18.45,49.38,1172.530029,11.01,38.370000000000005,0.972,14.10,2.40,2.04,19.02,36.63,8.01,21.43,8.667,6620000000.0,10120000000.0,12.03,1.05,3.74,6.31,3.74,2400000000.0,6.31,438970000.0,1.49,64.60,57.80,57960000.0,0.18,3080000000.0,0.589,10.142,1450000000.0,0.564,13.95,67.39,6190000.0,1.288,2.29,6470000.0,outperform
5804,2011-11-16 00:01:03,1321419663.0,chk,24.26,-34.5,1236.910034,9.41,-43.91,72.62,12.81,1.51,1.24,13.72,21.76,3.98,9.46,17.15,29100000000.0,29100000000.0,9.91,0.79,2.67,7.01,2.67,6870000000.0,7.01,1320000000.0,1.99,65.20,54.10,111000000.0,0.17,11840000000.0,0.56,20.69,29100000000.0,1.17,4.46,69.80,24390000.0,2.10,4.30,26600000.0,underperform
5805,2008-11-04 00:31:41,1225776701.0,chk,21.01,7.76,1005.75,4.05,3.71,1.334,N/A,2.41,1.25,19.99,24.83,2.49,9.63,10.904,11950000000.0,27390000000.0,N/A,0.51,5.20,31.59,5.20,7160000000.0,31.59,1290000000.0,2.67,N/A,N/A,N/A,N/A,13700000000.0,0.435,17.584,5560000000.0,1.34,4.45,75.70,34600000.0,0.8,6.70,36710000.0,outperform
5806,2012-01-02 19:36:40,1325551000.0,chk,,,1257.599976,-16.79,,72.62,11.21,1.34,1.10,13.72,21.76,3.98,9.46,17.15,26940000000.0,26940000000.0,9.37,0.79,2.48,6.49,2.48,6870000000.0,6.49,1320000000.0,1.99,65.20,54.10,111000000.0,0.17,11840000000.0,0.56,20.69,4870000000.0,1.07,4.46,69.80,35630000.0,3.20,6.20,35130000.0,underperform
5807,2005-02-07 04:46:41,1107769601.0,chk,16.04,77.49,1201.719971,4.42,73.07,0.978,14.79,2.14,1.53,16.91,34.99,6.68,20.41,7.435,4880000000.0,8439999999.999999,10.53,1.23,3.80,6.41,3.80,1500000000.0,6.41,338210000.0,1.23,676.90,132.60,49070000.0,0.18,2760000000.0,0.535,11.629,1330000000.0,0.509,13.93,71.32,7020000.0,2.119,3.05,14080000.0,outperform
5808,2007-04-05 11:20:24,1175786424.0,omc,44.0,-11.8,1443.76001,-5.08,-6.720000000000001,0.792,20.58,1.51,4.47,7.59,13.04,5.81,22.10,66.376,17160000000.0,18300000000.0,N/A,1.60,1.61,10.315,1.61,3290000000.0,10.315,864000000.0,4.99,9.70,9.40,1930000000.0,11.543,3070000000.0,0.937,23.002001,1740000000.0,0.95,0.55,90.00,4400000.0,2.8,2.70,3070000.0,underperform
5809,2012-01-07 15:37:41,1325968661.0,omc,41.5,18.22,1277.300049,14.25,3.969999999999999,77.97,13.77,0.90,3.53,6.81,12.99,5.94,23.70,48.18,14440000000.0,14440000000.0,12.07,1.13,1.06,7.08,1.06,12540000000.0,7.08,917500000.0,3.20,16.70,12.90,912000000.0,3.31,3200000000.0,0.88,12.49,1440000000.0,1.31,1.04,91.20,6950000.0,4.10,2.50,6610000.0,outperform
5810,2004-09-21 13:51:27,1095789087.0,omc,30.16,16.55,1129.300049,7.16,9.39,0.71,19.23,1.45,3.64,8.25,12.84,5.53,20.58,48.532,13310000000.0,15060000000.0,16.57,1.63,1.64,11.16,1.64,2780000000.0,11.16,698250000.0,3.696,5.00,14.40,678400000.0,3.62,2590000000.0,0.901,19.496,1150000000.0,1.274,3.98,83.08,4220000.0,3.052,2.35,4640000.0,outperform
5811,2009-01-19 18:24:48,1232407488.0,omc,,,850.1199949999999,35.3,,0.883,8.16,0.59,2.19,7.66,13.02,6.25,27.69,42.948,8270000000.0,10950000000.0,N/A,0.89,0.80,5.458,0.80,3690000000.0,5.458,1040000000.0,3.26,5.60,6.90,555400000.0,1.787,3230000000.0,0.865,11.78,1670000000.0,37.73,0.68,91.20,11580000.0,3.8,3.80,10100000.0,underperform
5812,2005-01-22 06:20:38,1106392838.0,omc,36.18,-1.0,1184.630005,8.48,-9.48,0.709,22.31,1.68,4.35,8.11,12.58,5.49,20.10,50.383,15750000000.0,18070000000.0,19.41,1.94,1.91,13.23,1.91,2780000000.0,13.23,708280000.0,3.767,5.00,14.40,453300000.0,2.42,2580000000.0,0.886,19.562,1020000000.0,1.258,4.02,81.00,3740000.0,4.472,2.08,3250000.0,underperform
5813,2011-03-03 05:35:21,1299148521.0,omc,45.53,-0.9,1330.969971,2.9,-3.8,78.17,18.39,1.12,3.94,6.60,11.75,4.91,21.09,41.86,15010000000.0,15010000000.0,13.53,1.95,1.20,8.70,1.20,12540000000.0,8.70,819700000.0,2.70,7.40,9.80,2300000000.0,8.10,3200000000.0,0.93,12.54,15010000000.0,1.21,0.57,87.20,7250000.0,3.70,2.40,6080000.0,underperform
5814,2007-02-24 04:45:49,1172310349.0,omc,45.23,-13.49,1457.630005,-7.9,-5.59,0.832,21.30,1.58,4.89,7.59,13.04,N/A,22.63,66.376,17970000000.0,20220000000.0,N/A,1.57,1.78,11.92,1.78,3070000000.0,11.92,864000000.0,4.99,9.70,9.40,848800000.0,5.02,3070000000.0,N/A,21.766001,N/A,0.96,0.54,85.70,2630000.0,2.4,1.50,3090000.0,underperform
5815,2005-02-19 20:16:45,1108862205.0,omc,35.61,-3.2,1210.339966,6.53,-9.73,0.709,22.73,1.67,4.32,8.11,12.58,5.49,20.10,50.383,16040000000.0,18170000000.0,19.77,1.83,1.92,13.31,1.92,2780000000.0,13.31,708280000.0,3.77,5.00,14.40,453300000.0,2.42,2580000000.0,0.886,19.562,1020000000.0,1.25,4.02,79.16,5000000.0,5.609,2.78,3740000.0,underperform
5816,2005-04-26 22:35:54,1114569354.0,omc,35.76,7.24,1151.829956,13.33,-6.09,0.634,21.88,1.62,3.93,8.03,12.47,5.34,19.45,52.212,15670000000.0,16680000000.0,17.24,1.66,1.71,12.02,1.71,2900000000.0,12.02,723500000.0,3.88,7.00,13.10,1740000000.0,9.41,2590000000.0,0.926,21.802,1290000000.0,1.374,3.02,82.46,3220000.0,3.819,1.80,4560000.0,underperform
5817,2004-10-15 21:58:54,1097891934.0,omc,30.21,10.2,1108.199951,6.27,3.9299999999999997,0.71,19.44,1.48,3.71,8.25,12.84,5.53,20.58,48.532,13450000000.0,15450000000.0,16.75,1.70,1.68,11.45,1.68,2780000000.0,11.45,698250000.0,3.696,5.00,14.40,678400000.0,3.62,2590000000.0,0.901,19.496,1150000000.0,1.294,3.98,82.97,3570000.0,4.534,1.99,4220000.0,outperform
5818,2011-10-11 02:30:33,1318314633.0,omc,37.35,30.84,1195.540039,19.83,11.010000000000002,76.01,13.18,0.82,3.05,6.79,12.92,6.02,23.64,45.90,13060000000.0,13060000000.0,10.91,1.21,0.99,6.62,0.99,12540000000.0,6.62,889100000.0,3.05,13.10,14.70,1000000000.0,3.59,3220000000.0,0.87,12.72,13060000000.0,1.25,0.75,89.40,8660000.0,3.20,3.10,7440000.0,outperform
5819,2005-03-14 22:10:41,1110856241.0,omc,37.74,-8.72,1206.829956,7.51,-16.23,0.709,24.09,1.74,4.50,8.00,12.40,5.42,19.80,50.447,16770000000.0,18630000000.0,18.31,1.68,1.97,13.82,1.97,2780000000.0,13.82,697800000.0,3.72,5.00,14.40,453300000.0,2.42,2580000000.0,0.886,19.562,1020000000.0,1.26,4.02,82.13,5000000.0,4.907,2.78,5000000.0,underperform
5820,2013-06-08 08:40:38,1370695238.0,omc,57.9,20.71,1608.900024,20.61,0.10000000000000142,115.81,17.47,1.10,4.97,6.98,12.67,5.57,27.46,53.96,18430000000.0,18430000000.0,14.60,1.76,1.29,8.79,1.29,14220000000.0,8.79,975400000.0,3.66,0.20,2.80,2089999999.9999998,8.08,4460000000.0,0.97,12.27,1240000000.0,1.46,0.73,96.10,16420000.000000002,9.20,7.10,17460000.0,outperform
5821,2006-12-06 22:27:42,1165462062.0,omc,44.21,-4.91,1412.900024,6.68,-11.59,0.832,21.71,1.61,4.81,7.56,12.93,5.81,22.32,63.905,17770000000.0,20110000000.0,N/A,1.74,1.81,12.311,1.81,3070000000.0,12.311,839400000.0,4.79,9.50,10.00,848800000.0,4.967,3070000000.0,0.93,21.766001,1690000000.0,1.04,0.63,85.60,3110000.0,2.6,1.80,2570000.0,underperform
5822,2008-01-16 19:28:16,1200529696.0,omc,37.67,-40.19,1373.199951,-38.56,-1.6299999999999955,0.794,15.69,1.17,3.70,7.65,13.04,5.81,24.85,37.253,14400000000.0,16760000000.000002,N/A,1.22,1.36,9.287,1.36,3290000000.0,9.287,939100000.0,2.81,14.20,11.80,635200000.0,1.943,3070000000.0,0.903,11.844,1520000000.0,0.67,0.62,83.00,7440000.0,3.7,2.30,7010000.0,underperform
5823,2006-08-30 23:01:55,1156993315.0,omc,37.38,14.5,1305.369995,11.66,2.84,0.891,18.98,1.40,4.15,7.60,12.93,5.69,22.15,61.579,15130000000.0,17310000000.0,N/A,1.48,1.60,10.838,1.60,3070000000.0,10.838,824100000.0,4.64,8.10,7.90,1140000000.0,6.608,3240000000.0,0.95,21.35,1750000000.0,1.21,0.63,85.90,2120000.0,1.8,1.20,2880000.0,outperform
5824,2013-05-20 09:20:49,1369056049.0,hog,58.14,21.84,1666.290039,12.4,9.44,199.30,20.05,2.33,5.02,11.81,19.10,7.21,25.84,25.32,17840000000.0,17840000000.0,15.37,1.10,3.12,14.14,3.12,2140000000.0000002,14.14,676020000.0,2.97,30.30,9.90,808220000.0,3.60,5300000000.0,1.94,11.84,766590000.0,1.56,0.38,82.20,6430000.0,3.70,2.90,6250000.0,outperform
5825,2008-12-29 00:04:11,1230527051.0,hog,14.41,65.16,869.419983,29.53,35.629999999999995,1.269,4.90,0.60,1.47,12.52,20.00,12.52,31.38,25.819,3680000000.0,6350000000.0,N/A,0.52,1.04,4.406,1.04,2330000000.0,4.406,762990000.0,3.23,37.10,6.40,504910000.0,2.169,3170000000.0,2.181,10.739,791330000.0,1.65,0.96,88.80,30420000.0,4.5,13.20,25120000.0,outperform
5826,2013-03-28 13:31:30,1364491890.0,hog,52.11,25.95,1569.189941,18.38,7.57,199.51,19.42,2.12,4.63,11.18,18.43,6.82,25.07,24.57,16090000000.0,16090000000.0,13.51,0.98,2.88,13.43,2.88,2140000000.0000002,13.43,623920000.0,2.72,N/A,N/A,863350000.0,3.85,5100000000.0,2.70,11.40,801460000.0,1.62,0.38,82.20,5750000.0,3.10,2.50,6040000.0,outperform
5827,2012-05-19 11:51:53,1337442713.0,hog,44.96,26.07,1324.800049,24.58,1.490000000000002,216.34,16.30,1.90,4.07,11.82,17.56,6.37,24.45,23.81,14870000000.0,14870000000.0,12.65,1.13,2.70,12.94,2.70,1960000000.0,12.94,600850000.0,2.78,44.30,16.70,1060000000.0,4.65,5570000000.0,1.75,11.24,916620000.0,1.80,0.33,81.80,8480000.0,3.50,3.70,7980000.0,outperform
5828,2012-07-26 07:09:32,1343300972.0,hog,41.78,30.06,1360.02002,24.38,5.68,216.34,15.15,1.75,3.74,11.82,17.56,6.37,24.45,23.81,14140000000.0,14140000000.0,11.78,0.81,2.56,12.30,2.56,1960000000.0,12.30,600850000.0,2.78,44.30,16.70,1060000000.0,4.65,5570000000.0,1.75,11.24,916620000.0,1.90,0.37,80.80,7540000.0,3.30,3.30,7500000.0,outperform
5829,2007-03-27 03:14:13,1174979653.0,hog,51.14,-32.87,1428.609985,-6.12,-26.749999999999996,0.618,15.45,2.55,5.73,16.86,25.91,18.82,35.72,23.39,15650000000.0,16570000000.0,N/A,1.35,2.68,9.016,2.68,2440000000.0,9.016,1040000000.0,3.93,9.70,12.50,896530000.0,3.481,1700000000.0,2.225,10.681,761780000.0,1.53,0.46,81.10,18880000.0,7.7,7.40,18390000.0,underperform
5830,2011-10-22 09:02:08,1319288528.0,hog,32.91,31.36,1209.880005,20.45,10.91,214.31,19.86,1.64,3.29,8.57,16.45,5.43,18.84,22.28,12690000000.0,12690000000.0,12.75,0.76,2.44,12.06,2.44,1740000000.0,12.06,451360000.0,1.89,106.70,10.90,1610000000.0,6.93,5570000000.0,1.80,10.71,12690000000.0,2.54,0.29,78.80,11330000.0,5.50,5.40,11280000.0,outperform
5831,2007-05-01 05:40:31,1178012431.0,hog,54.5,-38.17,1486.300049,-6.78,-31.39,0.477,16.54,2.72,5.83,16.43,25.16,17.91,33.36,23.384,16300000000.0,16969999999.999998,N/A,1.41,2.79,9.603,2.79,2440000000.0,9.603,1000000000.0,3.83,18.00,6.70,928510000.0,3.606,1350000000.0,2.592,11.013,915690000.0,1.55,0.46,81.20,17600000.0,6.1,6.90,18230000.0,underperform
5832,2008-12-14 21:11:55,1229307115.0,hog,14.29,78.38,873.590027,27.53,50.849999999999994,1.269,5.05,0.61,1.49,12.52,20.00,12.52,31.38,25.819,3800000000.0,6460000000.0,N/A,0.53,1.06,4.485,1.06,2330000000.0,4.485,762990000.0,3.23,37.10,6.40,504910000.0,2.169,3170000000.0,2.181,10.739,791330000.0,1.65,0.96,88.80,30420000.0,4.5,13.20,25120000.0,outperform
5833,2007-12-17 04:05:00,1197882300.0,hog,39.61,-60.26,1445.900024,-36.84,-23.419999999999995,0.521,11.44,1.76,4.67,15.99,24.37,19.05,38.40,24.654,10860000000.0,11630000000.0,N/A,1.06,1.86,6.735,1.86,2440000000.0,6.735,1000000000.0,3.93,15.30,5.40,456740000.0,1.892,1230000000.0,2.356,9.786,846460000.0,1.37,0.82,75.50,17440000.0,8.7,7.30,18460000.0,underperform
5834,2009-01-23 00:21:46,1232688106.0,hog,10.5,130.29,831.950012,36.79,93.5,1.269,3.84,0.52,1.26,12.52,20.00,12.52,31.38,25.819,2890000000.0,5820000000.0,N/A,0.52,0.96,4.041,0.96,2330000000.0,4.041,762990000.0,3.227,37.10,6.40,504910000.0,2.169,3170000000.0,2.181,10.739,791330000.0,1.65,0.96,88.70,23970000.0,7.4,10.40,28020000.0,outperform
5835,2011-02-09 17:48:54,1297291734.0,nee,48.01,13.58,1320.880005,2.35,11.23,143.99,11.65,1.51,1.60,12.78,21.17,3.99,14.27,37.09,43530000000.0,43530000000.0,11.72,2.19,2.84,8.16,2.84,5590000000.0,8.16,1960000000.0,4.74,24.40,6.60,302000000.0,0.72,20820000000.0,0.76,34.68,43530000000.0,0.58,0.20,63.70,3410000.0,1.80,0.80,3300000.0,outperform
5836,2010-07-02 00:31:02,1278045062.0,nee,41.75,21.53,1022.580017,27.85,-6.32,N/A,11.07,1.30,1.52,11.61,18.96,3.83,14.27,38.35,39700000000.0,39700000000.0,10.88,1.92,2.55,7.98,2.55,5590000000.0,7.98,1810000000.0,4.42,52.70,2.20,1220000000.0,2.93,20510000000.0,0.71,32.16,39700000000.0,0.64,N/A,N/A,6820000.0,1.90,1.70,8380000.000000001,underperform
5837,2013-05-10 11:44:07,1368200647.0,nee,75.76,28.17,1633.699951,14.97,13.200000000000001,172.35,19.54,2.39,2.09,12.16,22.64,3.26,9.76,33.81,62370000000.0,62370000000.0,15.04,2.65,4.40,12.27,4.40,5980000000.0,12.27,1530000000.0,4.09,41.00,2.70,215000000.0,0.51,27920000000.0,0.46,38.21,4240000000.0,0.38,0.21,70.60,10350000.0,5.50,2.50,10050000.0,outperform
5838,2011-08-17 18:37:32,1313620652.0,nee,48.8,31.45,1193.890015,18.56,12.89,144.98,12.52,1.52,1.55,12.05,19.61,3.52,12.89,36.67,44410000000.0,44410000000.0,11.62,2.09,2.92,8.88,2.92,6200000000.0,8.88,1830000000.0,4.40,39.10,10.30,298000000.0,0.71,21610000000.0,0.75,35.29,44410000000.0,0.58,0.23,65.00,5070000.0,3.40,1.20,5630000.0,outperform
5839,2011-08-09 10:01:02,1312898462.0,mur,46.78,8.83,1172.530029,19.59,-10.76,13.42,10.23,0.38,1.14,3.34,6.21,7.65,11.61,148.90,10150000000.0,10150000000.0,6.78,0.92,0.35,3.31,0.35,5200000000.0,3.31,957420000.0,4.93,14.40,54.20,801250000.0,4.14,1180000000.0,1.26,44.11,10150000000.0,1.13,7.70,78.60,3620000.0,2.10,2.30,3760000.0,underperform
5840,2007-04-12 05:02:55,1176368575.0,mur,48.25,51.85,1447.800049,-7.94,59.79,0.195,14.48,0.71,2.50,4.99,9.02,11.71,19.12,76.046,10140000000.0,9780000000.0,N/A,1.53,0.69,5.818,0.69,2860000000.0,5.818,705280000.0,3.73,3.50,25.30,469350000.0,2.509,794190000.0,1.519,21.606001,1070000000.0000001,0.18,9.08,78.30,6460000.0,4.4,3.80,6480000.0,outperform
5841,2007-02-22 07:08:29,1172146109.0,mur,44.55,49.2,1456.380005,-7.09,56.290000000000006,0.195,13.84,0.68,2.35,4.99,9.02,11.71,19.12,76.046,9670000000.0,9990000000.0,N/A,1.54,0.71,5.942,0.71,2860000000.0,5.942,705280000.0,3.73,3.50,25.30,469350000.0,2.509,794190000.0,1.519,21.73,1070000000.0000001,0.18,8.22,75.80,6460000.0,4.4,3.80,6480000.0,outperform
5842,2009-02-02 21:45:14,1233629114.0,mur,37.48,26.04,825.4400019999999,33.66,-7.619999999999997,0.164,4.55,0.29,1.29,6.37,9.79,16.37,31.91,150.872,8199999999.999999,8050000000.000001,N/A,0.77,0.28,2.247,0.28,2040000000.0,2.247,1820000000.0,9.46,192.90,71.90,1440000000.0,7.556,1070000000.0000001,1.575,34.226002,3420000000.0,40.07,7.60,78.40,3830000.0,1.4,2.20,4160000.0,underperform
5843,2007-01-26 10:31:30,1169825490.0,mur,41.48,44.19,1422.180054,-5.88,50.07,0.195,12.75,0.63,2.19,4.99,9.02,11.71,19.12,76.046,8910000000.0,9230000000.0,N/A,1.50,0.65,5.49,0.65,2860000000.0,5.49,705280000.0,3.73,3.50,25.30,469350000.0,2.509,794190000.0,1.519,21.73,1070000000.0000001,0.13,9.08,76.70,6480000.0,5.2,3.80,6140000.0,outperform
5844,2004-11-06 23:40:56,1099802456.0,mur,33.61,22.97,1143.199951,6.71,16.259999999999998,0.472,20.20,1.15,3.17,5.80,8.68,7.85,18.63,69.658,7500000000.0,7660000000.0,13.56,1.28,1.18,8.22,1.18,915440000.0,8.22,376230000.0,4.036,163.80,34.20,947010000.0,10.29,1110000000.0,1.818,25.548,868300000.0,0.501,10.98,71.38,1400000.0,2.517,1.71,1170000.0,outperform
5845,2005-02-05 16:23:18,1107638598.0,mur,38.18,19.7,1193.189941,6.51,13.19,0.438,19.16,1.09,3.39,5.78,9.52,8.71,20.20,82.55,8410000000.0,8539999999.999999,17.51,0.97,1.11,7.84,1.11,915440000.0,7.84,445300000.0,4.77,163.80,34.20,955130000.0,10.38,1090000000.0,1.738,27.063999,979630000.0,0.499,10.99,71.79,N/A,1.733,0.88,N/A,outperform
5846,2004-12-10 07:15:18,1102680918.0,mur,32.89,36.15,1188.0,5.84,30.31,0.438,16.48,0.94,2.90,5.78,9.52,8.71,20.20,82.55,7230000000.0,7360000000.0,12.86,1.23,0.95,6.75,0.95,915440000.0,6.75,445300000.0,4.769,163.80,34.20,955130000.0,10.38,1090000000.0,1.738,27.063999,979630000.0,0.5,10.99,72.03,1280000.0,2.311,1.57,1400000.0,outperform
5847,2006-09-02 12:04:58,1157213098.0,mur,41.18,27.03,1305.369995,11.66,15.370000000000001,0.229,13.15,0.69,2.38,5.37,9.46,12.13,20.48,71.715,9300000000.0,9760000000.0,N/A,1.43,0.73,5.839,0.73,2860000000.0,5.839,704900000.0,3.78,38.40,37.00,414710000.0,2.22,880160000.0,1.564,20.584999,956950000.0,0.28,9.09,78.80,5220000.0,3.5,3.10,5700000.0,outperform
5848,2013-05-25 11:43:44,1369496624.0,mur,61.06,-0.44,1655.349976,14.33,-14.77,27.44,11.47,0.42,1.30,3.68,5.60,6.06,9.76,146.59,13450000000.0,13450000000.0,9.36,1.56,0.48,3.91,0.48,4040000000.0,3.91,890580000.0,5.37,24.30,4.40,1330000000.0,6.98,2510000000.0,1.25,47.85,2990000000.0,1.69,6.49,84.50,6730000.0,4.10,3.70,7480000.0,underperform
5849,2004-06-28 08:52:25,1088427145.0,wag,31.22,31.07,1133.349976,6.02,25.05,N/A,28.25,1.02,N/A,3.61,5.71,11.21,17.90,35.212,36780000000.0,36780000000.0,24.09,1.79,1.01,17.73,1.01,8800000000.0,17.73,1310000000.0,1.271,15.40,13.30,N/A,N/A,N/A,N/A,N/A,1480000000.0,0.361,0.68,60.79,15020000.0,5.68,1.48,18330000.0,outperform
5850,2012-04-18 22:01:44,1334800904.0,wag,33.73,41.27,1385.140015,11.3,29.970000000000002,16.15,12.11,0.41,2.04,3.60,5.43,9.27,17.85,82.21,31570000000.0,31570000000.0,12.33,1.46,0.43,6.29,0.43,20490000000.0,6.29,2630000000.0,2.93,7.60,0.80,1080000000.0,1.26,2390000000.0,1.55,17.17,3410000000.0,1.26,0.04,67.10,27830000.0,3.20,3.20,28030000.0,outperform
5851,2005-02-07 01:45:29,1107758729.0,wag,37.66,-0.27,1201.719971,4.42,-4.6899999999999995,1.805,31.66,1.16,5.31,3.72,5.78,11.12,18.08,37.523,45110000000.0,43800000000.0,25.24,1.87,1.13,19.42,1.13,10200000000.0,19.42,1440000000.0,1.40,15.70,15.40,1310000000.0,1.29,1.805,1.805,8.244,1590000000.0,0.279,0.67,61.09,14580000.0,4.613,1.44,15270000.0,underperform
5852,2012-01-07 15:54:37,1325969677.0,wag,30.98,18.56,1277.300049,14.25,4.309999999999999,16.36,11.19,0.39,1.95,3.68,5.57,9.33,18.51,80.85,30200000000.0,30200000000.0,10.95,1.36,0.41,5.93,0.41,20490000000.0,5.93,2690000000.0,2.96,4.50,4.70,1090000000.0,1.25,2400000000.0,1.47,16.80,3290000000.0,1.04,0.04,67.10,20370000.0,2.30,2.30,20190000.0,outperform
5853,2007-03-18 08:03:17,1174219397.0,wag,40.0,-21.12,1392.280029,-8.31,-12.81,N/A,25.61,0.93,4.50,3.73,5.78,11.03,19.07,48.809,46300000000.0,45530000000.0,N/A,1.42,0.93,12.831,0.93,13170000000.0,12.831,1840000000.0,1.81,24.90,16.60,769400000.0,0.769,N/A,1.561,10.151,2500000000.0,0.02,0.39,64.00,17450000.0,4.7,1.80,18170000.0,underperform
5854,2004-11-30 07:01:50,1101816110.0,wag,32.96,20.24,1173.819946,6.45,13.79,1.904,29.16,1.05,4.80,3.63,5.71,10.94,17.64,36.365,39300000000.0,37770000000.0,22.49,1.67,1.01,17.63,1.01,10200000000.0,17.63,1360000000.0,1.319,15.70,15.40,1700000000.0,1.66,1.904,1.904,8.041,1650000000.0,0.282,0.68,61.82,16270000.0,5.577,1.60,15040000.0,outperform
5855,2012-07-13 17:22:36,1342214556.0,wag,29.25,60.92,1356.780029,21.8,39.120000000000005,15.96,10.51,0.36,1.72,3.54,5.28,8.79,17.24,82.83,26240000000.0,26240000000.0,10.43,1.11,0.36,5.34,0.36,20490000000.0,5.34,2570000000.0,2.91,10.90,3.40,2000000000.0,2.32,2400000000.0,1.54,17.52,4019999999.9999995,1.20,0.04,66.80,26450000.0,2.40,3.00,30040000.0,outperform
5856,2004-04-12 02:45:02,1081752302.0,wag,28.69,31.79,1145.199951,3.72,28.07,1.786,28.47,1.02,4.66,3.55,5.63,10.79,17.30,32.71,33930000000.0,33820000000.0,22.37,1.65,1.00,17.8,1.00,8800000000.0,17.8,1200000000.0,1.163,15.40,13.30,868100000.0,0.85,1.786,1.786,7.198,1510000000.0,0.368,0.68,61.22,14360000.0,5.033,1.41,12620000.0,outperform
5857,2012-10-13 10:40:20,1350139220.0,wag,34.35,61.43,1432.560059,18.15,43.28,29.57,14.85,0.45,1.76,2.97,4.84,7.11,12.86,81.89,36220000000.0,36220000000.0,9.64,0.85,0.51,7.82,0.51,20490000000.0,7.82,2130000000.0,2.42,55.40,5.00,1300000000.0,1.46,5390000000.0,1.23,20.49,4430000000.0,1.17,8.52,66.70,22520000.0,3.20,2.60,21500000.0,outperform
5858,2007-10-11 05:26:40,1192094800.0,wag,33.97,-39.33,1554.410034,-42.15,2.8200000000000003,N/A,19.16,0.72,N/A,3.80,5.86,10.81,19.25,53.837,38620000000.0,38940000000.0,N/A,1.28,0.72,10.176,0.72,13170000000.0,10.176,2040000000.0,2.03,N/A,N/A,N/A,N/A,N/A,1.41,N/A,2360000000.0,0.03,0.36,63.70,18550000.0,4.1,1.90,21190000.0,outperform
5859,2011-12-29 01:16:52,1325139412.0,wag,31.54,12.59,1263.02002,11.04,1.5500000000000007,16.36,11.26,0.40,2.00,3.68,5.57,9.32,18.51,80.85,30650000000.0,30650000000.0,10.95,1.29,0.42,6.02,0.42,20490000000.0,6.02,2690000000.0,2.96,4.50,4.70,1090000000.0,1.24,2400000000.0,1.47,16.68,3290000000.0,1.04,0.03,66.40,20190000.0,2.30,2.30,20030000.0,outperform
5860,2008-12-06 05:39:26,1228559966.0,wag,21.42,59.9,870.73999,26.32,33.58,0.114,11.97,0.41,1.88,3.65,5.85,10.35,18.00,59.594,25660000000.0,25220000000.0,N/A,0.86,0.43,5.876,0.43,16640000000.0,5.876,2160000000.0,2.17,11.90,8.80,443000000.0,0.448,1460000000.0,1.57,13.01,3040000000.0,0.74,0.38,66.40,20660000.0,2.9,2.10,21630000.0,outperform
5861,2004-09-18 08:36:56,1095511016.0,wag,32.08,20.04,1120.369995,9.58,10.459999999999999,1.932,29.17,1.04,4.73,3.61,5.69,11.01,17.57,35.212,37980000000.0,37200000000.0,24.88,1.84,1.02,17.99,1.02,8800000000.0,17.99,1310000000.0,1.271,15.40,13.30,1580000000.0,1.54,1.932,1.932,7.821,1780000000.0,0.251,0.68,60.83,17920000.0,6.584,1.76,16760000.000000002,outperform
5862,2007-04-10 04:46:38,1176194798.0,wag,40.83,-20.21,1448.390015,-6.48,-13.73,N/A,24.05,0.91,4.38,3.85,5.97,11.82,19.63,50.696,46640000000.0,45320000000.0,N/A,1.38,0.89,12.029,0.89,13170000000.0,12.029,1970000000.0,1.94,24.50,14.60,958100000.0,0.957,N/A,1.667,10.563,2540000000.0,0.12,0.39,64.10,18170000.0,4.1,1.80,17450000.0,underperform
5863,2011-10-09 07:41:39,1318160499.0,wag,31.27,10.75,1164.969971,24.97,-14.219999999999999,16.23,11.36,0.42,2.02,3.76,5.45,9.15,18.56,78.88,30950000000.0,30950000000.0,10.34,1.37,0.43,6.17,0.43,18980000000.0,6.17,2710000000.0,2.94,68.50,6.50,1560000000.0,1.73,2410000000.0,1.52,16.48,30950000000.0,1.11,0.03,66.40,20290000.0,2.50,2.20,20410000.0,underperform
5864,2013-05-11 11:37:15,1368286635.0,wag,48.06,42.93,1632.689941,14.88,28.049999999999997,33.51,21.66,0.64,2.39,2.91,4.86,6.92,12.19,77.78,49210000000.0,49210000000.0,13.20,1.08,0.70,10.68,0.70,20340000000.0,10.68,2060000000.0,2.25,10.70,N/A,2440000000.0,2.58,6360000000.0,1.38,20.02,4410000000.0,1.35,7.76,62.90,12380000.0,1.80,1.40,12890000.0,outperform
5865,2004-01-15 13:02:43,1074189763.0,wag,29.87,20.32,1132.050049,4.63,15.690000000000001,N/A,29.81,1.05,4.82,3.55,5.63,10.79,17.30,32.71,35530000000.0,34670000000.0,23.27,1.73,1.03,18.24,1.03,8800000000.0,18.24,1200000000.0,1.163,15.40,13.30,868100000.0,0.85,N/A,1.786,7.2,N/A,0.335,0.68,60.84,17520000.0,7.387,1.72,16700000.0,outperform
5866,2013-04-22 02:33:44,1366612424.0,wag,48.64,38.53,1562.5,20.29,18.240000000000002,33.51,21.94,0.65,2.43,2.91,4.86,6.92,12.19,77.78,50670000000.0,50670000000.0,13.37,1.09,0.72,10.99,0.72,20340000000.0,10.99,2060000000.0,2.25,10.70,N/A,2440000000.0,2.58,6360000000.0,1.38,20.02,4410000000.0,1.34,7.76,62.90,12890000.0,1.70,1.50,16079999.999999998,outperform
5867,2009-04-15 12:31:18,1239813078.0,wag,26.01,27.72,852.0599980000001,42.2,-14.480000000000004,N/A,13.90,0.47,2.10,3.38,5.64,9.44,16.03,61.697,29450000000.0,29450000000.0,N/A,1.18,0.48,6.749,0.48,16640000000.0,6.749,2060000000.0,2.08,6.70,7.00,1560000000.0,1.572,2340000000.0,1.678,13.793,3270000000.0,0.69,0.35,66.40,23390000.0,2.1,2.40,25100000.0,underperform
5868,2005-01-12 14:20:58,1105557658.0,wag,36.19,3.92,1187.699951,8.28,-4.359999999999999,1.805,29.87,1.10,5.05,3.72,5.78,11.12,18.08,37.523,42560000000.0,41250000000.0,23.95,1.77,1.07,18.29,1.07,10200000000.0,18.29,1440000000.0,1.395,15.70,15.40,1310000000.0,1.29,1.805,1.805,8.244,1650000000.0,0.279,0.67,61.38,15270000.0,6.712,1.50,16270000.0,underperform
5869,2012-09-23 18:53:53,1348440833.0,wag,34.27,62.45,1460.26001,16.54,45.910000000000004,15.96,12.07,0.42,2.03,3.54,5.28,8.79,17.24,82.83,30920000000.0,30920000000.0,11.40,1.20,0.43,6.30,0.43,20490000000.0,6.30,2570000000.0,2.91,10.90,3.40,2000000000.0,2.32,2400000000.0,1.54,17.52,4019999999.9999995,1.20,0.04,66.80,21440000.0,3.50,2.40,24170000.0,outperform
5870,2009-09-23 19:38:22,1253749102.0,wag,30.92,-12.29,1060.869995,6.03,-18.32,N/A,17.03,0.55,2.42,3.24,5.53,9.21,15.07,62.881,34310000000.000004,34310000000.000004,N/A,1.31,0.55,7.836,0.55,16640000000.0,7.836,2009999999.9999998,2.03,8.70,8.00,2400000000.0,2.418,2350000000.0,1.757,14.296,3810000000.0,0.79,0.35,67.80,18560000.0,1.90,1.90,17890000.0,underperform
5871,2006-09-06 09:28:51,1157549331.0,wag,44.08,-10.19,1300.26001,13.71,-23.9,N/A,30.58,1.10,5.13,3.65,5.65,10.83,18.02,45.197,50300000000.0,48500000000.0,N/A,1.74,1.06,15.13,1.06,11790000000.0,15.13,1670000000.0,1.63,14.20,12.40,1800000000.0,1.789,N/A,1.768,9.719,2520000000.0,0.49,0.44,64.40,19810000.0,5.6,2.00,18070000.0,underperform
5872,2011-11-08 07:04:00,1320753840.0,wag,31.1,4.5,1275.920044,9.3,-4.800000000000001,16.23,11.27,0.41,1.99,3.76,5.69,9.55,18.56,78.88,30320000000.0,30320000000.0,10.42,1.22,0.42,5.91,0.42,20490000000.0,5.91,2710000000.0,2.94,68.50,6.50,1560000000.0,1.75,2410000000.0,1.52,16.70,30320000000.0,1.01,0.03,66.40,19390000.0,2.30,2.10,20490000.0,underperform
5873,2008-10-29 19:25:53,1225322753.0,csx,13.07,0.61,930.090027,14.62,-14.01,0.923,12.72,1.52,1.98,13.29,23.88,6.37,17.10,27.468,17900000000.0,23950000000.0,N/A,0.66,2.15,6.702,2.15,3560000000.0,6.702,1480000000.0,3.567,6.10,18.40,971000000.0,2.462,7910000000.0,0.972,21.733,2560000000.0,1.04,15.01,67.60,9700000.0,1.1,2.50,12280000.0,underperform
5874,2011-09-03 08:40:17,1315053617.0,csx,20.35,4.62,1218.890015,14.82,-10.2,97.08,13.22,2.08,2.64,15.43,29.79,7.60,19.92,10.14,29900000000.0,29900000000.0,10.13,0.79,2.64,6.88,2.64,N/A,6.88,1740000000.0,1.56,22.20,13.40,1300000000.0,1.18,8680000000.0,1.19,8.15,29900000000.0,1.33,0.43,73.20,11360000.0,0.90,1.20,9330000.0,underperform
5875,2008-01-22 19:43:06,1201048986.0,csx,13.04,-32.59,1310.5,-35.88,3.289999999999999,0.788,15.03,1.76,1.97,13.38,21.40,5.22,13.87,22.565,18240000000.0,22990000000.0,N/A,1.14,2.33,7.681,2.33,5520000000.0,7.681,1210000000.0,2.89,24.10,3.40,1240000000.0,2.94,6910000000.0,1.375,20.898001,2510000000.0,1.08,8.70,74.30,16990000.0,3.7,4.10,25550000.0,outperform
5876,2007-01-14 23:56:03,1168836963.0,csx,10.25,27.61,1423.819946,-0.53,28.14,0.695,13.40,1.59,1.72,12.78,19.85,4.77,14.63,21.367,15100000000.0,20450000000.0,N/A,0.81,2.18,7.504,2.18,7610000000.0,7.504,1200000000.0,2.59,100.00,13.80,660000000.0,1.517,6010000000.0,0.842,19.868999,1700000000.0,1.27,0.27,72.50,14070000.0,3.3,3.20,11270000.0,outperform
5877,2004-09-18 21:29:27,1095557367.0,csx,4.98,32.93,1120.369995,9.58,23.35,1.157,42.96,0.92,1.08,2.16,7.87,0.77,2.61,36.466,7230000000.0,14220000000.0,12.81,1.31,1.82,11.21,1.82,2180000000.0,11.21,169000000.0,0.784,42.00,4.40,728000000.0,3.39,7720000000.0,0.916,31.046,1360000000.0,0.591,0.94,75.12,2440000.0,2.245,1.15,4230000.0,outperform
5878,2003-10-08 23:15:46,1065669346.0,csx,4.36,19.5,1033.780029,9.37,10.13,1.164,14.46,0.78,0.98,5.36,13.08,2.05,6.84,37.734,6280000000.0,13460000000.0,11.29,1.25,1.67,7.85,1.67,2370000000.0,7.85,433000000.0,N/A,44.70,0.50,311000000.0,1.45,7490000000.0,0.696,30.08,N/A,0.506,3.02,71.47,2890000.0,3.192,1.39,2760000.0,outperform
5879,2006-10-23 12:54:48,1161622488.0,csx,10.81,26.18,1377.02002,10.35,15.83,0.691,16.02,1.75,1.86,11.39,19.16,4.51,12.77,20.779,15960000000.0,20840000000.0,N/A,0.91,2.29,8.051,2.29,7610000000.0,8.051,1040000000.0,2.25,136.40,11.80,682000000.0,1.538,5950000000.0,0.735,19.396999,1640000000.0,1.23,0.27,74.00,7420000.0,2.3,1.70,8850000.0,outperform
5880,2008-05-05 03:16:14,1209971774.0,csx,19.42,-51.18,1407.48999,-35.79,-15.39,0.939,19.31,2.53,2.99,14.02,23.12,5.78,14.97,24.461,25970000000.0,32540000000.0,N/A,1.00,3.15,9.933,3.15,3560000000.0,9.933,1340000000.0,3.32,46.30,12.00,1640000000.0,4.048,8210000000.000001,1.263,21.584999,2320000000.0,0.63,9.17,71.10,16970000.0,3.8,4.20,14370000.0,underperform
5881,2005-04-04 22:26:39,1112667999.0,csx,6.33,47.39,1176.119995,11.04,36.35,1.074,22.66,1.13,1.32,5.21,12.47,1.71,6.13,35.64,9170000000.0,15490000000.0,14.07,1.33,1.93,8.95,1.93,2330000000.0,8.95,418000000.0,1.88,37.80,2.90,859000000.0,3.98,7320000000.0,0.901,31.601,1450000000.0,0.697,0.70,80.35,2500000.0,1.88,1.17,2830000.0,outperform
5882,2009-10-16 09:31:17,1255699877.0,csx,14.23,28.39,1087.680054,8.31,20.08,N/A,15.71,1.82,2.17,11.75,25.12,5.91,13.13,25.561,25370000000.0,25370000000.0,N/A,1.74,2.52,7.364,2.52,3670000000.0,7.364,1150000000.0,2.97,20.00,24.80,1180000000.0,3.004,8250000000.0,1.344,21.528,2550000000.0,1.18,0.45,75.00,23040000.0,3.9,5.90,25300000.0,outperform
5883,2007-04-07 23:45:26,1176003926.0,csx,12.2,44.67,1439.369995,-4.87,49.54,0.667,14.52,1.86,1.99,13.69,20.59,4.99,15.51,21.737,17890000000.0,22950000000.0,N/A,1.09,2.40,8.091,2.40,5520000000.0,8.091,1310000000.0,2.82,46.40,8.00,900000000.0,2.06,5960000000.0,1.059,20.427,2060000000.0,1.3,0.18,76.10,24590000.0,3.1,5.70,17880000.0,outperform
5884,2013-05-13 09:58:51,1368453531.0,csx,24.37,19.41,1633.77002,16.14,3.2699999999999996,100.75,14.06,2.21,2.79,15.91,29.59,7.27,20.94,11.39,34330000000.0,34330000000.0,12.65,1.30,2.92,7.55,2.92,7930000000.0,7.55,1870000000.0,1.81,2.20,0.30,1070000000.0000001,1.05,9420000000.0,1.04,9.13,3230000000.0,1.31,0.41,67.90,15350000.0,2.20,1.70,13480000.0,outperform
5885,2004-11-15 19:44:22,1100565862.0,csx,5.58,25.45,1183.810059,3.82,21.63,1.08,20.41,1.03,1.19,4.98,12.33,1.75,6.03,36.867,8050000000.000001,14900000000.0,14.64,1.56,1.88,9.03,1.88,2180000000.0,9.03,395000000.0,1.836,42.00,4.40,629000000.0,2.93,7380000000.0,1.148,31.820999,1260000000.0,0.638,0.57,74.54,3840000.0,3.188,1.80,2370000.0,outperform
5886,2008-01-29 14:33:44,1201635224.0,csx,14.34,-34.66,1362.300049,-35.84,1.1800000000000068,0.836,15.85,1.92,2.22,13.32,22.22,5.50,13.91,22.374,19270000000.0,25810000000.0,N/A,1.09,2.57,8.275,2.57,5520000000.0,8.275,1230000000.0,2.98,5.20,7.60,714000000.0,1.75,7260000000.0,0.933,21.287001,2180000000.0,1.08,8.70,73.50,16990000.0,3.7,4.10,25550000.0,outperform
5887,2011-12-24 04:53:40,1324720420.0,csx,19.61,-1.94,1243.719971,16.08,-18.02,104.67,13.14,1.91,2.68,15.46,29.49,7.74,21.24,10.55,30160000000.0,30160000000.0,11.11,0.93,2.60,6.82,2.60,7350000000.0,6.82,1800000000.0,1.62,12.10,11.10,641000000.0,0.61,8650000000.0,0.90,7.86,3550000000.0,1.40,0.43,73.20,9250000.0,1.10,1.00,10740000.0,underperform
5888,2007-02-20 18:33:46,1172014426.0,azo,127.96,-8.5,1459.680054,-6.83,-1.67,3.469,16.45,1.49,16.66,9.64,17.12,14.60,109.30,81.28,9030000000.0,10760000000.0,N/A,1.11,1.79,9.04,1.79,2940000000.0,9.04,578790000.0,7.77,8.30,4.10,73360000.0,1.038,1870000000.0,1.054,7.612,807050000.0,1.94,32.19,63.00,3030000.0,5.8,4.30,3080000.0,underperform
5889,2007-12-14 13:28:04,1197656884.0,azo,120.07,7.12,1467.949951,-38.74,45.86,12.634,13.62,1.22,44.53,9.70,17.16,14.10,170.49,92.271,7620000000.0,9780000000.0,N/A,0.99,1.57,7.929,1.57,3060000000.0,7.929,604300000.0,8.85,7.00,4.50,N/A,N/A,2160000000.0,2.708,2.708,N/A,1.61,34.94,64.40,2400000.0,3.8,3.70,2530000.0,outperform
5890,2008-12-14 23:44:59,1229316299.0,azo,126.06,25.78,873.590027,27.53,-1.75,37.805,12.59,1.11,120.75,9.79,17.19,14.08,554.39,106.148,7450000000.0,9630000000.0,N/A,0.98,1.47,7.424,1.47,3270000000.0,7.424,640460000.0,10.29,0.90,1.60,85760000.0,1.492,2270000000.0,0.974,1.044,N/A,0.6,0.98,101.00,4300000.0,7.50,7.50,1990000.0,underperform
5891,2011-09-26 20:24:20,1317083060.0,azo,327.12,12.66,1162.949951,23.96,-11.3,N/A,18.03,1.60,N/A,10.37,18.33,15.92,N/A,178.93,16660000000.0,16660000000.0,12.73,0.94,2.12,10.16,2.12,3710000000.0,10.16,816440000.0,18.14,12.10,8.10,97610000.0,2.35,3390000000.0,0.81,31.27,16660000000.0,0.36,33.22,60.30,1360000.0,3.00,N/A,1230000.0,underperform
5892,2004-09-23 22:22:55,1095992575.0,azo,74.73,17.84,1108.359985,9.65,8.19,10.906,11.33,1.10,23.89,10.04,17.72,14.99,187.18,65.067,6210000000.0,8080000000.0,10.06,0.75,1.43,8.1,1.43,2520000000.0,8.1,566200000.0,6.596,20.90,2.50,N/A,1870000000.0,1870000000.0,0.966,3.129,760000000.0,0.404,27.47,95.00,5630000.0,4.939,9.33,5440000.0,outperform
5893,2012-07-23 09:43:24,1343051004.0,azo,377.63,16.11,1350.52002,25.31,-9.2,N/A,16.87,1.67,N/A,10.71,18.78,16.55,N/A,214.38,17650000000.0,17650000000.0,13.95,0.99,2.08,9.80,2.08,4120000000.0,9.80,908110000.0,22.41,9.30,6.70,108640000.0,2.90,3610000000.0,0.83,37.22,1190000000.0,0.26,4.47,77.40,1480000.0,2.70,5.30,2089999.9999999998,underperform
5894,2012-09-23 15:10:51,1348427451.0,azo,371.63,12.43,1460.26001,16.54,-4.109999999999999,N/A,15.83,1.60,N/A,10.81,18.93,N/A,N/A,222.35,17430000000.0,17430000000.0,11.92,0.84,2.03,9.56,2.03,4120000000.0,9.56,930370000.0,23.48,7.40,4.60,103090000.0,2.78,3770000000.0,N/A,41.81,N/A,0.29,4.47,77.40,1400000.0,3.50,5.00,1400000.0,underperform
5895,2013-05-18 09:17:21,1368883041.0,azo,418.28,25.34,1658.780029,12.78,12.56,N/A,16.41,1.71,N/A,10.92,19.13,16.40,N/A,234.55,19060000000.0,19060000000.0,13.20,1.01,2.19,10.10,2.19,4430000000.0,10.10,952020000.0,25.07,5.60,2.80,130580000.00000001,3.62,4000000000.0,0.74,42.96,1270000000.0,0.20,2.51,93.60,2140000.0,6.80,5.90,2049999.9999999998,outperform
5896,2008-12-11 21:04:14,1229047454.0,azo,126.06,23.58,873.590027,26.65,-3.0700000000000003,10.075,12.54,1.18,33.38,9.84,17.23,13.97,202.76,103.052,7510000000.0,9680000000.0,N/A,0.98,1.48,7.482,1.48,3270000000.0,7.482,641610000.0,10.045,12.20,10.40,301260000.0,5.054,2310000000.0,1.027,3.853,921100000.0,0.6,0.98,100.60,1990000.0,1.8,3.50,1640000.0,underperform
5897,2004-10-12 06:35:10,1097577310.0,azo,77.41,4.41,1121.839966,4.98,-0.5700000000000003,10.906,11.67,1.14,36.78,10.04,17.72,14.99,187.18,65.067,6400000000.0,8279999999.999999,9.52,0.69,1.47,8.29,1.47,2520000000.0,8.29,566200000.0,6.596,20.90,2.50,N/A,1870000000.0,1870000000.0,0.966,2.096,760000000.0,0.438,27.47,95.00,5380000.0,7.206,8.92,5630000.0,underperform
5898,2006-06-17 18:32:09,1150583529.0,azo,92.4,47.85,1230.040039,23.81,24.040000000000003,3.21,12.67,1.17,12.23,9.55,16.77,14.52,129.70,77.146,6880000000.0,8620000000.0,N/A,0.94,1.46,7.601,1.46,2790000000.0,7.601,562440000.0,7.30,2.30,5.90,83970000.0,1.13,1830000000.0,1.094,7.606,680860000.0,1.22,28.76,91.90,3040000.0,5.6,4.10,3350000.0,outperform
5899,2007-01-16 14:43:17,1168976597.0,azo,123.74,-13.42,1431.900024,-4.1,-9.32,3.469,16.05,1.47,16.37,9.64,17.12,14.60,109.30,81.28,8810000000.0,10600000000.0,N/A,1.08,1.77,8.909,1.77,2940000000.0,8.909,578790000.0,7.77,8.30,4.10,73360000.0,1.038,1870000000.0,1.054,7.612,807050000.0,1.88,1.06,95.10,3080000.0,4.2,4.40,3470000.0,underperform
5900,2003-10-03 20:37:15,1065227835.0,azo,93.07,-18.55,1029.849976,8.25,-26.8,2.36,17.35,1.52,13.78,9.48,15.90,14.42,74.15,N/A,8330000000.0,9700000000.0,12.79,0.93,1.78,9.89,1.78,2380000000.0,9.89,517600000.0,N/A,143.90,10.50,6640000.0,0.07,1420000000.0,1.022,6.72,N/A,0.448,27.58,95.00,3900000.0,3.853,6.02,4620000.0,underperform
5901,2005-05-11 16:27:52,1115843272.0,azo,84.53,9.45,1171.109985,11.51,-2.0600000000000005,4.942,12.25,1.18,17.51,10.01,17.24,14.56,214.47,68.985,6720000000.0,8560000000.000001,10.23,0.85,1.51,7.71,1.51,2760000000.0,7.71,569420000.0,6.89,9.40,3.30,80140000.0,1.01,1900000000.0,1.123,4.832,569530000.0,0.277,27.78,95.00,5460000.0,3.533,9.49,5580000.0,underperform
5902,2012-10-11 18:03:36,1349993016.0,azo,374.35,13.43,1432.839966,18.87,-5.440000000000001,N/A,16.00,1.62,N/A,10.81,18.93,16.78,N/A,222.35,17640000000.0,17640000000.0,12.05,0.85,2.05,9.68,2.05,4120000000.0,9.68,930370000.0,23.48,7.40,4.60,103090000.0,2.78,3770000000.0,0.82,41.81,N/A,0.31,2.55,89.30,1860000.0,2.60,6.70,1490000.0,underperform
5903,2008-01-23 23:18:18,1201148298.0,azo,114.58,16.15,1338.599976,-38.18,54.33,12.634,12.94,1.12,40.82,9.70,17.16,14.10,170.49,92.271,7240000000.0,N/A,N/A,0.92,N/A,N/A,N/A,3060000000.0,N/A,604300000.0,8.85,7.00,4.50,79810000.0,1.263,2160000000.0,2.707,2.707,904280000.0,1.52,35.91,66.00,3380000.0,4.5,5.40,3440000.0,outperform
5904,2011-11-01 11:07:59,1320160079.0,mpc,33.82,56.71,1218.280029,15.91,40.8,36.47,6.95,0.19,1.42,2.75,4.29,N/A,N/A,187.69,14450000000.0,14450000000.0,5.45,0.13,0.22,3.85,0.22,N/A,3.85,1840000000.0,5.17,98.00,34.50,1620000000.0,4.55,3270000000.0,1.23,25.22,14450000000.0,N/A,N/A,N/A,4920000.0,1.30,N/A,4630000.0,outperform
5905,2012-07-27 04:31:55,1343377915.0,mpc,45.06,52.97,1385.969971,21.64,31.33,36.03,6.65,0.20,1.64,3.24,5.05,9.74,26.91,214.19,16280000000.000002,16280000000.000002,6.64,0.28,0.22,3.44,0.22,10970000000.0,3.44,2450000000.0,6.89,12.70,13.40,2200000000.0,6.47,3320000000.0,1.26,27.11,2740000000.0,N/A,0.25,83.00,5940000.0,1.50,1.70,5410000.0,outperform
5906,2013-04-29 14:44:32,1367261072.0,mpc,80.34,15.68,1593.609985,17.87,-2.1900000000000013,27.77,8.31,0.35,2.32,4.43,6.72,12.14,31.40,225.24,25460000000.0,25460000000.0,7.80,0.58,0.33,4.15,0.33,13300000000.0,4.15,3380000000.0,9.89,N/A,6.40,4860000000.0,14.66,3360000000.0,1.59,35.12,4490000000.0,2.93,0.24,84.40,5880000.0,1.60,2.00,6430000.0,underperform
5907,2012-01-28 15:18:37,1327781917.0,mpc,36.66,81.78,1326.060059,12.73,69.05,32.83,4.98,0.19,1.33,3.76,5.81,11.01,29.07,200.47,13720000000.0,13720000000.0,7.42,0.18,0.19,2.72,0.19,N/A,2.72,2690000000.0,7.54,309.00,32.60,2960000000.0,8.29,3300000000.0,1.36,28.15,4600000000.0,N/A,0.00,79.60,4490000.0,1.50,N/A,4410000.0,outperform
5908,2012-01-28 06:10:10,1327749010.0,mpc,36.66,81.78,1326.060059,12.73,69.05,32.83,4.98,0.19,1.33,3.76,5.81,11.01,29.07,200.47,13720000000.0,13720000000.0,7.42,0.18,0.19,2.72,0.19,N/A,2.72,2690000000.0,7.54,309.00,32.60,2960000000.0,8.29,3300000000.0,1.36,28.15,4600000000.0,N/A,0.00,79.60,4490000.0,1.50,N/A,4410000.0,outperform
5909,2011-12-29 08:17:38,1325164658.0,mpc,31.48,88.44,1263.02002,11.04,77.4,32.83,4.39,0.17,1.18,3.76,5.81,11.01,29.07,200.47,12160000000.0,12160000000.0,6.10,0.13,0.17,2.41,0.17,N/A,2.41,2690000000.0,7.54,309.00,32.60,2960000000.0,8.29,3300000000.0,1.36,28.15,4600000000.0,N/A,N/A,N/A,4990000.0,1.20,N/A,4670000.0,outperform
5910,2011-12-21 22:53:02,1324525982.0,mpc,30.9,95.6,1243.719971,16.08,79.52,32.83,4.33,0.16,1.14,3.76,5.81,11.01,29.07,200.47,11820000000.0,11820000000.0,5.99,0.13,0.17,2.35,0.17,N/A,2.35,2690000000.0,7.54,309.00,32.60,2960000000.0,8.29,3300000000.0,1.36,28.15,4600000000.0,N/A,N/A,N/A,4990000.0,1.20,N/A,4670000.0,outperform
5911,2013-04-22 01:36:59,1366609019.0,mpc,77.98,15.36,1562.5,20.29,-4.93,27.77,7.96,0.33,2.19,4.43,6.72,12.14,31.40,225.24,24600000000.0,24600000000.0,7.47,0.55,0.32,4.01,0.32,13300000000.0,4.01,3380000000.0,9.89,N/A,6.40,4860000000.0,14.66,3360000000.0,1.59,35.12,4490000000.0,2.93,0.24,84.40,6430000.0,1.80,2.20,6300000.0,underperform
5912,2004-04-12 00:28:21,1081744101.0,kr,15.1,-8.87,1145.199951,3.72,-12.59,2.085,42.12,0.23,3.14,0.59,2.55,1.56,7.73,71.417,12740000000.0,20820000000.0,11.88,1.44,0.39,8.06,0.39,13950000000.0,8.06,315000000.0,0.406,15.50,3.30,159000000.0,0.21,8359999999.999999,1.009,5.393,2730000000.0,0.382,1.00,75.84,14530000.0,4.838,1.97,14540000.0,underperform
5913,2013-03-30 23:57:39,1364702259.0,kr,32.33,34.02,1562.849976,18.31,15.710000000000004,210.87,11.96,0.18,4.04,1.55,2.86,7.18,36.88,181.39,25650000000.0,25650000000.0,10.87,1.46,0.27,5.81,0.27,18880000000.0,5.81,1500000000.0,2.77,N/A,12.80,237900000.0,0.46,8880000000.0,0.72,8.19,2840000000.0,0.64,6.43,83.40,10210000.0,2.00,1.90,11050000.0,outperform
5914,2005-09-08 17:44:00,1126215840.0,kr,17.27,22.12,1231.670044,5.46,16.66,2.009,N/A,0.25,3.89,0.12,3.09,5.50,1.76,78.467,14390000000.0,21310000000.0,N/A,1.68,0.37,6.988,0.37,14290000000.0,6.988,69000000.0,0.09,N/A,N/A,135200000.0,0.187,7450000000.0,0.974,5.127,2360000000.0,N/A,0.54,79.30,14680000.0,5.1,2.00,13940000.0,outperform
5915,2005-04-13 07:46:57,1113392817.0,kr,13.92,23.78,1173.790039,9.83,13.950000000000001,1.784,56.05,0.21,2.66,0.38,2.08,1.02,5.02,74.894,11530000000.0,19140000000.0,11.58,1.36,0.34,7.92,0.34,14150000000.0,7.92,211000000.0,0.28,73.90,3.90,130000000.0,0.18,7740000000.0,0.967,5.925,2370000000.0,0.481,0.41,76.47,13400000.0,4.004,1.84,12380000.0,outperform
5916,2012-11-30 23:44:01,1354337041.0,kr,25.5,62.39,1416.180054,27.61,34.78,215.27,24.71,0.15,3.65,0.65,2.50,6.17,13.62,164.96,21780000000.0,21780000000.0,10.09,1.19,0.24,5.49,0.24,18880000000.0,5.49,603000000.0,1.06,0.70,3.90,238000000.0,0.45,8160000000.0,0.78,7.19,2500000000.0,0.54,6.33,83.50,17100000.0,3.10,3.20,17310000.0,outperform
5917,2007-04-09 13:23:50,1176139430.0,kr,25.83,-14.56,1444.609985,-5.47,-9.09,1.43,18.88,0.31,4.17,1.69,3.47,7.10,23.95,92.463,20660000000.0,27510000000.0,N/A,1.68,0.42,7.555,0.42,16000000000.0,7.555,1120000000.0,1.542,36.50,14.50,189000000.0,0.266,7040000000.0,0.891,6.983,2350000000.0,1.07,7.40,81.80,13260000.0,2.9,1.90,11260000.0,underperform
5918,2009-01-06 20:19:49,1231291189.0,kr,22.89,-18.83,934.7000119999999,21.66,-40.489999999999995,1.525,13.99,0.23,3.28,1.61,3.22,6.78,24.37,115.507,16780000000.000002,25160000000.0,N/A,1.51,0.33,6.509,0.33,16460000000.0,6.509,1220000000.0,1.84,6.70,9.00,280000000.0,0.429,8039999999.999999,0.849,8.131,2660000000.0,0.3,6.08,82.60,15430000.0,1.6,2.40,14730000.0,underperform
5919,2009-08-01 05:26:59,1249118819.0,kr,19.17,2.14,975.150024,12.96,-10.82,N/A,10.80,0.18,2.48,1.72,3.37,6.96,24.64,116.437,21200000000.0,21200000000.0,N/A,1.15,0.28,5.282,0.28,17440000000.0,5.282,1300000000.0,1.98,12.70,1.50,638000000.0,0.979,7910000000.0,0.886,8.582,2840000000.0,0.44,5.80,80.60,11000000.0,1.7,1.70,11630000.0,underperform
5920,2006-06-22 20:32:47,1151022767.0,kr,17.8,44.89,1245.599976,20.63,24.26,1.641,15.48,0.24,3.37,1.58,3.36,6.21,23.92,83.637,14690000000.0,21800000000.0,N/A,1.60,0.36,6.607,0.36,14990000000.0,6.607,958000000.0,1.31,N/A,7.50,210000000.0,0.29,7210000000.0,0.963,6.072,2190000000.0,1.12,0.38,82.30,10700000.0,4.3,1.50,11610000.0,outperform
5921,2012-06-29 17:29:41,1341005381.0,kr,22.28,51.84,1362.160034,17.7,34.14,199.31,22.06,0.14,3.08,0.66,2.47,6.05,13.29,159.41,20080000000.0,20080000000.0,9.15,0.97,0.22,5.13,0.22,18880000000.0,5.13,605000000.0,1.05,1.60,5.80,511000000.0,0.94,8109999999.999999,0.81,7.43,2730000000.0,0.42,6.27,82.70,12330000.0,1.80,2.30,13010000.0,outperform
5922,2013-05-12 14:53:56,1368384836.0,kr,33.65,37.8,1626.670044,16.6,21.199999999999996,210.70,12.45,0.19,4.21,1.55,2.88,7.23,36.87,181.52,26610000000.0,26610000000.0,11.27,1.70,0.28,6.00,0.28,19890000000.0,6.00,1480000000.0,2.77,N/A,12.80,238000000.0,0.46,8880000000.0,0.72,8.19,2830000000.0,0.73,6.43,83.40,12350000.0,3.00,N/A,10960000.0,outperform
5923,2007-02-24 20:27:51,1172366871.0,kr,23.4,-3.33,1457.630005,-7.9,4.57,1.505,18.43,0.29,3.99,1.58,3.30,6.50,23.07,89.005,18170000000.0,24970000000.0,N/A,2.00,0.39,7.285,0.39,14990000000.0,7.285,1010000000.0,1.39,16.20,4.80,141000000.0,0.199,6940000000.0,0.879,6.522,1970000000.0,1.3,7.37,82.40,10780000.0,1.9,1.50,11050000.0,outperform
5924,2005-03-29 08:18:38,1112102318.0,kr,13.72,29.66,1165.359985,11.8,17.86,1.784,55.44,0.21,2.65,0.38,2.08,1.02,5.02,74.894,11410000000.0,19020000000.0,11.46,1.35,0.34,7.87,0.34,14150000000.0,7.87,211000000.0,0.28,73.90,3.90,130000000.0,0.18,7740000000.0,0.967,5.925,2370000000.0,0.562,0.41,77.69,13400000.0,4.004,1.84,12380000.0,outperform
5925,2004-11-29 03:16:08,1101716168.0,kr,14.18,18.41,1178.569946,6.7,11.71,1.75,69.49,0.22,2.80,0.32,2.09,0.87,4.27,73.653,12020000000.0,19360000000.0,11.87,1.49,0.35,8.08,0.35,14150000000.0,8.08,178000000.0,0.234,73.90,3.90,127000000.0,0.17,7470000000.0,0.906,5.8,2210000000.0,0.496,1.00,76.02,14430000.0,4.945,1.97,14180000.0,outperform
5926,2008-02-03 19:19:05,1202084345.0,kr,22.68,-10.85,1378.550049,-40.12,29.269999999999996,1.565,14.78,0.25,3.59,1.78,3.54,7.22,26.50,100.013,17550000000.0,24850000000.0,N/A,1.41,0.36,6.533,0.36,16000000000.0,6.533,1240000000.0,1.76,18.10,9.80,166000000.0,0.246,7460000000.0,0.772,7.086,2800000000.0,1.01,6.31,80.10,11660000.0,1.7,1.70,14370000.0,outperform
5927,2004-12-16 11:47:39,1103215659.0,kr,15.07,10.82,1203.209961,5.33,5.49,1.784,62.24,0.23,2.96,0.38,2.08,1.02,5.02,74.894,12810000000.0,20410000000.0,13.45,1.80,0.37,8.45,0.37,14150000000.0,8.45,211000000.0,0.281,73.90,3.90,130000000.0,0.18,7740000000.0,0.967,5.923,2210000000.0,0.494,1.00,76.75,14430000.0,4.945,1.99,14180000.0,outperform
5928,2007-01-14 06:03:50,1168772630.0,kr,20.96,9.92,1423.819946,-0.53,10.45,1.505,16.93,0.26,3.64,1.58,3.30,6.50,23.07,89.005,16690000000.000002,23490000000.0,N/A,1.76,0.37,6.853,0.37,14990000000.0,6.853,1010000000.0,1.39,16.20,4.80,141000000.0,0.199,6940000000.0,0.879,6.522,1970000000.0,1.24,0.61,86.60,11050000.0,2.5,1.60,11690000.0,outperform
5929,2013-04-25 01:58:55,1366869535.0,fcx,27.01,23.66,1585.160034,17.55,6.109999999999999,46.19,9.70,1.51,1.51,16.26,29.91,8.91,18.48,18.95,31300000000.0,31300000000.0,6.63,1.95,1.74,4.63,1.74,6450000000.0,4.63,2920000000.0,3.07,15.20,0.50,9600000000.0,10.10,10090000000.0,5.06,18.88,3800000000.0,2.18,0.83,73.00,36610000.0,2.70,3.90,38040000.0,outperform
5930,2007-06-19 11:15:38,1182266138.0,fcx,33.73,48.56,1533.699951,-12.77,61.33,0.738,11.22,4.54,2.58,24.01,50.18,9.68,18.53,35.398,31830000000.0,44720000000.0,N/A,0.28,6.38,11.523,6.38,3030000000.0,11.523,1620000000.0,7.44,84.70,112.00,3130000000.0,8.203,12040000000.0,2.359,32.346001,2660000000.0,1.71,0.64,86.70,21920000.0,2.2,5.80,20870000.0,outperform
5931,2012-01-03 13:31:09,1325615469.0,fcx,33.98,-8.06,1277.060059,14.51,-22.57,19.58,6.43,1.56,2.27,24.50,49.01,22.92,43.09,23.60,37260000000.0,37260000000.0,7.81,1.22,1.67,3.06,1.67,9590000000.0,3.06,5470000000.0,5.72,10.60,0.80,5130000000.0,5.41,3540000000.0,3.37,16.20,7930000000.0,1.61,0.89,106.90,17140000.0,1.00,1.80,17470000.0,underperform
5932,2005-01-30 12:33:11,1107106391.0,fcx,14.17,75.79,1174.550049,9.42,66.37,1.677,46.64,3.49,6.38,10.28,29.07,5.02,15.50,12.265,6420000000.0,7820000000.0,16.35,0.73,3.30,8.73,3.30,903590000.0,8.73,156780000.0,0.771,10.30,15.80,551950000.0,3.09,1950000000.0,2.084,5.807,40830000.0,0.973,14.30,95.00,11290000.0,6.007,7.38,10040000.0,outperform
5933,2011-09-03 12:13:56,1315066436.0,fcx,40.24,-24.03,1218.890015,14.82,-38.85,20.71,7.66,1.98,3.04,25.11,50.67,24.95,48.20,23.59,45740000000.0,45740000000.0,7.28,0.51,2.05,3.64,2.05,9590000000.0,3.64,5590000000.0,5.87,106.00,50.50,4380000000.0,4.62,3540000000.0,3.28,15.30,45740000000.0,1.89,0.89,106.90,15960000.0,0.90,N/A,16360000.0,underperform
5934,2008-12-30 17:40:38,1230676838.0,fcx,9.82,240.84,890.6400150000001,26.47,214.37,0.36,3.21,0.44,0.54,16.38,37.74,11.26,17.24,51.992,8820000000.0,18720000000.0,N/A,0.34,0.94,2.027,0.94,7170000000.0,2.027,3020000000.0,7.27,30.00,8.90,1200000000.0,3.183,7210000000.0,1.821,42.466,4470000000.0,2.52,0.87,92.30,43370000.0,1.7,11.60,40640000.0,outperform
5935,2006-06-27 22:16:23,1151460983.0,fcx,19.91,67.81,1239.199951,21.56,46.25,0.591,9.68,2.15,12.56,25.02,52.70,30.91,73.32,24.461,9390000000.0,11490000000.0,N/A,N/A,2.58,4.405,2.58,2530000000.0,4.405,1060000000.0,5.14,83.30,35.20,284070000.0,1.507,1100000000.0,2.317,4.044,1270000000.0,1.93,4.86,93.50,12390000.0,2.7,6.70,12630000.0,outperform
5936,2007-05-16 21:21:03,1179364863.0,fcx,29.02,68.78,1514.140015,-5.98,74.76,0.738,9.58,3.91,2.22,24.01,50.18,9.68,18.53,35.398,27150000000.0,37420000000.0,N/A,0.24,5.34,9.643,5.34,3030000000.0,9.643,1620000000.0,7.44,84.80,112.00,3130000000.0,8.208,12040000000.0,2.359,32.354,2660000000.0,1.55,0.63,52.10,20870000.0,1.4,5.50,26670000.0,outperform
5937,2007-10-25 00:46:08,1193287568.0,fcx,46.07,-77.66,1514.400024,-42.1,-35.559999999999995,0.564,13.22,3.73,3.17,21.68,48.64,15.14,25.57,46.163,42690000000.0,54120000000.0,N/A,0.30,4.75,8.763,4.75,3030000000.0,8.763,2360000000.0,8.46,205.80,307.20,2080000000.0,5.444,9790000000.0,1.854,35.057999,4240000000.0,1.64,5.00,88.40,27300000.0,2.6,7.20,25540000.0,underperform
5938,2003-10-09 05:21:37,1065691297.0,fcx,13.49,17.79,1038.72998,8.03,9.76,6.68,23.81,2.38,13.87,13.88,38.45,6.92,84.99,11.845,5480000000.0,7110000000.0,21.18,1.27,3.17,6.22,3.17,708440000.0,6.22,223160000.0,1.53,45.70,3.90,801170000.0,5.46,2570000000.0,2.28,2.63,N/A,1.094,18.98,95.00,13490000.0,6.849,11.36,23470000.0,outperform
5939,2004-01-31 05:58:18,1075546698.0,fcx,13.99,1.29,1128.47998,4.08,-2.79,2.872,34.74,2.77,7.21,11.11,35.16,5.20,33.60,11.838,6300000000.0,7870000000.0,12.21,1.19,3.56,7.8,3.56,708440000.0,7.8,169810000.0,1.061,45.70,3.90,498620000.0,2.92,2230000000.0,1.741,4.98,N/A,1.264,19.02,85.39,8580000.0,2.993,6.20,15490000.0,underperform
5940,2005-03-01 04:06:30,1109667990.0,fcx,15.78,29.72,1210.410034,6.68,23.04,1.677,54.24,3.09,6.32,10.28,29.07,5.03,15.50,12.265,7470000000.0,8740000000.0,19.01,0.85,3.68,9.75,3.68,903590000.0,9.75,156780000.0,0.77,10.30,15.80,551950000.0,3.09,1950000000.0,2.084,6.508,40830000.0,0.924,14.30,94.21,11910000.0,5.674,7.78,11290000.0,outperform
5941,2007-04-06 06:39:57,1175855997.0,fcx,27.38,49.09,1437.77002,-4.89,53.980000000000004,0.278,10.19,2.30,9.90,25.15,49.54,33.57,67.93,30.36,13320000000.0,11500000000.0,N/A,0.73,1.99,3.633,1.99,2530000000.0,3.633,1400000000.0,6.63,7.70,10.20,907460000.0,4.606,680110000.0,2.212,6.829,1870000000.0,2.27,4.65,92.70,16980000.0,2.9,8.70,15180000.0,outperform
5942,2013-04-23 18:55:15,1366757715.0,fcx,25.8,27.52,1578.780029,18.79,8.73,46.19,9.24,1.51,1.51,16.26,29.91,8.91,18.48,18.95,31300000000.0,31300000000.0,6.32,2.04,1.74,4.63,1.74,6450000000.0,4.63,2920000000.0,3.07,15.20,0.50,9600000000.0,10.10,10090000000.0,5.06,18.88,3800000000.0,2.18,0.83,73.00,36610000.0,2.70,3.90,38040000.0,outperform
5943,2012-03-05 02:19:30,1330931970.0,fcx,35.0,-19.26,1364.329956,12.86,-32.120000000000005,19.06,8.79,1.95,2.60,21.84,43.77,18.59,34.71,22.05,42550000000.0,42550000000.0,7.67,2.40,2.04,4.13,2.04,9960000000.0,4.13,4560000000.0,4.78,58.70,25.70,4820000000.0,5.09,3540000000.0,3.42,16.50,6620000000.0,2.38,0.87,75.30,21580000.0,1.10,2.30,23650000.0,underperform
5944,2011-11-03 05:07:08,1320311228.0,fcx,34.5,1.07,1261.150024,12.14,-11.07,19.58,6.95,1.65,2.39,24.50,49.01,22.92,43.09,23.60,39130000000.0,39130000000.0,8.19,0.76,1.75,3.21,1.75,9590000000.0,3.21,5470000000.0,5.72,10.60,0.80,5130000000.0,5.41,3540000000.0,3.37,16.20,39130000000.0,1.67,0.89,106.90,18420000.0,0.60,2.00,17540000.0,underperform
5945,2012-06-26 21:46:59,1340761619.0,fcx,27.59,-8.05,1319.98999,21.46,-29.51,18.24,7.88,1.52,1.86,19.34,40.14,15.53,27.62,20.87,32990000000.000004,32990000000.000004,6.20,1.54,1.67,3.61,1.67,9960000000.0,3.61,3820000000.0,4.01,49.00,19.30,4500000000.0,4.74,3520000000.0,3.51,17.00,5060000000.0,2.30,0.82,72.50,18860000.0,1.10,2.00,19350000.0,underperform
5946,2011-11-07 23:40:42,1320727242.0,fcx,35.49,0.99,1261.119995,13.26,-12.27,19.58,7.21,1.71,2.49,24.50,49.01,22.92,43.09,23.60,40610000000.0,40610000000.0,8.49,0.75,1.82,3.33,1.82,9590000000.0,3.33,5470000000.0,5.72,10.60,0.80,5130000000.0,5.41,3540000000.0,3.37,16.20,40610000000.0,1.67,0.89,106.90,18420000.0,0.60,2.00,17540000.0,underperform
5947,2013-04-04 23:55:33,1365134133.0,fcx,28.41,14.08,1559.97998,19.56,-5.479999999999999,16.55,9.94,1.66,1.71,16.89,31.95,10.66,19.97,18.98,35230000000.0,35230000000.0,6.63,2.12,1.96,4.98,1.96,6450000000.0,4.98,3040000000.0,3.19,16.10,8.40,3700000000.0,3.90,3530000000.0,3.08,18.49,3770000000.0,2.18,0.83,73.00,38040000.0,2.40,4.00,38410000.0,underperform
5948,2007-02-23 12:15:36,1172250936.0,fcx,24.33,67.08,1451.189941,-6.28,73.36,0.278,8.98,2.03,8.72,25.15,49.54,33.57,67.93,30.36,11730000000.0,12610000000.0,N/A,0.78,2.18,3.982,2.18,2530000000.0,3.982,1400000000.0,6.63,7.70,10.20,907460000.0,4.606,680110000.0,2.212,6.828,1870000000.0,2.27,1.23,87.00,16980000.0,2.9,8.80,15180000.0,outperform
5949,2008-10-27 10:05:36,1225116336.0,fcx,9.83,226.04,848.919983,25.27,200.76999999999998,0.36,3.42,0.47,0.59,16.38,35.01,10.45,17.24,51.992,9400000000.0,19380000000.0,N/A,0.23,0.97,2.229,0.97,7170000000.0,2.229,3020000000.0,7.27,30.00,8.90,1200000000.0,3.18,7210000000.0,1.821,42.466,4470000000.0,2.1,0.99,98.10,40170000.0,2.2,10.60,38590000.0,outperform
5950,2008-05-03 22:36:33,1209868593.0,fcx,46.65,-62.17,1385.589966,-37.01,-25.160000000000004,0.392,13.46,2.03,2.70,18.02,42.15,12.89,20.44,53.242,42220000000.0,51930000000.0,N/A,2.17,2.55,5.117,2.55,7170000000.0,5.117,3380000000.0,8.19,140.60,146.30,1830000000.0,4.781,7570000000.0,2.091,40.028999,6170000000.0,1.84,1.22,96.50,36360000.0,3.3,9.60,35840000.0,underperform
5951,2004-11-21 15:31:21,1101069081.0,fcx,14.81,37.27,1183.550049,6.02,31.250000000000004,1.943,N/A,3.68,6.72,0.21,16.83,0.08,5.94,10.436,6980000000.0,8680000000.0,11.89,5.21,4.59,18.36,4.59,903590000.0,18.36,55490000.0,0.307,10.30,15.80,314110000.0,1.76,2009999999.9999998,2.14,5.807,40830000.0,1.089,19.00,93.89,10810000.0,4.212,7.48,10420000.0,outperform
5952,2008-12-18 07:52:44,1229604764.0,fcx,9.65,228.19,885.2800289999999,24.53,203.66,0.36,3.58,0.47,0.59,16.38,37.74,11.26,17.24,51.992,9820000000.0,19800000000.0,N/A,0.37,1.00,2.144,1.00,7170000000.0,2.144,3020000000.0,7.27,30.00,8.90,1200000000.0,3.183,7210000000.0,1.821,42.466,4470000000.0,2.52,1.00,93.90,43370000.0,1.7,11.60,40640000.0,outperform
5953,2006-11-28 12:48:02,1164736082.0,fcx,24.62,55.77,1386.719971,5.93,49.84,0.324,9.00,2.15,9.36,26.48,52.08,36.56,77.77,30.01,12100000000.0,13280000000.0,N/A,0.80,2.36,4.152,2.36,2530000000.0,4.152,1430000000.0,6.83,102.20,66.40,698890000.0,3.549,774510000.0,2.194,6.563,1740000000.0,1.79,4.65,92.10,9160000.0,2.1,4.70,9910000.0,outperform
5954,2005-04-04 23:29:17,1112671757.0,fcx,15.07,63.17,1176.119995,11.04,52.13,1.677,50.79,3.03,6.15,10.28,29.07,5.02,15.50,12.265,7040000000.0,9700000000.0,16.81,0.77,4.09,10.82,4.09,706500000.0,10.82,156780000.0,0.77,11.30,7.20,551950000.0,3.07,1950000000.0,2.093,6.501,341360000.0,0.907,1.77,91.60,13770000.0,4.188,7.79,11910000.0,outperform
5955,2007-05-15 21:54:14,1179280454.0,fcx,29.3,61.26,1501.189941,-6.16,67.42,0.738,9.67,3.90,2.22,24.01,50.18,9.68,18.53,35.398,27410000000.0,37310000000.0,N/A,0.24,5.32,9.614,5.32,3030000000.0,9.614,1620000000.0,7.44,84.80,112.00,3130000000.0,8.208,12040000000.0,2.359,32.354,2660000000.0,1.55,0.63,52.10,20870000.0,1.4,6.30,26670000.0,outperform
5956,2012-03-28 20:36:00,1332981360.0,fcx,32.33,-8.26,1405.540039,11.64,-19.9,19.06,7.82,1.76,2.35,21.84,43.77,18.59,34.71,22.05,39440000000.0,39440000000.0,6.96,1.94,1.89,3.83,1.89,9960000000.0,3.83,4560000000.0,4.78,58.70,25.70,4820000000.0,5.09,3540000000.0,3.42,16.50,6620000000.0,2.38,0.87,75.30,20110000.0,1.00,2.10,18260000.0,underperform
5957,2005-03-01 02:16:32,1109661392.0,dow,38.56,-18.0,1210.410034,6.68,-24.68,1.026,18.80,1.34,4.37,7.27,11.10,6.78,27.24,42.199,52590000000.0,63030000000.0,9.44,1.83,1.57,13.89,1.57,5920000000.0,13.89,2800000000.0,2.93,61.70,23.10,3190000000.0,3.35,12590000000.0,1.512,12.876,2670000000.0,0.827,1.00,67.93,7560000.0,2.16,0.80,9490000.0,underperform
5958,2003-11-06 03:58:21,1068109101.0,dow,25.51,29.48,1058.050049,10.22,19.259999999999998,1.652,N/A,1.11,4.35,0.28,2.27,0.22,0.01,33.994,34710000000.0,45160000000.0,19.90,4.15,1.44,58.65,1.44,3830000000.0,58.65,1000000.0,0.01,N/A,0.70,2610000000.0,2.84,13150000000.0,1.337,8.65,N/A,0.822,1.00,65.97,9360000.0,2.921,1.03,7600000.0,outperform
5959,2004-05-16 19:21:13,1084749673.0,dow,25.7,20.16,1096.439941,6.32,13.84,1.382,16.54,1.04,3.72,6.59,8.90,5.45,25.27,36.357,35240000000.0,46370000000.0,11.51,2.46,1.37,N/A,1.37,4460000000.0,3090000000.0,2120000000.0,2.276,N/A,18.20,1970000000.0,2.11,13100000000.0,1.386,10.125,3050000000.0,0.882,1.00,63.84,7430000.0,2.314,0.80,10870000.0,outperform
5960,2008-12-06 08:03:05,1228568585.0,dow,15.14,55.55,870.73999,26.32,29.229999999999997,0.649,6.90,0.28,0.88,4.28,5.58,4.33,14.00,65.023,17550000000.0,27690000000.0,N/A,0.96,0.46,4.89,0.46,7110000000.0,4.89,2600000000.0,2.75,6.20,13.40,2270000000.0,2.459,12410000000.0,1.391,20.705999,3690000000.0,1.11,0.18,69.00,19070000.0,1.8,2.10,17110000.0,outperform
5961,2008-12-20 19:12:51,1229818371.0,dow,16.55,36.31,904.419983,21.19,15.120000000000001,0.649,7.29,0.30,0.97,4.28,5.58,4.33,14.00,65.023,18550000000.0,28680000000.0,N/A,1.08,0.47,5.066,0.47,7110000000.0,5.066,2600000000.0,2.75,6.20,13.40,2270000000.0,2.459,12410000000.0,1.391,20.705999,3690000000.0,1.11,0.18,69.10,14700000.0,0.8,1.60,19070000.0,outperform
5962,2007-03-16 10:13:11,1174054391.0,dow,33.8,-14.5,1386.949951,-5.64,-8.86,0.559,11.98,0.89,2.57,7.58,9.61,7.76,23.00,51.049,43930000000.0,46600000000.0,N/A,1.30,0.95,6.022,0.95,8029999999.999999,6.022,3720000000.0,3.82,11.00,2.70,2910000000.0,3.047,9550000000.0,1.623,17.812,N/A,1.21,0.34,66.10,13050000.0,2.8,1.40,15370000.0,underperform
5963,2009-01-07 00:04:57,1231304697.0,dow,13.27,100.3,906.650024,25.92,74.38,0.649,5.83,0.23,0.73,4.28,5.58,4.33,14.00,65.023,14830000000.0,24040000000.0,N/A,0.82,0.40,4.245,0.40,7110000000.0,4.245,2600000000.0,2.75,6.20,13.40,2270000000.0,2.459,12410000000.0,1.391,20.705999,3690000000.0,1.07,0.18,69.10,18350000.0,1.3,2.00,14700000.0,outperform
5964,2012-06-27 04:06:57,1340784417.0,dow,28.21,9.54,1331.849976,21.12,-11.580000000000002,85.04,16.85,0.64,2.03,4.22,6.69,3.63,10.76,51.95,55660000000.0,55660000000.0,9.67,2.13,0.93,8.13,0.93,8960000000.0,8.13,2160000000.0,1.86,30.00,0.10,3460000000.0,2.89,20580000000.0,1.78,15.92,4000000000.0,2.22,0.16,70.00,24900000.0,2.70,2.30,19220000.0,underperform
5965,2007-04-07 14:32:51,1175970771.0,dow,33.75,-10.7,1439.369995,-4.87,-5.829999999999999,0.559,11.64,0.88,2.52,7.58,9.74,7.84,23.00,51.049,42650000000.0,49290000000.0,N/A,1.24,1.00,6.306,1.00,7600000000.0,6.306,3720000000.0,3.82,11.00,2.70,2910000000.0,3.034,9550000000.0,1.623,17.812,4150000000.0000005,0.96,0.15,70.60,11480000.0,1.5,1.20,11790000.0,underperform
5966,2011-08-14 21:55:46,1313373346.0,dow,26.01,3.84,1172.640015,19.74,-15.899999999999999,80.23,13.49,0.61,1.72,5.02,7.74,4.17,12.59,50.48,52740000000.0,52740000000.0,8.29,1.44,0.92,7.19,0.92,7890000000.0,7.19,2520000000.0,2.18,63.90,17.80,2120000000.0,1.79,20090000000.0,1.83,17.09,52740000000.0,2.51,0.11,71.40,11960000.0,1.30,1.00,14000000.0,underperform
5967,2012-06-29 03:34:42,1340955282.0,dow,28.89,6.47,1362.160034,17.7,-11.23,85.04,16.49,0.61,1.93,4.22,6.69,3.63,10.76,51.95,53890000000.0,53890000000.0,9.58,2.07,0.90,7.87,0.90,8960000000.0,7.87,2160000000.0,1.86,30.00,0.10,3460000000.0,2.89,20580000000.0,1.78,15.92,4000000000.0,2.22,0.16,70.00,30450000.0,3.40,2.90,24900000.0,underperform
5968,2008-04-01 23:42:05,1207107725.0,dow,29.58,-75.02,1370.180054,-40.8,-34.22,0.501,12.62,0.65,1.79,5.40,7.39,5.24,15.84,56.146,35800000000.0,42950000000.0,N/A,0.91,0.80,6.989,0.80,7110000000.0,6.989,2890000000.0,2.99,51.60,16.30,1740000000.0,1.83,9720000000.0,1.499,20.618999,4480000000.0,0.64,0.18,71.10,15300000.0,2.1,1.60,15000000.0,underperform
5969,2007-03-11 11:43:58,1173627838.0,dow,31.89,-14.33,1401.890015,-9.17,-5.16,0.559,11.25,0.83,2.40,7.58,9.74,7.84,23.00,51.049,41240000000.0,47880000000.0,N/A,1.34,0.98,6.126,0.98,7600000000.0,6.126,3720000000.0,3.82,11.00,2.70,2910000000.0,3.034,9550000000.0,1.623,17.812,4150000000.0000005,1.03,0.15,70.50,11790000.0,2.1,1.20,13050000.0,underperform
5970,2012-12-07 21:19:56,1354933196.0,dow,28.1,33.24,1418.069946,26.43,6.810000000000002,81.29,23.40,0.62,1.79,3.30,6.80,3.55,7.70,48.92,52270000000.0,52270000000.0,12.42,2.81,0.92,7.88,0.92,8960000000.0,7.88,1520000000.0,1.30,35.30,9.70,3690000000.0,3.08,20410000000.0,1.83,16.54,4540000000.0,1.88,0.16,71.30,24770000.0,2.60,2.30,24290000.0,outperform
5971,2008-10-27 18:24:53,1225146293.0,dow,18.32,15.56,848.919983,25.27,-9.709999999999999,0.649,8.79,0.36,1.15,4.28,5.62,4.37,14.00,65.023,22390000000.0,32210000000.0,N/A,1.34,0.53,5.635,0.53,7110000000.0,5.635,2600000000.0,2.753,6.20,13.40,2270000000.0,2.456,12410000000.0,1.391,20.674,N/A,0.78,0.18,70.10,25590000.0,2.5,2.80,23340000.0,underperform
5972,2012-03-02 09:57:21,1330700241.0,dow,30.82,-3.34,1369.630005,10.69,-14.03,92.16,16.63,0.67,2.21,4.57,6.99,3.77,12.08,52.21,56750000000.0,56750000000.0,10.09,1.28,0.95,8.02,0.95,8960000000.0,8.02,2370000000.0,2.05,87.30,2.40,5280000000.0,4.45,21600000000.0,1.72,15.43,3880000000.0,2.91,0.12,69.30,17450000.0,2.30,1.50,21960000.0,underperform
5973,2005-08-28 20:07:11,1125274031.0,dow,31.64,-14.82,1212.369995,7.37,-22.19,0.811,9.96,0.98,3.07,9.65,11.12,7.04,35.60,46.319,42290000000.0,50480000000.0,N/A,1.40,1.14,7.209,1.14,5920000000.0,7.209,4260000000.0,4.40,84.70,16.30,3200000000.0,3.319,11390000000.0,1.68,14.566,4390000000.0,N/A,0.12,66.30,7550000.0,1.4,0.80,6690000.0,underperform
5974,2009-03-23 19:39:13,1237851553.0,dow,7.12,260.39,822.919983,42.68,217.70999999999998,N/A,13.74,0.12,0.53,1.01,3.80,2.90,3.52,61.816,16149999999.999998,16149999999.999998,N/A,1.47,0.28,3.695,0.28,5500000000.0,3.695,579000000.0,0.62,N/A,23.40,2800000000.0,3.029,11860000000.0,1.225,14.617,4710000000.0,1.48,0.15,62.10,31990000.0,1.3,3.50,38740000.0,outperform
5975,2006-07-08 04:24:20,1152347060.0,dow,28.39,22.58,1270.910034,20.02,2.5599999999999987,0.665,8.47,0.79,2.31,9.38,11.36,8.40,29.92,48.32,36410000000.0,45180000000.0,N/A,1.04,0.97,5.502,0.97,8029999999.999999,5.502,4400000000.0,4.47,10.30,2.90,3420000000.0,3.56,10640000000.0,1.741,16.638,4099999999.9999995,1.6,0.34,62.40,8450000.0,1.8,0.90,6340000.0,outperform
5976,2011-04-27 05:15:15,1303895715.0,dow,35.04,-9.7,1355.660034,3.27,-12.969999999999999,105.23,23.24,0.86,2.57,4.30,6.20,3.07,10.61,47.67,62890000000.0,62890000000.0,11.86,2.18,1.17,10.00,1.17,7890000000.0,10.00,1970000000.0,1.72,197.10,10.50,6890000000.0,5.90,23830000000.0,1.71,15.28,62890000000.0,2.45,0.11,71.40,15970000.0,2.10,1.40,19290000.0,underperform
5977,2011-12-30 06:12:32,1325243552.0,dow,25.92,17.13,1257.599976,12.9,4.229999999999999,77.97,11.76,0.56,1.65,5.34,7.55,4.23,13.46,52.17,50770000000.0,50770000000.0,10.15,1.09,0.85,6.86,0.85,7890000000.0,6.86,2820000000.0,2.44,50.80,17.40,2120000000.0,1.79,19600000000.0,1.69,17.05,3690000000.0,3.00,0.11,71.40,20850000.0,2.20,1.80,25410000.0,outperform
5978,2005-11-28 12:05:32,1133197532.0,dow,32.52,-9.78,1257.459961,10.28,-20.06,0.743,10.04,0.98,3.02,9.81,11.32,8.65,35.31,47.268,44250000000.0,51930000000.0,N/A,1.31,1.15,6.343,1.15,5920000000.0,6.343,4450000000.0,4.57,29.80,11.80,3210000000.0,3.326,10890000000.0,1.732,15.192,4660000000.0,N/A,0.12,66.30,6200000.0,1.3,0.60,7010000.0,underperform
5979,2013-04-25 00:57:15,1366865835.0,dow,32.13,47.53,1585.160034,17.55,29.98,95.87,45.96,0.67,2.26,2.08,7.17,3.66,4.84,48.55,53730000000.0,53730000000.0,11.09,1.95,0.95,7.94,0.95,8990000000.0,7.94,829000000.0,0.70,N/A,1.30,4170000000.0,3.47,21110000000.0,2.06,14.03,4080000000.0,1.89,0.15,70.40,20090000.0,2.80,1.70,18760000.0,outperform
5980,2005-04-03 17:30:58,1112563858.0,dow,35.04,-15.81,1180.589966,9.93,-25.740000000000002,1.026,16.75,1.19,3.87,7.27,11.10,6.78,27.24,42.199,47210000000.0,56610000000.0,8.27,1.56,1.41,12.47,1.41,5920000000.0,12.47,2800000000.0,2.93,61.70,23.10,3190000000.0,3.32,12590000000.0,1.512,12.876,2670000000.0,0.832,0.64,69.30,10150000.0,2.375,1.06,7560000.0,underperform
5981,2007-05-04 05:23:32,1178270612.0,dow,33.82,-6.92,1505.619995,-7.97,1.0499999999999998,0.557,12.49,0.86,2.45,7.03,8.76,7.38,20.90,51.54,42870000000.0,49560000000.0,N/A,1.26,1.00,6.604,1.00,7600000000.0,6.604,3480000000.0,3.58,19.90,3.40,2570000000.0,2.674,9650000000.0,1.634,18.084,N/A,0.8,0.15,71.00,12050000.0,1.1,1.30,11480000.0,outperform
5982,2007-06-05 16:01:30,1181073690.0,dow,35.02,-11.91,1530.949951,-10.04,-1.870000000000001,0.557,12.99,0.88,2.52,7.03,8.77,7.38,20.90,51.54,44330000000.0,50820000000.0,N/A,1.31,1.03,6.779,1.03,7600000000.0,6.779,3480000000.0,3.58,19.90,3.40,2570000000.0,2.691,9650000000.0,1.634,18.174999,3990000000.0,0.79,0.15,69.30,12020000.0,1.9,1.30,12050000.0,underperform
5983,2011-10-15 03:22:06,1318663326.0,dow,24.38,7.34,1207.25,18.69,-11.350000000000001,80.23,12.69,0.55,1.56,5.02,7.74,4.17,12.59,50.48,49480000000.0,49480000000.0,8.99,1.50,0.86,6.74,0.86,7890000000.0,6.74,2520000000.0,2.18,63.90,17.80,2120000000.0,1.79,20090000000.0,1.83,17.09,49480000000.0,2.68,0.11,71.40,24490000.0,2.00,2.10,23580000.0,underperform
5984,2013-04-23 05:16:54,1366708614.0,dow,29.94,61.16,1578.780029,18.79,42.37,95.87,44.27,0.65,2.18,2.08,7.17,3.66,4.84,48.55,53730000000.0,53730000000.0,10.69,1.95,0.95,7.94,0.95,8990000000.0,7.94,829000000.0,0.70,N/A,1.30,4170000000.0,3.47,21110000000.0,2.06,14.03,4080000000.0,1.89,0.15,70.40,20090000.0,2.80,1.70,18760000.0,outperform
5985,2006-08-22 11:58:11,1156262291.0,dow,27.41,19.15,1298.819946,12.72,6.429999999999998,0.608,8.77,0.75,2.12,8.66,10.48,8.05,26.93,49.396,35560000000.0,42580000000.0,N/A,1.12,0.89,5.364,0.89,8029999999.999999,5.364,4150000000.0000005,4.22,19.10,9.20,3200000000.0,3.334,10220000000.0,1.812,17.448999,3970000000.0,1.55,0.34,64.60,9120000.0,2.2,1.00,8450000.0,outperform
5986,2008-12-18 02:28:33,1229585313.0,dow,16.1,38.76,885.2800289999999,24.53,14.229999999999997,0.649,7.48,0.32,1.00,4.28,5.58,4.33,14.00,65.023,19030000000.0,29350000000.0,N/A,1.13,0.48,5.184,0.48,7110000000.0,5.184,2600000000.0,2.75,6.20,13.40,2270000000.0,2.459,12410000000.0,1.391,20.705999,3690000000.0,1.11,0.18,69.10,14700000.0,0.8,1.60,19070000.0,outperform
5987,2007-06-06 04:05:51,1181117151.0,dow,34.55,-9.32,1517.380005,-7.47,-1.8500000000000005,0.557,13.00,0.88,2.52,7.03,8.77,7.38,20.90,51.54,44340000000.0,50820000000.0,N/A,1.31,1.03,6.779,1.03,7600000000.0,6.779,3480000000.0,3.58,19.90,3.40,2570000000.0,2.691,9650000000.0,1.634,18.174999,3990000000.0,0.79,0.15,69.30,12020000.0,1.9,1.30,12050000.0,underperform
5988,2012-01-08 13:18:21,1326046701.0,dow,27.16,15.8,1281.060059,14.12,1.6800000000000015,77.97,12.42,0.60,1.77,5.34,7.55,4.23,13.46,52.17,53320000000.0,53320000000.0,10.87,1.16,0.89,7.21,0.89,7890000000.0,7.21,2820000000.0,2.44,50.80,17.40,2120000000.0,1.79,19600000000.0,1.69,17.05,3690000000.0,3.00,0.12,69.30,19920000.0,2.40,1.70,20850000.0,outperform
5989,2005-03-07 09:58:51,1110207531.0,dow,38.71,-20.49,1225.310059,4.13,-24.619999999999997,1.026,19.24,1.30,4.26,7.27,11.10,6.78,27.24,42.199,53800000000.0,63200000000.0,9.60,1.84,1.57,13.93,1.57,5920000000.0,13.93,2800000000.0,2.93,61.70,23.10,3190000000.0,3.35,12590000000.0,1.512,12.876,2670000000.0,0.827,1.00,70.77,7560000.0,2.16,0.80,9490000.0,underperform
5990,2009-09-25 03:12:08,1253862728.0,wmb,15.01,7.26,1044.380005,8.61,-1.3499999999999996,N/A,23.36,1.15,1.29,4.82,16.81,3.50,8.91,16.165,17710000000.0,17710000000.0,N/A,10.58,1.89,5.922,1.89,7680000000.0,5.922,712000000.0,0.77,67.50,47.80,1300000000.0,2.228,8279999999.999999,1.684,14.302,2720000000.0,30.89,0.89,76.20,6640000.0,1.5,1.10,6580000.0,underperform
5991,2007-12-19 16:56:14,1198101374.0,wmb,28.91,-61.02,1453.0,-39.07,-21.950000000000003,1.222,23.70,1.62,3.19,7.15,13.33,4.19,12.59,21.32,20960000000.0,27710000000.0,N/A,1.03,2.17,10.154,2.17,1840000000.0,10.154,788400000.0,1.49,86.40,13.90,784900000.0,1.322,7890000000.0,1.185,10.888,2250000000.0,0.96,0.15,78.10,25180000.0,5.5,4.30,28560000.0,underperform
5992,2011-09-05 15:56:08,1315252568.0,wmb,,,1173.969971,19.67,,102.59,N/A,1.65,2.09,6.07,17.38,4.15,4.22,16.40,23980000000.0,23980000000.0,14.41,0.65,2.50,6.19,2.50,2430000000.0,6.19,567000000.0,1.00,N/A,0.60,384000000.0,0.65,9110000000.0,1.02,12.84,23980000000.0,1.38,0.27,77.30,23770000.0,2.10,4.10,17560000.0,underperform
5993,2006-06-19 03:13:46,1150701226.0,wmb,16.84,54.63,1240.130005,23.67,30.96,1.254,54.23,1.02,2.18,1.93,8.85,2.67,4.40,21.93,12910000000.0,19220000000.0,N/A,1.47,1.52,10.231,1.52,1710000000.0,10.231,246300000.0,0.40,34.40,2.50,1120000000.0,1.873,7430000000.0,1.218,9.959,1310000000.0,1.36,0.41,71.70,11910000.0,2.9,2.00,13290000.0,outperform
5994,2005-04-01 16:42:18,1112391738.0,wmb,15.16,11.28,1172.920044,11.08,0.1999999999999993,1.607,117.45,0.86,2.12,0.75,8.06,0.37,2.16,22.461,10780000000.0,17750000000.0,18.72,2.80,1.42,10.62,1.42,1410000000.0,10.62,93200000.0,0.16,N/A,26.00,930000000.0,1.63,7960000000.0,1.174,8.882,1490000000.0,2.069,0.31,64.11,15130000.0,3.468,2.66,12700000.0,outperform
5995,2003-12-14 15:50:00,1071435000.0,wmb,7.73,63.39,1071.209961,11.9,51.49,3.077,320.00,0.31,1.21,0.34,9.59,0.16,0.46,31.289,5140000000.0,14620000000.0,21.73,N/A,0.89,6.18,0.89,2069999999.9999998,6.18,20000000.0,0.031,N/A,48.10,3430000000.0,6.62,12910000000.0,1.401,8.1,N/A,1.598,0.40,60.38,16100000.000000002,4.94,3.12,17870000.0,outperform
5996,2012-06-08 15:54:37,1339185277.0,wmb,26.51,20.97,1325.660034,21.37,-0.40000000000000213,233.49,37.32,2.20,9.15,5.92,23.93,5.64,17.09,13.69,25970000000.0,25970000000.0,18.04,1.13,3.22,7.79,3.22,2380000000.0,7.79,783000000.0,0.79,31.80,7.90,486000000.0,0.82,8700000000.0,1.38,3.26,3060000000.0,1.41,0.37,80.90,21610000.0,3.10,3.60,21560000.0,underperform
5997,2004-10-20 14:20:09,1098296409.0,wmb,10.21,67.19,1103.660034,6.72,60.47,2.441,N/A,0.46,1.65,0.59,5.39,0.29,2.05,27.401,6670000000.0,15310000000.0,17.26,4.17,1.08,10.66,1.08,1680000000.0,10.66,83500000.0,0.165,N/A,194.10,1030000000.0,1.97,9760000000.0,1.255,7.655,916300000.0,1.69,0.42,63.13,14620000.0,7.629,2.81,16379999.999999998,outperform
5998,2007-04-10 06:19:16,1176200356.0,wmb,23.29,22.67,1448.390015,-6.48,29.150000000000002,1.32,55.86,1.44,2.80,2.61,11.01,2.97,5.79,19.852,16930000000.0,23150000000.0,N/A,1.33,1.96,10.687,1.96,1840000000.0,10.687,332800000.0,0.51,119.20,24.60,1790000000.0,2.999,8010000000.0,1.347,10.171,1890000000.0,1.31,0.17,74.80,17090000.0,3.6,2.90,13960000.0,outperform
5999,2004-08-16 21:28:14,1092706094.0,wmb,9.13,86.97,1079.339966,12.97,74.0,2.441,N/A,0.42,1.50,0.59,5.39,0.29,2.05,27.401,6030000000.0,14710000000.0,16.72,4.16,1.03,10.24,1.03,1680000000.0,10.24,83500000.0,0.165,N/A,194.10,1030000000.0,1.97,9760000000.0,1.255,7.655,969600000.0,1.7,0.42,61.05,15780000.0,6.269,3.03,19600000.0,outperform
6000,2009-07-03 03:56:21,1246607781.0,wmb,,,919.320007,12.12,,N/A,11.50,0.79,1.07,6.62,16.97,4.55,9.34,19.447,16149999999.999998,16149999999.999998,N/A,1.97,1.43,4.911,1.43,7680000000.0,4.911,753000000.0,1.27,N/A,33.60,1210000000.0,2.086,8439999999.999999,1.551,14.355,3070000000.0,61.30,0.25,79.10,7910000.0,1.3,1.40,12580000.0,underperform
6001,2012-02-21 00:58:29,1329803909.0,wmb,26.1,22.84,1362.209961,10.99,11.85,101.43,17.48,1.64,2.15,9.57,18.98,4.93,14.54,17.68,26090000000.0,26090000000.0,19.28,0.89,2.51,7.29,2.51,2430000000.0,7.29,1010000000.0,1.67,N/A,17.50,456000000.0,0.77,9380000000.0,1.19,13.45,3060000000.0,1.53,0.27,79.60,16910000.0,1.90,2.90,20800000.0,outperform
6002,2013-06-05 03:30:07,1370417407.0,wmb,32.07,43.16,1608.900024,20.61,22.549999999999997,134.83,37.54,3.28,4.97,8.20,21.26,4.54,13.82,11.34,34430000000.0,34430000000.0,27.79,2.94,4.73,14.68,4.73,2960000000.0,14.68,598000000.0,0.92,61.90,10.40,194000000.0,0.28,10610000000.0,1.20,7.03,1900000000.0,1.42,0.32,82.80,15070000.0,2.20,2.20,17330000.0,outperform
6003,2012-08-11 10:27:14,1344695234.0,wmb,28.55,16.57,1402.219971,21.06,-4.489999999999998,233.49,51.45,2.73,9.69,5.28,23.68,N/A,N/A,12.10,28100000000.0,28100000000.0,22.27,1.78,3.87,9.74,3.87,2380000000.0,9.74,686000000.0,0.62,41.90,30.80,486000000.0,0.78,8700000000.0,N/A,3.26,N/A,1.40,0.37,80.90,15830000.0,2.10,2.70,15770000.0,underperform
6004,2013-04-22 03:40:05,1366616405.0,wmb,35.08,15.94,1562.5,20.29,-4.35,144.55,27.26,3.40,5.36,11.48,22.01,5.05,18.56,12.08,35830000000.0,35830000000.0,26.62,2.53,4.79,14.90,4.79,2960000000.0,14.90,723000000.0,1.37,N/A,11.10,308000000.0,0.45,10740000000.0,1.24,6.98,1840000000.0,1.51,0.32,82.80,15210000.0,2.10,2.20,11760000.0,underperform
6005,2004-02-15 03:08:29,1076832509.0,ksu,14.37,29.65,1152.109985,4.69,24.959999999999997,0.599,N/A,1.58,0.95,0.40,8.59,0.11,0.28,9.716,887670000.0,1240000000.0,0.00,2.21,2.14,10.9,2.14,170500000.0,10.9,2400000.0,0.06,86.30,1.90,230200000.0,3.71,578700000.0,2.024,15.46,91100000.0,1.24,4.63,87.40,4680000.0,12.581,7.90,4860000.0,outperform
6006,2005-03-27 21:45:04,1111977904.0,ksu,18.79,25.33,1171.420044,11.11,14.219999999999999,0.58,116.91,1.97,1.23,3.02,7.35,0.83,1.11,9.673,1210000000.0,1620000000.0,21.43,2.54,2.64,16.08,2.64,404000000.0,16.08,10700000.0,0.17,78.70,2.70,170000000.0,2.71,571400000.0,1.611,15.617,114900000.0,1.093,4.98,95.00,5820000.0,16.311,9.77,5640000.0,outperform
6007,2013-05-07 10:13:33,1367936013.0,ksu,108.37,-8.6,1625.959961,15.51,-24.11,45.72,29.63,5.36,3.79,18.10,30.22,6.66,12.34,20.44,13670000000.0,13670000000.0,21.59,1.86,6.09,15.51,6.09,1470000000.0,15.51,405900000.0,3.69,38.40,1.00,63700000.0,0.58,1590000000.0,1.05,28.83,659300000.0,1.28,1.64,88.50,1940000.0,2.20,1.80,2490000.0,underperform
6008,2010-01-04 09:11:47,1262614307.0,ksu,32.78,45.09,1132.98999,12.11,32.980000000000004,N/A,48.96,2.13,1.59,4.84,17.87,3.11,3.72,16.308,5110000000.0,5110000000.0,N/A,3.89,3.42,11.269,3.42,635000000.0,11.269,61400000.0,0.68,44.60,21.40,108900000.0,1.134,2020000000.0,1.147,20.975,331300000.0,1.44,1.65,91.70,5270000.0,7.4,6.00,5660000.0,outperform
6009,2008-05-22 07:04:39,1211454279.0,ksu,45.89,-66.53,1394.349976,-36.39,-30.14,1.03,27.79,2.12,2.14,9.50,20.95,4.80,10.06,23.451,3740000000.0,5520000000.0,N/A,1.30,3.10,10.302,3.10,1100000000.0,10.302,149900000.0,1.73,69.80,9.60,72500000.0,0.932,1820000000.0,0.679,22.610001,449200000.0,1.34,4.70,101.90,5690000.0,4.7,7.60,5800000.0,underperform
6010,2005-01-18 04:07:27,1106039247.0,ksu,16.3,52.64,1195.97998,6.85,45.79,0.58,100.91,1.69,1.06,3.02,8.04,0.83,1.11,9.673,1040000000.0,1450000000.0,24.13,3.10,2.37,13.86,2.37,404000000.0,13.86,10700000.0,0.165,78.70,2.70,170000000.0,2.71,571400000.0,1.611,15.617,114900000.0,1.068,4.98,92.19,5230000.0,13.694,8.78,5870000.0,outperform
6011,2007-04-08 10:14:48,1176041688.0,dlx,25.2,-40.6,1443.76001,-4.93,-35.67,N/A,17.86,1.10,N/A,6.16,15.21,11.86,N/A,32.149,1800000000.0,2810000000.0,N/A,2.84,1.71,8.253,1.71,1030000000.0,8.253,100560000.0,1.96,21.90,1.10,11600000.0,0.225,1020000000.0,0.304,1.275,239360000.0,36.96,0.56,71.40,4490000.0,7.4,8.80,4120000.0,underperform
6012,2005-08-19 03:35:09,1124436909.0,dlx,25.84,-52.24,1219.709961,6.21,-58.45,10.243,10.43,1.07,N/A,10.20,19.98,14.97,99.44,36.176,1930000000.0,3200000000.0,N/A,2.36,1.76,6.575,1.76,816180000.0,6.575,186690000.0,3.66,8.60,40.60,33060000.000000004,0.653,1270000000.0,0.485,2.451,232950000.0,N/A,0.62,76.80,3330000.0,11.4,6.60,3340000.0,underperform
6013,2005-08-24 16:52:40,1124916760.0,dlx,26.07,-53.28,1209.589966,7.15,-60.43,10.243,10.73,1.08,N/A,10.20,19.98,14.97,99.44,36.176,1990000000.0,3200000000.0,N/A,2.34,1.76,6.564,1.76,816180000.0,6.564,186690000.0,3.662,8.60,40.60,33060000.000000004,0.653,1270000000.0,0.485,2.451,232950000.0,N/A,0.62,76.80,3330000.0,11.4,6.60,3340000.0,underperform
6014,2013-05-12 21:32:54,1368408774.0,dlx,37.31,49.58,1626.670044,16.6,32.98,141.64,11.63,1.29,4.24,11.30,20.48,13.68,42.89,30.05,2570000000.0,2570000000.0,10.13,1.41,1.69,6.82,1.69,990540000.0,6.82,171090000.0,3.36,4.10,2.50,72860000.0,1.43,656930000.0,1.18,9.15,243550000.0,1.55,1.08,87.70,4470000.0,10.10,10.10,4019999.9999999995,outperform
6015,2012-01-23 08:13:39,1327324419.0,dlx,21.49,51.56,1316.0,13.42,38.14,273.70,8.67,0.85,4.20,9.95,19.70,12.73,57.47,27.44,1940000000.0,1940000000.0,7.34,1.20,1.38,5.51,1.38,913820000.0,5.51,138850000.0,2.70,27.70,3.40,24960000.0,0.49,775590000.0,0.74,5.58,213380000.0,2.10,0.98,78.30,5520000.0,15.30,12.20,5490000.0,outperform
6016,2005-01-23 07:39:47,1106483987.0,dlx,23.44,-17.11,1175.410034,7.52,-24.63,N/A,9.56,1.30,N/A,13.58,23.59,19.91,N/A,27.703,1810000000.0,3090000000.0,10.80,N/A,2.20,7.53,2.20,816180000.0,7.53,190570000.0,3.763,10.20,3.30,13900000.0,0.28,1300000000.0,0.441,4.256,243970000.0,0.264,3.04,78.86,3040000.0,7.032,6.24,2530000.0,underperform
6017,2006-08-22 05:22:56,1156238576.0,dlx,12.31,121.12,1298.819946,12.72,108.4,N/A,9.02,0.54,N/A,5.93,14.99,10.87,N/A,32.668,887920000.0,2000000000.0,N/A,2.40,1.21,5.862,1.21,1110000000.0,5.862,98140000.0,1.92,N/A,7.30,8590000.0,0.167,1120000000.0,0.453,1.748,226920000.0,0.3,0.45,80.10,4090000.0,4.2,8.00,1500000.0,outperform
6018,2012-10-22 11:20:43,1350919243.0,dlx,27.86,61.81,1433.819946,22.38,39.43000000000001,206.77,9.36,1.02,4.17,11.08,20.67,13.78,52.17,28.94,2190000000.0,2190000000.0,8.40,1.19,1.49,5.90,1.49,924190000.0,5.90,161830000.0,3.17,19.10,7.10,47150000.0,0.93,742140000.0,0.77,7.10,231090000.0,1.27,1.10,86.80,6110000.0,16.00,13.90,6400000.0,outperform
6019,2006-08-29 22:58:14,1156906694.0,dlx,12.66,115.64,1304.280029,12.23,103.41,N/A,9.34,0.55,N/A,5.93,14.99,10.87,N/A,32.668,919280000.0,2020000000.0,N/A,2.36,1.22,5.928,1.22,1110000000.0,5.928,98140000.0,1.915,N/A,7.30,8590000.0,0.167,1120000000.0,0.453,1.748,226920000.0,0.3,0.45,79.80,5340000.0,5.6,10.50,4090000.0,outperform
6020,2005-03-31 13:47:36,1112294856.0,dlx,26.04,-31.14,1180.589966,9.68,-40.82,N/A,9.99,1.27,N/A,12.68,22.20,12.98,N/A,3.30,1980000000.0,3210000000.0,N/A,N/A,2.05,7.27,2.05,816180000.0,7.27,198650000.0,3.93,10.20,3.30,15490000.0,0.31,1240000000.0,0.421,3.551,243970000.0,0.234,2.98,76.47,3300000.0,11.266,6.74,3010000.0,underperform
6021,2005-05-26 07:00:51,1117105251.0,dlx,26.42,-42.2,1197.619995,6.89,-49.09,N/A,10.75,1.20,N/A,11.25,20.22,12.40,N/A,33.476,2049999999.9999998,3270000000.0,10.53,2.46,1.93,7.22,1.93,816180000.0,7.22,190750000.0,3.77,10.20,3.30,16210000.0,0.32,1240000000.0,0.435,2.96,243970000.0,0.139,3.04,76.83,3330000.0,11.32,6.79,3340000.0,underperform
6022,2008-01-29 23:56:10,1201668970.0,dlx,18.07,-45.32,1362.300049,-35.84,-9.479999999999997,20.538,8.89,0.81,31.50,8.93,16.42,13.30,N/A,30.952,1270000000.0,2120000000.0,N/A,1.67,1.32,6.384,1.32,1030000000.0,6.384,143500000.0,2.765,15.40,3.10,21600000.0,0.416,844100000.0,0.645,0.792,244700000.0,2.21,0.21,92.20,4040000.0,8.2,7.80,3990000.0,underperform
6023,2011-02-23 18:31:00,1298503860.0,dlx,21.82,7.1,1307.400024,4.29,2.8099999999999996,333.82,8.28,0.94,5.79,10.88,20.85,14.50,89.34,27.33,2069999999.9999998,2069999999.9999998,7.81,1.14,1.48,5.66,1.48,839410000.0,5.66,153400000.0,2.95,14.00,3.30,17400000.0,0.34,755100000.0,0.81,4.41,2069999999.9999998,1.89,0.78,79.60,2690000.0,6.10,6.00,2800000.0,outperform
6024,2008-12-19 03:58:30,1229677110.0,flr,42.47,-2.1,887.8800050000001,24.92,-27.020000000000003,0.058,11.17,0.44,3.37,3.77,4.47,9.64,33.35,118.908,8720000000.0,7190000000.0,N/A,0.80,0.34,6.534,0.34,802450000.0,6.534,789820000.0,4.30,95.50,37.90,2220000000.0,12.257,157850000.0,1.489,15.111,1110000000.0,1.47,0.58,88.40,5700000.0,3.20,3.20,4450000.0,underperform
6025,2011-05-19 09:03:35,1305810215.0,flr,65.15,-26.2,1343.599976,-3.6,-22.599999999999998,2.41,34.25,0.57,3.49,1.72,2.65,4.69,13.02,118.27,9660000000.0,9660000000.0,17.36,1.95,0.46,12.90,0.46,705250000.0,12.90,360570000.0,2.00,2.30,2.80,2350000000.0,13.46,82950000.0,1.54,19.58,9660000000.0,1.25,0.29,87.30,2960000.0,1.50,1.90,3290000.0,underperform
6026,2013-04-23 05:03:14,1366707794.0,flr,53.37,44.05,1578.780029,18.79,25.259999999999998,15.79,20.39,0.32,2.63,1.66,2.66,5.55,16.58,165.01,7050000000.0,7050000000.0,11.81,1.13,0.26,7.45,0.26,885000000.0,7.45,456330000.0,2.71,N/A,12.30,2290000000.0,14.10,541000000.0,1.57,20.58,628380000.0,1.81,0.34,86.30,6100000.0,4.10,3.80,6550000.0,outperform
6027,2008-12-08 20:26:08,1228785968.0,flr,47.82,-18.99,909.7000119999999,20.03,-39.019999999999996,0.058,12.04,0.39,2.98,3.77,4.47,9.64,33.35,118.908,9400000000.0,6100000000.0,N/A,0.67,0.29,5.549,0.29,802450000.0,5.549,789820000.0,4.302,95.50,37.90,2220000000.0,12.265,157850000.0,1.489,15.111,1110000000.0,1.47,0.58,88.50,4450000.0,0.8,2.50,5610000.0,underperform
6028,2006-05-28 08:06:39,1148817999.0,flr,41.08,,1272.880005,19.08,,0.281,29.50,0.56,4.53,1.93,2.59,4.97,17.09,163.12,7920000000.0,7750000000.0,N/A,1.87,0.56,16.53,0.56,435930000.0,16.53,268730000.0,3.07,87.50,26.80,653980000.0,7.469,481400000.0,1.345,19.598,213440000.0,1.97,1.04,88.00,3600000.0,4.20,4.20,3280000.0,underperform
6029,2013-04-26 18:34:57,1367015697.0,flr,55.33,38.95,1582.23999,18.53,20.42,15.79,20.85,0.33,2.75,1.66,2.66,5.55,16.58,165.01,7050000000.0,7050000000.0,12.07,1.17,0.26,7.45,0.26,885000000.0,7.45,456330000.0,2.71,N/A,12.30,2290000000.0,14.10,541000000.0,1.57,20.58,628380000.0,1.81,0.34,86.30,6100000.0,4.10,3.80,6550000.0,outperform
6030,2004-09-23 13:20:27,1095960027.0,flr,20.39,41.05,1108.359985,9.65,31.4,0.32,19.74,0.43,3.22,2.14,3.18,5.46,17.43,107.234,3770000000.0,3570000000.0,17.38,1.79,0.41,9.56,0.41,406230000.0,9.56,187060000.0,2.289,3.80,11.60,594560000.0,7.13,374480000.0,1.548,14.052,124910000.0,0.442,3.99,95.00,7460000.0,9.191,9.32,7770000.0,outperform
6031,2007-02-21 20:19:00,1172107140.0,flr,40.7,46.83,1457.630005,-7.9,54.73,0.276,31.42,0.54,4.22,1.72,2.31,4.99,14.74,167.553,7710000000.0,7330000000.0,N/A,2.15,0.51,15.286,0.51,435930000.0,15.286,247870000.0,2.79,79.20,1.60,895050000.0,10.166,504710000.0,1.374,20.746,64790000.00000001,2.53,0.67,78.60,4410000.0,5.8,5.10,4310000.0,outperform
6032,2007-10-12 07:17:07,1192187827.0,flr,75.16,-49.16,1561.800049,-36.94,-12.219999999999999,0.328,48.46,0.94,7.44,1.94,2.68,4.93,15.70,171.149,13750000000.0,12910000000.0,N/A,2.17,0.87,23.982,0.87,556470000.0,23.982,288230000.0,3.21,43.60,22.10,1450000000.0,16.458,616240000.0,1.422,21.294001,1060000000.0,1.87,9.86,77.10,4220000.0,2.5,4.80,3570000.0,underperform
6033,2007-11-04 16:26:18,1194211578.0,flr,70.96,-50.63,1508.439941,-35.94,-14.690000000000005,0.328,46.48,0.91,7.15,1.94,2.68,4.93,15.70,171.149,13190000000.0,12350000000.0,N/A,2.07,0.83,22.938,0.83,556470000.0,22.938,288230000.0,3.21,43.60,22.10,1450000000.0,16.458,616240000.0,1.422,21.294001,1060000000.0,1.89,0.64,72.70,5150000.0,4.8,5.90,4470000.0,underperform
6034,2011-12-28 18:55:03,1325116503.0,flr,48.05,18.56,1249.640015,13.48,5.079999999999998,15.96,15.82,0.39,2.62,2.49,3.47,6.12,18.89,128.27,6700000000.0,6700000000.0,13.17,1.22,0.30,6.85,0.30,705250000.0,6.85,557690000.0,3.16,N/A,9.50,2470000000.0,14.53,537040000.0,1.59,19.43,1050000000.0,1.38,0.29,87.30,4490000.0,1.80,2.90,4139999.9999999995,outperform
6035,2004-05-17 09:25:58,1084800358.0,flr,17.16,55.3,1084.099976,8.27,47.03,0.332,16.51,0.36,2.77,2.11,3.16,5.56,18.15,108.323,3130000000.0,2960000000.0,14.94,1.36,0.34,7.97,0.34,406230000.0,7.97,185260000.0,2.281,3.80,11.60,546250000.0,6.58,375100000.0,1.522,13.598,300540000.0,0.393,4.01,88.86,4910000.0,8.427,6.16,4600000.0,outperform
6036,2009-03-01 01:26:43,1235888803.0,flr,32.75,24.27,752.830017,48.2,-23.930000000000003,N/A,8.47,0.28,2.36,3.23,4.46,10.19,29.14,125.709,6000000000.0,4040000000.0,N/A,0.71,0.18,3.49,0.18,802450000.0,3.49,720500000.0,3.93,26.70,28.80,2109999999.9999998,11.685,151300000.0,1.476,14.807,951100000.0,1.45,0.62,84.70,9820000.0,2.2,5.40,7740000.0,underperform
6037,2005-05-28 13:14:24,1117300464.0,an,19.75,10.78,1190.01001,6.96,3.8199999999999994,0.773,12.11,0.27,1.19,2.28,4.05,5.53,9.53,73.217,5200000000.0,8510000000.0,12.00,1.30,0.44,9.769,0.44,3010000000.0,9.769,396200000.0,1.64,11.10,0.30,28700000.0,0.109,3340000000.0,1.071,16.451,436800000.0,0.793,1.37,76.50,12120000.0,11.7,4.70,12420000.0,outperform
6038,2003-10-26 15:45:06,1067201106.0,an,18.41,-10.92,1033.77002,5.9,-16.82,0.892,10.68,0.26,1.30,2.62,3.80,5.86,12.82,63.567,4940000000.0,8170000000.0,12.96,1.26,0.42,10.19,0.42,2990000000.0,10.19,504300000.0,1.682,64.30,2.60,235400000.0,0.86,3470000000.0,1.083,14.15,N/A,0.679,38.01,69.83,12180000.0,10.495,7.15,12740000.0,underperform
6039,2011-06-04 10:52:17,1307199137.0,an,34.51,4.38,1314.550049,-0.32,4.7,139.76,21.54,0.39,2.37,1.86,4.03,5.73,11.05,85.38,7880000000.0,7880000000.0,15.80,0.93,0.61,13.13,0.61,2130000000.0,13.13,246800000.0,1.56,25.70,16.70,84300000.0,0.57,2990000000.0,1.09,14.39,7880000000.0,1.33,30.74,74.10,13280000.0,14.40,20.10,13410000.0,outperform
6040,2007-02-20 17:59:27,1172012367.0,an,22.9,-32.31,1459.680054,-6.83,-25.480000000000004,0.99,16.57,0.25,1.30,1.67,4.20,N/A,7.96,82.811,4740000000.0,8330000000.0,N/A,1.14,0.44,9.474,0.44,3060000000.0,9.474,331400000.0,1.38,0.10,0.30,29700000.0,0.144,3620000000.0,N/A,17.621,N/A,1.23,1.14,73.20,10400000.0,9.4,5.10,12630000.0,underperform
6041,2008-01-23 19:18:18,1201133898.0,an,15.47,-47.9,1338.599976,-38.18,-9.719999999999999,1.083,9.69,0.13,0.70,1.66,4.06,5.53,8.78,89.14,2600000000.0,6190000000.0,N/A,0.97,0.34,7.484,0.34,3040000000.0,7.484,313200000.0,1.46,11.90,5.20,28400000.0,0.154,3770000000.0,1.098,18.903,43800000.0,1.09,45.40,54.50,13040000.0,5.7,7.20,14170000.0,underperform
6042,2005-04-05 07:47:49,1112701669.0,an,19.01,16.36,1181.390015,11.02,5.34,0.781,12.89,0.26,1.16,2.04,3.95,4.47,9.55,71.283,4970000000.0,8189999999.999999,11.40,1.26,0.42,9.63,0.42,3010000000.0,9.63,396400000.0,1.45,9.50,0.20,107200000.0,0.4,3330000000.0,1.078,16.132,420700000.0,0.77,29.46,77.42,13110000.0,14.332,7.00,11650000.0,outperform
6043,2011-08-16 15:42:33,1313523753.0,an,35.49,11.38,1192.76001,17.84,-6.459999999999999,147.35,20.15,0.40,2.46,2.02,4.10,5.90,13.22,89.06,8250000000.0,8250000000.0,16.42,0.97,0.63,13.31,0.63,2130000000.0,13.31,270100000.0,1.76,52.30,7.50,81800000.0,0.56,3120000000.0,1.13,14.52,8250000000.0,1.13,30.74,74.10,11510000.0,13.80,17.40,12100000.0,underperform
6044,2013-05-14 09:51:37,1368539497.0,an,46.14,17.75,1650.339966,14.43,3.3200000000000003,251.78,17.36,0.35,3.11,2.03,4.20,6.26,19.50,132.60,10020000000.0,10020000000.0,13.93,0.79,0.62,13.08,0.62,2490000000.0,13.08,327000000.0,2.64,13.70,12.00,46300000.0,0.38,4500000000.0,1.04,14.73,451600000.0,0.94,57.06,2.60,2880000.0,4.10,5.70,2550000.0,outperform
6045,2011-03-12 05:47:25,1299926845.0,an,33.55,2.8,1320.02002,3.48,-0.6800000000000002,154.65,23.49,0.39,2.35,1.82,3.99,5.46,10.74,79.42,8029999999.999999,8029999999.999999,15.94,1.02,0.65,14.00,0.65,2130000000.0,14.00,235300000.0,1.43,9.10,16.20,95100000.0,0.64,3220000000.0,1.10,14.01,8029999999.999999,1.34,72.52,40.00,12320000.0,9.10,14.10,12270000.0,underperform
6046,2012-02-11 11:18:35,1328977115.0,an,36.86,30.66,1349.959961,11.81,18.85,148.09,18.90,0.35,2.57,2.03,4.14,N/A,13.85,93.91,7700000000.0,7700000000.0,14.62,0.84,0.56,11.74,0.56,2130000000.0,11.74,284200000.0,1.91,3.10,13.30,67300000.0,0.51,3000000000.0,N/A,14.32,N/A,1.07,71.73,28.30,7520000.0,6.30,N/A,7510000.0,outperform
6047,2008-12-06 07:38:30,1228567110.0,an,9.25,90.27,870.73999,26.32,63.949999999999996,1.557,N/A,0.10,0.77,7.93,3.45,4.70,44.46,88.545,1680000000.0,4930000000.0,N/A,0.92,0.31,7.663,0.31,2840000000.0,7.663,1250000000.0,7.02,N/A,21.50,60800000.0,0.344,3310000000.0,1.031,12.028,654300000.0,1.32,56.65,57.60,30890000.0,11.7,17.80,31910000.0,outperform
6048,2009-02-07 21:57:38,1234061858.0,an,9.86,78.5,832.22998,27.74,50.760000000000005,1.557,N/A,0.13,0.86,8.80,3.27,N/A,43.75,79.482,2009999999.9999998,5270000000.0,N/A,1.29,0.37,9.523,0.37,2840000000.0,9.523,1230000000.0,6.99,29.80,34.90,60800000.0,0.344,3310000000.0,N/A,12.028,N/A,1.29,56.58,57.10,25250000.0,14.3,14.50,28480000.0,outperform
6049,2011-06-29 09:02:27,1309352547.0,an,36.44,-5.46,1307.410034,1.65,-7.109999999999999,139.76,23.30,0.42,2.53,1.86,4.03,5.73,11.05,85.38,8289999999.999999,8289999999.999999,17.10,0.96,0.64,13.81,0.64,2130000000.0,13.81,246800000.0,1.56,25.70,16.70,84300000.0,0.57,2990000000.0,1.09,14.39,8289999999.999999,1.33,30.74,74.10,12120000.0,13.70,18.30,12560000.0,underperform
6050,2008-02-15 23:13:21,1203135201.0,an,15.1,-28.08,1349.98999,-38.24,10.160000000000004,1.083,10.84,0.15,0.80,1.58,3.98,N/A,8.01,88.457,2720000000.0,6480000000.0,N/A,1.12,0.37,8.188,0.37,3040000000.0,8.188,288000000.0,1.39,31.20,4.70,28400000.0,0.157,3770000000.0,N/A,18.903,N/A,0.77,45.40,53.30,13680000.0,6.9,7.60,13040000.0,outperform
6051,2012-07-28 07:42:49,1343475769.0,an,39.17,17.26,1337.890015,26.34,-9.079999999999998,271.59,18.68,0.32,3.09,1.98,4.08,6.07,16.09,110.30,8930000000.0,8930000000.0,14.33,0.76,0.61,13.02,0.61,2300000000.0,13.02,293100000.0,2.15,9.30,17.00,62100000.0,0.52,4150000000.0000005,1.06,12.67,370800000.0,0.86,29.97,69.70,8480000.0,13.80,21.20,8650000.0,underperform
6052,2011-06-22 11:44:19,1308757459.0,an,35.07,2.51,1287.140015,2.98,-0.4700000000000002,139.76,22.15,0.40,2.41,1.86,4.03,5.73,11.05,85.38,8020000000.0,8020000000.0,16.25,0.96,0.62,13.36,0.62,2130000000.0,13.36,246800000.0,1.56,25.70,16.70,84300000.0,0.57,2990000000.0,1.09,14.39,8020000000.0,1.33,30.74,74.10,12560000.0,20.50,19.00,13280000.0,underperform
6053,2004-09-17 02:01:15,1095400875.0,an,17.04,21.77,1128.550049,8.74,13.03,0.979,12.74,0.23,1.09,1.90,3.65,4.19,9.35,69.951,4520000000.0,8270000000.0,11.15,1.14,0.42,10.48,0.42,2960000000.0,10.48,371400000.0,1.33,25.60,0.50,56800000.0,0.21,4000000000.0,1.017,15.253,131699999.99999999,0.622,38.00,76.88,11180000.0,9.655,6.76,9980000.0,outperform
6054,2012-02-04 14:58:28,1328385508.0,an,36.27,33.72,1324.089966,13.14,20.58,148.09,19.37,0.34,2.51,2.03,4.14,N/A,13.85,93.91,7820000000.0,7820000000.0,15.05,0.85,0.56,11.92,0.56,2130000000.0,11.92,284200000.0,1.91,3.10,13.30,67300000.0,0.51,3000000000.0,N/A,14.32,N/A,1.07,71.73,28.30,7510000.0,7.20,N/A,8240000.0,outperform
6055,2011-05-22 03:33:08,1306049588.0,an,33.81,3.61,1343.599976,-2.05,5.66,139.76,21.17,0.39,2.35,1.86,4.03,5.73,11.05,85.38,7800000000.0,7800000000.0,15.46,0.92,0.60,12.99,0.60,2130000000.0,12.99,246800000.0,1.56,25.70,16.70,84300000.0,0.57,2990000000.0,1.09,14.39,7800000000.0,1.33,30.74,74.10,13410000.0,14.00,20.30,12370000.0,outperform
6056,2011-11-16 03:49:15,1321433355.0,an,33.03,21.95,1236.910034,9.41,12.54,148.09,18.42,0.35,2.34,2.08,4.18,6.09,14.01,91.11,7620000000.0,7620000000.0,16.11,0.97,0.57,11.86,0.57,2130000000.0,11.86,282400000.0,1.85,24.30,7.10,67300000.0,0.48,3000000000.0,1.06,14.32,7620000000.0,0.87,30.74,74.10,10890000.0,10.70,N/A,11680000.0,outperform
6057,2013-04-29 12:21:35,1367252495.0,trv,82.5,8.9,1593.609985,17.87,-8.97,22.86,12.93,1.25,1.26,9.98,14.34,2.21,10.16,67.11,34370000000.0,34370000000.0,11.07,1.13,1.34,7.62,1.34,11060000000.0,7.62,2540000000.0,6.59,11.20,1.00,3640000000.0,9.67,5850000000.0,0.38,67.32,2950000000.0,0.83,0.18,85.60,3710000.0,2.00,1.00,3740000.0,underperform
6058,2011-09-08 05:00:26,1315472426.0,trv,45.71,36.05,1185.900024,21.25,14.799999999999997,26.41,9.50,0.79,0.81,9.30,12.75,1.91,9.26,58.05,21690000000.0,21690000000.0,8.36,1.44,0.85,5.37,0.85,11900000000.0,5.37,2350000000.0,5.29,N/A,3.40,5340000000.0,12.75,6600000000.0,0.42,59.61,21690000000.0,0.55,0.28,87.60,9000000.0,1.60,2.10,8380000.000000001,outperform
6059,2008-10-29 00:05:16,1225253116.0,trv,34.4,32.38,930.090027,14.62,17.760000000000005,0.256,7.56,0.87,0.90,12.64,18.40,2.54,12.49,41.379,22670000000.0,22910000000.0,N/A,0.83,0.91,4.213,0.91,26020000000.0,4.213,3180000000.0,5.134,82.10,5.80,5510000000.0,9.428,6330000000.0,0.496,41.943001,3920000000.0,0.73,0.20,86.30,3610000.0,0.5,0.60,3880000.0,outperform
6060,2011-04-25 21:16:54,1303780614.0,trv,56.39,5.64,1335.25,2.75,2.8899999999999997,25.95,9.34,1.05,1.05,12.78,18.89,2.77,12.16,52.83,27290000000.0,27290000000.0,10.00,1.32,1.08,4.93,1.08,11900000000.0,4.93,3190000000.0,6.62,30.40,1.00,5860000000.0,13.59,6610000000.0,0.45,58.46,27290000000.0,0.56,0.28,87.60,9670000.0,2.60,N/A,8390000.0,outperform
6061,2012-03-23 18:46:44,1332542804.0,trv,54.71,47.91,1397.109985,11.57,36.339999999999996,26.99,17.33,0.89,0.93,5.60,6.83,1.04,5.71,61.20,25650000000.0,25650000000.0,9.62,1.87,1.01,10.10,1.01,9170000000.0,10.10,1410000000.0,3.37,30.90,0.30,3830000000.0,9.76,6600000000.0,0.40,62.31,2170000000.0,0.78,0.22,84.80,7480000.0,2.80,1.80,6340000.0,outperform
6062,2013-02-06 06:58:34,1360151914.0,trv,75.78,4.62,1512.119995,17.28,-12.66,25.00,12.48,1.14,1.16,9.61,13.77,2.11,9.91,66.65,32049999999.999996,32049999999.999996,10.56,1.17,1.25,7.33,1.25,9170000000.0,7.33,2450000000.0,6.30,50.80,1.60,3840000000.0,10.18,6350000000.0,0.38,67.32,3230000000.0,0.81,0.25,84.60,4610000.0,2.20,1.20,5200000.0,underperform
6063,2007-07-12 08:30:58,1184243458.0,trv,44.68,-16.36,1547.699951,-19.91,3.5500000000000007,0.241,8.78,1.39,1.40,16.86,24.11,3.37,17.80,37.306,35340000000.0,36330000000.0,N/A,0.95,1.43,5.243,1.43,25090000000.0,5.243,4280000000.0000005,6.07,8.00,6.20,5260000000.0,7.928,6120000000.0,0.48,37.926998,5080000000.0,1.23,0.11,82.20,6530000.0,2.6,1.00,5400000.0,outperform
6064,2010-05-09 10:08:52,1273414132.0,trv,44.24,30.79,1128.150024,19.34,11.45,N/A,7.56,0.98,0.93,14.39,20.86,2.98,13.57,46.06,26090000000.0,26090000000.0,8.39,1.18,1.04,4.34,1.04,N/A,4.34,3580000000.0,6.52,2.30,6.70,4940000000.0,9.98,6520000000.0,0.42,53.51,26090000000.0,0.59,0.25,91.30,10130000.0,2.40,N/A,10400000.0,outperform
6065,2011-04-26 02:42:51,1303800171.0,trv,56.04,6.98,1347.23999,3.23,3.7500000000000004,25.95,9.34,1.05,1.05,12.78,18.89,2.77,12.16,52.83,27290000000.0,27290000000.0,10.00,1.32,1.08,4.93,1.08,11900000000.0,4.93,3190000000.0,6.62,30.40,1.00,5860000000.0,13.59,6610000000.0,0.45,58.46,27290000000.0,0.56,0.28,87.60,9670000.0,2.60,N/A,8390000.0,outperform
6066,2011-07-09 18:31:47,1310250707.0,trv,53.86,12.46,1339.219971,2.12,10.34,26.19,8.02,0.97,0.98,13.45,19.20,2.84,13.13,55.50,25360000000.0,25360000000.0,9.76,1.37,1.00,4.49,1.00,11900000000.0,4.49,3380000000.0,7.32,29.70,2.60,5930000000.0,14.17,6610000000.0,0.43,59.90,25360000000.0,0.52,0.28,87.60,10920000.0,3.50,2.60,11150000.0,outperform
6067,2008-09-19 22:31:43,1221877903.0,trv,43.28,-0.99,1255.079956,-14.85,13.86,0.244,7.76,1.17,1.17,16.30,23.93,3.34,16.27,40.979,29990000000.0,30590000000.0,N/A,0.95,1.20,4.428,1.20,26020000000.0,4.428,4170000000.0,6.55,24.90,4.20,5860000000.0,9.922,6340000000.0,0.502,43.556,4990000000.0,1.02,0.19,86.00,2680000.0,0.9,0.50,2700000.0,outperform
6068,2008-06-22 13:58:48,1214157528.0,gpc,34.09,-19.65,1342.829956,-33.5,13.850000000000001,0.187,13.79,0.64,2.60,4.65,7.63,11.11,19.26,65.177,6810000000.0,7150000000.0,N/A,1.45,0.65,7.738,0.65,3220000000.0,7.738,508330000.0,3.01,1.60,3.40,161520000.0,0.986,500000000.0,2.565,16.297001,581310000.0,0.83,3.23,74.80,2049999.9999999998,2.7,1.30,1910000.0,outperform
6069,2004-11-27 17:05:24,1101593124.0,gpc,30.79,,1181.76001,-24.43,,0.252,19.61,0.84,3.03,4.32,6.92,9.17,16.30,50.964,7540000000.0,7890000000.0,17.85,3.20,0.88,11.52,0.88,2620000000.0,11.52,385980000.0,2.203,N/A,2.30,284700000.0,1.63,625840000.0,2.881,14.193,546410000.0,0.45,2.25,70.44,3000000.0,5.059,1.76,2840000.0,underperform
6070,2008-12-25 23:28:14,1230265694.0,gpc,,,871.6300050000001,28.27,,0.187,11.67,0.52,2.19,4.62,7.63,10.98,19.10,67.726,5800000000.0,6170000000.0,N/A,1.41,0.56,6.577,0.56,3220000000.0,6.577,513720000.0,3.11,1.90,3.00,124430000.0,0.78,500000000.0,2.506,16.624001,501760000.0,0.48,5.27,74.30,1820000.0,1.20,1.20,1300000.0,underperform
6071,2013-05-23 15:53:40,1369338820.0,gpc,78.72,7.05,1650.51001,15.15,-8.100000000000001,29.75,19.88,0.98,4.15,4.96,7.80,9.45,21.65,83.97,12660000000.0,12660000000.0,16.84,2.01,0.97,11.34,0.97,3780000000.0,11.34,646170000.0,4.14,1.30,0.60,841890000.0,5.43,914740000.0,1.77,19.77,850520000.0,0.69,2.81,76.40,6150000.0,6.40,4.10,5860000.0,underperform
6072,2011-11-28 08:47:19,1322488039.0,gpc,50.92,16.58,1192.550049,17.31,-0.7300000000000004,17.29,15.61,0.69,2.93,4.48,7.27,9.94,19.36,77.97,8400000000.0,8400000000.0,13.72,1.74,0.69,8.58,0.69,3250000000.0,8.58,548810000.0,3.47,15.20,11.40,534799999.99999994,3.44,500000000.0,2.07,18.51,8400000000.0,0.89,2.63,71.60,5150000.0,4.20,3.40,5290000.0,underperform
6073,2007-02-20 08:05:48,1171976748.0,gpc,38.09,-10.42,1459.680054,-6.83,-3.59,0.18,18.54,0.82,3.03,4.50,7.56,10.12,17.11,59.931,8480000000.0,8660000000.0,N/A,1.77,0.84,10.144,0.84,3060000000.0,10.144,464930000.0,2.69,9.40,5.60,214390000.0,1.258,500000000.0,3.07,16.344,362900000.0,0.91,2.54,74.60,2500000.0,7.7,1.50,2900000.0,underperform
6074,2012-01-01 13:32:03,1325442723.0,gpc,57.22,5.92,1263.02002,12.92,-7.0,17.29,17.64,0.79,3.35,4.48,7.27,9.94,19.36,77.97,9490000000.0,9490000000.0,15.45,1.98,0.78,9.69,0.78,3250000000.0,9.69,548810000.0,3.47,15.20,11.40,534799999.99999994,3.44,500000000.0,2.07,18.51,607650000.0,0.93,2.63,71.60,4940000.0,5.80,3.20,5170000.0,underperform
6075,2007-04-04 17:13:57,1175721237.0,gpc,38.32,-14.07,1439.369995,-4.87,-9.2,0.201,18.01,0.81,3.34,4.55,7.62,10.75,18.13,60.952,8460000000.000001,8880000000.0,N/A,1.65,0.85,10.208,0.85,3280000000.0,10.208,475400000.0,2.76,9.60,5.50,135970000.0,0.798,512250000.0,3.199,14.953,433500000.0,0.73,3.77,73.40,1810000.0,3.1,1.10,1910000.0,underperform
6076,2004-04-14 14:14:43,1081966483.0,gpc,23.51,34.62,1128.170044,3.0,31.619999999999997,0.293,16.49,0.69,2.52,4.18,6.77,8.74,15.97,48.423,5820000000.0,6500000000.0,14.46,2.57,0.77,10.14,0.77,2620000000.0,10.14,353640000.0,2.026,N/A,2.30,15390000.0,0.09,677630000.0,3.361,13.286,402180000.0,0.44,3.03,71.03,2490000.0,4.982,1.47,3020000.0,outperform
6077,2008-04-23 08:16:28,1208952988.0,gpc,33.14,-14.15,1379.930054,-38.26,24.11,0.187,13.61,0.63,2.51,4.65,7.63,11.11,19.26,65.177,6780000000.0,7100000000.0,N/A,1.42,0.65,7.692,0.65,3220000000.0,7.692,508330000.0,3.01,1.60,3.40,161520000.0,0.979,500000000.0,2.565,16.358999,579110000.0,0.75,3.20,75.50,1730000.0,1.3,1.10,2040000.0,outperform
6078,2004-04-23 20:52:52,1082767972.0,hon,26.9,3.75,1140.599976,-0.27,4.02,0.513,22.08,1.29,2.78,5.72,7.00,4.74,13.56,27.644,29950000000.0,32030000000.0,18.26,2.11,1.34,12.29,1.34,4870000000.0,12.29,1360000000.0,1.58,N/A,3.70,3200000000.0,3.73,5520000000.0,1.668,12.442,2200000000.0,1.378,12.28,75.92,8990000.0,2.907,1.19,8640000.0,outperform
6079,2012-03-16 04:06:07,1331885167.0,hon,56.78,25.68,1404.170044,10.71,14.969999999999999,69.30,23.28,1.28,4.34,5.66,7.05,4.14,17.20,46.78,50370000000.0,50370000000.0,12.24,0.96,1.38,14.26,1.38,7970000000.0,14.26,1860000000.0,2.61,N/A,8.30,4110000000.0000005,5.30,7560000000.0,1.31,13.95,2830000000.0,1.36,0.07,80.00,6750000.0,2.10,1.00,7320000.0,outperform
6080,2007-10-24 14:54:39,1193252079.0,hon,48.76,-49.88,1515.880005,-40.09,-9.79,0.951,19.59,1.31,5.31,6.97,11.33,7.25,23.91,43.037,43350000000.0,49900000000.0,N/A,1.58,1.49,10.789,1.49,7270000000.0,10.789,2340000000.0,2.96,14.20,9.80,1790000000.0,2.393,7850000000.0,1.129,11.054,3710000000.0,1.32,0.04,77.20,7400000.0,1.7,1.00,9700000.0,underperform
6081,2008-12-08 16:08:40,1228770520.0,hon,23.27,53.2,909.7000119999999,20.03,33.17,0.964,7.35,0.52,2.02,7.47,11.10,7.36,31.18,50.068,19730000000.0,26180000000.0,N/A,0.70,0.71,5.205,0.71,8289999999.999999,5.205,2770000000.0,3.70,16.30,6.20,2290000000.0,3.156,9190000000.0,1.102,13.133,3970000000.0,1.53,0.06,80.00,5660000.0,0.9,0.80,5200000.0,outperform
6082,2007-04-09 12:40:36,1176136836.0,hon,38.77,23.63,1444.609985,-5.47,29.099999999999998,0.521,18.74,1.21,3.89,6.64,9.76,6.06,19.82,38.206,37800000000.0,41610000000.0,N/A,1.32,1.33,10.793,1.33,6190000000.0,10.793,2080000000.0,2.52,12.50,13.80,1220000000.0,1.509,5060000000.0,1.214,12.141,3210000000.0,10.29,N/A,76.70,7210000.0,1.9,0.90,6210000.0,outperform
6083,2007-03-08 11:41:19,1173372079.0,hon,38.94,21.73,1401.890015,-7.74,29.47,0.521,18.48,1.19,3.84,6.64,11.30,7.26,20.29,38.213,37270000000.0,41110000000.0,N/A,1.30,1.31,9.284,1.31,7270000000.0,9.284,2080000000.0,2.52,13.80,13.80,1220000000.0,1.53,5060000000.0,1.214,12.141,3210000000.0,0.95,0.02,76.40,5670000.0,1.7,0.70,7210000.0,outperform
6084,2008-12-25 22:06:45,1230260805.0,hon,,,871.6300050000001,28.27,,0.964,8.61,0.62,2.41,7.47,11.10,7.36,31.18,50.068,23120000000.0,30030000000.0,N/A,0.85,0.81,5.971,0.81,8289999999.999999,5.971,2770000000.0,3.70,16.30,6.20,2290000000.0,3.156,9190000000.0,1.102,13.133,3970000000.0,1.53,0.06,80.00,6080000.0,0.8,0.80,5660000.0,underperform
6085,2009-02-20 05:19:00,1235125140.0,hon,24.91,40.1,770.049988,42.78,-2.6799999999999997,N/A,8.05,0.61,3.10,7.64,9.65,6.37,34.03,49.617,22220000000.0,28580000000.0,N/A,0.94,0.78,6.448,0.78,8560000000.000001,6.448,2790000000.0,3.76,2.60,6.10,2069999999.9999998,2.809,8380000000.000001,1.079,9.784,3790000000.0,1.45,4.36,76.40,7690000.0,1.2,1.00,9180000.0,underperform
6086,2008-01-23 16:15:03,1201122903.0,hon,47.13,-41.99,1338.599976,-38.18,-3.8100000000000023,0.951,18.14,1.20,4.88,6.97,11.33,7.25,23.91,43.037,40150000000.0,46350000000.0,N/A,1.52,1.38,10.023,1.38,7270000000.0,10.023,2340000000.0,2.96,14.20,9.80,1790000000.0,2.393,7850000000.0,1.129,11.054,3710000000.0,1.38,0.06,77.90,8100000.0,1.7,1.10,8380000.000000001,underperform
6087,2007-06-29 14:23:01,1183141381.0,hon,46.52,-6.81,1503.349976,-12.07,5.260000000000001,0.654,21.36,1.37,4.80,6.76,11.68,7.59,21.65,39.616,44250000000.0,48580000000.0,N/A,1.55,1.51,10.431,1.51,7270000000.0,10.431,2170000000.0,2.66,20.60,11.00,1380000000.0,1.767,5990000000.0,1.224,11.752,3550000000.0,1.33,0.03,76.60,11130000.0,1.7,1.40,13990000.0,outperform
6088,2013-03-17 06:49:50,1363517390.0,hon,71.22,29.11,1563.22998,18.91,10.2,56.72,19.91,1.54,4.45,7.77,11.03,6.36,24.31,48.14,59850000000.0,59850000000.0,13.38,1.43,1.59,11.78,1.59,9370000000.0,11.78,2930000000.0,3.69,N/A,1.10,5220000000.0,6.66,7500000000.0,1.35,16.58,3520000000.0,1.43,0.11,81.60,8670000.0,2.50,1.20,9190000.0,outperform
6089,2012-07-17 02:00:27,1342504827.0,hon,51.63,54.87,1363.670044,23.26,31.609999999999996,66.72,19.68,1.14,3.62,5.88,7.41,4.34,16.91,47.72,46010000000.0,46010000000.0,10.87,0.90,1.24,12.44,1.24,7970000000.0,12.44,1990000000.0,2.77,16.70,7.30,4420000000.0,5.67,7900000000.0,1.31,15.07,3470000000.0,1.41,0.08,81.10,6700000.0,1.60,1.00,7910000.0,outperform
6090,2009-02-18 21:36:59,1235011019.0,hon,26.16,36.01,788.419983,40.38,-4.3700000000000045,N/A,8.07,0.62,3.14,7.64,9.65,6.37,34.03,49.601,22080000000.0,29080000000.0,N/A,1.02,0.80,6.562,0.80,8560000000.000001,6.562,2790000000.0,3.75,2.60,6.10,2069999999.9999998,2.833,8380000000.000001,1.079,9.859,3790000000.0,1.45,4.36,76.40,7690000.0,1.2,1.10,9180000.0,underperform
6091,2007-05-27 15:34:14,1180294454.0,hon,,,1507.51001,-8.73,,0.654,21.43,1.36,4.76,6.76,11.68,7.59,21.65,39.616,44390000000.0,49000000000.0,N/A,1.65,1.52,10.523,1.52,7270000000.0,10.523,2170000000.0,2.66,20.60,11.00,1380000000.0,1.767,5990000000.0,1.224,11.752,3550000000.0,1.28,0.03,78.10,6300000.0,1.9,0.80,8430000.0,underperform
6092,2004-10-14 22:01:42,1097805702.0,hon,27.11,6.05,1103.290039,7.55,-1.5,0.469,21.38,1.23,2.77,5.74,7.13,4.84,13.53,28.364,29900000000.0,32070000000.0,16.88,1.63,1.31,12.01,1.31,4870000000.0,12.01,1410000000.0,1.627,N/A,3.70,3230000000.0,3.76,5110000000.0,1.704,12.664,2020000000.0,1.334,12.29,76.24,6590000.0,2.41,0.87,6340000.0,underperform
6093,2005-03-06 10:19:01,1110122341.0,hon,29.94,9.92,1210.469971,5.6,4.32,0.469,26.06,1.26,2.87,5.00,6.56,4.28,11.68,29.693,32909999999.999996,34590000000.0,16.32,1.60,1.35,N/A,1.35,5020000000.0,2660000000.0,1280000000.0,1.48,3.20,10.80,3590000000.0,4.22,5270000000.0,1.467,13.237,2250000000.0,1.381,12.44,76.28,7710000.0,1.838,1.03,4480000.0,outperform
6094,2004-06-21 01:53:52,1087797232.0,hon,28.12,6.26,1130.300049,7.37,-1.1100000000000003,0.513,23.13,1.30,2.89,5.72,7.00,4.74,13.56,27.644,31400000000.0,33710000000.0,18.45,1.84,1.41,12.94,1.41,4870000000.0,12.94,1360000000.0,1.58,N/A,3.70,3200000000.0,3.72,5520000000.0,1.668,12.52,2060000000.0,1.333,12.29,76.32,7530000.0,2.587,1.00,8990000.0,underperform
6095,2005-02-04 07:58:00,1107521880.0,hon,29.66,6.24,1203.030029,6.6,-0.35999999999999943,0.462,22.34,1.26,2.82,5.65,7.65,4.84,13.16,29.693,32240000000.000004,33810000000.000004,15.88,1.60,1.32,11.5,1.32,4870000000.0,11.5,1450000000.0,1.68,N/A,3.70,3700000000.0,4.3,5270000000.0,1.486,13.026,1990000000.0,1.428,12.46,76.17,4480000.0,1.095,0.59,4840000.0,underperform
6096,2004-08-10 03:10:16,1092121816.0,hon,27.51,10.61,1079.040039,13.91,-3.3000000000000007,0.469,21.27,1.21,2.73,5.74,7.13,4.84,13.53,28.364,29750000000.0,31600000000.0,16.88,1.73,1.29,11.83,1.29,4870000000.0,11.83,1410000000.0,1.627,N/A,3.70,3230000000.0,3.76,5110000000.0,1.704,12.664,2060000000.0,1.338,12.29,76.29,6470000.0,2.223,0.86,7540000.0,underperform
6097,2003-12-14 19:29:58,1071448198.0,hon,23.76,20.2,1071.209961,11.9,8.299999999999999,0.527,N/A,1.17,2.70,2.33,4.72,1.94,5.50,26.733,26970000000.0,29310000000.0,19.36,1.99,1.29,N/A,1.29,4660000000.0,N/A,530000000.0,0.691,N/A,5.80,2870000000.0,3.33,5210000000.0,1.702,11.47,N/A,1.288,12.29,74.98,8770000.0,2.207,1.16,7840000.0,outperform
6098,2007-08-23 00:11:42,1187842302.0,hon,46.39,-9.14,1462.5,-11.64,2.5,0.968,19.86,1.26,5.28,6.90,11.89,7.77,24.10,41.122,41780000000.0,47090000000.0,N/A,1.55,1.44,9.822,1.44,7270000000.0,9.822,2260000000.0,2.81,17.30,8.10,1630000000.0,2.182,7550000000.0,1.06,10.422,3600000000.0,1.33,N/A,77.60,9170000.0,2.1,1.20,11130000.0,outperform
6099,2006-06-20 16:48:48,1150836528.0,hon,31.21,49.76,1240.119995,21.99,27.77,0.486,18.89,1.12,2.93,6.09,10.33,5.68,14.81,33.738,31990000000.0,35810000000.0,N/A,1.29,1.26,9.509,1.26,6190000000.0,9.509,1650000000.0,2.05,21.80,12.30,1440000000.0,1.742,5300000000.0,1.229,13.181,2350000000.0,1.58,0.13,76.50,5910000.0,1.6,0.70,5560000.0,outperform
6100,2013-05-07 09:15:06,1367932506.0,hon,74.2,23.29,1625.959961,15.51,7.779999999999999,56.26,19.70,1.59,4.45,8.14,11.35,6.51,24.09,48.04,61810000000.0,61810000000.0,13.78,1.44,1.64,11.84,1.64,9370000000.0,11.84,3070000000.0,3.86,17.40,0.20,5080000000.0,6.46,7700000000.0,1.35,17.08,3660000000.0,1.39,0.11,81.60,7000000.0,1.80,1.00,9880000.0,outperform
6101,2007-04-27 09:13:02,1177679582.0,hon,45.17,9.1,1494.069946,-7.64,16.74,0.654,20.21,1.30,4.57,6.76,11.68,7.59,21.65,39.616,41860000000.0,46480000000.0,N/A,1.39,1.45,9.98,1.45,7270000000.0,9.98,2170000000.0,2.66,20.60,11.00,1380000000.0,1.767,5990000000.0,1.224,11.752,3550000000.0,0.9,0.02,76.90,8430000.0,1.10,1.10,5670000.0,outperform
6102,2004-04-23 19:07:34,1082761654.0,ba,33.71,37.14,1140.599976,-0.27,37.410000000000004,1.775,50.62,0.67,4.16,1.42,0.89,1.38,9.59,62.412,34150000000.0,43680000000.0,20.59,2.21,0.87,N/A,0.87,6620000000.0,1900000000.0,718000000.0,0.842,45.90,6.60,4630000000.0,5.78,14440000000.0,0.935,10.17,3880000000.0,0.732,20.00,66.36,8620000.0,2.981,1.34,11520000.0,outperform
6103,2007-03-11 21:07:43,1173661663.0,ba,74.04,-15.01,1401.890015,-9.17,-5.84,2.013,31.83,1.14,14.80,3.60,5.96,4.93,27.93,79.805,70650000000.0,73800000000.0,N/A,1.19,1.20,12.397,1.20,11090000000.0,12.397,2210000000.0,2.81,N/A,N/A,6390000000.0,8.091,9540000000.0,0.774,6.008,7500000000.0,0.69,0.04,67.10,4710000.0,0.60,0.60,6820000.0,underperform
6104,2008-12-19 19:12:32,1229731952.0,ba,35.56,38.78,887.8800050000001,24.92,13.86,0.873,8.05,0.46,3.46,5.77,8.16,6.02,49.83,89.692,30160000000.0,32930000000.0,N/A,0.77,0.50,4.819,0.50,13280000000.0,4.819,3770000000.0,5.12,37.60,7.40,4780000000.0,6.519,7610000000.0,0.829,11.87,3130000000.0,1.15,0.42,69.60,12690000.0,1.2,1.70,11410000.0,outperform
6105,2004-08-10 05:47:42,1092131262.0,ba,39.58,35.7,1079.040039,13.91,21.790000000000003,1.526,15.43,0.79,4.54,5.03,5.02,4.88,32.14,63.096,40930000000.0,48040000000.0,19.12,1.67,0.93,12.16,0.93,6620000000.0,12.16,2590000000.0,3.161,45.90,6.60,6180000000.0,7.37,13660000000.0,0.862,10.647,4400000000.0,0.709,20.00,63.98,10590000.0,3.119,1.58,11880000.0,outperform
6106,2011-04-27 03:12:55,1303888375.0,ba,70.26,3.67,1355.660034,3.27,0.3999999999999999,434.00,16.96,0.86,19.91,5.14,7.31,4.50,130.18,87.12,57050000000.0,57050000000.0,14.50,1.95,0.89,8.88,0.89,12460000000.0,8.88,3310000000.0,4.46,8.20,7.70,10520000000.0,14.28,12420000000.0,1.15,3.76,57050000000.0,1.31,0.34,71.20,11470000.0,2.20,2.10,10210000.0,outperform
6107,2013-04-26 01:20:15,1366953615.0,ba,90.04,43.39,1582.23999,18.53,24.86,174.44,17.95,0.84,11.70,4.77,7.39,4.47,81.53,108.11,65590000000.0,65590000000.0,12.71,0.98,0.80,8.36,0.80,13050000000.0,8.36,3900000000.0,5.11,29.80,14.00,13500000000.0,17.86,10410000000.0,1.27,7.77,7510000000.0,1.04,0.30,9.10,8690000.0,1.60,1.30,11760000.0,outperform
6108,2007-07-17 11:23:37,1184685817.0,ba,85.31,-34.65,1549.369995,-19.62,-15.029999999999998,1.559,33.40,1.28,14.33,3.83,6.38,5.24,27.87,81.368,80370000000.0,83840000000.0,N/A,1.18,1.34,13.369,1.34,11090000000.0,13.369,2390000000.0,3.06,26.70,7.70,5280000000.0,6.702,8750000000.0,0.792,7.123,6170000000.0,0.73,0.04,67.50,8359999.999999999,2.1,1.10,8560000.0,underperform
6109,2007-06-13 21:25:31,1181784331.0,ba,82.32,-23.46,1515.670044,-11.6,-11.860000000000001,1.559,32.22,1.21,13.54,3.83,6.38,5.24,27.87,81.368,77540000000.0,77930000000.0,N/A,1.19,1.24,12.427,1.24,11090000000.0,12.427,2390000000.0,3.06,26.70,7.70,5280000000.0,6.702,8750000000.0,0.792,7.123,6170000000.0,0.65,0.04,66.60,6060000.0,1.7,0.80,6510000.0,underperform
6110,2011-12-25 18:59:06,1324857546.0,ba,69.88,4.75,1254.0,13.77,-9.02,204.26,14.64,0.84,9.25,5.76,7.68,4.53,71.42,88.29,58180000000.0,58180000000.0,14.94,1.28,0.89,8.64,0.89,12460000000.0,8.64,3790000000.0,5.05,31.20,4.50,9180000000.0,12.35,12380000000.0,1.23,8.03,2210000000.0,1.27,0.34,71.20,13740000.0,2.50,2.60,11540000.0,underperform
6111,2012-06-28 06:51:02,1340880662.0,ba,68.13,46.56,1329.040039,20.86,25.700000000000003,227.03,12.45,0.73,10.56,5.95,8.37,5.14,95.26,97.74,55000000000.0,55000000000.0,12.70,1.43,0.75,7.02,0.75,12870000000.0,7.02,4350000000.0,5.78,57.50,30.00,10460000000.0,13.96,11620000000.0,1.21,6.71,5810000000.0,1.11,0.30,6.80,11360000.0,2.50,1.80,11320000.0,outperform
6112,2012-02-24 09:24:21,1330093461.0,ba,71.96,0.78,1365.73999,10.71,-9.930000000000001,342.88,14.21,0.82,16.07,5.85,8.06,4.66,123.99,92.06,57720000000.0,57720000000.0,13.38,1.29,0.84,8.01,0.84,12870000000.0,8.01,4010000000.0,5.34,19.70,18.20,11220000000.0,15.04,12370000000.0,1.21,4.72,4019999999.9999995,1.35,0.31,7.80,13000000.0,2.50,N/A,12860000.0,underperform
6113,2012-04-27 11:01:28,1335538888.0,ba,73.11,20.48,1403.359985,12.5,7.98,342.88,14.42,0.84,16.31,5.85,8.06,4.66,123.99,92.06,58570000000.0,58570000000.0,13.58,1.41,0.85,8.13,0.85,12870000000.0,8.13,4010000000.0,5.34,19.70,18.20,11220000000.0,15.04,12370000000.0,1.21,4.72,4019999999.9999995,1.14,0.31,7.80,7300000.0,1.90,1.10,7110000.0,outperform
6114,2008-12-18 03:42:42,1229589762.0,ba,35.41,35.1,885.2800289999999,24.53,10.57,0.873,8.02,0.47,3.53,5.77,8.16,6.02,49.83,89.692,30060000000.0,33540000000.0,N/A,0.79,0.51,4.908,0.51,13280000000.0,4.908,3770000000.0,5.12,37.60,7.40,4780000000.0,6.519,7610000000.0,0.829,11.87,3130000000.0,1.15,0.42,69.60,12690000.0,1.2,1.70,11410000.0,outperform
6115,2013-02-06 07:49:50,1360154990.0,ba,73.5,64.01,1512.119995,17.28,46.730000000000004,174.44,14.86,0.70,9.69,4.77,7.39,4.47,81.53,107.88,54200000000.0,54200000000.0,10.45,1.10,0.66,6.90,0.66,12870000000.0,6.90,3900000000.0,5.11,29.80,14.00,13560000000.0,17.94,10410000000.0,1.27,7.76,7510000000.0,1.08,0.30,7.60,7370000.0,1.20,N/A,7670000.0,outperform
6116,2007-06-15 02:33:59,1181889239.0,ba,82.05,-24.05,1532.910034,-12.88,-11.17,1.559,32.39,1.24,13.82,3.83,6.38,5.24,27.87,81.368,77930000000.0,81010000000.0,N/A,1.27,1.29,12.917,1.29,11090000000.0,12.917,2390000000.0,3.06,26.70,7.70,5280000000.0,6.702,8750000000.0,0.792,7.123,6170000000.0,0.71,0.04,67.50,8560000.0,1.10,1.10,6060000.0,underperform
6117,2003-12-15 23:51:09,1071550269.0,ba,31.01,36.5,1068.040039,12.67,23.83,2.023,189.37,0.62,4.29,0.34,1.74,0.34,2.19,63.456,31370000000.0,44640000000.0,21.28,4.12,0.88,18.14,0.88,8570000000.0,18.14,176000000.0,0.207,82.60,7.10,1730000000.0,2.17,14870000000.0,0.824,9.19,N/A,0.589,20.00,65.13,8610000.0,2.985,1.34,8760000.0,outperform
6118,2005-02-16 09:43:00,1108564980.0,ba,43.56,36.71,1210.339966,6.53,30.18,1.081,24.28,0.86,3.98,3.47,3.83,3.36,19.46,64.564,45300000000.0,54120000000.0,17.67,2.26,1.03,15.38,1.03,6620000000.0,15.38,1820000000.0,2.24,45.90,6.60,3380000000.0,4.06,12200000000.0,0.718,13.562,5850000000.0,0.757,20.00,65.05,7500000.0,2.579,1.13,8450000.0,outperform
6119,2008-01-23 15:53:15,1201121595.0,ba,64.46,-43.47,1338.599976,-38.18,-5.289999999999999,1.339,14.61,0.91,9.42,6.07,7.97,5.69,46.02,86.983,58920000000.0,59260000000.0,N/A,1.06,0.89,8.705,0.89,11090000000.0,8.705,4010000000.0,5.21,60.50,12.10,9460000000.0,12.211,8580000000.0,0.863,8.242,10130000000.0,0.81,1.33,69.10,5660000.0,0.9,0.70,6630000.0,underperform
6120,2007-01-11 22:34:58,1168572898.0,ba,73.71,-8.03,1423.819946,-1.6,-6.43,0.919,41.36,1.19,6.41,2.85,5.25,3.93,16.53,76.506,70250000000.0,75100000000.0,N/A,2.25,1.27,14.272,1.27,9000000000.0,14.272,1690000000.0,2.15,31.40,19.30,5620000000.0,7.109,10130000000.0,0.754,13.933,7450000000.0,0.62,1.71,67.80,5870000.0,1.3,0.80,6710000.0,underperform
6121,2012-01-08 12:20:26,1326043226.0,ba,69.16,6.06,1281.060059,14.12,-8.059999999999999,204.26,14.64,0.83,9.15,5.76,7.68,4.53,71.42,88.29,58190000000.0,58190000000.0,14.95,1.24,0.89,8.64,0.89,12460000000.0,8.64,3790000000.0,5.05,31.20,4.50,9180000000.0,12.35,12380000000.0,1.23,8.03,2210000000.0,1.27,0.31,7.80,14930000.0,2.40,2.80,13740000.0,underperform
6122,2011-11-07 22:29:08,1320722948.0,ba,61.96,11.3,1261.119995,13.26,-1.959999999999999,204.26,13.12,0.74,8.19,5.76,7.68,4.53,71.42,88.29,52110000000.0,52110000000.0,13.42,1.11,0.79,7.74,0.79,12460000000.0,7.74,3790000000.0,5.05,31.20,4.50,9180000000.0,12.35,12380000000.0,1.23,8.03,52110000000.0,1.35,0.34,71.20,11530000.0,2.00,2.10,11540000.0,underperform
6123,2004-12-10 14:13:37,1102706017.0,ba,42.15,35.07,1188.0,5.84,29.23,1.296,15.61,0.85,4.43,5.29,5.08,5.15,32.33,64.095,44310000000.0,52280000000.0,20.54,1.86,1.00,12.96,1.00,6620000000.0,12.96,2770000000.0,3.382,45.90,6.60,4410000000.0,5.25,12370000000.0,0.767,11.916,5850000000.0,0.708,20.00,66.37,10450000.0,2.869,1.56,11320000.0,outperform
6124,2008-10-28 03:46:03,1225179963.0,ba,41.83,0.19,940.51001,10.86,-10.67,0.873,8.28,0.50,3.81,5.77,8.16,6.02,49.83,89.692,31040000000.0,35980000000.0,N/A,0.74,0.55,5.266,0.55,13280000000.0,5.266,3770000000.0,5.12,37.60,7.40,4780000000.0,6.519,7610000000.0,0.829,11.87,3130000000.0,1.46,0.42,71.30,9280000.0,1.1,1.30,9020000.0,underperform
6125,2007-06-16 06:31:36,1181989896.0,ba,82.32,-23.46,1515.670044,-11.6,-11.860000000000001,1.559,32.12,1.24,13.89,3.83,6.38,5.24,27.87,81.368,77280000000.0,80750000000.0,N/A,1.28,1.29,12.877,1.29,11090000000.0,12.877,2390000000.0,3.06,26.70,7.70,5280000000.0,6.702,8750000000.0,0.792,7.123,6170000000.0,0.71,0.04,67.50,8560000.0,1.10,1.10,6060000.0,underperform
6126,2005-01-21 23:14:29,1106367269.0,ba,40.26,38.72,1167.869995,9.42,29.299999999999997,1.296,14.80,0.82,4.27,5.29,5.08,5.15,32.33,64.095,42040000000.0,50700000000.0,19.41,2.13,0.97,12.57,0.97,6620000000.0,12.57,2770000000.0,3.382,45.90,6.60,4410000000.0,5.25,12370000000.0,0.767,11.916,5850000000.0,0.716,20.00,66.29,8450000.0,2.645,1.26,10450000.0,outperform
6127,2005-04-04 05:06:47,1112605607.0,ba,47.12,36.93,1176.119995,11.04,25.89,1.081,26.22,0.92,4.31,3.47,3.83,3.37,19.45,64.564,48750000000.0,57430000000.0,18.96,1.92,1.09,16.32,1.09,7780000000.0,16.32,1820000000.0,2.24,160.70,3.90,3520000000.0,4.25,12200000000.0,0.725,13.562,3460000000.0,0.743,12.82,66.23,9950000.0,2.279,1.38,10490000.0,outperform
6128,2005-12-14 23:01:36,1134619296.0,ba,58.4,27.76,1272.73999,12.0,15.760000000000002,1.153,25.11,1.06,6.07,4.26,3.15,2.50,24.04,67.772,57680000000.0,62450000000.0,N/A,1.65,1.16,15.988,1.16,7780000000.0,15.988,2280000000.0,2.85,121.70,4.00,5070000000.0,6.285,10860000000.0,0.734,11.633,5870000000.0,N/A,1.56,67.40,7900000.0,1.7,1.00,9590000.0,outperform
6129,2007-10-26 03:25:30,1193383530.0,ba,80.55,-54.44,1535.280029,-41.59,-12.849999999999994,1.478,20.64,1.14,12.64,5.58,7.68,5.39,44.32,84.286,75240000000.0,74900000000.0,N/A,1.28,1.16,11.505,1.16,11090000000.0,11.505,3600000000.0,4.65,N/A,13.60,7630000000.0,9.737,8650000000.0,0.847,7.46,7360000000.0,0.59,1.28,67.50,8210000.000000001,1.5,1.10,8570000.0,underperform
6130,2005-02-20 13:24:01,1108923841.0,ba,43.35,,1200.75,7.2,,1.081,23.54,0.85,3.96,3.47,3.83,3.37,19.45,64.564,43920000000.0,52750000000.0,17.14,2.19,1.01,14.99,1.01,6620000000.0,14.99,1820000000.0,2.24,45.90,6.60,3380000000.0,4.06,12200000000.0,0.718,13.562,5850000000.0,0.757,20.01,64.58,7500000.0,2.579,1.13,8450000.0,underperform
6131,2004-06-22 15:13:31,1087931611.0,ba,39.63,29.22,1134.410034,7.01,22.21,1.583,22.43,0.82,4.48,3.55,3.24,3.47,23.56,63.014,41800000000.0,51810000000.0,21.10,1.89,1.01,16.76,1.01,6620000000.0,16.76,1820000000.0,2.21,45.90,6.60,3950000000.0,4.68,14020000000.0,0.898,11.051,4400000000.0,0.696,20.00,63.47,9680000.0,3.471,1.44,8620000.0,outperform
6132,2012-07-13 11:00:04,1342191604.0,ba,69.96,46.98,1356.780029,21.8,25.179999999999996,227.03,12.42,0.73,10.68,5.95,8.37,5.14,95.26,97.74,54880000000.0,54880000000.0,12.67,1.44,0.75,7.01,0.75,12870000000.0,7.01,4350000000.0,5.78,57.50,30.00,10460000000.0,13.96,11620000000.0,1.21,6.71,5810000000.0,1.11,0.30,6.80,8440000.0,2.00,1.30,11360000.0,outperform
6133,2007-04-07 06:04:17,1175940257.0,ba,75.19,-14.32,1439.369995,-4.87,-9.45,2.013,32.18,1.16,15.02,3.60,5.96,4.93,27.93,79.805,71430000000.0,74580000000.0,N/A,1.21,1.21,12.528,1.21,11090000000.0,12.528,2210000000.0,2.81,N/A,N/A,6390000000.0,8.091,9540000000.0,0.774,6.008,7500000000.0,0.6,0.04,67.10,6510000.0,1.5,0.80,4710000.0,underperform
6134,2011-09-27 03:01:23,1317106883.0,ba,58.68,14.62,1175.380005,21.95,-7.33,241.05,13.11,0.68,9.31,5.43,7.22,4.31,88.36,87.54,46980000000.0,46980000000.0,11.88,1.05,0.72,7.38,0.72,12460000000.0,7.38,3530000000.0,4.73,19.60,6.20,8750000000.0,11.80,11630000000.0,1.19,6.39,46980000000.0,1.22,0.34,71.20,12010000.0,1.40,2.20,9930000.0,underperform
6135,2005-09-08 03:59:58,1126166398.0,ba,52.59,14.45,1231.670044,5.46,8.989999999999998,0.991,30.01,0.98,4.79,3.20,3.70,2.93,16.93,67.987,52930000000.0,59230000000.0,N/A,1.90,1.09,14.173,1.09,7780000000.0,14.173,1700000000.0,2.15,6.80,14.80,5170000000.0,6.298,11030000000.0,0.747,13.582,6320000000.0,N/A,1.53,67.40,9390000.0,1.20,1.20,10030000.0,outperform
6136,2012-09-22 14:17:19,1348337839.0,ba,66.93,74.15,1461.050049,17.88,56.27000000000001,190.11,12.10,0.68,9.04,5.71,8.10,5.05,81.60,102.01,53550000000.0,53550000000.0,12.43,1.41,0.70,6.78,0.70,12870000000.0,6.78,4370000000.0,5.79,2.80,20.90,10250000000.0,13.64,11200000000.0,1.22,7.73,5120000000.0,1.13,0.30,6.80,9350000.0,2.50,1.50,9090000.0,outperform
6137,2004-10-13 12:14:23,1097684063.0,ba,40.24,34.54,1113.650024,5.67,28.869999999999997,1.526,15.94,0.82,4.73,5.03,5.02,4.88,32.14,63.096,42310000000.0,49780000000.0,19.76,1.73,0.97,12.6,0.97,6620000000.0,12.6,2590000000.0,3.161,45.90,6.60,6180000000.0,7.37,13660000000.0,0.862,10.647,5010000000.0,0.706,20.00,65.29,11510000.0,3.942,1.71,9120000.0,outperform
6138,2012-01-02 04:34:27,1325496867.0,csc,,,1257.599976,11.4,,68.94,N/A,0.23,0.78,14.08,4.88,3.27,38.64,104.62,5960000000.0,5960000000.0,6.16,2.67,0.37,3.13,0.37,3120000000.0,3.13,2290000000.0,14.73,N/A,0.80,984000000.0,6.35,3260000000.0,1.64,30.17,1180000000.0,1.14,0.11,86.70,6440000.0,2.30,4.20,6040000.0,underperform
6139,2011-12-30 22:31:04,1325302264.0,apa,88.87,-13.0,1257.599976,12.9,-25.9,25.81,8.81,2.18,1.30,25.76,49.31,11.58,16.39,41.51,41270000000.0,41270000000.0,7.33,0.69,2.60,3.46,2.60,9880000000.0,3.46,4010000000.0,10.28,28.80,43.40,586000000.0,1.53,7200000000.0,1.14,69.46,9100000000.0,1.52,0.48,86.40,3990000.0,1.30,1.00,4930000.0,underperform
6140,2007-04-05 23:23:27,1175829807.0,apa,68.56,76.72,1443.76001,-5.08,81.8,0.29,9.43,2.92,1.81,31.40,49.11,11.55,21.51,24.631,23860000000.0,27540000000.0,N/A,1.16,3.39,4.642,3.39,6820000000.0,4.642,2550000000.0,7.64,33.90,5.20,140520000.0,0.425,3820000000.0,0.653,39.585999,4310000000.0,1.09,0.51,81.90,6170000.0,1.90,1.90,6790000.0,outperform
6141,2004-05-12 19:41:03,1084405263.0,apa,37.53,34.45,1097.280029,5.66,28.790000000000003,0.319,11.64,3.04,1.93,25.88,44.71,9.40,18.16,13.406,13060000000.0,15520000000.0,13.43,1.43,3.55,4.82,3.55,3430000000.0,4.82,1130000000.0,3.451,102.40,63.70,61150000.0,0.19,2190000000.0,1.08,21.131001,2710000000.0,0.431,16.00,80.74,4059999.9999999995,1.697,1.49,3820000.0,outperform
6142,2012-06-07 09:06:44,1339074404.0,apa,82.18,2.39,1314.98999,24.97,-22.58,26.50,7.88,1.89,1.13,24.59,49.36,10.86,15.47,44.93,40400000000.0,40400000000.0,6.41,0.78,2.34,3.09,2.34,13990000000.0,3.09,4170000000.0,10.60,29.70,15.50,245000000.0,0.63,7870000000.0,1.05,74.09,9980000000.0,1.69,0.39,85.40,4840000.0,1.50,1.30,6210000.0,underperform
6143,2004-09-19 14:30:16,1095618616.0,apa,43.9,64.24,1123.5,9.57,54.669999999999995,0.301,12.51,3.35,2.13,27.65,44.20,10.07,19.32,13.943,15640000000.0,17830000000.0,10.98,0.84,3.91,5.4,3.91,3430000000.0,5.4,1260000000.0,3.835,102.40,63.70,97480000.0,0.3,2190000000.0,1.187,22.011999,2780000000.0,0.446,16.01,77.02,2500000.0,1.427,0.91,2670000.0,outperform
6144,2012-02-29 17:44:57,1330555497.0,apa,106.05,-30.65,1365.680054,10.91,-41.56,24.89,9.49,2.49,1.45,27.14,48.98,10.83,17.18,43.98,49100000000.0,49100000000.0,7.92,0.94,2.91,3.94,2.91,9880000000.0,3.94,4510000000.0,11.47,72.70,25.50,295000000.0,0.77,7220000000.0,0.97,75.50,N/A,1.68,0.38,87.90,4490000.0,1.40,1.20,4090000.0,underperform
6145,2005-02-04 04:18:29,1107508709.0,apa,51.76,34.8,1203.030029,6.6,28.199999999999996,0.315,10.96,3.73,2.40,31.32,49.94,11.55,21.75,16.136,18080000000.0,20850000000.0,11.78,1.18,3.91,5.2,3.91,3430000000.0,5.2,1660000000.0,5.05,102.40,63.70,N/A,2590000000.0,2590000000.0,1.051,23.197001,2950000000.0,0.519,1.00,78.51,3130000.0,1.533,0.97,2970000.0,outperform
6146,2009-11-23 11:08:38,1258992518.0,apa,94.85,8.53,1106.23999,6.73,1.799999999999999,N/A,N/A,4.07,2.13,47.95,68.64,11.34,22.37,23.724,36220000000.0,36220000000.0,N/A,2.52,4.55,6.913,4.55,10320000000.0,6.913,3820000000.0,11.39,62.90,30.70,1360000000.0,4.038,5050000000.0,2.023,45.383999,3720000000.0,1.25,0.51,85.70,4130000.0,1.20,1.20,6240000.0,outperform
6147,2013-04-23 05:22:32,1366708952.0,apa,69.97,25.17,1578.780029,18.79,6.380000000000003,39.40,14.07,1.60,0.90,11.89,41.43,7.73,6.63,43.28,39250000000.0,39250000000.0,6.99,1.17,2.33,3.17,2.33,13810000000.0,3.17,1920000000.0,4.92,43.80,1.60,160000000.0,0.41,12340000000.0,0.90,76.87,8500000000.0,1.79,0.41,83.60,6040000.0,1.80,1.50,6100000.0,outperform
6148,2006-06-17 17:07:19,1150578439.0,apa,55.84,47.06,1230.040039,23.81,23.250000000000004,0.208,7.52,2.64,1.82,35.27,57.99,15.44,27.41,23.437,20230000000.0,22170000000.0,N/A,0.68,2.87,3.702,2.87,6440000000.0,3.702,2720000000.0,8.143,17.90,16.00,504020000.0,1.526,2350000000.0,1.104,33.778,4540000000.0,1.03,0.81,77.30,4680000.0,1.3,1.40,5810000.0,outperform
6149,2004-10-27 04:46:49,1098866809.0,apa,48.53,17.68,1125.400024,4.75,12.93,0.301,14.09,3.80,2.42,27.65,44.20,10.07,19.32,13.943,17620000000.0,19520000000.0,10.22,0.87,4.28,5.91,4.28,3430000000.0,5.91,1260000000.0,3.835,102.40,63.70,97480000.0,0.3,2190000000.0,1.187,22.011999,2780000000.0,0.442,16.01,77.52,3220000.0,1.705,1.18,2500000.0,outperform
6150,2011-09-05 15:42:11,1315251731.0,apa,,,1173.969971,19.67,,29.45,9.91,2.68,1.54,26.51,48.67,11.51,17.41,38.84,44720000000.0,44720000000.0,7.97,0.91,3.07,4.10,3.07,9650000000.0,4.10,3790000000.0,9.95,46.40,45.40,1110000000.0,2.88,7850000000.0,1.09,66.28,44720000000.0,1.27,0.48,86.40,6600000.0,2.00,N/A,6060000.0,underperform
6151,2007-02-20 18:33:15,1172014395.0,apa,65.05,64.55,1459.680054,-6.83,71.38,0.153,8.93,2.80,1.73,31.45,49.02,11.44,21.51,24.585,22580000000.0,24870000000.0,N/A,1.13,3.07,4.289,3.07,6440000000.0,4.289,2550000000.0,7.64,33.90,6.40,N/A,N/A,2020000000.0,0.643,39.883999,N/A,0.91,0.51,79.90,7340000.0,2.3,2.20,6810000.0,outperform
6152,2008-12-25 19:23:56,1230251036.0,apa,,,871.6300050000001,28.27,,0.216,5.00,1.76,1.27,35.19,56.10,15.54,28.29,40.259,23480000000.0,26000000000.0,N/A,0.60,1.93,2.57,1.93,8150000000.0,2.57,4720000000.0,14.02,94.20,34.30,1640000000.0,4.914,4059999999.9999995,1.431,55.77,7830000000.0,1.14,0.48,87.00,6210000.0,1.90,1.90,6420000.0,underperform
6153,2006-08-13 13:31:21,1155490281.0,apa,66.13,16.69,1271.810059,14.24,2.450000000000001,0.185,8.09,2.84,1.94,35.32,57.01,14.87,27.20,24.546,22750000000.0,25040000000.0,N/A,0.95,3.09,4.039,3.09,6440000000.0,4.039,2850000000.0,8.55,23.10,16.20,N/A,N/A,2190000000.0,0.636,35.931,N/A,1.06,0.81,76.50,7660000.0,2.30,2.30,5670000.0,outperform
6154,2008-01-23 20:36:27,1201138587.0,apa,87.46,-18.69,1338.599976,-38.18,19.49,0.331,13.14,3.45,2.12,25.27,46.24,10.12,16.56,26.983,29530000000.0,35700000000.0,N/A,1.22,3.99,5.517,3.99,6820000000.0,5.517,2250000000.0,6.76,5.20,19.70,111420000.0,0.335,4860000000.0,0.873,43.813,4790000000.0,1.58,0.51,81.40,7480000.0,2.8,2.30,7280000.0,outperform
6155,2013-05-10 03:19:15,1368170355.0,apa,82.75,6.05,1633.699951,14.97,-8.920000000000002,39.40,16.56,1.81,1.01,11.89,41.43,7.73,6.63,43.28,41760000000.0,41760000000.0,8.27,1.25,2.48,3.37,2.48,13810000000.0,3.37,1920000000.0,4.92,43.80,1.60,160000000.0,0.41,12340000000.0,0.90,76.87,8500000000.0,1.78,0.41,83.60,6440000.0,2.00,1.70,6040000.0,underperform
6156,2005-03-07 02:55:15,1110182115.0,apa,60.53,2.99,1225.310059,4.13,-1.1399999999999997,0.315,13.01,3.89,2.53,31.32,49.94,11.55,21.75,16.136,21450000000.0,24130000000.0,13.09,1.43,4.53,6.03,4.53,3430000000.0,6.03,1660000000.0,5.05,102.40,63.70,N/A,2590000000.0,2590000000.0,1.051,25.055,2950000000.0,0.504,1.00,78.93,3780000.0,1.658,1.17,3130000.0,underperform
6157,2004-06-23 03:35:00,1087976100.0,ge,23.06,6.94,1144.060059,4.95,1.9900000000000002,3.615,21.26,2.43,3.85,11.39,14.50,2.49,20.74,13.558,335490000000.0,632250000000.0,18.56,2.08,4.61,23.27,4.61,82980000000.0,23.27,15620000000.0,1.545,6.30,1.90,13370000000.0,1.31,312680000000.0,N/A,8.469,34800000000.0,1.111,1.00,54.11,47730000.0,2.018,0.47,77660000.0,outperform
6158,2012-10-25 15:10:58,1351192258.0,ge,19.72,25.81,1412.969971,24.54,1.2699999999999996,336.85,16.85,1.57,1.82,9.39,9.67,1.20,11.26,13.48,521020000000.0,521020000000.0,12.44,1.22,3.66,21.47,3.66,76110000000.0,21.47,14180000000.0,1.26,8.30,2.80,134199999999.99998,12.75,431500000000.0,218.00,11.65,N/A,1.43,0.03,52.50,68500000.0,1.40,0.60,71130000.0,outperform
6159,2013-01-25 21:22:07,1359166927.0,ge,20.86,20.37,1502.959961,22.75,-2.379999999999999,322.51,17.25,1.56,1.87,9.26,12.36,1.62,12.09,14.00,518760000000.0,518760000000.0,12.11,1.19,3.52,18.05,3.52,76110000000.0,18.05,14680000000.0,1.29,7.50,14.80,125700000000.0,12.03,414100000000.0,168.76,11.77,N/A,1.38,0.03,52.50,52670000.0,1.20,0.50,66400000.00000001,underperform
6160,2007-03-14 18:42:09,1173912129.0,ge,25.69,3.0,1387.170044,-5.17,8.17,3.855,17.08,2.18,3.12,12.97,15.09,2.24,18.65,15.509,351990000000.0,769230000000.0,N/A,1.55,4.79,22.816,4.79,89280000000.0,22.816,20670000000.0,2.00,107.90,10.10,14280000000.0,1.388,432960000000.0,1.816,10.928,30650000000.0,0.49,0.09,60.10,25660000.0,0.9,0.20,37810000.0,outperform
6161,2007-05-19 20:05:58,1179619558.0,ge,27.57,-9.29,1514.140015,-5.98,-3.3099999999999987,3.942,18.32,2.31,3.29,12.82,15.11,2.24,18.94,15.795,380250000000.0,811060000000.0,N/A,1.65,4.98,23.478,4.98,89280000000.0,23.478,21000000000.0,2.02,1.50,6.30,19260000000.0,1.872,450070000000.0,1.796,11.097,33700000000.000004,0.44,0.09,59.20,47360000.0,1.5,0.50,45810000.0,underperform
6162,2012-01-17 02:03:48,1326783828.0,ge,16.9,16.92,1293.670044,13.83,3.0900000000000016,367.69,14.41,1.32,1.61,9.89,13.59,1.72,11.80,14.26,573670000000.0,573670000000.0,12.15,1.04,3.80,18.05,3.80,75490000000.0,18.05,13050000000.0,1.31,56.90,N/A,91370000000.0,8.65,466130000000.0,2.35,11.79,33869999999.999996,1.95,0.01,53.10,86980000.0,1.20,0.80,90330000.0,outperform
6163,2012-01-01 09:30:57,1325428257.0,ge,16.3,20.49,1263.02002,12.92,7.5699999999999985,367.69,13.70,1.26,1.53,9.89,13.59,1.72,11.80,14.26,563850000000.0,563850000000.0,11.41,0.98,3.73,17.74,3.73,75490000000.0,17.74,13050000000.0,1.31,56.90,N/A,91370000000.0,8.65,466130000000.0,2.35,11.79,33869999999.999996,1.95,0.03,52.30,90330000.0,1.20,0.90,98830000.0,outperform
6164,2008-04-26 10:11:47,1209219107.0,ge,25.0,-60.52,1379.930054,-38.26,-22.260000000000005,4.735,15.40,1.89,2.83,12.69,14.35,2.01,19.06,17.115,332570000000.0,819470000000.0,N/A,1.33,4.74,21.744,4.74,99610000000.0,21.744,21900000000.0,2.16,4.50,9.30,60900000000.0,6.103,547799999999.99994,N/A,11.596,N/A,0.7,0.06,59.30,57930000.0,0.9,0.60,44890000.0,underperform
6165,2011-09-25 20:27:47,1316996867.0,ge,13.44,54.32,1129.560059,28.98,25.34,361.95,11.97,1.08,1.24,9.34,11.47,1.42,11.62,13.89,542150000000.0,542150000000.0,9.63,0.74,3.67,19.06,3.67,75490000000.0,19.06,13740000000.0,1.27,21.10,3.50,91050000000.0,8.59,471970000000.0,2.51,12.08,542150000000.0,1.85,0.03,52.30,125210000.0,1.40,1.20,102660000.0,outperform
6166,2011-04-25 20:20:03,1303777203.0,ge,17.47,1.77,1335.25,2.75,-0.98,385.39,18.73,1.41,1.78,7.75,10.43,1.28,10.55,14.09,611520000000.0,611520000000.0,12.28,1.26,4.07,22.29,4.07,75490000000.0,22.29,12320000000.0,1.06,50.50,0.90,78960000000.0,7.44,478640000000.0,3.01,11.20,611520000000.0,1.76,0.03,52.30,61390000.0,1.00,0.60,59010000.0,underperform
6167,2007-01-13 20:49:05,1168739345.0,ge,27.9,-1.43,1414.849976,0.39,-1.8199999999999998,3.682,23.03,2.45,3.51,10.77,15.39,2.31,17.56,15.331,390570000000.0,786920000000.0,N/A,1.92,4.93,23.46,4.93,82890000000.0,23.46,19700000000.0,1.65,6.10,11.80,13780000000.0,1.337,410130000000.0,1.799,10.807,30070000000.0,0.51,0.06,56.30,39120000.0,1.6,0.40,35620000.0,underperform
6168,2008-12-17 11:42:57,1229532177.0,ge,13.76,-3.27,904.419983,21.19,-24.46,4.885,8.80,0.96,1.59,11.01,14.24,2.07,18.71,18.545,178400000000.0,710760000000.0,N/A,0.87,3.84,17.989,3.84,99610000000.0,17.989,21060000000.0,2.04,22.40,11.10,16300000000.0,1.637,548659999999.99994,1.861,11.283,46040000000.0,1.03,0.07,57.80,79220000.0,0.5,0.80,66840000.0,underperform
6169,2013-08-20 07:59:46,1376999986.0,ge,22.56,14.8,1652.349976,20.22,-5.419999999999998,300.69,17.65,1.68,1.98,9.81,11.48,1.53,11.86,13.89,542510000000.0,542510000000.0,13.10,1.47,3.76,19.51,3.76,70190000000.0,19.51,14680000000.0,1.35,0.90,3.50,88710000000.0,8.71,387320000000.0,3.20,12.03,29040000000.0,1.28,0.04,56.10,69280000.0,1.90,0.70,74160000.0,underperform
6170,2008-12-05 17:25:15,1228515915.0,ge,14.12,-4.04,876.070007,26.62,-30.66,4.885,8.62,0.94,1.56,11.01,14.24,2.07,18.71,18.545,174720000000.0,707080000000.0,N/A,0.90,3.82,17.895,3.82,99610000000.0,17.895,21060000000.0,2.04,22.40,11.10,16300000000.0,1.637,548659999999.99994,1.861,11.283,46040000000.0,1.03,0.07,57.80,66840000.0,0.7,0.70,79760000.0,underperform
6171,2011-10-11 13:23:58,1318353838.0,ge,14.42,44.24,1195.540039,19.83,24.410000000000004,361.95,12.70,1.16,1.34,9.34,11.47,1.42,11.62,13.89,552640000000.0,552640000000.0,10.09,0.79,3.74,19.43,3.74,75490000000.0,19.43,13740000000.0,1.27,21.10,3.50,91050000000.0,8.59,471970000000.0,2.51,12.08,552640000000.0,1.85,0.03,52.30,102660000.0,1.20,1.00,64610000.0,outperform
6172,2008-12-04 01:00:19,1228370419.0,ge,13.88,-1.59,845.2199710000001,30.85,-32.440000000000005,4.885,8.90,0.95,1.56,11.01,14.24,2.07,18.71,18.545,180490000000.0,707680000000.0,N/A,0.92,3.82,17.91,3.82,99610000000.0,17.91,21060000000.0,2.04,22.40,11.10,16300000000.0,1.637,548659999999.99994,1.861,11.283,46040000000.0,1.03,0.07,57.80,66840000.0,0.7,0.70,79760000.0,underperform
6173,2007-03-04 07:05:22,1173009922.0,ge,26.2,-1.49,1403.170044,-5.12,3.63,3.855,17.40,2.24,3.20,12.97,15.09,2.24,18.65,15.509,358570000000.0,777250000000.0,N/A,1.57,4.84,23.054,4.84,89280000000.0,23.054,20670000000.0,2.00,107.90,10.10,14280000000.0,1.388,432960000000.0,1.816,10.928,30650000000.0,0.49,0.09,59.70,25660000.0,0.9,0.20,37810000.0,outperform
6174,2007-03-12 02:24:53,1173680693.0,ge,25.78,0.12,1406.599976,-6.11,6.23,3.855,17.13,2.21,3.15,12.97,15.09,2.24,18.65,15.509,352920000000.0,771600000000.0,N/A,1.55,4.80,22.887,4.80,89280000000.0,22.887,20670000000.0,2.00,107.90,10.10,14280000000.0,1.388,432960000000.0,1.816,10.928,30650000000.0,0.49,0.09,60.10,25660000.0,0.9,0.20,37810000.0,outperform
6175,2008-12-19 19:19:20,1229732360.0,ge,13.05,1.38,887.8800050000001,24.92,-23.540000000000003,4.885,8.01,0.86,1.41,11.01,14.24,2.07,18.71,18.545,162280000000.0,691250000000.0,N/A,0.89,3.73,17.495,3.73,99610000000.0,17.495,21060000000.0,2.036,22.40,11.10,16300000000.0,1.637,548659999999.99994,1.861,11.283,46040000000.0,1.03,0.07,57.80,79220000.0,0.5,0.80,66840000.0,underperform
6176,2009-01-08 10:11:22,1231427482.0,ge,13.01,8.3,909.7299800000001,25.86,-17.56,4.885,7.91,0.87,1.43,11.01,14.24,2.07,18.71,18.545,160380000000.0,692740000000.0,N/A,0.94,3.74,17.533,3.74,99610000000.0,17.533,21060000000.0,2.04,22.40,11.10,16300000000.0,1.637,548659999999.99994,1.861,11.283,46040000000.0,1.01,0.06,54.70,106450000.0,0.9,1.10,79220000.0,underperform
6177,2010-01-05 17:21:25,1262730085.0,ge,13.18,23.37,1136.52002,12.32,11.05,N/A,14.36,1.02,1.40,7.26,6.96,0.87,10.49,15.304,621340000000.0,621340000000.0,N/A,1.53,3.85,25.2,3.85,98740000000.0,25.2,11750000000.0,1.08,42.20,20.00,61370000000.0,5.764,518210000000.00006,2.273,11.038,34250000000.0,1.68,0.03,50.40,89360000.0,1.3,0.80,100340000.0,outperform
6178,2013-07-31 14:27:59,1375295279.0,ge,23.18,6.6,1685.72998,14.53,-7.93,300.70,18.17,1.73,2.05,9.74,12.15,1.63,11.86,14.00,507780000000.0,507780000000.0,13.49,1.44,3.49,17.58,3.49,70190000000.0,17.58,14680000000.0,1.35,0.90,3.80,132500000000.0,12.91,387300000000.0,174.42,11.94,N/A,1.32,0.04,56.10,74160000.0,1.80,0.70,84660000.0,underperform
6179,2005-12-29 17:31:59,1135895519.0,ge,25.38,8.9,1254.420044,13.06,-4.16,3.187,19.80,2.23,3.28,11.40,14.81,2.27,17.62,15.693,372350000000.0,723370000000.0,N/A,1.86,4.36,21.585,4.36,91110000000.0,21.585,18920000000.0,1.78,14.90,9.00,10930000000.0,1.034,360050000000.0,1.823,10.693,39710000000.0,N/A,0.19,56.00,60470000.0,0.60,0.60,40320000.0,underperform
6180,2005-12-22 22:14:04,1135307644.0,ge,25.54,9.28,1268.119995,11.25,-1.9700000000000006,3.187,19.90,2.23,3.28,11.40,14.81,2.27,17.62,15.693,374250000000.0,722320000000.0,N/A,1.88,4.35,21.553,4.35,91110000000.0,21.553,18920000000.0,1.78,14.90,9.00,10930000000.0,1.034,360050000000.0,1.823,10.693,39710000000.0,N/A,0.19,56.00,60470000.0,0.60,0.60,40320000.0,underperform
6181,2011-09-02 04:38:47,1314952727.0,ge,13.95,37.35,1173.969971,20.15,17.200000000000003,361.95,12.75,1.17,1.35,9.34,11.47,1.42,11.62,13.89,553810000000.0,553810000000.0,10.13,0.79,3.75,19.47,3.75,75490000000.0,19.47,13740000000.0,1.27,21.10,3.50,91050000000.0,8.59,471970000000.0,2.51,12.08,553810000000.0,1.86,0.03,52.30,102660000.0,1.20,1.00,64610000.0,outperform
6182,2007-04-19 15:03:43,1177009423.0,ge,26.2,-3.59,1470.72998,-5.47,1.88,3.941,17.41,2.22,3.16,12.82,15.43,2.29,18.94,15.795,361350000000.0,747670000000.0,N/A,1.59,4.59,21.497,4.59,89280000000.0,21.497,21000000000.0,2.02,1.50,6.30,64400000000.00001,6.263,450100000000.0,N/A,11.112,N/A,0.41,0.09,60.10,45810000.0,1.3,0.40,25660000.0,outperform
6183,2007-02-21 13:56:23,1172084183.0,ge,26.67,-2.4,1457.630005,-7.9,5.5,3.856,18.02,2.31,3.31,12.95,15.04,2.21,18.65,15.528,372230000000.0,743130000000.0,N/A,1.62,4.62,22.456,4.62,83430000000.0,22.456,20670000000.0,2.00,107.90,4.10,62100000000.0,6.024,433000000000.0,N/A,10.894,N/A,0.44,0.09,57.10,37810000.0,1.2,0.40,39120000.0,outperform
6184,2013-05-16 18:20:00,1368742800.0,ge,21.95,18.45,1650.469971,13.78,4.67,307.95,17.27,1.65,1.94,9.71,11.70,1.55,12.17,13.91,543900000000.0,543900000000.0,12.81,1.24,3.74,19.33,3.74,70190000000.0,19.33,15080000000.0,1.35,16.20,3.30,89780000000.0,8.68,397410000000.0,2.66,11.96,29480000000.0,1.40,0.03,55.40,94250000.0,2.10,0.90,82690000.0,outperform
6185,2009-03-04 20:29:30,1236216570.0,ge,5.56,147.48,712.869995,57.53,89.94999999999999,N/A,3.93,0.41,0.71,9.59,11.04,1.57,16.43,18.018,71280000000.0,555830000000.0,N/A,0.78,3.06,16.524,3.06,98740000000.0,16.524,18010000000.0,1.72,44.40,3.60,48190000000.0,4.563,523760000000.0,1.964,9.933,48600000000.0,1.39,0.05,56.60,166140000.0,1.1,1.60,167970000.0,outperform
6186,2005-03-02 12:05:59,1109783159.0,ge,25.17,-5.16,1210.079956,6.53,-11.690000000000001,3.363,22.26,2.44,3.38,10.89,13.20,2.40,17.43,14.562,372350000000.0,728910000000.0,17.26,1.76,4.78,25.58,4.78,82980000000.0,25.58,16590000000.0,1.58,6.30,1.90,15330000000.0,1.45,370910000000.0,N/A,10.425,34360000000.0,0.975,1.00,58.28,36780000.0,2.026,0.35,38960000.0,underperform
6187,2005-01-13 07:18:36,1105618716.0,ge,24.75,2.26,1177.449951,9.36,-7.1,3.336,23.37,2.57,3.68,10.83,13.44,2.36,18.00,14.093,377210000000.0,703680000000.0,19.82,2.24,4.83,25.53,4.83,82980000000.0,25.53,15780000000.0,1.527,6.30,1.90,10080000000.0,0.95,339500000000.0,N/A,9.627,34360000000.0,1.01,1.00,54.73,44400000.0,2.521,0.42,48550000.0,underperform
6188,2004-08-03 20:14:02,1091578442.0,ge,22.82,6.66,1099.689941,13.22,-6.5600000000000005,3.416,21.31,2.50,3.57,11.19,13.93,2.42,19.28,13.796,347470000000.0,676610000000.0,18.49,2.11,4.81,24.84,4.81,82980000000.0,24.84,15740000000.0,1.544,6.30,1.90,10260000000.0,0.97,335710000000.0,N/A,9.309,34800000000.0,1.094,1.00,53.97,31580000.0,1.077,0.30,41620000.0,underperform
6189,2007-01-13 12:11:16,1168708276.0,ge,27.9,-1.43,1414.849976,0.39,-1.8199999999999998,3.682,23.03,2.45,3.51,10.77,15.39,2.31,17.56,15.331,390570000000.0,786920000000.0,N/A,1.92,4.93,23.46,4.93,82890000000.0,23.46,19700000000.0,1.65,6.10,11.80,13780000000.0,1.337,410130000000.0,1.799,10.807,30070000000.0,0.51,0.06,56.30,39120000.0,1.6,0.40,35620000.0,underperform
6190,2003-10-09 06:52:33,1065696753.0,ge,20.53,14.76,1038.72998,8.03,6.73,4.213,21.64,2.34,4.28,10.79,13.33,2.47,21.98,13.102,302570000000.0,604550000000.0,18.08,1.96,4.60,25.25,4.60,50130000000.0,25.25,14200000000.0,1.42,3.20,4.60,6540000000.0,0.65,303200000000.0,N/A,7.18,N/A,1.13,1.00,52.27,49530000.0,2.697,0.50,36770000.0,outperform
6191,2011-11-01 22:21:14,1320200474.0,ge,14.32,36.38,1218.280029,15.91,20.470000000000002,367.59,12.23,1.17,1.42,9.89,13.59,1.72,11.80,14.26,505090000000.0,505090000000.0,10.14,0.85,3.34,15.93,3.34,75490000000.0,15.93,13050000000.0,1.31,56.90,1.50,137800000000.0,13.03,466100000000.0,128.36,11.77,505090000000.0,1.88,0.03,52.30,98500000.0,1.40,0.90,112660000.0,outperform
6192,2005-04-23 21:29:47,1114306187.0,ge,25.11,-1.27,1137.5,15.29,-16.56,3.292,21.96,2.41,3.42,10.95,13.29,2.44,17.08,15.016,382660000000.0,604060000000.0,17.61,1.80,3.80,28.61,3.80,90600000000.0,28.61,17400000000.0,1.64,10.60,13.50,148600000000.0,14.02,370000000000.0,N/A,10.563,36480000000.0,0.895,1.00,54.93,43610000.0,2.381,0.42,36110000.0,underperform
6193,2007-03-20 13:23:58,1174411438.0,ge,26.03,5.65,1410.939941,-7.97,13.620000000000001,3.855,17.30,2.22,3.17,12.97,15.09,2.24,18.65,15.509,356520000000.0,775200000000.0,N/A,1.55,4.83,22.993,4.83,89280000000.0,22.993,20670000000.0,2.00,107.90,10.10,14280000000.0,1.388,432960000000.0,1.816,10.928,30650000000.0,0.49,0.09,60.10,25660000.0,0.9,0.20,37810000.0,outperform
6194,2008-01-23 06:36:52,1201088212.0,ge,26.48,-58.95,1338.599976,-38.18,-20.770000000000003,4.357,15.87,2.00,3.07,12.71,15.13,2.27,20.43,16.945,344120000000.0,818520000000.0,N/A,1.23,4.71,22.2,4.71,89280000000.0,22.2,22900000000.0,2.15,13.80,13.00,19850000000.0,1.964,491620000000.0,1.97,11.165,37620000000.0,0.59,0.03,58.40,47280000.0,1.2,0.50,52160000.0,underperform
6195,2006-06-17 09:12:25,1150549945.0,ge,24.63,14.9,1230.040039,23.81,-8.909999999999998,3.5,21.49,2.33,3.30,10.98,15.65,2.11,17.02,14.439,352820000000.0,720480000000.0,N/A,1.71,4.74,22.205,4.74,82890000000.0,22.205,18760000000.0,1.58,8.60,9.80,8500000000.0,0.818,376170000000.0,1.982,10.337,34229999999.999996,0.44,1.77,56.30,39190000.0,1.6,0.40,32259999.999999996,underperform
6196,2012-05-19 01:45:21,1337406321.0,ge,17.29,26.95,1324.800049,24.58,2.370000000000001,364.18,15.67,1.42,1.67,9.79,9.82,1.20,11.45,13.27,559030000000.0,559030000000.0,10.77,0.96,3.98,22.71,3.98,76110000000.0,22.71,12970000000.0,1.21,11.60,8.20,83650000000.0,7.90,442800000000.0,2.09,11.32,32130000000.000004,1.57,0.01,53.10,71060000.0,1.70,0.70,64310000.0,outperform
6197,2007-04-10 20:12:17,1176250337.0,ge,26.11,7.85,1448.390015,-6.48,14.33,3.855,17.41,2.23,3.18,12.97,15.09,2.24,18.65,15.509,358780000000.0,778800000000.0,N/A,1.58,4.85,23.1,4.85,89280000000.0,23.1,20670000000.0,2.00,107.90,10.10,14280000000.0,1.388,432960000000.0,1.816,10.928,30650000000.0,0.41,0.09,60.00,45810000.0,1.3,0.40,25660000.0,outperform
6198,2005-01-26 09:46:48,1106750808.0,ge,24.93,-4.49,1174.069946,8.5,-12.99,3.363,22.57,2.56,3.66,10.89,13.20,2.40,17.43,14.562,377430000000.0,597530000000.0,17.59,1.95,3.92,29.72,3.92,82980000000.0,29.72,16590000000.0,1.582,6.30,1.90,150800000000.0,14.26,370900000000.0,N/A,9.627,34360000000.0,1.01,1.00,54.76,38960000.0,2.137,0.37,44400000.0,underperform
6199,2007-07-03 02:21:47,1183443707.0,ge,29.18,-29.03,1524.869995,-17.27,-11.760000000000002,3.942,18.96,2.42,3.45,12.82,15.11,2.24,18.94,15.795,393620000000.0,824640000000.0,N/A,1.64,5.06,23.872,5.06,89280000000.0,23.872,21000000000.0,2.02,1.50,6.30,19260000000.0,1.872,450070000000.0,1.796,11.097,33700000000.000004,0.44,0.09,58.70,59900000.0,0.60,0.60,53510000.0,underperform
6200,2012-01-08 14:45:10,1326051910.0,ge,16.73,18.17,1281.060059,14.12,4.0500000000000025,367.69,14.27,1.30,1.57,9.89,13.59,1.72,11.80,14.26,571660000000.0,571660000000.0,11.88,1.01,3.78,17.98,3.78,75490000000.0,17.98,13050000000.0,1.31,56.90,N/A,91370000000.0,8.65,466130000000.0,2.35,11.79,33869999999.999996,1.95,0.01,53.10,90330000.0,1.20,0.90,98830000.0,outperform
6201,2007-10-24 12:12:33,1193242353.0,ge,30.54,-51.31,1515.880005,-40.09,-11.219999999999999,4.358,18.86,2.39,3.68,12.71,15.13,2.27,20.43,16.945,414770000000.0,898770000000.0,N/A,1.64,5.18,23.735,5.18,89280000000.0,23.735,22900000000.0,2.15,13.80,4.60,7600000000.0,0.742,491600000000.0,N/A,11.009,N/A,0.49,0.04,58.00,59720000.0,1.6,0.60,67350000.0,underperform
6202,2012-11-08 11:54:38,1352393678.0,ge,19.37,33.87,1377.51001,28.54,5.329999999999998,336.85,16.73,1.56,1.81,9.39,9.67,1.20,11.26,13.48,519650000000.0,519650000000.0,12.43,1.25,3.65,21.41,3.65,76110000000.0,21.41,14180000000.0,1.26,8.30,2.80,134199999999.99998,12.75,431500000000.0,218.00,11.65,N/A,1.40,0.03,52.50,66410000.0,1.50,0.60,68500000.0,outperform
6203,2007-06-22 20:36:55,1182559015.0,ge,28.84,-24.41,1502.560059,-10.96,-13.45,3.942,18.95,2.45,3.50,12.82,15.11,2.24,18.94,15.795,393420000000.0,829990000000.0,N/A,1.72,5.09,24.026,5.09,89280000000.0,24.026,21000000000.0,2.02,1.50,6.30,19260000000.0,1.872,450070000000.0,1.796,11.097,33700000000.000004,0.44,0.09,58.70,53510000.0,1.4,0.50,47360000.0,underperform
6204,2007-09-12 02:01:32,1189576892.0,ge,30.09,-26.89,1471.560059,-15.12,-11.770000000000001,3.992,19.08,2.40,3.43,12.78,14.63,2.18,19.24,16.244,404720000000.0,852840000000.0,N/A,1.68,5.10,24.714,5.10,89280000000.0,24.714,21720000000.0,2.07,9.60,10.20,15850000000.0,1.547,467140000000.0,1.866,11.421,36870000000.0,0.41,0.04,58.60,67350000.0,1.5,0.70,59150000.0,underperform
6205,2012-10-29 02:22:34,1351491754.0,ge,,,1411.939941,25.5,,336.85,16.71,1.57,1.82,9.39,9.67,1.20,11.26,13.48,519440000000.00006,519440000000.00006,12.35,1.24,3.65,21.40,3.65,76110000000.0,21.40,14180000000.0,1.26,8.30,2.80,134199999999.99998,12.75,431500000000.0,218.00,11.65,N/A,1.43,0.03,52.50,66410000.0,1.50,0.60,68500000.0,underperform
6206,2008-10-27 13:29:44,1225128584.0,ge,14.03,-10.26,848.919983,25.27,-35.53,4.886,8.76,0.96,1.58,11.01,14.24,2.07,18.71,18.545,177460000000.0,722360000000.0,N/A,0.84,3.90,18.349,3.90,99610000000.0,18.349,21060000000.0,2.04,22.20,11.00,3800000000.0,0.382,548700000000.00006,N/A,11.283,N/A,0.74,0.06,57.90,75160000.0,0.6,0.80,77460000.0,underperform
6207,2004-12-09 00:35:19,1102570519.0,ge,25.16,1.11,1189.23999,5.9,-4.79,3.336,23.39,2.56,3.67,10.83,13.44,2.36,18.00,14.093,377530000000.0,702730000000.0,19.95,2.26,4.83,25.49,4.83,82980000000.0,25.49,15780000000.0,1.527,6.30,1.90,10080000000.0,0.95,339500000000.0,N/A,9.627,34360000000.0,1.071,1.00,54.66,48550000.0,2.919,0.46,41270000.0,underperform
6208,2005-05-27 21:08:31,1117242511.0,ge,26.07,-4.53,1198.780029,4.99,-9.52,3.275,22.71,2.46,3.47,10.96,13.30,2.37,16.06,14.865,391150000000.0,748580000000.0,17.99,1.85,4.71,25.1,4.71,90600000000.0,25.1,17420000000.0,1.62,10.60,13.50,12900000000.0,1.22,369700000000.0,N/A,10.642,36480000000.0,0.901,1.00,55.66,48160000.0,2.267,0.46,43610000.0,underperform
6209,2008-10-29 00:12:16,1225253536.0,ge,15.19,-17.45,930.090027,14.62,-32.07,4.886,9.57,0.95,1.57,11.01,14.24,2.07,18.71,18.545,193980000000.0,721370000000.0,N/A,0.84,3.90,18.324,3.90,99610000000.0,18.324,21060000000.0,2.036,22.20,11.00,3800000000.0,0.382,548700000000.00006,N/A,11.283,N/A,0.74,0.06,57.90,75160000.0,0.6,0.80,77460000.0,underperform
6210,2011-12-28 21:50:24,1325127024.0,jec,40.14,5.51,1249.640015,13.48,-7.970000000000001,17.09,15.44,0.51,1.58,3.19,5.15,6.22,10.83,82.60,4930000000.0,4930000000.0,11.84,0.92,0.48,7.83,0.48,1560000000.0,7.83,331030000.0,2.60,22.50,16.20,905630000.0,7.07,568070000.0,1.53,25.93,236490000.0,1.29,1.91,80.20,3870000.0,2.20,3.10,2760000.0,underperform
6211,2011-08-17 08:18:44,1313583524.0,jec,34.95,16.97,1193.890015,18.56,-1.5899999999999999,17.48,14.23,0.45,1.43,3.14,5.57,6.51,10.62,79.86,4260000000.0,4260000000.0,11.75,1.06,0.43,6.56,0.43,1330000000.0,6.56,313740000.0,2.47,376.20,9.40,773820000.0,6.07,551200000.0,1.47,24.65,4260000000.0,1.26,1.91,80.20,2370000.0,2.10,1.90,4500000.0,underperform
6212,2007-03-16 20:27:03,1174091223.0,jec,44.32,68.68,1386.949951,-5.64,74.32000000000001,0.064,12.45,0.34,1.76,2.77,4.24,7.51,15.83,132.503,2620000000.0,4900000000.0,N/A,1.35,0.63,12.946,0.63,934250000.0,12.946,215120000.0,3.56,42.40,19.90,484510000.0,8.192,95360000.0,1.81,25.343,267839999.99999997,1.24,6.61,76.90,1040000.0,2.1,1.80,N/A,outperform
6213,2008-03-18 22:55:36,1205895336.0,jec,73.49,-45.14,1330.73999,-40.31,-4.829999999999998,0.019,27.86,0.95,4.26,3.63,5.48,9.20,18.58,74.904,8920000000.0,8119999999.999999,N/A,1.31,0.91,14.808,0.91,1210000000.0,14.808,324240000.0,2.638,60.60,22.50,398780000.0,3.286,36990000.0,1.674,16.421,263700000.0,1.73,1.92,84.60,4010000.0,2.2,3.40,3500000.0,underperform
6214,2008-06-13 22:59:26,1213412366.0,jec,90.01,-49.94,1360.030029,-30.95,-18.99,0.016,31.20,1.10,4.97,3.75,5.69,9.79,19.32,79.253,10960000000.0,10120000000.0,N/A,1.56,1.07,16.761,1.07,1210000000.0,16.761,356320000.0,2.89,47.70,27.40,392510000.0,3.222,33060000.000000004,1.687,17.316999,246050000.0,1.78,1.93,84.00,3770000.0,3.6,3.20,4200000.0,underperform
6215,2010-04-21 23:53:44,1271908424.0,jec,48.13,6.69,1205.939941,10.9,-4.21,N/A,16.88,0.55,2.18,3.32,5.16,7.70,14.04,87.006,4990000000.0,4990000000.0,N/A,1.51,0.47,7.75,0.47,1560000000.0,7.75,355940000.0,2.85,37.70,23.40,1060000000.0,8.469,114090000.0,1.912,21.827999,570800000.0,1.38,6.67,77.40,5820000.0,N/A,N/A,5810000.0,underperform
6216,2004-09-30 07:30:28,1096543828.0,jec,19.14,76.07,1114.579956,10.25,65.82,0.028,16.47,0.48,2.21,2.97,4.57,7.65,14.94,77.53,2140000000.0000002,2029999999.9999998,14.89,1.13,0.46,8.55,0.46,625890000.0,8.55,132039999.99999999,2.305,16.70,1.30,173300000.0,3.08,26900000.0,1.764,16.995001,119070000.0,0.295,13.19,79.93,1600000.0,4.725,3.27,1680000.0,outperform
6217,2005-02-19 21:18:05,1108865885.0,jec,26.63,54.98,1210.339966,6.53,48.449999999999996,0.109,24.24,0.65,2.94,2.69,4.19,6.67,13.28,82.361,3060000000.0,3000000000.0,17.98,1.33,0.63,12.74,0.63,664680000.0,12.74,127710000.0,2.22,0.80,0.50,168730000.0,2.97,113670000.0,1.603,18.315001,110850000.0,0.275,2.05,85.02,1700000.0,5.779,3.05,1730000.0,outperform
6218,2008-01-24 12:11:22,1201194682.0,jec,79.8,-48.98,1352.069946,-38.47,-10.509999999999998,0.022,32.78,1.10,5.02,3.39,5.22,8.85,17.58,71.475,9300000000.0,8730000000.0,N/A,1.48,1.03,17.543,1.03,1210000000.0,17.543,287130000.0,2.35,42.90,15.20,613350000.0,5.076,40980000.0,1.785,15.335,360860000.0,1.34,1.81,79.40,3670000.0,2.7,3.10,4300000.0,underperform
6219,2013-05-13 13:08:13,1368464893.0,jec,50.2,11.25,1633.77002,16.14,-4.890000000000001,11.28,16.20,0.60,1.69,3.66,5.86,6.19,11.21,86.80,5960000000.0,5960000000.0,13.60,1.09,0.53,7.92,0.53,1730000000.0,7.92,408720000.0,3.15,24.40,4.90,1170000000.0,8.92,450810000.0,2.20,30.26,430440000.0,1.69,2.04,84.90,3530000.0,3.30,2.80,3520000.0,underperform
6220,2008-10-12 00:49:49,1223786989.0,jec,36.09,22.14,909.919983,18.27,3.870000000000001,0.018,11.37,0.43,1.98,3.78,5.74,10.31,19.98,85.78,4380000000.0,3880000000.0,N/A,0.62,0.38,5.87,0.38,1210000000.0,5.87,390250000.0,3.15,45.40,40.10,536220000.0,4.38,39420000.0,1.742,18.242001,354230000.0,2.18,2.26,82.10,3770000.0,1.8,3.20,4860000.0,outperform
6221,2004-11-25 18:49:00,1101426540.0,jec,,,1177.23999,7.73,,0.028,19.50,0.56,2.61,2.97,4.57,7.65,14.94,77.513,2530000000.0,2380000000.0,15.13,1.12,0.54,10.05,0.54,625890000.0,10.05,132039999.99999999,2.304,16.70,1.30,173300000.0,3.08,26900000.0,1.764,16.995001,119070000.0,0.264,13.19,79.95,1520000.0,4.433,3.12,1480000.0,underperform
6222,2012-07-27 18:21:42,1343427702.0,hcp,42.33,-0.47,1385.969971,21.64,-22.11,82.92,30.70,10.51,2.13,35.73,63.67,4.19,7.22,4.54,27140000000.0,27140000000.0,16.30,2.35,14.64,17.74,14.64,1730000000.0,17.74,619870000.0,1.53,175.90,38.60,347420000.0,0.83,7720000000.0,12.50,21.75,760800000.0,0.85,0.24,95.60,12040000.0,4.50,3.20,12420000.0,underperform
6223,2006-10-28 13:06:34,1162055194.0,hcp,20.22,12.96,1382.219971,9.56,3.4000000000000004,1.578,26.09,8.16,3.93,34.84,58.97,5.59,12.26,3.931,4320000000.0,6780000000.0,N/A,7.95,12.71,15.694,12.71,418290000.0,15.694,151270000.0,1.21,3.40,20.50,21480000.0,0.156,2200000000.0,2.586,8.074,315800000.0,1.02,1.22,57.30,4820000.0,6.8,3.60,4490000.0,outperform
6224,2013-05-12 08:05:40,1368360340.0,hcp,48.5,-15.77,1626.670044,16.6,-32.370000000000005,79.37,26.26,11.99,2.22,44.35,61.50,4.03,8.49,4.48,32409999999.999996,32409999999.999996,16.60,4.25,16.53,20.48,16.53,1900000000.0,20.48,835550000.0,1.98,19.20,13.30,47550000.0,0.11,8560000000.000001,24.14,23.29,1060000000.0,0.60,0.22,97.30,9370000.0,4.60,2.50,9860000.0,underperform
6225,2004-09-29 15:17:04,1096485424.0,hcp,14.68,9.2,1114.800049,10.13,-0.9300000000000015,0.898,24.68,8.26,2.98,41.55,41.55,6.01,12.20,3.184,3430000000.0,4950000000.0,13.89,4.14,11.91,14.45,11.91,361490000.0,14.45,136750000.0,1.047,15.40,11.30,11550000.0,0.09,1290000000.0,N/A,8.698,254700000.0,0.059,1.89,51.05,2630000.0,7.297,2.02,2980000.0,underperform
6226,2005-03-29 08:38:36,1112103516.0,hcp,13.79,28.35,1165.359985,11.8,16.55,1.047,23.03,7.42,2.79,39.67,39.67,5.65,11.98,3.214,3180000000.0,4930000000.0,12.61,4.78,11.50,14.24,11.50,385430000.0,14.24,136720000.0,1.03,6.60,7.10,20560000.0,0.15,1490000000.0,N/A,8.486,272540000.0,0.136,1.55,48.99,3110000.0,6.643,2.35,2870000.0,outperform
6227,2007-04-07 14:33:41,1175970821.0,hcp,23.99,4.46,1439.369995,-4.87,9.33,1.883,13.65,12.25,2.41,68.25,54.92,3.09,4.54,4.127,7450000000.0,13870000000.0,N/A,4.22,22.68,28.891,22.68,529900000.0,28.891,85500000.0,2.66,481.20,133.10,60690000.0,0.295,6200000000.0,6.969,15.15,334220000.0,1.4,0.69,60.10,3880000.0,2.6,1.90,3720000.0,outperform
6228,2004-05-16 21:50:46,1084758646.0,hcp,12.12,28.38,1096.439941,6.32,22.06,0.842,23.23,7.07,2.48,41.31,41.31,5.91,11.14,3.172,2900000000.0,4380000000.0,11.76,3.51,10.76,12.91,10.76,361490000.0,12.91,121690000.0,0.947,15.40,11.30,28130000.0,0.21,1220000000.0,N/A,8.794,257170000.00000003,N/A,1.91,0.00,3230000.0,4.859,2.50,3360000.0,outperform
6229,2011-12-30 08:30:41,1325251841.0,hcp,36.29,13.61,1257.599976,12.9,0.7099999999999991,82.34,17.93,10.60,1.93,38.16,60.39,4.09,7.88,3.60,24940000000.0,24940000000.0,14.91,2.07,15.53,18.98,15.53,1260000000.0,18.98,573410000.0,2.33,660.10,40.30,44860000.0,0.11,7670000000.0,21.22,21.68,736690000.0,1.20,0.53,90.00,20640000.0,7.80,5.60,21860000.0,outperform
6230,2005-01-30 00:40:37,1107063637.0,hcp,14.72,16.1,1174.550049,9.42,6.6800000000000015,0.978,26.20,8.27,3.00,39.38,39.38,5.50,11.24,3.103,3390000000.0,5060000000.0,13.87,4.46,12.26,15.12,12.26,361490000.0,15.12,129370000.0,0.974,15.40,11.30,11370000.0,0.09,1390000000.0,N/A,8.542,255450000.0,0.112,1.81,49.00,2540000.0,7.531,1.94,2900000.0,outperform
6231,2008-03-28 02:24:50,1206685490.0,hcp,22.88,-40.25,1315.219971,-38.12,-2.1300000000000026,1.83,12.55,7.38,1.93,58.82,47.87,2.66,4.35,4.816,7400000000.0,15090000000.0,N/A,2.90,15.07,20.184,15.07,982510000.0,20.184,139630000.0,2.71,79.20,22.30,96270000.0,0.443,7510000000.0,2.567,17.612,453050000.0,1.47,0.82,71.10,11320000.0,8.4,5.30,10950000.0,underperform
6232,2011-08-14 16:31:03,1313353863.0,hcp,28.16,46.27,1172.640015,19.74,26.530000000000005,81.38,15.73,8.96,1.50,31.34,56.43,3.48,5.88,3.51,21100000000.0,21100000000.0,11.84,1.60,14.27,18.07,14.27,1260000000.0,18.07,419300000.0,2.11,168.80,61.90,276880000.0,0.68,7590000000.0,10.81,21.76,21100000000.0,1.31,0.53,90.00,28820000.0,11.40,7.80,28750000.0,outperform
6233,2008-12-11 14:15:33,1229022933.0,hcp,15.23,62.25,873.590027,26.65,35.6,1.124,13.13,5.68,1.26,41.27,45.73,2.63,5.11,4.87,6310000000.0,12430000000.0,N/A,2.02,11.19,15.094,11.19,982510000.0,15.094,212310000.0,1.91,61.10,10.80,117050000.0,0.465,5950000000.0,1.975,19.879999,598610000.0,1.33,0.84,79.30,15700000.0,3.4,6.30,12110000.0,outperform
6234,2008-03-12 11:24:39,1205335479.0,hcp,20.45,-27.87,1308.77002,-42.64,14.77,1.83,10.92,6.44,1.68,58.82,47.87,2.66,4.35,4.816,6440000000.0,14140000000.0,N/A,2.39,14.13,18.919,14.13,982510000.0,18.919,139630000.0,2.714,79.20,22.30,96270000.0,0.443,7510000000.0,2.567,17.612,453050000.0,1.47,0.82,71.10,10950000.0,6.1,5.10,12280000.0,outperform
6235,2013-04-22 02:50:12,1366613412.0,hcp,48.92,-19.05,1562.5,20.29,-39.34,80.99,27.80,12.30,2.21,43.80,61.66,3.93,8.14,4.45,32640000000.0,32640000000.0,16.79,4.23,17.18,21.36,17.18,1900000000.0,21.36,778330000.0,1.90,255.30,11.00,247670000.0,0.55,8710000000.0,19.84,23.28,1030000000.0,0.59,0.22,97.30,10580000.0,4.50,2.80,11320000.0,underperform
6236,2012-02-19 10:28:55,1329665335.0,payx,28.8,,1358.040039,11.91,,N/A,21.13,5.30,7.35,24.91,38.34,10.41,35.82,5.97,11000000000.0,11000000000.0,19.31,1.98,5.09,11.89,5.09,2080000000.0,11.89,538800000.0,1.49,4.90,6.60,411100000.0,1.13,0.00,1.15,4.30,693300000.0,0.97,10.60,67.30,10010000.0,2.80,3.10,9510000.0,underperform
6237,2004-06-28 02:04:00,1088402640.0,payx,23.51,1.66,1133.349976,6.02,-4.359999999999999,1.205,42.45,10.71,11.56,23.41,33.48,7.89,26.40,3.41,12820000000.0,9740000000.0,30.56,1.81,7.53,22.49,7.53,841430000.0,22.49,302950000.0,0.799,6.90,15.10,3080000000.0,8.14,1.205,1.205,3.175,388430000.0,0.641,12.80,62.22,7470000.0,3.222,2.27,7350000.0,underperform
6238,2012-02-14 07:56:47,1329224207.0,payx,28.45,12.93,1350.5,12.58,0.34999999999999964,N/A,21.01,5.25,7.28,24.91,38.34,10.41,35.82,5.97,10940000000.0,10940000000.0,19.21,2.01,5.06,11.83,5.06,2080000000.0,11.83,538800000.0,1.49,4.90,6.60,411100000.0,1.13,0.00,1.15,4.30,693300000.0,0.97,10.60,67.30,10010000.0,2.80,3.10,9510000.0,outperform
6239,2012-03-01 02:47:49,1330588069.0,payx,28.79,10.98,1374.089966,10.49,0.4900000000000002,N/A,21.01,5.27,7.31,24.91,38.34,10.41,35.82,5.97,10980000000.0,10980000000.0,19.20,1.98,5.08,11.87,5.08,2080000000.0,11.87,538800000.0,1.49,4.90,6.60,411100000.0,1.13,0.00,1.15,4.30,693300000.0,0.97,10.60,67.30,7720000.0,2.60,2.40,10010000.0,outperform
6240,2012-01-29 05:21:20,1327832480.0,payx,29.37,4.22,1318.430054,13.79,-9.57,N/A,21.60,5.46,7.57,24.91,38.34,10.41,35.82,5.97,11260000000.0,11260000000.0,19.75,2.04,5.20,12.17,5.20,2080000000.0,12.17,538800000.0,1.49,4.90,6.60,411100000.0,1.13,0.00,1.15,4.30,693300000.0,0.96,10.60,67.30,9510000.0,3.40,2.90,7750000.0,underperform
6241,2012-02-09 09:43:19,1328798599.0,payx,28.87,10.6,1351.949951,12.28,-1.6799999999999997,N/A,21.24,5.30,7.36,24.91,38.34,10.41,35.82,5.97,11060000000.0,11060000000.0,19.42,2.00,5.11,11.96,5.11,2080000000.0,11.96,538800000.0,1.49,4.90,6.60,411100000.0,1.13,0.00,1.15,4.30,693300000.0,0.97,10.60,67.30,9510000.0,3.40,2.90,7750000.0,underperform
6242,2012-02-11 12:13:34,1328980414.0,payx,28.84,10.37,1349.959961,11.81,-1.4400000000000013,N/A,21.01,5.31,7.37,24.91,38.34,10.41,35.82,5.97,10940000000.0,10940000000.0,19.21,2.01,5.06,11.83,5.06,2080000000.0,11.83,538800000.0,1.49,4.90,6.60,411100000.0,1.13,0.00,1.15,4.30,693300000.0,0.97,10.60,67.30,10010000.0,2.80,3.10,9510000.0,underperform
6243,2004-09-07 22:21:56,1094610116.0,payx,22.27,10.42,1121.300049,10.26,0.16000000000000014,1.205,38.97,9.03,9.73,23.41,33.48,7.89,26.40,3.41,11770000000.0,8610000000.0,28.57,1.67,6.65,17.59,6.65,990910000.0,17.59,302950000.0,0.799,3.20,17.80,3080000000.0,8.14,1.205,1.205,3.175,390090000.0,0.608,12.80,61.40,6910000.0,2.716,2.10,5590000.0,outperform
6244,2005-03-02 00:18:34,1109740714.0,payx,23.16,27.12,1210.079956,6.53,20.59,1.245,38.36,8.85,9.37,23.18,33.62,7.97,25.96,3.595,12100000000.0,8950000000.0,29.35,1.98,6.56,17.35,6.56,990910000.0,17.35,316510000.0,0.83,3.20,17.80,3130000000.0,8.27,1.245,1.245,3.409,407540000.0,0.676,11.83,60.71,6900000.0,3.225,2.07,6170000.0,outperform
6245,2012-02-29 03:03:02,1330502582.0,payx,28.52,11.22,1365.680054,10.91,0.3100000000000005,N/A,21.09,5.23,7.26,24.91,38.34,10.41,35.82,5.97,10910000000.0,10910000000.0,19.28,1.98,5.04,11.79,5.04,2080000000.0,11.79,538800000.0,1.49,4.90,6.60,411100000.0,1.13,0.00,1.15,4.30,693300000.0,0.97,10.60,67.30,10010000.0,2.80,3.10,9510000.0,outperform
6246,2012-02-05 13:44:42,1328467482.0,payx,28.8,8.82,1325.540039,12.84,-4.02,N/A,21.44,5.30,7.35,24.91,38.34,10.41,35.82,5.97,11170000000.0,11170000000.0,19.60,2.00,5.16,12.08,5.16,2080000000.0,12.08,538800000.0,1.49,4.90,6.60,411100000.0,1.13,0.00,1.15,4.30,693300000.0,0.97,10.60,67.30,9510000.0,3.40,2.90,7750000.0,underperform
6247,2012-02-06 03:24:15,1328516655.0,payx,28.91,10.52,1344.329956,12.42,-1.9000000000000004,N/A,21.44,5.30,7.35,24.91,38.34,10.41,35.82,5.97,11170000000.0,11170000000.0,19.60,2.00,5.16,12.08,5.16,2080000000.0,12.08,538800000.0,1.49,4.90,6.60,411100000.0,1.13,0.00,1.15,4.30,693300000.0,0.97,10.60,67.30,9510000.0,3.40,2.90,7750000.0,underperform
6248,2012-02-02 20:57:50,1328234270.0,payx,28.8,9.31,1325.540039,14.15,-4.84,N/A,21.24,5.33,7.40,24.91,38.34,10.41,35.82,5.97,11120000000.0,11120000000.0,19.42,2.00,5.14,12.02,5.14,2080000000.0,12.02,538800000.0,1.49,4.90,6.60,411100000.0,1.13,0.00,1.15,4.30,693300000.0,0.97,10.60,67.30,9510000.0,3.40,2.90,7750000.0,underperform
6249,2012-02-04 06:37:58,1328355478.0,payx,28.99,7.9,1324.089966,13.14,-5.24,N/A,21.44,5.30,7.35,24.91,38.34,10.41,35.82,5.97,11040000000.0,11040000000.0,19.60,2.00,5.11,11.94,5.11,2080000000.0,11.94,538800000.0,1.49,4.90,6.60,411100000.0,1.13,0.00,1.15,4.30,693300000.0,0.97,10.60,67.30,9510000.0,3.40,2.90,7750000.0,underperform
6250,2012-02-18 14:00:42,1329591642.0,payx,28.41,13.73,1343.22998,13.26,0.47000000000000064,N/A,21.13,5.30,7.35,24.91,38.34,10.41,35.82,5.97,11000000000.0,11000000000.0,19.31,1.98,5.09,11.89,5.09,2080000000.0,11.89,538800000.0,1.49,4.90,6.60,411100000.0,1.13,0.00,1.15,4.30,693300000.0,0.97,10.60,67.30,10010000.0,2.80,3.10,9510000.0,outperform
6251,2012-01-31 17:07:41,1328047661.0,payx,28.71,7.73,1312.410034,14.44,-6.709999999999999,N/A,21.07,5.29,7.34,24.91,38.34,10.41,35.82,5.97,11030000000.0,11030000000.0,19.26,2.00,5.10,11.93,5.10,2080000000.0,11.93,538800000.0,1.49,4.90,6.60,411100000.0,1.13,0.00,1.15,4.30,693300000.0,0.96,10.60,67.30,9510000.0,3.40,2.90,7750000.0,underperform
6252,2004-05-12 16:35:34,1084394134.0,payx,26.63,-17.99,1097.280029,5.66,-23.65,1.185,44.64,11.36,11.91,24.96,35.44,8.27,28.04,3.307,13920000000.0,10780000000.0,38.41,2.36,8.60,21.6,8.60,841430000.0,21.6,312880000.0,0.826,6.90,15.10,3460000000.0,9.15,1.185,1.185,3.166,388430000.0,0.664,12.78,62.88,7350000.0,3.049,2.23,6660000.0,underperform
6253,2012-02-16 12:11:59,1329412319.0,payx,28.8,13.02,1358.040039,11.91,1.1099999999999994,N/A,20.93,5.22,7.25,24.91,38.34,10.41,35.82,5.97,10890000000.0,10890000000.0,19.13,1.98,5.04,11.78,5.04,2080000000.0,11.78,538800000.0,1.49,4.90,6.60,411100000.0,1.13,0.00,1.15,4.30,693300000.0,0.97,10.60,67.30,10010000.0,2.80,3.10,9510000.0,outperform
6254,2009-08-07 23:50:57,1249703457.0,payx,22.8,-2.68,1010.4799800000001,11.55,-14.23,N/A,18.81,4.55,7.06,25.62,38.66,9.64,42.04,5.773,8980000000.0,8980000000.0,N/A,1.57,4.31,10.074,4.31,1400000000.0,10.074,533539999.99999994,1.48,16.00,4.50,492480000.0,1.364,N/A,1.145,3.716,688770000.0,0.79,10.79,71.20,24690000.0,5.4,7.70,23410000.0,underperform
6255,2013-05-10 13:07:50,1368205670.0,payx,36.16,9.96,1633.699951,14.97,-5.01,N/A,23.99,5.94,8.48,24.79,38.82,8.19,35.53,6.32,13030000000.0,13030000000.0,21.88,2.57,5.68,13.18,5.68,2230000000.0,13.18,568800000.0,1.56,6.70,4.30,570600000.0,1.57,0.00,1.10,4.41,750400000.0,0.90,10.54,70.00,22100000.0,8.10,6.80,20990000.0,underperform
6256,2007-04-06 18:34:39,1175898879.0,payx,28.11,-1.96,1437.77002,-4.89,2.9299999999999997,N/A,28.03,7.87,7.61,28.10,38.54,7.92,29.69,4.834,14470000000.0,13820000000.0,N/A,1.69,7.51,17.278,7.51,1110000000.0,17.278,517090000.00000006,1.35,10.50,12.70,647810000.0,1.696,N/A,1.166,4.983,643600000.0,1.11,11.26,67.30,10730000.0,3.6,3.20,9070000.0,outperform
6257,2005-04-22 08:38:45,1114173525.0,payx,22.17,37.03,1152.119995,13.7,23.330000000000002,1.218,36.27,8.51,8.93,23.54,34.22,7.89,26.21,3.677,11890000000.0,8140000000.000001,28.55,1.94,5.83,15.19,5.83,990910000.0,15.19,328770000.0,0.87,3.20,17.80,3750000000.0,9.91,1.218,1.218,3.518,432630000.0,0.718,11.80,62.48,8720000.0,5.391,2.61,6900000.0,outperform
6258,2012-01-28 00:42:00,1327729320.0,payx,29.28,3.86,1326.060059,12.73,-8.870000000000001,N/A,21.60,5.46,7.57,24.91,38.34,10.41,35.82,5.97,11390000000.0,11390000000.0,19.75,2.06,5.27,12.32,5.27,2080000000.0,12.32,538800000.0,1.49,4.90,6.60,411100000.0,1.13,0.00,1.15,4.30,693300000.0,0.96,10.60,67.30,9510000.0,3.40,2.90,7750000.0,underperform
6259,2012-01-24 00:11:54,1327381914.0,payx,29.17,6.03,1314.650024,13.7,-7.669999999999999,N/A,21.64,5.41,7.51,24.91,38.34,10.41,35.82,5.97,11300000000.0,11300000000.0,19.79,2.05,5.22,12.22,5.22,2080000000.0,12.22,538800000.0,1.49,4.90,6.60,411100000.0,1.13,0.00,1.15,4.30,693300000.0,0.96,10.60,67.30,7750000.0,3.10,2.40,7130000.0,underperform
6260,2012-02-12 11:05:31,1329062731.0,payx,28.87,10.6,1351.949951,12.21,-1.6100000000000012,N/A,21.01,5.31,7.37,24.91,38.34,10.41,35.82,5.97,10940000000.0,10940000000.0,19.21,2.01,5.06,11.83,5.06,2080000000.0,11.83,538800000.0,1.49,4.90,6.60,411100000.0,1.13,0.00,1.15,4.30,693300000.0,0.97,10.60,67.30,10010000.0,2.80,3.10,9510000.0,underperform
6261,2011-12-31 03:51:24,1325321484.0,payx,26.96,10.57,1249.640015,13.48,-2.91,N/A,20.21,5.06,7.02,24.91,38.34,10.41,35.82,5.97,10530000000.0,10530000000.0,18.47,1.93,4.87,11.38,4.87,2080000000.0,11.38,538800000.0,1.49,4.90,6.60,411100000.0,1.13,0.00,1.15,4.30,693300000.0,0.96,10.61,66.10,7130000.0,3.00,2.20,7350000.0,underperform
6262,2009-11-15 09:01:12,1258293672.0,payx,25.7,-5.56,1087.23999,10.16,-15.719999999999999,N/A,22.03,5.47,8.21,24.82,37.75,9.73,38.89,5.677,10880000000.0,10880000000.0,N/A,1.77,5.31,12.649,5.31,1400000000.0,12.649,508460000.0,1.41,16.90,6.30,329180000.0,0.911,N/A,1.106,3.777,660840000.0,0.78,10.68,73.10,25790000.0,8.9,8.00,27120000.0,underperform
6263,2004-10-13 07:01:54,1097665314.0,payx,21.71,23.58,1113.650024,5.67,17.909999999999997,1.235,37.42,8.70,9.22,23.33,33.60,7.98,26.23,3.502,11580000000.0,8529999999.999999,28.08,1.68,6.41,16.94,6.41,990910000.0,16.94,310330000.0,0.818,3.20,17.80,3050000000.0,8.06,1.235,1.235,3.319,403050000.0,0.64,11.82,61.37,6770000.0,3.941,2.03,6910000.0,outperform
6264,2012-03-04 08:44:13,1330868653.0,payx,28.79,11.57,1374.089966,11.0,0.5700000000000003,N/A,21.01,5.29,7.34,24.91,38.34,10.41,35.82,5.97,10930000000.0,10930000000.0,19.20,2.00,5.06,11.82,5.06,2080000000.0,11.82,538800000.0,1.49,4.90,6.60,411100000.0,1.13,0.00,1.15,4.30,693300000.0,0.99,10.60,67.30,7720000.0,2.60,2.40,10010000.0,outperform
6265,2009-02-05 18:07:56,1233875276.0,payx,20.85,16.31,845.849976,26.05,-9.740000000000002,N/A,16.38,4.33,7.11,26.87,39.90,10.38,44.83,5.842,9270000000.0,8730000000.0,N/A,1.21,4.14,9.441,4.14,1410000000.0,9.441,566910000.0,1.57,4.70,3.20,401680000.0,1.113,N/A,1.125,3.561,694810000.0,0.74,10.80,68.70,10700000.0,3.4,3.30,9400000.0,underperform
6266,2011-09-05 15:59:48,1315252788.0,payx,,,1173.969971,19.67,,N/A,18.36,4.65,6.48,24.72,37.73,9.26,35.56,5.76,8980000000.0,8980000000.0,15.90,1.54,4.31,10.26,4.31,2080000000.0,10.26,515299999.99999994,1.42,2.90,5.30,464000000.0,1.28,0.00,1.12,4.13,8980000000.0,0.86,10.61,66.10,10800000.0,2.30,N/A,10920000.0,underperform
6267,2012-02-26 04:58:37,1330250317.0,payx,28.54,10.83,1363.459961,9.12,1.7100000000000009,N/A,21.09,5.25,7.28,24.91,38.34,10.41,35.82,5.97,10980000000.0,10980000000.0,19.28,1.99,5.08,11.87,5.08,2080000000.0,11.87,538800000.0,1.49,4.90,6.60,411100000.0,1.13,0.00,1.15,4.30,693300000.0,0.97,10.60,67.30,10010000.0,2.80,3.10,9510000.0,outperform
6268,2012-02-25 19:44:02,1330217042.0,payx,28.5,10.98,1357.660034,10.66,0.3200000000000003,N/A,21.09,5.25,7.28,24.91,38.34,10.41,35.82,5.97,10980000000.0,10980000000.0,19.28,1.99,5.08,11.87,5.08,2080000000.0,11.87,538800000.0,1.49,4.90,6.60,411100000.0,1.13,0.00,1.15,4.30,693300000.0,0.97,10.60,67.30,10010000.0,2.80,3.10,9510000.0,outperform
6269,2012-11-04 00:28:43,1352003323.0,payx,31.28,30.85,1427.589966,23.4,7.450000000000003,N/A,21.67,5.39,7.31,24.60,38.41,10.07,34.57,6.19,11580000000.0,11580000000.0,19.26,2.17,5.16,12.06,5.16,2230000000.0,12.06,552200000.0,1.52,2.80,2.70,390900000.0,1.08,0.00,1.10,4.56,737100000.0,0.91,10.55,66.30,10730000.0,4.60,3.30,12120000.0,outperform
6270,2012-02-04 01:43:53,1328337833.0,payx,28.99,7.9,1324.089966,13.14,-5.24,N/A,21.44,5.30,7.35,24.91,38.34,10.41,35.82,5.97,11040000000.0,11040000000.0,19.60,2.00,5.11,11.94,5.11,2080000000.0,11.94,538800000.0,1.49,4.90,6.60,411100000.0,1.13,0.00,1.15,4.30,693300000.0,0.97,10.60,67.30,9510000.0,3.40,2.90,7750000.0,underperform
6271,2008-03-22 07:21:30,1206184890.0,payx,24.49,-24.21,1298.420044,-39.62,15.409999999999997,N/A,22.97,5.83,9.31,27.47,37.88,8.64,35.54,5.251,12000000000.0,11530000000.0,N/A,1.37,5.80,13.886,5.80,1270000000.0,13.886,545890000.0,1.44,10.90,11.60,466950000.0,1.284,N/A,1.14,3.422,710650000.0,0.86,10.65,70.30,10330000.0,3.1,3.20,9280000.0,outperform
6272,2012-02-10 10:16:15,1328886975.0,payx,28.53,11.74,1342.640015,12.62,-0.879999999999999,N/A,21.26,5.31,7.37,24.91,38.34,10.41,35.82,5.97,11070000000.0,11070000000.0,19.44,2.00,5.12,11.97,5.12,2080000000.0,11.97,538800000.0,1.49,4.90,6.60,411100000.0,1.13,0.00,1.15,4.30,693300000.0,0.97,10.60,67.30,9510000.0,3.40,2.90,7750000.0,underperform
6273,2012-02-01 04:25:24,1328088324.0,payx,28.99,7.9,1324.089966,13.14,-5.24,N/A,21.15,5.29,7.34,24.91,38.34,10.41,35.82,5.97,11030000000.0,11030000000.0,19.33,2.00,5.10,11.93,5.10,2080000000.0,11.93,538800000.0,1.49,4.90,6.60,411100000.0,1.13,0.00,1.15,4.30,693300000.0,0.96,10.60,67.30,9510000.0,3.40,2.90,7750000.0,underperform
6274,2012-01-27 06:48:23,1327664903.0,payx,29.04,6.51,1316.329956,13.56,-7.050000000000001,N/A,21.85,5.44,7.55,24.91,38.34,10.41,35.82,5.97,11350000000.0,11350000000.0,19.98,2.04,5.25,12.28,5.25,2080000000.0,12.28,538800000.0,1.49,4.90,6.60,411100000.0,1.13,0.00,1.15,4.30,693300000.0,0.96,10.60,67.30,7750000.0,3.10,2.40,7130000.0,underperform
6275,2012-01-28 18:10:05,1327792205.0,payx,29.28,3.86,1326.060059,12.73,-8.870000000000001,N/A,21.60,5.46,7.57,24.91,38.34,10.41,35.82,5.97,11260000000.0,11260000000.0,19.75,2.04,5.20,12.17,5.20,2080000000.0,12.17,538800000.0,1.49,4.90,6.60,411100000.0,1.13,0.00,1.15,4.30,693300000.0,0.96,10.60,67.30,9510000.0,3.40,2.90,7750000.0,underperform
6276,2012-02-24 08:52:07,1330091527.0,payx,28.63,12.82,1365.73999,10.71,2.1099999999999994,N/A,21.02,5.25,7.28,24.91,38.34,10.41,35.82,5.97,10940000000.0,10940000000.0,19.21,N/A,5.06,11.83,5.06,2080000000.0,11.83,538800000.0,1.49,4.90,6.60,411100000.0,1.13,0.00,1.15,4.30,693300000.0,0.97,10.60,67.30,10010000.0,2.80,3.10,9510000.0,outperform
6277,2006-01-08 18:44:38,1136763878.0,payx,28.34,5.15,1273.47998,10.94,-5.789999999999999,1.346,34.68,9.47,9.69,27.11,38.53,9.19,30.02,4.109,14600000000.0,13810000000.0,N/A,1.96,8.87,20.756,8.87,1120000000.0,20.756,421900000.0,1.11,29.60,15.10,792510000.0,2.088,1.346,1.346,4.007,502180000.0,N/A,11.57,62.00,12700000.0,6.4,3.80,12060000.0,underperform
6278,2012-01-26 21:54:32,1327632872.0,payx,29.37,3.88,1318.430054,14.0,-10.120000000000001,N/A,21.85,5.44,7.55,24.91,38.34,10.41,35.82,5.97,11350000000.0,11350000000.0,19.98,2.04,5.25,12.28,5.25,2080000000.0,12.28,538800000.0,1.49,4.90,6.60,411100000.0,1.13,0.00,1.15,4.30,693300000.0,0.96,10.60,67.30,7750000.0,3.10,2.40,7130000.0,underperform
6279,2005-03-16 10:19:39,1110986379.0,payx,22.77,29.07,1188.069946,9.87,19.200000000000003,1.245,38.21,9.01,9.54,23.18,33.62,7.97,25.96,3.595,12060000000.0,8930000000.0,29.24,2.01,6.54,17.31,6.54,990910000.0,17.31,316510000.0,0.83,3.20,17.80,3130000000.0,8.27,1.245,1.245,3.409,407540000.0,0.702,11.83,61.31,6900000.0,3.225,2.07,6170000.0,outperform
6280,2005-08-31 02:16:30,1125468990.0,payx,24.8,7.14,1220.329956,6.84,0.2999999999999998,1.254,35.12,8.90,9.28,25.52,36.94,8.01,28.53,3.82,12910000000.0,12160000000.0,N/A,1.65,8.41,20.412,8.41,1120000000.0,20.412,368850000.0,0.97,65.30,14.70,707610000.0,1.868,1.254,1.254,3.66,467860000.0,N/A,12.12,62.00,8720000.0,2.60,2.60,7370000.0,outperform
6281,2012-02-15 10:42:27,1329320547.0,payx,28.41,13.73,1343.22998,13.26,0.47000000000000064,N/A,20.95,5.23,7.26,24.91,38.34,10.41,35.82,5.97,10900000000.0,10900000000.0,19.15,1.98,5.04,11.79,5.04,2080000000.0,11.79,538800000.0,1.49,4.90,6.60,411100000.0,1.13,0.00,1.15,4.30,693300000.0,0.97,10.60,67.30,10010000.0,2.80,3.10,9510000.0,outperform
6282,2005-01-19 10:07:33,1106147253.0,myl,16.39,21.6,1184.630005,8.48,13.120000000000001,0.011,16.18,3.48,2.60,21.83,32.63,15.16,17.47,4.829,4590000000.0,3800000000.0,15.78,1.29,2.86,7.94,2.86,762470000.0,7.94,290160000.0,1.053,22.90,8.30,799470000.0,2.97,18760000.0,8.451,6.63,309410000.0,0.27,14.23,67.79,29130000.0,8.478,12.62,25940000.0,outperform
6283,2004-04-27 12:41:43,1083084103.0,myl,23.78,-32.34,1138.109985,1.61,-33.95,0.012,20.27,4.69,4.12,23.92,35.72,18.80,22.28,5.036,6550000000.0,5870000000.0,17.96,1.29,4.21,10.84,4.21,623940000.0,10.84,333600000.0,1.205,601.00,30.40,700420000.0,2.61,19710000.0,5.39,5.93,268120000.0,0.248,5.21,61.22,4070000.0000000005,2.295,1.60,3440000.0,underperform
6284,2010-12-05 08:25:16,1291555516.0,myl,19.74,1.27,1221.530029,2.91,-1.6400000000000001,153.18,27.60,1.14,1.73,6.78,15.20,4.60,11.05,17.44,10880000000.0,10880000000.0,10.15,1.00,2.03,8.85,2.03,2069999999.9999998,8.85,225140000.0,0.72,N/A,7.20,641030000.0,2.07,5410000000.0,2.01,11.40,10880000000.0,0.72,2.32,109.20,87190000.0,13.00,31.60,85130000.0,underperform
6285,2004-08-11 15:09:59,1092251399.0,myl,15.01,17.92,1075.790039,15.06,2.860000000000001,6.042,12.75,2.99,2.38,24.08,35.77,17.95,20.83,5.006,4130000000.0,3320000000.0,11.82,0.73,2.40,6.71,2.40,762470000.0,6.71,332780000.0,1.205,22.90,8.30,812990000.0,3.03,6.042,6.042,6.469,225580000.0,0.331,5.23,59.83,6130000.0,2.289,2.41,6560000.0,outperform
6286,2005-03-10 01:41:21,1110436881.0,myl,17.5,28.8,1209.25,5.97,22.830000000000002,0.01,20.59,3.82,2.67,18.92,28.12,12.26,13.99,4.631,4850000000.0,4040000000.0,21.43,1.60,3.18,10.03,3.18,762470000.0,10.03,240310000.0,0.87,22.90,8.30,835270000.0,3.1,18750000.0,8.489,6.741,238820000.0,0.289,14.20,72.95,23380000.0,10.858,10.12,27480000.0,outperform
6287,2013-05-08 18:31:55,1368052315.0,myl,29.33,61.37,1632.689941,14.88,46.489999999999995,196.46,19.67,1.71,4.06,9.04,19.02,6.83,18.63,16.83,16739999999.999998,16739999999.999998,9.20,1.11,2.45,9.00,2.45,2910000000.0,9.00,618650000.0,1.50,17.20,2.50,294420000.0,0.75,5670000000.0,1.73,7.30,N/A,1.21,0.47,87.10,31120000.0,4.80,8.20,37810000.0,outperform
6288,2004-11-26 08:01:32,1101474092.0,myl,18.05,14.96,1182.650024,7.01,7.950000000000001,0.011,17.63,3.71,2.76,21.83,32.63,15.16,17.47,4.829,4990000000.0,4210000000.0,16.57,1.44,3.17,8.8,3.17,762470000.0,8.8,290160000.0,1.053,22.90,8.30,799470000.0,2.97,18760000.0,8.451,6.63,309410000.0,0.338,5.20,69.06,25940000.0,10.225,10.17,20410000.0,outperform
6289,2005-08-24 10:00:22,1124892022.0,myl,17.57,19.07,1209.589966,7.15,11.92,5.932,30.47,3.24,2.63,13.29,22.28,8.20,9.09,4.598,4010000000.0,3120000000.0,N/A,1.10,2.52,9.716,2.52,623540000.0,9.716,164470000.0,0.60,47.70,4.60,886760000.0,4.057,5.932,5.932,6.969,160870000.0,N/A,3.53,68.40,3380000.0,2.5,1.60,6580000.0,outperform
6290,2007-06-26 08:33:26,1182861206.0,myl,18.43,-34.24,1492.890015,-11.45,-22.790000000000003,1.143,18.80,2.88,2.81,13.48,33.63,11.62,17.84,7.493,4640000000.0,5100000000.0,N/A,0.74,3.16,8.079,3.16,843670000.0,8.079,217280000.0,0.99,N/A,50.10,1430000000.0,5.737,1880000000.0,3.443,6.638,390190000.0,0.8,2.60,71.00,6720000.0,2.8,2.80,7660000.0,underperform
6291,2003-10-26 16:24:13,1067203453.0,myl,26.64,-39.3,1033.77002,5.9,-45.199999999999996,0.014,26.02,5.59,5.07,22.21,33.68,17.24,20.28,4.733,7350000000.0,6730000000.0,21.57,1.53,5.08,13.82,5.08,623940000.0,13.82,294370000.0,1.053,601.00,30.40,644000000.0,2.4,20100000.0,6.242,5.45,N/A,0.312,4.81,66.03,9300000.0,3.611,3.64,4780000.0,underperform
6292,2007-03-11 11:44:43,1173627883.0,myl,19.76,-47.72,1401.890015,-9.17,-38.55,0.623,12.36,3.03,3.84,23.89,33.27,15.54,37.20,6.876,4380000000.0,4600000000.0,N/A,0.91,3.18,8.354,3.18,627620000.0,8.354,346220000.0,1.61,181.00,29.10,466010000.0,2.113,687000000.0,4.462,5.171,349770000.0,0.95,2.93,65.30,6320000.0,3.7,2.90,8810000.0,underperform
6293,2005-05-01 17:13:11,1114981991.0,myl,16.09,35.49,1143.219971,14.17,21.32,0.01,18.88,3.50,2.45,18.92,28.12,12.26,13.99,4.631,4440000000.0,3630000000.0,19.88,1.50,2.86,9.03,2.86,762470000.0,9.03,240310000.0,0.87,22.90,8.30,835270000.0,3.1,18750000.0,8.489,6.741,238820000.0,0.162,14.20,72.18,6590000.0,4.349,2.85,24990000.0,outperform
6294,2011-10-17 04:07:02,1318838822.0,myl,17.34,38.64,1200.859985,21.16,17.48,146.09,19.35,1.31,1.97,7.12,16.75,5.39,12.13,14.98,12740000000.0,12740000000.0,7.58,0.78,2.19,8.87,2.19,2220000000.0,8.87,361640000.0,0.91,69.80,15.00,466140000.0,1.09,5670000000.0,1.49,9.08,12740000000.0,0.74,1.67,86.00,28000000.0,3.50,6.40,34360000.0,outperform
6295,2008-05-23 17:15:53,1211577353.0,myl,12.6,1.83,1375.930054,-34.34,36.17,1.51,N/A,1.18,1.22,47.56,9.52,N/A,N/A,11.77,3820000000.0,7870000000.0,N/A,1.78,2.42,N/A,2.42,843670000.0,N/A,1600000000.0,5.781,N/A,N/A,747340000.0,2.457,4770000000.0,1.57,10.375,N/A,0.78,18.89,85.10,74840000.0,14.5,25.20,74250000.0,outperform
6296,2007-10-06 05:09:09,1191661749.0,myl,16.87,-36.81,1539.589966,-27.62,-9.190000000000001,1.096,16.99,2.29,2.39,12.29,34.02,11.86,17.06,8.019,4099999999.9999995,4520000000.0,N/A,0.84,2.51,6.556,2.51,843670000.0,6.556,221420000.0,0.97,5.50,53.40,1490000000.0,5.99,1890000000.0,3.163,6.935,381850000.0,0.66,2.86,68.40,7770000.0,2.1,3.20,10870000.0,underperform
6297,2013-04-23 03:56:50,1366703810.0,myl,28.62,75.68,1578.780029,18.79,56.89000000000001,171.07,18.64,1.65,3.35,9.43,19.70,7.11,18.74,16.37,16540000000.0,16540000000.0,8.83,1.08,2.43,8.77,2.43,2910000000.0,8.77,640850000.0,1.52,25.10,11.20,409540000.0,1.03,5740000000.0,1.78,8.45,949020000.0,1.21,0.47,87.10,37810000.0,5.40,8.90,39040000.0,outperform
6298,2006-11-28 13:13:56,1164737636.0,intu,30.53,-5.11,1386.719971,5.93,-11.04,N/A,28.24,4.58,6.09,16.82,23.88,15.14,22.80,6.943,10990000000.0,9930000000.0,N/A,1.45,4.14,12.997,4.14,1920000000.0,12.997,376110000.0,1.13,N/A,19.10,1060000000.0,3.068,N/A,1.781,5.225,556620000.0,1.15,8.60,85.40,11290000.0,3.60,3.60,10220000.0,underperform
6299,2010-10-08 02:11:35,1286518295.0,intu,44.24,3.41,1165.150024,-1.81,5.220000000000001,35.38,26.00,4.13,5.00,16.61,25.15,10.84,20.05,10.93,13640000000.0,13640000000.0,16.82,1.37,3.95,12.19,3.95,2570000000.0,12.19,539000000.0,1.77,N/A,17.50,1620000000.0,5.11,998000000.0,1.88,8.99,13640000000.0,0.70,6.45,91.10,8460000.0,1.60,3.00,7380000.0,outperform
6300,2012-07-28 14:57:01,1343501821.0,intu,55.17,13.0,1337.890015,26.34,-13.34,17.60,24.64,4.05,5.95,17.61,28.28,13.74,25.85,13.93,16270000000.0,16270000000.0,17.52,1.31,3.92,11.44,3.92,3200000000.0,11.44,731000000.0,2.39,6.70,5.20,1520000000.0,5.18,499000000.0,1.47,9.63,1260000000.0,0.71,5.46,89.40,7640000.0,5.10,2.80,7320000.0,underperform
6301,2004-08-16 21:44:23,1092707063.0,intu,18.66,20.2,1079.339966,12.97,7.229999999999999,1.726,23.17,3.99,3.77,18.21,23.73,11.60,16.84,9.153,7400000000.0,6150000000.0,20.13,1.45,3.35,11.88,3.35,1110000000.0,11.88,334450000.0,1.668,144.70,21.50,1180000000.0,6.15,1.726,1.726,10.156,586420000.0,1.334,7.60,86.39,5330000.0,2.322,3.01,6750000.0,outperform
6302,2013-02-06 12:29:16,1360171756.0,intu,61.75,14.12,1512.119995,17.28,-3.160000000000002,18.18,22.88,4.42,6.86,19.82,28.23,16.24,30.32,14.32,18610000000.0,18610000000.0,16.91,1.36,4.41,13.14,4.41,3400000000.0,13.14,774000000.0,2.76,N/A,12.50,558000000.0,1.89,499000000.0,1.24,9.19,1210000000.0,0.77,5.46,89.80,5910000.0,3.70,2.10,6340000.0,underperform
6303,2007-04-06 22:28:56,1175912936.0,intu,26.48,3.59,1437.77002,-4.89,8.48,N/A,27.07,3.87,5.16,15.13,22.60,13.38,21.69,7.019,9480000000.0,8340000000.0,N/A,1.29,3.45,11.342,3.45,1920000000.0,11.342,366230000.0,1.02,20.60,2.80,1140000000.0,3.315,N/A,1.699,5.301,629300000.0,1.27,8.50,84.60,7750000.0,2.50,2.50,6770000.0,outperform
6304,2013-04-25 07:49:26,1366890566.0,intu,56.19,33.37,1585.160034,17.55,15.819999999999997,17.87,24.54,4.54,6.82,18.85,26.00,13.56,28.87,14.21,18480000000.0,18480000000.0,16.98,1.40,4.41,14.10,4.41,3400000000.0,14.10,724000000.0,2.62,39.80,3.10,678000000.0,2.29,499000000.0,1.20,9.41,1210000000.0,0.75,4.73,91.50,9620000.0,4.70,3.40,9510000.0,outperform
6305,2007-10-26 03:09:12,1193382552.0,intu,30.25,-24.66,1535.280029,-41.59,16.930000000000003,0.492,25.36,3.98,5.23,16.46,23.85,11.35,23.51,7.801,10630000000.0,10330000000.0,N/A,1.30,3.87,12.977,3.87,2160000000.0,12.977,443470000.0,1.24,N/A,33.90,1300000000.0,3.847,1000000000.0,1.683,N/A,726760000.0,1.47,0.13,83.40,6440000.0,1.6,2.10,6000000.0,outperform
6306,2007-05-01 10:39:49,1178030389.0,intu,27.24,-4.41,1486.300049,-6.78,2.37,N/A,27.84,4.03,5.37,15.13,22.60,13.38,21.69,7.019,9750000000.0,8840000000.0,N/A,1.39,3.65,12.012,3.65,1920000000.0,12.012,366230000.0,1.02,20.60,2.80,1140000000.0,3.315,N/A,1.699,5.301,629300000.0,1.27,8.50,84.70,7750000.0,2.50,2.50,6770000.0,outperform
6307,2004-02-15 08:34:28,1076852068.0,intu,23.5,-17.66,1152.109985,4.69,-22.35,1.897,38.54,5.75,5.23,16.05,20.78,9.57,13.49,8.163,9610000000.0,8690000000.0,0.00,1.41,5.17,19.47,5.17,1110000000.0,19.47,269690000.0,1.256,144.70,21.50,918640000.0,4.63,1.897,1.897,9.31,793730000.0,1.292,7.70,84.20,9440000.0,3.311,5.16,10670000.0,underperform
6308,2007-02-11 20:11:41,1171242701.0,intu,30.75,-5.82,1448.310059,-7.54,1.7199999999999998,N/A,27.90,4.63,6.17,16.82,23.88,15.10,22.80,6.943,10960000000.0,N/A,N/A,1.43,N/A,N/A,N/A,1920000000.0,N/A,376110000.0,1.13,N/A,19.10,1060000000.0,3.038,N/A,1.781,5.163,556620000.0,1.13,8.52,83.80,6220000.0,2.1,1.90,7070000.0,outperform
6309,2007-05-29 12:19:26,1180455566.0,intu,29.24,-5.27,1518.109985,-8.38,3.110000000000001,N/A,29.63,3.96,5.36,15.13,22.60,13.38,21.69,7.019,10370000000.0,8580000000.0,N/A,1.35,3.54,11.659,3.54,1920000000.0,11.659,366230000.0,1.02,20.60,2.80,1140000000.0,3.315,N/A,1.699,5.649,629300000.0,1.19,8.50,82.60,7700000.0,1.8,2.40,7750000.0,outperform
6310,2004-10-24 21:02:53,1098666173.0,intu,21.77,2.02,1106.48999,8.4,-6.380000000000001,1.769,28.32,4.52,4.70,16.98,22.51,11.38,16.70,9.435,8310000000.000001,7290000000.0,19.92,1.45,3.91,14.1,3.91,1300000000.0,14.1,317030000.0,1.569,7.60,13.10,1020000000.0,5.45,1.769,1.769,9.587,574580000.0,1.342,7.98,81.84,7420000.0,3.092,4.31,5940000.0,underperform
6311,2004-12-10 06:57:30,1102679850.0,intu,20.95,20.86,1188.0,5.84,15.02,1.604,26.76,4.23,4.90,17.37,22.86,12.09,17.91,9.68,8090000000.0,7250000000.0,19.47,1.40,3.83,16.76,3.83,1300000000.0,16.76,328520000.0,1.615,7.60,13.10,759650000.0,4.06,1.604,1.604,8.737,574580000.0,1.284,7.98,83.05,5340000.0,3.051,3.10,6060000.0,outperform
6312,2011-11-14 20:48:46,1321321726.0,intu,51.58,12.41,1251.780029,9.81,2.5999999999999996,38.19,26.65,4.22,6.21,16.46,26.93,12.58,23.32,12.54,15830000000.0,15830000000.0,16.20,1.35,4.11,12.38,4.11,3200000000.0,12.38,634000000.0,2.00,N/A,10.40,1420000000.0,4.72,999000000.0,1.25,8.70,15830000000.0,0.63,6.15,90.20,5740000.0,2.40,2.00,6260000.0,outperform
6313,2006-09-06 15:53:41,1157572421.0,intu,30.4,-13.52,1300.26001,13.71,-27.23,N/A,27.76,4.65,6.15,18.07,25.30,13.23,21.27,6.531,10840000000.0,9510000000.0,N/A,1.41,4.13,12.524,4.13,1300000000.0,12.524,373720000.0,1.14,N/A,32.10,1200000000.0,3.504,N/A,1.557,5.097,634330000.0,0.88,8.69,87.60,11500000.0,4.4,4.10,12500000.0,underperform
6314,2005-04-06 02:57:26,1112770646.0,intu,20.5,27.85,1184.069946,10.55,17.3,1.556,25.66,4.17,4.67,17.12,22.85,11.93,18.16,9.986,7920000000.0,7120000000.0,18.82,1.41,3.71,13.12,3.71,1300000000.0,13.12,328300000.0,1.67,7.60,13.10,884630000.0,4.77,1.556,1.556,9.248,577540000.0,1.293,7.94,80.36,6230000.0,2.875,3.65,6160000.0,outperform
6315,2007-01-13 13:29:30,1168712970.0,dd,36.06,-3.22,1414.849976,0.39,-3.6100000000000003,0.865,19.19,1.58,4.55,8.56,13.23,6.39,21.94,30.655,45740000000.0,54010000000.0,N/A,1.89,1.90,10.594,1.90,8790000000.0,10.594,2420000000.0,2.59,N/A,7.50,724000000.0,0.787,8750000000.0,1.497,10.749,3480000000.0,1.2,0.77,65.50,14150000.0,3.2,1.60,16530000.000000002,underperform
6316,2005-01-20 16:20:28,1106256028.0,dd,33.01,-13.57,1175.410034,7.32,-20.89,1.047,22.34,1.64,4.70,7.51,4.52,5.78,21.98,28.527,47010000000.0,52130000000.0,17.27,2.01,1.82,N/A,1.82,8250000000.0,2170000000.0,2130000000.0,2.119,N/A,13.10,5900000000.0,5.95,10740000000.0,1.636,10.084,3480000000.0,0.894,1.44,60.63,10190000.0,2.94,1.04,8460000.0,underperform
6317,2004-08-03 22:56:34,1091588194.0,dd,29.36,3.99,1099.689941,13.22,-9.23,N/A,46.66,1.48,N/A,3.24,1.34,2.48,9.85,28.885,42700000000.0,43240000000.0,15.81,1.95,1.49,50.1,1.49,8250000000.0,50.1,926000000.0,0.915,N/A,13.10,N/A,N/A,N/A,N/A,N/A,2880000000.0,0.878,1.44,59.88,10050000.0,3.796,1.02,10090000.0,underperform
6318,2013-04-25 03:51:25,1366876285.0,dd,51.0,28.92,1585.160034,17.55,11.370000000000001,115.34,17.88,1.40,4.97,7.96,12.89,5.75,25.91,37.55,53530000000.0,53530000000.0,12.04,1.95,1.53,8.59,1.53,9210000000.0,8.59,2460000000.0,2.95,70.20,1.40,4410000000.0,4.72,11740000000.0,1.56,10.56,4850000000.0,1.47,0.07,64.40,30300000.0,5.70,3.30,34680000.0,outperform
6319,2005-03-31 21:33:31,1112322811.0,dd,36.06,-14.73,1180.589966,9.68,-24.41,0.57,29.01,1.82,4.56,6.33,5.15,4.81,17.39,27.929,51090000000.0,54150000000.0,16.01,1.81,1.93,26.72,1.93,7580000000.0,26.72,1770000000.0,1.77,82.90,1.00,3540000000.0,3.55,6480000000.0,1.916,11.203,3230000000.0,0.87,0.44,61.11,16379999.999999998,3.579,1.65,13780000.0,underperform
6320,2011-11-07 23:31:20,1320726680.0,dd,44.49,-5.98,1261.119995,13.26,-19.240000000000002,128.92,13.30,1.20,3.98,9.25,12.91,6.92,32.40,40.61,57750000000.0,57750000000.0,11.26,1.25,1.54,9.13,1.54,8359999999.999999,9.13,3470000000.0,3.68,23.20,30.60,2980000000.0,3.22,15500000000.0,1.65,12.24,57750000000.0,1.69,0.11,64.20,16790000.0,1.70,1.80,17620000.0,underperform
6321,2012-03-30 14:08:47,1333130927.0,dd,48.84,-4.2,1408.469971,10.96,-15.16,138.52,14.36,1.28,5.85,9.04,12.83,6.94,37.33,41.40,57950000000.0,57950000000.0,11.06,1.31,1.51,8.93,1.51,10150000000.0,8.93,3460000000.0,3.68,0.80,14.10,4019999999.9999995,4.31,12550000000.0,1.61,9.02,5150000000.0,1.65,0.07,64.30,13420000.0,2.40,1.40,11940000.0,underperform
6322,2008-12-20 19:52:19,1229820739.0,dd,21.77,25.08,904.419983,21.19,3.889999999999997,0.817,7.33,0.70,1.87,9.66,12.51,7.14,28.16,36.521,23100000000.0,31550000000.0,N/A,2.82,0.96,5.679,0.96,9090000000.0,5.679,3170000000.0,3.49,30.20,9.30,2150000000.0,2.377,10360000000.0,1.705,13.783,3360000000.0,1.15,0.26,66.60,N/A,N/A,N/A,10700000.0,outperform
6323,2007-02-18 21:57:38,1171853858.0,dd,38.96,,1456.810059,-7.33,,0.865,15.48,1.64,4.82,10.86,13.93,N/A,33.09,31.452,48260000000.0,56530000000.0,N/A,1.82,1.95,10.427,1.95,8790000000.0,10.427,3150000000.0,3.39,469.30,31.90,724000000.0,0.787,8750000000.0,N/A,10.749,N/A,1.25,0.73,63.80,16059999.999999998,4.2,1.80,14150000.0,underperform
6324,2006-08-13 12:54:45,1155488085.0,dd,29.1,25.88,1271.810059,14.24,11.639999999999999,0.837,20.08,1.29,3.63,6.66,12.11,5.83,16.45,29.59,36010000000.0,43960000000.0,N/A,1.51,1.57,9.311,1.57,8790000000.0,9.311,1850000000.0,1.95,3.90,0.90,827000000.0,0.897,8529999999.999999,1.654,10.803,2180000000.0,1.19,0.77,62.00,19200000.0,4.3,2.10,26230000.0,outperform
6325,2008-01-23 15:57:48,1201121868.0,dd,34.96,-45.05,1338.599976,-38.18,-6.869999999999997,0.906,12.12,1.29,3.95,11.15,12.33,6.73,33.08,32.212,38670000000.0,46150000000.0,N/A,1.81,1.55,9.158,1.55,8539999999.999999,9.158,3300000000.0,3.55,8.50,6.00,1320000000.0,1.466,8990000000.0,1.442,10.769,4400000000.0,1.1,0.42,67.20,11640000.0,1.7,1.30,11650000.0,underperform
6326,2013-02-06 05:35:31,1360146931.0,dd,44.99,37.05,1512.119995,17.28,19.769999999999996,115.34,16.14,1.27,4.49,8.01,12.31,5.45,25.91,37.30,51830000000.0,51830000000.0,10.77,2.09,1.49,8.76,1.49,10150000000.0,8.76,2470000000.0,2.95,70.20,14.90,4410000000.0,4.72,11740000000.0,1.56,10.56,4850000000.0,1.49,0.07,64.90,23530000.0,4.20,2.50,23890000.0,outperform
6327,2006-10-23 12:26:23,1161620783.0,dd,33.7,6.11,1377.02002,10.35,-4.239999999999999,0.837,23.11,1.48,4.16,6.66,12.11,5.83,16.45,29.59,41450000000.0,49320000000.0,N/A,1.74,1.76,10.447,1.76,8790000000.0,10.447,1850000000.0,1.95,3.90,0.90,827000000.0,0.897,8529999999.999999,1.654,10.803,2180000000.0,1.13,0.77,63.90,11090000.0,3.7,1.20,12250000.0,underperform
6328,2008-10-29 03:57:55,1225267075.0,dd,24.94,11.11,930.090027,14.62,-3.51,0.817,8.80,0.76,2.02,9.64,12.55,7.18,28.16,36.586,27730000000.0,33530000000.0,N/A,1.37,1.02,6.013,1.02,9090000000.0,6.013,3170000000.0,3.494,30.20,9.80,2150000000.0,2.377,10360000000.0,1.705,13.783,3360000000.0,0.81,0.26,67.10,13990000.0,1.5,1.60,13510000.0,underperform
6329,2012-06-30 08:48:09,1341060489.0,dd,46.2,11.88,1331.849976,21.12,-9.24,142.18,13.55,1.18,4.79,8.91,13.05,6.96,32.86,42.57,58850000000.0,58850000000.0,10.65,1.45,1.49,8.62,1.49,10150000000.0,8.62,3520000000.0,3.73,4.00,11.70,3600000000.0,3.84,14820000000.0,1.58,10.38,4760000000.0,1.53,0.07,64.00,23290000.0,4.50,2.50,18340000.0,underperform
6330,2011-09-26 04:14:42,1317024882.0,dd,37.72,25.58,1162.949951,23.96,1.6199999999999974,118.35,11.21,1.10,3.29,9.58,12.92,6.69,31.41,38.49,50280000000.0,50280000000.0,8.97,1.02,1.42,8.41,1.42,8359999999.999999,8.41,3380000000.0,3.61,5.10,19.20,2480000000.0,2.66,14800000000.0,1.77,12.66,50280000000.0,1.51,0.11,64.20,15610000.0,1.40,1.70,11970000.0,outperform
6331,2007-10-26 02:41:04,1193380864.0,dd,36.95,-32.56,1535.280029,-41.59,9.030000000000001,0.752,13.77,1.49,4.19,11.16,12.40,6.76,31.34,31.783,44500000000.0,50950000000.0,N/A,2.07,1.74,10.145,1.74,8539999999.999999,10.145,3260000000.0,3.51,0.30,6.00,1090000000.0,1.183,8039999999.999999,1.684,11.359,4050000000.0,1.16,0.42,68.10,14840000.0,2.9,1.60,16309999.999999998,outperform
6332,2004-10-24 20:44:51,1098665091.0,dd,29.5,-3.9,1106.48999,8.4,-12.3,0.93,46.07,1.47,4.15,3.24,1.34,2.50,9.65,28.89,41930000000.0,46200000000.0,15.45,1.89,1.60,53.54,1.60,8250000000.0,53.54,923000000.0,0.912,N/A,13.10,5710000000.0,5.72,9740000000.0,1.785,10.258,3300000000.0,0.891,1.44,60.56,10600000.0,3.901,1.08,8670000.0,underperform
6333,2004-06-27 16:09:49,1088366989.0,dd,30.24,4.43,1140.650024,4.39,0.040000000000000036,1.154,40.22,1.53,4.41,4.05,0.45,3.11,11.74,28.711,43770000000.0,52010000000.0,16.15,1.96,1.81,29.99,1.81,8250000000.0,29.99,1100000000.0,1.088,N/A,13.10,3770000000.0,3.77,11770000000.0,1.426,9.968,2880000000.0,0.876,1.62,59.84,10090000.0,3.099,1.02,9880000.0,outperform
6334,2005-01-25 01:31:14,1106634674.0,dd,32.56,-13.08,1168.410034,8.24,-21.32,1.047,21.71,1.62,4.63,7.51,4.52,5.78,21.98,28.527,45700000000.0,51460000000.0,16.79,2.00,1.80,23.69,1.80,8250000000.0,23.69,2130000000.0,2.119,N/A,13.10,5900000000.0,5.95,10740000000.0,1.636,10.084,3480000000.0,0.894,1.44,60.63,10190000.0,2.94,1.04,8460000.0,underperform
6335,2005-01-30 20:41:52,1107135712.0,pbct,8.24,25.12,1174.550049,9.42,15.700000000000001,N/A,N/A,7.98,2.91,1.35,71.78,0.05,0.52,4.654,3470000000.0,3520000000.0,25.13,3.64,8.06,N/A,8.06,663800000.0,N/A,5900000.0,0.066,15.20,11.50,309000000.0,3.29,362600000.0,N/A,12.638,329900000.0,0.392,64.00,23.06,1040000.0,3.497,3.08,1480000.0,outperform
6336,2004-01-27 19:36:30,1075250190.0,pbct,5.68,46.83,1144.050049,2.62,44.21,N/A,37.93,4.70,2.42,12.40,52.84,0.54,6.58,8.311,2420000000.0,2890000000.0,32.27,3.43,5.62,N/A,5.62,716500000.0,N/A,63800000.0,1.031,26.90,18.80,343000000.0,5.54,804800000.0,N/A,16.17,N/A,0.347,64.01,18.05,N/A,13.258,3.69,N/A,outperform
6337,2004-02-15 17:45:51,1076885151.0,pbct,6.57,27.7,1152.109985,4.69,23.009999999999998,N/A,43.13,5.38,2.76,12.40,52.84,0.54,6.58,8.311,2760000000.0,3220000000.0,0.00,3.70,6.25,N/A,6.25,716500000.0,N/A,63800000.0,1.031,26.90,18.80,343000000.0,5.54,804800000.0,N/A,16.17,166500000.0,0.377,64.01,18.76,N/A,6.078,3.52,N/A,outperform
6338,2013-06-02 07:19:58,1370171998.0,pbct,12.99,9.39,1654.410034,16.35,-6.960000000000001,N/A,19.37,3.75,0.91,20.23,32.62,0.82,4.78,3.57,7470000000.0,7470000000.0,15.65,2.41,6.28,N/A,6.28,N/A,N/A,239300000.0,0.71,8.40,1.50,527700000.00000006,1.65,3580000000.0,N/A,15.24,422800000.0,0.82,0.81,66.00,23570000.0,6.10,7.00,20270000.0,underperform
6339,2011-10-19 07:20:29,1319023229.0,pbct,10.39,4.23,1209.880005,20.45,-16.22,N/A,26.86,4.01,0.82,14.97,25.47,0.67,3.00,3.04,4330000000.0,4330000000.0,14.64,0.91,4.08,N/A,4.08,N/A,N/A,157400000.0,0.46,220.00,25.70,1260000000.0,3.65,1510000000.0,N/A,15.01,4330000000.0,0.29,0.78,70.10,12340000.0,1.90,3.50,12120000.0,underperform
6340,2008-04-26 10:06:19,1209218779.0,pbct,12.53,-1.12,1379.930054,-38.26,37.14,N/A,40.57,7.91,1.16,17.25,38.80,0.81,3.99,2.569,6180000000.0,3210000000.0,N/A,2.53,4.19,N/A,4.19,678800000.0,N/A,131199999.99999999,0.44,55.10,74.00,3300000000.0,9.554,327800000.0,N/A,15.096,N/A,0.33,0.54,70.50,9900000.0,1.9,2.90,9380000.0,outperform
6341,2010-04-20 13:06:20,1271783180.0,pbct,12.97,-17.42,1207.170044,10.2,-27.62,N/A,60.38,6.88,1.06,10.75,18.20,0.43,1.70,2.514,3250000000.0,3250000000.0,N/A,5.49,3.86,N/A,3.86,N/A,N/A,88800000.0,0.27,49.10,6.60,2900000000.0,8.002,356800000.0,N/A,15.122,N/A,0.07,0.89,69.60,14750000.0,3.3,N/A,8279999.999999999,underperform
6342,2005-03-18 00:23:37,1111123417.0,pbct,9.08,22.69,1189.650024,9.53,13.160000000000002,N/A,N/A,8.67,3.16,1.35,71.78,0.05,0.52,4.654,3790000000.0,3850000000.0,27.46,4.08,8.80,N/A,8.80,663800000.0,N/A,5900000.0,0.07,15.20,11.50,309000000.0,3.29,362600000.0,N/A,12.777,329900000.0,0.388,64.00,22.79,N/A,4.162,2.82,1040000.0,outperform
6343,2012-03-16 07:15:02,1331896502.0,pbct,11.65,5.41,1404.170044,10.71,-5.300000000000001,N/A,23.30,3.97,0.89,17.03,29.73,0.76,3.81,3.35,4840000000.0,4840000000.0,14.13,0.80,4.15,N/A,4.15,N/A,N/A,197500000.0,0.57,34.40,18.70,865300000.0,2.48,1080000000.0,N/A,14.99,184600000.0,0.58,0.87,66.00,14440000.0,3.60,4.10,14080000.0,underperform
6344,2011-01-15 00:15:23,1295068523.0,pbct,11.66,0.34,1285.959961,0.74,-0.39999999999999997,N/A,65.84,5.90,0.94,8.84,17.86,0.37,1.50,2.56,4070000000.0000005,4070000000.0000005,26.22,5.15,4.58,N/A,4.58,N/A,N/A,76800000.0,0.22,10.10,12.70,1650000000.0,4.48,468000000.0,N/A,15.04,4070000000.0000005,0.19,0.91,73.10,18180000.0,3.80,4.90,15950000.0,underperform
6345,2007-01-24 16:19:27,1169673567.0,pbct,15.36,-22.07,1440.130005,-6.11,-15.96,N/A,51.44,12.05,4.74,23.56,45.02,1.13,9.26,3.698,6370000000.0,5820000000.0,N/A,3.56,11.05,N/A,11.05,505900000.0,N/A,121700000.0,0.87,11.60,6.50,598300000.0,4.207,69400000.0,N/A,9.421,N/A,0.49,0.63,26.40,5170000.0,16.5,N/A,4890000.0,underperform
6346,2009-12-28 03:36:56,1261989416.0,cpb,29.48,4.07,1127.780029,11.59,-7.52,N/A,15.64,1.56,12.37,10.35,17.81,13.30,76.72,21.633,14730000000.0,14730000000.0,N/A,1.61,1.95,9.201,1.95,3030000000.0,9.201,777000000.0,2.21,16.90,2.10,76000000.0,0.222,2970000000.0,0.933,2.776,1150000000.0,0.36,45.69,38.10,5280000.0,2.4,2.50,5710000.0,underperform
6347,2003-10-26 16:15:47,1067202947.0,cpb,19.37,0.93,1033.77002,5.9,-4.970000000000001,9.116,17.16,1.61,27.78,9.37,16.55,10.24,361.02,16.248,10720000000.0,14220000000.0,15.33,2.27,2.13,10.55,2.13,2870000000.0,10.55,626000000.0,1.523,13.30,8.90,32000000.0,0.08,3530000000.0,0.464,0.94,N/A,0.441,43.29,38.76,10630000.0,7.758,4.57,9290000.0,underperform
6348,2007-01-13 12:16:39,1168708599.0,cpb,30.1,-7.57,1414.849976,0.39,-7.96,2.258,20.60,1.97,11.48,10.07,16.24,10.72,53.07,18.572,14690000000.0,17330000000.0,N/A,2.80,2.31,11.543,2.31,3080000000.0,11.543,738000000.0,1.834,3.60,7.50,230000000.0,0.591,2860000000.0,0.793,3.302,1020000000.0,0.32,57.99,42.70,17230000.0,7.30,7.30,17440000.0,underperform
6349,2012-04-01 04:58:21,1333270701.0,cpb,30.5,43.74,1403.280029,11.32,32.42,248.29,14.55,1.36,8.80,9.84,15.82,11.49,71.61,24.08,13350000000.0,13350000000.0,13.49,4.12,1.74,9.04,1.74,3100000000.0,9.04,751000000.0,2.33,14.20,0.70,332000000.0,1.05,2970000000.0,0.89,3.77,1140000000.0,0.17,43.84,40.10,19510000.0,9.20,10.70,19450000.0,outperform
6350,2006-10-23 12:51:07,1161622267.0,cpb,29.06,-1.34,1377.02002,10.35,-11.69,1.817,19.85,2.02,8.35,10.43,15.74,9.87,49.70,18.042,14810000000.0,17190000000.0,N/A,2.71,2.34,11.898,2.34,3080000000.0,11.898,755000000.0,1.85,N/A,N/A,657000000.0,1.629,3210000000.0,0.713,4.398,1230000000.0,0.23,46.36,42.20,4950000.0,2.00,2.00,3650000.0,underperform
6351,2008-01-02 00:47:31,1199252851.0,cpb,28.31,,1447.160034,-39.92,,1.87,16.81,1.96,9.71,10.40,15.29,10.87,59.43,20.974,14780000000.0,16440000000.000002,N/A,2.41,2.05,10.875,2.05,3300000000.0,10.875,824000000.0,2.13,7.20,6.70,77000000.0,0.201,2810000000.0,0.773,3.699,836000000.0,0.04,43.16,40.80,3750000.0,2.3,1.60,3650000.0,underperform
6352,2005-04-19 16:05:27,1113941127.0,cpb,22.11,14.07,1152.780029,13.63,0.4399999999999995,2.336,17.89,1.62,8.91,8.98,15.40,9.73,65.63,17.962,11900000000.0,15100000000.0,16.03,2.78,2.04,10.7,2.04,2920000000.0,10.7,666000000.0,1.61,8.70,6.50,51000000.0,0.12,3130000000.0,0.754,3.274,912000000.0,0.337,42.91,39.93,7980000.0,5.406,3.39,7850000.0,outperform
6353,2005-09-03 23:10:39,1125803439.0,cpb,22.51,30.7,1220.329956,6.84,23.86,2.184,18.53,1.65,8.95,8.95,15.72,11.09,59.72,18.363,12340000000.0,15290000000.0,N/A,2.44,2.04,10.562,2.04,2920000000.0,10.562,670000000.0,1.62,2.80,4.10,32000000.0,0.078,2990000000.0,0.747,3.353,940000000.0,0.339,57.93,40.10,8870000.0,10.2,3.60,8700000.0,outperform
6354,2013-05-18 16:55:09,1368910509.0,cpb,46.13,-3.75,1658.780029,12.78,-16.53,390.39,20.39,1.86,12.91,9.12,16.32,10.83,62.08,25.77,18640000000.0,18640000000.0,17.51,3.18,2.30,11.12,2.30,2990000000.0,11.12,737000000.0,2.34,7.30,10.50,416000000.0,1.32,4510000000.0,0.78,3.71,1140000000.0,0.21,43.64,44.50,13160000.0,7.10,7.60,13670000.0,underperform
6355,2007-02-22 20:39:08,1172194748.0,cpb,33.47,-21.0,1456.380005,-7.09,-13.91,2.258,23.04,2.18,12.75,10.07,16.24,10.72,53.07,18.572,16430000000.0,19000000000.0,N/A,3.00,2.54,12.66,2.54,3080000000.0,12.66,738000000.0,1.83,3.60,7.50,230000000.0,0.591,2860000000.0,0.793,3.302,1020000000.0,0.33,44.18,44.20,17230000.0,10.5,7.40,17230000.0,underperform
6356,2011-05-30 01:21:35,1306732895.0,cpb,,,1331.099976,0.1,,289.92,14.26,1.45,10.36,10.72,17.12,12.87,75.40,23.10,13780000000.0,13780000000.0,14.02,2.66,1.81,8.81,1.81,3150000000.0,8.81,804000000.0,2.43,11.30,0.60,449000000.0,1.40,3100000000.0,1.00,3.34,13780000000.0,0.24,44.39,41.10,18630000.0,8.50,10.10,17870000.0,underperform
6357,2003-12-14 16:31:50,1071437510.0,cpb,19.03,18.97,1071.209961,11.9,7.0699999999999985,9.116,16.37,1.54,27.29,9.37,16.55,10.38,263.00,16.717,10520000000.0,14010000000.0,15.24,2.24,2.04,10.4,2.04,2870000000.0,10.4,645000000.0,1.566,13.30,8.90,32000000.0,0.08,3530000000.0,0.464,0.94,N/A,0.385,43.29,37.05,11370000.0,15.923,4.89,10630000.0,outperform
6358,2008-12-25 23:19:24,1230265164.0,cpb,,,871.6300050000001,28.27,,2.573,9.39,1.24,9.28,14.33,15.71,11.95,51.48,21.94,10380000000.0,13070000000.0,N/A,1.67,1.62,8.512,1.62,3170000000.0,8.512,663000000.0,3.08,3.70,3.00,63000000.0,0.175,2760000000.0,0.786,N/A,677000000.0,0.24,45.15,39.80,8100000.0,2.1,3.90,7860000.0,underperform
6359,2011-02-25 13:49:36,1298659776.0,cpb,29.82,2.08,1319.880005,2.86,-0.7799999999999998,349.89,14.38,1.45,12.39,10.49,17.09,12.78,83.32,22.74,13850000000.0,13850000000.0,13.14,2.34,1.82,8.87,1.82,3150000000.0,8.87,785000000.0,2.33,7.70,1.20,325000000.0,0.99,3120000000.0,0.79,2.70,13850000000.0,0.24,46.48,36.30,18070000.0,9.80,9.80,18310000.0,underperform
6360,2007-05-26 19:57:44,1180223864.0,cpb,31.01,-12.25,1522.280029,-8.4,-3.8499999999999996,1.618,18.84,1.97,9.25,10.83,16.37,11.29,50.28,19.75,15300000000.0,17640000000.0,N/A,2.67,2.28,11.411,2.28,3080000000.0,11.411,854000000.0,2.08,30.70,1.70,274000000.0,0.703,2620000000.0,0.863,4.222,N/A,0.11,44.06,N/A,12250000.0,8.4,5.20,14870000.0,underperform
6361,2007-04-10 06:19:46,1176200386.0,cpb,30.53,-9.76,1448.390015,-6.48,-3.2799999999999994,1.963,19.96,1.98,10.12,10.36,16.58,11.05,50.91,19.111,15030000000.0,17410000000.0,N/A,2.97,2.29,11.289,2.29,3080000000.0,11.289,783000000.0,1.93,12.20,4.30,483000000.0,1.238,2860000000.0,0.86,3.799,905000000.0,0.13,44.06,N/A,14870000.0,7.8,6.30,17370000.0,underperform
6362,2006-01-03 11:13:12,1136304792.0,cpb,23.25,32.04,1268.800049,11.65,20.39,1.967,15.80,1.63,8.05,10.30,16.16,10.62,59.24,18.501,12310000000.0,15240000000.0,N/A,2.34,2.01,10.142,2.01,3060000000.0,10.142,779000000.0,1.88,31.30,0.90,45000000.0,0.109,2980000000.0,0.783,3.699,1040000000.0,N/A,46.16,40.10,7730000.0,8.2,3.00,7670000.0,outperform
6363,2011-10-12 06:53:43,1318416823.0,cpb,30.31,8.51,1207.25,18.69,-10.180000000000001,281.39,13.83,1.38,9.78,10.43,17.55,12.89,79.21,23.68,13320000000.0,13320000000.0,13.23,3.53,1.73,8.22,1.73,3100000000.0,8.22,796000000.0,2.42,11.50,5.90,484000000.0,1.51,3080000000.0,0.99,3.40,13320000000.0,0.32,44.39,41.10,11370000.0,4.80,6.20,12080000.0,underperform
6364,2006-08-31 01:43:09,1157002989.0,cpb,29.42,2.62,1303.819946,13.05,-10.43,1.656,18.86,2.00,8.56,10.59,16.30,11.61,51.97,18.922,15390000000.0,17880000000.0,N/A,2.86,2.31,11.243,2.31,3060000000.0,11.243,818000000.0,1.98,13.70,5.80,530000000.0,1.287,2950000000.0,0.732,4.384,1200000000.0,0.16,46.36,42.20,3650000.0,2.2,1.40,4320000.0,underperform
6365,2008-12-15 05:29:24,1229336964.0,nile,24.26,138.5,868.570007,27.56,110.94,0.059,25.46,1.12,23.77,4.87,6.46,15.48,41.92,20.983,360870000.0,335170000.0,N/A,1.50,1.04,14.666,1.04,65200000.0,14.666,15650000.0,0.98,21.40,2.90,26590000.0,1.831,0.059,1.082,1.046,23000000.0,1.7,10.38,129.70,5230000.0,15.5,37.60,6060000.0,outperform
6366,2007-03-19 18:47:07,1174344427.0,nile,39.31,14.12,1402.060059,-5.09,19.21,N/A,52.09,2.45,13.15,5.19,6.58,9.93,20.35,15.19,630990000.0,518460000.00000006,N/A,2.24,2.06,23.043,2.06,45140000.0,23.043,13060000.0,0.76,8.80,23.90,98310000.0,6.135,N/A,1.562,2.927,40520000.0,2.32,13.67,132.40,4099999.9999999995,26.5,29.00,4139999.9999999995,outperform
6367,2011-11-20 20:58:40,1321840720.0,nile,32.01,13.56,1216.130005,14.04,-0.47999999999999865,3.09,36.41,1.24,17.66,3.80,5.66,14.60,43.48,24.35,400900000.0,400900000.0,30.07,2.25,1.14,18.52,1.14,71940000.0,18.52,13310000.0,0.89,32.60,11.20,40160000.0,2.96,3.09,1.16,1.81,400900000.0,1.65,1.17,135.10,4480000.0,18.60,N/A,4650000.0,underperform
6368,2005-03-06 08:26:04,1110115564.0,nile,29.06,16.66,1210.469971,5.6,11.06,2.782,52.50,3.04,6.15,5.90,8.78,10.86,14.72,9.434,513600000.0,412230000.0,31.90,1.38,2.44,25.19,2.44,29420000.0,25.19,9990000.0,0.55,1558.60,78.70,101370000.0,5.73,2.782,2.782,4.723,N/A,N/A,79.09,65.75,2470000.0,4.456,66.84,1970000.0,outperform
6369,2008-12-20 20:33:25,1229823205.0,nile,26.15,125.66,904.419983,21.19,104.47,0.059,27.66,1.18,25.07,4.87,6.46,15.48,41.92,20.983,391230000.0,365540000.0,N/A,1.58,1.14,15.995,1.14,65200000.0,15.995,15650000.0,0.98,21.40,2.90,26590000.0,1.835,0.059,1.082,1.046,23000000.0,1.7,10.38,129.70,5230000.0,15.5,37.60,6060000.0,outperform
6370,2007-03-12 03:51:22,1173685882.0,nile,39.96,3.88,1406.599976,-6.11,9.99,N/A,52.46,2.53,13.58,5.19,6.58,9.93,20.35,15.19,635470000.0,537200000.0,N/A,2.31,2.13,23.877,2.13,45140000.0,23.877,13060000.0,0.76,8.80,23.90,98310000.0,6.135,N/A,1.562,2.927,40520000.0,2.32,13.67,132.60,4099999.9999999995,26.5,29.10,4139999.9999999995,outperform
6371,2007-10-11 05:53:06,1192096386.0,nile,97.58,-57.0,1554.410034,-42.15,-14.850000000000001,N/A,114.64,5.62,32.50,5.11,6.69,13.75,31.12,17.832,1590000000.0,1520000000.0,N/A,4.32,5.36,73.473,5.36,50850000.0,73.473,14520000.0,0.87,20.70,26.70,69170000.0,4.353,N/A,1.893,3.092,35840000.0,1.24,28.83,125.00,3210000.0,7.6,20.90,2800000.0,underperform
6372,2004-09-19 14:44:34,1095619474.0,nile,30.6,9.97,1123.5,9.57,0.40000000000000036,4.857,18.13,3.65,7.04,18.14,8.77,37.54,49.18,8.754,515559999.99999994,446980000.0,42.32,1.73,3.02,31.26,3.02,N/A,31.26,26820000.0,1.611,N/A,N/A,68570000.0,3.88,4.857,4.857,4.347,N/A,N/A,79.04,23.43,1040000.0,4.546,28.14,N/A,outperform
6373,2005-01-31 22:29:48,1107228588.0,nile,28.0,33.39,1181.27002,8.36,25.03,5.138,18.03,3.21,6.29,17.04,8.53,32.92,42.01,8.849,495380000.0,423960000.0,40.58,1.76,2.75,29.01,2.75,29420000.0,29.01,26290000.0,1.553,1558.60,78.70,71590000.0,4.05,5.138,5.138,4.451,N/A,N/A,79.09,35.91,1970000.0,8.17,53.22,1650000.0,outperform
6374,2005-02-09 23:55:33,1108011333.0,nile,28.07,19.06,1191.98999,6.02,13.04,5.138,51.04,2.86,5.61,5.90,8.53,12.50,15.96,9.408,496610000.0,369820000.0,40.68,1.57,2.19,25.31,2.19,29420000.0,25.31,9990000.0,0.55,1558.60,78.70,71590000.0,4.05,5.138,5.138,4.451,N/A,N/A,79.09,35.11,1970000.0,8.17,53.22,1650000.0,outperform
6375,2007-05-28 11:36:03,1180366563.0,nile,,,1515.72998,-8.6,,N/A,65.87,3.05,20.68,5.16,6.54,14.17,23.17,16.6,852340000.0,793250000.0,N/A,3.00,2.95,32.964,2.95,50850000.0,32.964,13870000.0,0.82,34.30,34.00,59110000.0,3.759,N/A,1.786,2.522,33720000.0,2.47,13.67,129.30,4030000.0000000005,37.6,28.10,3560000.0,underperform
6376,2013-05-23 12:07:07,1369325227.0,nile,34.5,-9.48,1650.51001,15.15,-24.630000000000003,4.49,49.11,1.03,28.88,2.19,3.19,7.80,32.90,32.19,362940000.0,362940000.0,32.92,2.21,0.88,25.07,0.88,75060000.0,25.07,9070000.0,0.70,440.30,16.90,40520000.0,3.27,4.49,0.97,1.20,21310000.0,1.17,6.37,106.00,2220000.0,15.40,26.00,2380000.0,underperform
6377,2004-07-29 13:37:21,1091122641.0,ben,15.09,68.65,1100.430054,12.15,56.50000000000001,N/A,18.16,3.68,N/A,20.40,27.21,9.12,14.75,12.987,12020000000.0,12080000000.0,14.35,1.31,3.70,13.33,3.70,1210000000.0,13.33,666280000.0,2.648,16.20,4.20,N/A,N/A,N/A,N/A,N/A,516960000.00000006,1.195,35.52,46.82,3220000.0,3.907,2.00,3600000.0,outperform
6378,2004-04-27 13:37:20,1083087440.0,ben,17.47,19.81,1138.109985,1.61,18.2,0.283,22.35,4.47,2.99,20.21,25.89,8.92,14.15,12.259,13800000000.0,12260000000.0,16.38,1.44,3.97,16.37,3.97,1210000000.0,16.37,623780000.0,2.477,16.20,4.20,2850000000.0,11.42,1300000000.0,5.096,18.486,570720000.0,1.237,35.53,46.71,2720000.0,3.863,1.69,3210000.0,outperform
6379,2006-08-22 09:53:13,1156254793.0,ben,30.66,36.79,1298.819946,12.72,24.07,0.156,20.89,4.99,3.90,24.82,33.42,11.94,21.03,19.291,24530000000.0,21230000000.0,N/A,1.45,4.32,11.186,4.32,2900000000.0,11.186,1220000000.0,4.65,41.80,18.70,4280000000.0000005,16.953,985120000.0,4.695,24.927999,1330000000.0,1.13,37.71,45.90,1290000.0,0.9,0.80,1470000.0,outperform
6380,2005-03-26 16:30:52,1111872652.0,ben,21.5,43.77,1172.530029,11.01,32.760000000000005,0.26,22.71,4.78,3.23,21.42,27.89,9.67,15.64,14.161,17260000000.0,14980000000.0,16.11,1.46,4.14,14.61,4.14,2400000000.0,14.61,774360000.0,3.04,40.50,31.00,3670000000.0,14.65,1390000000.0,5.145,21.337,1080000000.0,1.231,35.38,48.23,4820000.0,4.849,2.98,3590000.0,outperform
6381,2003-11-03 14:17:27,1067887047.0,ben,15.02,24.03,1059.02002,6.76,17.270000000000003,0.249,23.96,4.53,2.73,19.16,23.47,7.58,11.59,10.308,11900000000.0,10370000000.0,16.47,1.53,3.95,17.11,3.95,1160000000.0,17.11,502830000.0,1.979,10.70,7.00,2610000000.0,10.4,1080000000.0,6.732,17.4,N/A,1.159,34.74,42.37,2330000.0,2.747,1.42,2240000.0,outperform
6382,2013-04-25 00:19:14,1366863554.0,ben,50.79,3.47,1585.160034,17.55,-14.08,25.65,16.63,4.42,3.61,26.94,35.17,11.56,20.76,34.33,27020000000.0,27020000000.0,13.34,1.00,3.70,9.72,3.70,7060000000.0,9.72,1950000000.0,9.17,7.30,11.70,6640000000.0,31.27,2460000000.0,8.90,42.10,1180000000.0,1.58,35.67,49.70,2210000.0,3.70,1.60,2060000.0,underperform
6383,2013-04-25 14:42:50,1366915370.0,ben,50.79,3.47,1585.160034,17.55,-14.08,25.65,16.76,4.44,3.62,26.94,35.17,11.56,20.76,34.33,28220000000.0,28220000000.0,13.45,0.98,3.87,10.15,3.87,7060000000.0,10.15,1950000000.0,9.17,7.30,11.70,6640000000.0,31.27,2460000000.0,8.90,42.10,1180000000.0,1.58,35.67,49.70,2210000.0,3.70,1.60,2060000.0,underperform
6384,2004-10-23 05:48:02,1098524882.0,ben,17.72,46.28,1103.660034,6.72,39.56,0.274,21.63,4.43,2.95,20.40,27.21,8.93,14.50,12.987,14280000000.0,12600000000.0,16.84,1.52,3.86,13.9,3.86,1210000000.0,13.9,666280000.0,2.648,16.20,4.20,3200000000.0,12.84,1340000000.0,4.32,19.671,516960000.00000006,1.166,35.52,46.82,2880000.0,3.827,1.79,3130000.0,outperform
6385,2007-10-29 20:04:28,1193702668.0,ben,40.94,-51.42,1540.97998,-38.97,-12.450000000000003,0.108,19.15,5.53,4.63,29.24,33.25,13.25,25.79,23.399,31850000000.0,28720000000.0,N/A,1.25,4.89,13.205,4.89,5050000000.0,13.205,1720000000.0,6.76,26.10,24.50,4500000000.0,18.295,759580000.0,4.268,28.521,1710000000.0,1.19,38.01,48.00,6510000.0,4.10,4.10,6670000.0,underperform
6386,2004-09-24 17:33:53,1096061633.0,ben,17.03,47.03,1110.109985,9.02,38.010000000000005,0.274,20.71,4.17,2.77,20.40,27.21,8.93,14.50,12.987,13680000000.0,11740000000.0,16.42,1.47,3.60,12.96,3.60,1210000000.0,12.96,666280000.0,2.648,16.20,4.20,3200000000.0,12.84,1340000000.0,4.32,19.671,516960000.00000006,1.19,35.52,46.84,3130000.0,3.835,1.95,3220000.0,outperform
6387,2012-08-22 08:22:30,1345638150.0,ben,38.64,22.28,1413.48999,17.22,5.060000000000002,20.85,13.82,3.52,2.86,26.03,36.22,12.04,19.50,33.04,19930000000.0,19930000000.0,12.41,1.49,2.80,7.10,2.80,7100000000.0,7.10,1850000000.0,8.53,9.60,3.70,7080000000.0,33.28,1950000000.0,6.07,41.15,1500000000.0,1.52,35.38,50.50,3920000.0,4.40,2.80,3780000.0,outperform
6388,2007-04-09 15:23:09,1176146589.0,ben,39.71,-17.1,1444.609985,-5.47,-11.630000000000003,0.126,23.55,6.02,4.48,25.98,34.08,12.93,20.53,20.77,31730000000.0,27800000000.0,N/A,1.24,5.25,13.03,5.25,5050000000.0,13.03,1380000000.0,5.31,34.20,20.90,5010000000.0,19.747,899690000.0,5.891,28.070999,1280000000.0,1.2,37.24,46.10,2020000.0,1.9,1.20,1470000.0,underperform
6389,2011-11-02 08:31:15,1320237075.0,wdc,26.1,30.5,1237.900024,15.32,15.18,4.60,8.12,0.63,1.08,7.82,8.80,6.70,14.44,42.39,2820000000.0,2820000000.0,6.45,2.64,0.29,1.91,0.29,1790000000.0,1.91,768000000.0,3.26,21.30,12.40,3680000000.0,15.72,263000000.0,2.52,24.46,2820000000.0,1.43,0.30,87.00,6570000.0,1.50,2.80,7980000.0,outperform
6390,2012-08-18 00:09:25,1345262965.0,wdc,42.21,52.85,1405.530029,18.2,34.650000000000006,28.49,6.91,0.92,1.50,12.92,16.55,11.56,24.50,51.78,10510000000.0,10510000000.0,5.47,0.27,0.84,3.64,0.84,1790000000.0,3.64,1610000000.0,6.58,371.50,97.80,3210000000.0,12.63,2180000000.0,1.77,30.19,3070000000.0,1.45,9.86,79.50,5950000.0,1.10,2.60,10770000.0,outperform
6391,2004-08-31 09:59:59,1093960799.0,wdc,7.13,85.69,1104.23999,10.51,75.17999999999999,0.139,10.73,0.51,3.17,4.97,5.08,14.41,36.96,14.06,1560000000.0,1250000000.0,9.83,1.17,0.41,8.05,0.41,442900000.0,8.05,151300000.0,0.696,178.30,26.40,377800000.0,1.81,67900000.0,1.461,2.361,160920000.0,2.575,0.77,58.16,4179999.9999999995,2.829,2.02,5460000.0,outperform
6392,2007-05-22 16:36:40,1179866200.0,wdc,17.22,92.16,1524.119995,-8.75,100.91,0.018,8.54,0.76,2.59,9.09,8.29,11.97,36.79,23.709,3960000000.0,3070000000.0,N/A,0.83,0.59,4.858,0.59,828800000.0,4.858,471600000.0,2.09,18.60,24.90,875000000.0,3.943,27000000.0,1.817,6.824,598500000.0,2.47,1.32,79.60,7270000.0,2.1,3.30,6400000.0,outperform
6393,2008-02-06 05:18:48,1202293128.0,wdc,26.85,-39.55,1326.449951,-36.23,-3.3200000000000003,0.364,8.95,0.93,2.94,10.48,10.52,12.43,39.81,30.808,6180000000.0,6070000000.0,N/A,0.56,0.90,5.98,0.90,900000000.0,5.98,707000000.0,3.14,138.30,54.30,967000000.0,4.395,775000000.0,1.128,9.668,1060000000.0,1.31,15.69,64.20,3790000.0,1.2,1.70,5650000.0,underperform
6394,2013-04-23 03:38:30,1366702710.0,wdc,51.81,72.46,1578.780029,18.79,53.669999999999995,25.80,6.09,0.77,1.46,13.31,16.89,15.20,29.39,63.61,10330000000.0,10330000000.0,6.44,0.88,0.66,2.72,0.66,3640000000.0,2.72,2080000000.0,8.30,131.00,91.70,3820000000.0,15.86,2130000000.0,2.16,34.22,4040000000.0,1.41,10.79,86.60,6130000.0,2.30,2.80,7020000.0,outperform
6395,2006-09-12 20:13:27,1158106407.0,wdc,16.25,37.97,1313.0,12.08,25.89,0.038,9.59,0.84,3.11,9.12,8.45,12.53,42.53,20.192,3750000000.0,2980000000.0,N/A,0.79,0.69,5.649,0.69,589800000.0,5.649,395900000.0,1.77,191.00,15.40,698800000.0,3.166,44100000.0,1.742,5.281,401500000.0,2.19,1.34,94.70,10170000.0,2.8,4.70,11900000.0,outperform
6396,2012-01-01 23:13:40,1325477620.0,wdc,29.72,38.43,1263.02002,12.92,25.509999999999998,4.60,9.49,0.74,1.27,7.82,8.80,6.70,14.44,42.39,3820000000.0,3820000000.0,5.75,0.86,0.39,2.59,0.39,1790000000.0,2.59,768000000.0,3.26,21.30,12.40,3680000000.0,15.72,263000000.0,2.52,24.46,1620000000.0,1.15,0.30,87.00,5800000.0,1.10,2.50,3820000.0,outperform
6397,2013-04-26 15:17:53,1367003873.0,wdc,51.86,72.29,1582.23999,18.53,53.760000000000005,25.80,6.47,0.81,1.54,13.31,16.89,15.20,29.39,63.61,10330000000.0,10330000000.0,6.85,0.88,0.66,2.72,0.66,3640000000.0,2.72,2080000000.0,8.30,131.00,91.70,3820000000.0,15.86,2130000000.0,2.16,34.22,4040000000.0,1.41,10.79,86.60,6130000.0,2.30,2.80,7020000.0,outperform
6398,2005-04-14 06:26:43,1113474403.0,wdc,12.11,58.05,1162.050049,10.72,47.33,0.11,17.40,0.86,4.95,5.00,5.08,13.56,33.43,15.252,2770000000.0,2400000000.0,11.84,1.08,0.73,8.5,0.73,461600000.0,8.5,163900000.0,0.76,16.90,12.10,492500000.0,2.36,62600000.0,1.403,2.743,370800000.0,2.47,1.05,66.64,5790000.0,2.637,2.80,4530000.0,outperform
6399,2007-02-25 08:15:30,1172409330.0,wdc,18.44,71.96,1456.380005,-5.81,77.77,0.034,10.06,0.87,3.02,9.23,8.46,12.01,39.03,22.501,4470000000.0,3460000000.0,N/A,0.86,0.71,5.822,0.71,828800000.0,5.822,452600000.0,2.00,22.70,27.80,830000000.0,3.744,49000000.0,1.767,6.387,535500000.0,3.14,11.21,90.80,3160000.0,1.2,1.40,3260000.0,outperform
6400,2007-06-22 20:31:56,1182558716.0,wdc,18.45,103.74,1502.560059,-10.96,114.69999999999999,0.018,9.25,0.82,2.82,9.09,8.29,11.97,36.79,23.709,4280000000.0000005,3420000000.0,N/A,0.92,0.66,5.416,0.66,828800000.0,5.416,471600000.0,2.09,18.60,24.90,875000000.0,3.943,27000000.0,1.817,6.824,598500000.0,2.41,1.32,81.10,5770000.0,1.6,2.60,7270000.0,outperform
6401,2007-06-21 21:04:46,1182474286.0,wdc,18.39,95.0,1522.189941,-13.42,108.42,0.018,9.21,0.81,2.78,9.09,8.29,11.97,36.79,23.709,4269999999.9999995,3350000000.0,N/A,0.92,0.65,5.311,0.65,828800000.0,5.311,471600000.0,2.09,18.60,24.90,875000000.0,3.943,27000000.0,1.817,6.824,598500000.0,2.41,1.32,81.10,5770000.0,1.6,2.60,7270000.0,outperform
6402,2012-03-29 16:40:44,1333053644.0,wdc,40.15,,1403.280029,11.44,,3.90,14.25,1.06,1.67,7.36,10.58,7.90,12.42,40.10,6210000000.0,6210000000.0,4.84,0.38,0.67,3.91,0.67,1790000000.0,3.91,688000000.0,2.91,35.60,19.40,3920000000.0,16.70,231000000.0,3.48,25.20,1490000000.0,1.70,1.44,84.50,3900000.0,1.00,1.70,2540000.0,underperform
6403,2007-04-23 07:39:58,1177328398.0,wdc,16.75,70.21,1480.930054,-7.09,77.3,0.034,8.68,0.79,2.72,9.23,8.32,11.81,39.03,22.501,3860000000.0,3080000000.0,N/A,0.79,0.63,5.232,0.63,828800000.0,5.232,452600000.0,2.00,23.10,27.80,830000000.0,3.739,49000000.0,1.767,6.387,535500000.0,3.05,1.32,82.10,6400000.0,2.1,2.90,4830000.0,outperform
6404,2011-09-02 16:01:15,1314993675.0,wdc,26.22,58.54,1173.969971,20.15,38.39,5.36,8.94,0.70,1.22,7.62,8.38,6.46,14.24,41.24,3500000000.0,3500000000.0,6.32,1.80,0.37,2.50,0.37,1790000000.0,2.50,726000000.0,3.09,40.20,0.90,3490000000.0,14.97,294000000.0,2.53,23.55,3500000000.0,1.47,0.30,87.00,5610000.0,1.10,2.70,4790000.0,outperform
6405,2012-10-17 12:33:02,1350491582.0,wdc,34.86,98.31,1460.910034,18.63,79.68,28.49,5.52,0.72,1.17,12.92,17.04,11.90,24.50,51.78,7960000000.0,7960000000.0,4.27,0.77,0.64,2.70,0.64,3640000000.0,2.70,1610000000.0,6.58,371.50,97.80,3210000000.0,12.97,2180000000.0,1.77,31.17,3070000000.0,1.40,10.58,78.50,6650000.0,1.50,3.00,6290000.0,outperform
6406,2013-03-27 07:30:42,1364383842.0,wdc,48.8,81.6,1562.849976,18.31,63.28999999999999,25.80,5.87,0.75,1.42,13.31,16.89,15.20,29.39,63.61,9850000000.0,9850000000.0,6.20,0.88,0.63,2.60,0.63,3640000000.0,2.60,2080000000.0,8.30,131.00,91.70,3820000000.0,15.86,2130000000.0,2.16,34.22,4040000000.0,1.35,10.79,86.60,6410000.0,2.10,2.90,6720000.0,outperform
6407,2012-06-16 02:30:21,1339828221.0,wdc,29.0,115.66,1314.880005,24.45,91.21,36.99,7.16,0.78,1.06,10.12,13.82,7.83,16.10,43.14,7220000000.0,7220000000.0,3.34,0.22,0.71,3.55,0.71,1790000000.0,3.55,1020000000.0,4.29,230.80,34.80,3380000000.0,12.99,2740000000.0,1.64,28.41,2380000000.0,1.50,9.86,79.50,8240000.0,1.40,3.50,7160000.0,outperform
6408,2010-03-13 00:53:01,1268459581.0,wdc,36.38,-9.84,1145.609985,13.05,-22.89,N/A,9.14,1.06,2.22,11.53,12.58,11.36,27.84,37.263,6890000000.0,6890000000.0,N/A,0.50,0.83,4.485,0.83,1340000000.0,4.485,962000000.0,4.20,2964.30,43.70,2440000000.0,10.654,444000000.0,2.2,17.504,1700000000.0,1.5,0.18,93.00,7920000.0,1.6,N/A,7980000.0,underperform
6409,2005-09-09 22:15:00,1126318500.0,wdc,13.08,23.93,1241.47998,4.73,19.2,0.075,14.96,0.81,4.18,5.45,5.41,8.96,33.35,17.528,2910000000.0,2400000000.0,N/A,0.70,0.66,7.225,0.66,461600000.0,7.225,198400000.0,0.92,39.20,25.60,598400000.0,2.811,52700000.0,1.443,3.306,460700000.0,2.403,0.50,77.50,15630000.0,3.2,7.40,10330000.0,outperform
6410,2004-06-27 23:06:03,1088391963.0,biib,60.58,-43.89,1140.650024,4.39,-48.28,0.12,N/A,18.65,2.86,86.76,92.12,16.36,22.92,4.801,21190000000.0,21290000000.0,36.05,2.16,19.29,N/A,19.29,394440000.0,N/A,957500000.0,3.48,690.90,68.00,761550000.0,2.24,861290000.0,4.322,21.184,341130000.0,0.987,3.81,82.89,14760000.0,3.234,4.52,21320000.0,underperform
6411,2012-07-28 06:31:16,1343471476.0,biib,143.45,58.58,1337.890015,26.34,32.239999999999995,17.46,27.09,6.54,5.57,25.08,34.08,12.82,21.80,22.19,35020000000.0,35020000000.0,20.53,1.47,6.55,16.14,6.55,4580000000.0,16.14,1340000000.0,5.52,34.30,17.60,1410000000.0,5.95,1090000000.0,2.00,26.52,1870000000.0,1.18,0.10,94.70,2560000.0,2.20,1.10,2460000.0,outperform
6412,2007-12-16 02:25:56,1197789956.0,biib,57.91,-20.26,1488.410034,-41.64,21.38,0.313,35.70,8.10,3.40,26.02,4.46,0.73,9.18,6.428,17250000000.0,18140000000.0,N/A,1.69,8.65,66.765,8.65,2410000000.0,66.765,544860000.0,1.65,23.80,11.00,671350000.0,2.288,1560000000.0,0.815,17.018,916580000.0,0.81,13.32,88.20,6650000.0,1.9,2.30,7350000.0,outperform
6413,2007-05-28 18:21:46,1180390906.0,biib,,,1515.72998,-8.6,,0.008,75.53,8.39,2.23,11.57,1.87,6.76,3.12,5.766,16930000000.0,15860000000.0,N/A,1.75,8.12,12.46,8.12,2410000000.0,12.46,225720000.0,0.66,6.90,18.90,1130000000.0,3.295,61190000.0,3.879,21.473,947340000.0,0.97,0.46,85.40,9090000.0,3.5,2.70,7780000.0,underperform
6414,2004-10-15 17:13:19,1097874799.0,biib,58.02,-38.06,1108.199951,6.27,-44.33,0.125,N/A,12.67,2.78,64.88,69.87,15.10,20.84,5.44,19480000000.0,19370000000.0,33.28,2.01,12.75,N/A,12.75,394440000.0,N/A,985430000.0,3.891,690.90,68.00,741380000.0,2.19,866230000.0,3.801,20.490999,465930000.0,0.832,3.81,87.10,14060000.0,5.345,4.32,13940000.0,underperform
6415,2011-07-29 20:58:27,1311987507.0,biib,101.87,40.82,1292.280029,3.53,37.29,21.16,23.39,5.13,4.40,22.49,34.63,12.61,16.99,19.62,24650000000.0,24650000000.0,16.12,1.85,5.13,12.14,5.13,4320000000.0,12.14,1080000000.0,4.36,35.40,8.50,1230000000.0,5.08,1200000000.0,2.69,23.19,24650000000.0,0.72,0.09,95.10,3210000.0,1.20,1.50,4000000.0,outperform
6416,2013-02-06 17:31:35,1360189895.0,biib,160.98,86.99,1512.119995,17.28,69.71,16.38,28.03,6.75,5.35,25.02,33.48,12.04,20.61,23.18,36670000000.0,36670000000.0,18.20,1.24,6.65,16.63,6.65,4580000000.0,16.63,1380000000.0,5.76,2.70,6.90,1710000000.0,7.21,1140000000.0,1.96,29.43,N/A,1.18,10.23,84.80,3040000.0,2.10,1.30,2390000.0,outperform
6417,2012-01-01 13:36:26,1325442986.0,biib,110.64,32.29,1263.02002,12.92,19.369999999999997,17.07,22.92,5.45,4.31,23.82,35.82,13.63,21.91,20.41,26280000000.0,26280000000.0,17.44,1.85,5.33,12.34,5.33,4320000000.0,12.34,1170000000.0,4.80,38.50,11.40,1520000000.0,6.26,1060000000.0,3.21,25.64,1680000000.0,0.92,0.09,95.10,2810000.0,1.90,N/A,3560000.0,outperform
6418,2011-05-01 05:34:17,1304242457.0,biib,98.97,35.4,1360.47998,2.75,32.65,21.16,22.42,4.97,4.27,22.49,34.63,12.61,16.99,19.62,23570000000.0,23570000000.0,15.83,1.90,4.90,11.61,4.90,4320000000.0,11.61,1080000000.0,4.36,35.40,8.50,1230000000.0,5.08,1200000000.0,2.69,23.19,23570000000.0,0.78,0.09,95.10,5380000.0,2.60,2.50,5820000.0,outperform
6419,2013-09-02 02:25:17,1378103117.0,biib,,,1632.969971,22.62,,9.23,31.55,8.56,6.44,27.06,35.47,13.17,22.69,25.09,50950000000.0,50950000000.0,19.45,1.21,8.57,20.27,8.57,4970000000.0,20.27,1610000000.0,6.75,26.80,21.30,667670000.0,2.81,729580000.0,1.94,33.25,1850000000.0,1.22,0.09,94.50,2660000.0,2.00,1.20,2580000.0,underperform
6420,2007-02-27 11:09:17,1172592557.0,biib,45.88,31.06,1399.040039,-1.36,32.42,0.014,74.99,8.63,2.23,11.62,2.32,6.64,3.04,5.529,16149999999.999998,15350000000.0,N/A,1.92,8.20,12.031,8.20,2049999999.9999998,12.031,213420000.0,0.63,95.40,8.80,902690000.0,2.636,96690000.0,2.938,21.142,841270000.0,0.74,0.47,85.60,8590000.0,2.9,2.50,9120000.0,outperform
6421,2013-05-13 12:50:10,1368463810.0,biib,222.74,32.82,1633.77002,16.14,16.68,12.47,33.83,8.97,6.90,26.67,35.03,12.81,22.05,23.78,50860000000.0,50860000000.0,21.54,1.40,9.02,21.70,9.02,4970000000.0,21.70,1500000000.0,6.30,41.00,9.50,663300000.0,2.79,915150000.0,4.16,30.92,1860000000.0,1.29,0.10,94.40,2370000.0,1.60,1.10,2670000.0,outperform
6422,2012-11-04 05:09:25,1352023765.0,biib,139.03,72.67,1427.589966,23.84,48.83,16.69,24.05,6.06,4.94,25.59,33.99,12.51,21.53,22.66,32250000000.0,32250000000.0,19.04,1.24,5.95,14.68,5.95,4580000000.0,14.68,1390000000.0,5.76,13.20,5.80,1610000000.0,6.79,1110000000.0,2.01,28.15,1850000000.0,1.21,10.23,84.80,1690000.0,1.50,0.70,1870000.0,outperform
6423,2007-02-26 20:14:22,1172538862.0,biib,47.17,30.44,1449.369995,-4.7,35.14,0.014,75.17,8.58,2.22,11.62,2.32,6.64,3.04,5.529,16190000000.000002,15250000000.0,N/A,1.92,8.15,11.959,8.15,2049999999.9999998,11.959,213420000.0,0.63,95.40,8.80,902690000.0,2.636,96690000.0,2.938,21.142,841270000.0,0.74,0.47,85.60,8590000.0,2.9,2.50,9120000.0,outperform
6424,2011-10-31 01:57:25,1320040645.0,biib,116.36,,1253.300049,10.21,,19.73,26.87,5.95,4.78,22.45,34.87,12.96,17.69,19.92,28660000000.0,28660000000.0,18.76,2.11,5.98,14.06,5.98,4320000000.0,14.06,1080000000.0,4.42,1.80,0.30,1330000000.0,5.47,1190000000.0,2.82,24.64,28660000000.0,0.82,0.09,95.10,3820000.0,1.90,N/A,3830000.0,underperform
6425,2005-01-25 22:21:28,1106709688.0,biib,63.08,-30.87,1168.410034,8.24,-39.11,0.126,N/A,10.92,3.13,51.68,55.20,12.58,17.05,5.988,21040000000.0,21410000000.0,36.89,2.16,11.13,N/A,11.13,394440000.0,N/A,994170000.0,4.047,690.90,68.00,445880000.0,1.34,845700000.0,2.95,20.118,562880000.0,0.53,0.74,87.69,10990000.0,2.337,3.32,11650000.0,underperform
6426,2013-04-23 06:46:33,1366713993.0,biib,212.76,44.18,1578.780029,18.79,25.39,16.38,37.36,8.71,6.91,25.02,33.33,11.98,20.61,23.18,47470000000.0,47470000000.0,22.19,1.52,8.61,21.64,8.61,4970000000.0,21.64,1380000000.0,5.76,2.70,6.90,1710000000.0,7.22,1140000000.0,1.96,29.42,1880000000.0,1.27,0.10,94.40,2420000.0,1.70,1.00,2650000.0,outperform
6427,2005-04-08 02:19:07,1112941147.0,biib,36.08,25.72,1181.199951,11.04,14.68,0.125,562.00,5.51,1.70,1.13,1.96,0.27,0.36,6.393,12570000000.0,11970000000.0,19.96,1.37,5.41,30.61,5.41,1660000000.0,30.61,25050000.0,0.07,690.90,68.00,1060000000.0,3.08,850310000.0,1.532,20.816,562880000.0,0.919,0.79,80.87,10100000.0,0.578,2.96,8250000.0,outperform
6428,2011-07-21 23:24:05,1311305045.0,biib,105.62,34.64,1343.800049,1.4,33.24,21.16,24.25,5.24,4.50,22.49,34.63,12.61,16.99,19.62,25190000000.0,25190000000.0,16.79,1.82,5.24,12.41,5.24,4320000000.0,12.41,1080000000.0,4.36,35.40,8.50,1230000000.0,5.08,1200000000.0,2.69,23.19,25190000000.0,0.72,0.09,95.10,4000000.0,1.50,1.90,3260000.0,outperform
6429,2013-05-18 08:40:27,1368880827.0,zion,26.71,5.39,1658.780029,12.78,-7.39,N/A,20.92,2.28,0.98,17.06,29.69,0.69,5.80,11.86,1350000000.0,1350000000.0,14.27,1.92,0.62,N/A,0.62,N/A,N/A,239790000.0,1.31,23.50,6.50,9080000000.0,49.30,2680000000.0,N/A,27.43,N/A,2.04,1.84,92.30,14890000.0,7.10,8.30,15600000.0,underperform
6430,2004-01-20 04:35:05,1074591305.0,zion,52.57,10.98,1138.77002,4.03,6.95,N/A,16.66,3.80,2.15,22.79,N/A,1.18,13.54,15.51,5410000000.0,7740000000.0,13.11,1.28,5.50,N/A,5.50,1580000000.0,N/A,328040000.0,3.614,9.40,7.60,1170000000.0,N/A,3500000000.0,N/A,27.66,N/A,0.239,6.97,51.34,1510000.0,3.055,1.80,1340000.0,outperform
6431,2011-11-04 13:22:09,1320427329.0,zion,16.84,26.19,1253.22998,12.68,13.510000000000002,N/A,N/A,1.63,0.70,8.27,24.78,0.32,2.41,10.84,332520000.0,332520000.0,10.55,2.26,0.17,N/A,0.17,N/A,N/A,1400000.0,0.00,N/A,52.90,6440000000.0,34.92,2650000000.0,N/A,24.78,332520000.0,2.19,2.97,90.20,16870000.0,4.00,9.50,16810000.0,outperform
6432,2005-05-28 03:41:53,1117266113.0,zion,62.82,17.02,1190.01001,6.96,10.059999999999999,N/A,15.54,4.07,2.28,26.37,52.06,1.35,15.30,17.613,6380000000.0,8460000000.000001,12.83,1.30,5.36,N/A,5.36,1750000000.0,N/A,416550000.0,4.58,10.60,8.40,1990000000.0,22.177,4070000000.0000005,N/A,31.391001,803130000.0,N/A,5.16,53.80,1600000.0,3.2,1.90,1390000.0,outperform
6433,2009-11-30 00:39:56,1259559596.0,zion,12.94,48.22,1095.630005,7.75,40.47,N/A,N/A,52.21,0.45,N/A,3943.12,2.85,27.64,0.294,2760000000.0,2760000000.0,N/A,N/A,79.85,N/A,79.85,2820000000.0,N/A,1570000000.0,13.31,N/A,91.80,3400000000.0,24.604,4179999999.9999995,N/A,29.162001,1120000000.0,1.02,4.48,84.90,35000000.0,4.4,31.60,31840000.0,outperform
6434,2005-02-10 03:31:51,1108024311.0,zion,60.58,19.12,1197.01001,5.85,13.270000000000001,N/A,15.35,4.29,2.27,26.86,N/A,1.34,15.25,16.546,6140000000.0,10050000000.0,12.43,1.26,6.68,N/A,6.68,1710000000.0,N/A,405990000.0,4.46,31.80,1.70,851000000.0,9.47,4690000000.0,N/A,30.392,685920000.0,0.31,5.04,52.86,1310000.0,3.028,1.54,1450000.0,outperform
6435,2013-04-23 20:33:28,1366763608.0,zion,23.98,23.77,1578.780029,18.79,4.98,N/A,25.04,2.03,0.88,16.35,29.13,0.64,5.34,11.68,3290000000.0,3290000000.0,12.61,1.76,1.54,N/A,1.54,N/A,N/A,176960000.0,0.97,34.60,11.90,10650000000.0,57.82,2760000000.0,N/A,26.73,765630000.0,2.07,1.84,92.30,16219999.999999998,8.90,N/A,16550000.0,outperform
6436,2005-04-05 07:30:49,1112700649.0,zion,60.93,23.83,1181.390015,11.02,12.809999999999999,N/A,15.43,4.08,2.20,26.86,N/A,1.34,15.25,16.546,6180000000.0,9970000000.0,12.51,1.25,6.63,N/A,6.63,1750000000.0,N/A,405990000.0,4.46,20.20,2.30,851000000.0,9.47,4690000000.0,N/A,31.058001,662370000.0,0.289,4.96,55.15,1390000.0,2.92,1.62,1260000.0,outperform
6437,2004-12-09 08:13:59,1102598039.0,zion,58.95,13.96,1189.23999,5.9,8.06,N/A,15.29,4.12,2.18,27.36,N/A,1.34,15.24,15.871,5980000000.0,8910000000.0,13.44,1.36,6.17,N/A,6.17,1710000000.0,N/A,396620000.0,4.359,31.80,1.70,1070000000.0000001,11.89,4030000000.0000005,N/A,30.392,685920000.0,0.259,4.98,54.09,1700000.0,3.004,2.00,1270000.0,outperform
6438,2004-06-21 23:15:41,1087874141.0,zion,52.99,24.17,1130.300049,7.37,16.8,N/A,15.65,3.87,2.07,24.81,N/A,1.22,13.90,15.455,5450000000.0,8780000000.0,12.24,1.22,6.26,N/A,6.26,1710000000.0,N/A,351890000.0,3.888,31.80,1.70,1060000000.0,11.83,4410000000.0,N/A,29.232,367520000.0,0.278,6.96,51.06,1050000.0,1.728,1.26,1120000.0,outperform
6439,2009-12-13 03:22:31,1260692551.0,zion,13.3,69.32,1102.349976,12.53,56.78999999999999,N/A,N/A,53.96,0.46,N/A,3943.12,2.85,27.64,0.294,2890000000.0,2890000000.0,N/A,N/A,83.44,N/A,83.44,2820000000.0,N/A,1570000000.0,13.31,N/A,91.80,3400000000.0,24.604,4179999999.9999995,N/A,29.162001,1120000000.0,0.97,4.44,83.90,35000000.0,4.4,31.60,31840000.0,outperform
6440,2009-08-19 01:12:46,1250658766.0,zion,16.39,16.35,996.4600220000001,7.95,8.400000000000002,N/A,N/A,4.74,0.49,N/A,223.56,2.49,24.72,3.756,3490000000.0,3490000000.0,N/A,N/A,8.22,N/A,8.22,2820000000.0,N/A,1360000000.0,12.00,N/A,N/A,2760000000.0,21.837,4000000000.0,N/A,32.505001,1250000000.0,0.88,4.95,72.90,27890000.0,4.3,25.80,24590000.0,outperform
6441,2007-04-06 05:19:23,1175851163.0,zion,76.99,-40.69,1437.77002,-4.89,-35.8,N/A,15.46,4.06,1.86,25.99,53.66,1.30,12.64,21.152,9120000000.0,13130000000.0,N/A,1.36,5.85,N/A,5.85,2650000000.0,N/A,579290000.0,5.36,14.40,18.60,2370000000.0,21.56,6160000000.0,N/A,44.480999,1050000000.0,0.14,6.12,54.10,1890000.0,3.5,1.80,1700000.0,underperform
6442,2004-08-11 09:53:59,1092232439.0,zion,51.38,25.34,1075.790039,15.06,10.28,N/A,14.93,3.72,1.99,25.04,N/A,1.22,14.04,15.507,5280000000.0,8650000000.0,11.83,1.18,6.13,N/A,6.13,1710000000.0,N/A,358320000.0,3.939,31.80,1.70,1120000000.0,12.57,4510000000.0,N/A,29.375,367520000.0,0.271,7.06,50.54,1100000.0,2.921,1.33,1040000.0,outperform
6443,2011-09-28 02:03:28,1317189808.0,zion,14.56,40.18,1151.060059,25.72,14.46,N/A,N/A,1.65,0.64,0.35,15.78,0.01,0.08,9.87,332430000.0,332430000.0,9.09,2.39,0.19,N/A,0.19,N/A,N/A,147040000.0,0.82,N/A,84.70,6220000000.0,33.73,2730000000.0,N/A,24.88,332430000.0,1.24,2.97,90.20,17340000.0,3.50,9.70,17150000.0,outperform
6444,2011-04-30 18:43:35,1304203415.0,zion,24.1,-16.27,1355.660034,3.27,-19.54,N/A,N/A,2.98,0.99,11.85,3.48,0.35,2.87,8.73,1790000000.0,1790000000.0,13.73,7.60,1.18,N/A,1.18,N/A,N/A,311300000.0,1.79,N/A,76.00,5760000000.0,31.34,2820000000.0,N/A,24.93,1790000000.0,1.25,2.97,90.20,17440000.0,5.80,9.80,16370000.000000002,underperform
6445,2012-11-04 18:00:37,1352070037.0,zion,21.55,30.9,1427.589966,23.84,7.059999999999999,N/A,21.06,1.82,0.84,17.25,30.95,0.73,5.91,12.05,1590000000.0,1590000000.0,12.17,1.14,0.72,N/A,0.72,N/A,N/A,186080000.0,1.02,0.70,2.00,8550000000.000001,46.45,2780000000.0,N/A,26.05,N/A,1.61,1.85,87.40,16010000.000000002,6.20,8.90,14020000.0,outperform
6446,2008-06-20 00:12:51,1213935171.0,zion,30.71,-58.71,1317.930054,-30.9,-27.810000000000002,N/A,7.98,1.53,0.67,19.81,40.27,0.88,8.45,21.125,3460000000.0,9660000000.0,N/A,0.93,4.28,N/A,4.28,2820000000.0,N/A,434060000.0,4.03,30.30,7.10,3760000000.0,34.925,9730000000.0,N/A,47.487999,911930000.0,0.03,9.26,70.70,27480000.0,14.4,27.10,26520000.0,underperform
6447,2012-03-09 23:59:18,1331355558.0,zion,18.77,32.34,1370.869995,12.44,19.900000000000006,N/A,22.80,1.58,0.75,14.85,31.32,0.62,4.74,11.95,2040000000.0,2040000000.0,10.38,0.94,0.94,N/A,0.94,N/A,N/A,152020000.0,0.83,N/A,61.90,8460000000.000001,45.94,2730000000.0,N/A,25.02,1100000000.0,1.79,3.62,87.80,18040000.0,4.50,10.10,17100000.0,outperform
6448,2008-06-28 23:46:41,1214711201.0,aph,23.54,-34.37,1321.969971,-30.39,-3.979999999999997,0.696,22.09,2.69,6.52,12.56,19.54,14.50,33.92,16.681,7940000000.0,8610000000.0,N/A,0.98,2.90,12.921,2.90,930140000.0,12.921,372960000.0,2.05,25.40,18.40,180150000.0,1.027,853070000.0,2.594,6.985,435050000.0,2.18,0.10,96.00,4130000.0,3.4,2.40,3800000.0,underperform
6449,2005-03-06 06:27:14,1110108434.0,aph,9.76,23.77,1210.469971,5.6,18.17,0.932,21.92,2.33,7.36,10.67,18.08,13.26,40.96,17.055,3530000000.0,3950000000.0,15.96,0.96,2.58,12.52,2.58,418780000.0,12.52,163310000.0,1.82,29.40,16.70,30170000.0,0.34,449050000.0,1.92,5.474,187120000.0,2.105,12.98,94.34,2260000.0,3.211,2.93,1710000.0,outperform
6450,2007-04-04 22:42:08,1175740928.0,aph,16.58,18.4,1439.369995,-4.87,23.27,0.754,24.47,2.42,6.59,10.35,18.02,13.78,32.12,13.812,6080000000.0,6590000000.0,N/A,0.95,2.67,12.494,2.67,788180000.0,12.494,255690000.0,1.40,40.40,29.80,74140000.0,0.416,680410000.0,2.088,5.1,289600000.0,1.4,0.03,93.00,1490000.0,2.7,1.70,2460000.0,outperform
6451,2007-03-27 10:44:29,1175006669.0,aph,15.87,14.62,1428.609985,-6.12,20.74,0.754,23.60,2.37,6.45,10.35,18.02,13.78,32.12,27.625,5860000000.0,6470000000.0,N/A,0.94,2.62,12.253,2.62,788180000.0,12.253,255690000.0,2.79,40.40,29.80,74140000.0,0.833,680410000.0,2.088,10.2,289600000.0,1.46,0.03,93.00,2460000.0,3.2,2.80,1840000.0,outperform
6452,2009-01-03 17:30:33,1231021833.0,aph,11.68,92.98,903.25,23.45,69.53,0.526,10.95,1.29,2.88,12.90,19.74,14.60,32.36,18.422,4480000000.0,5020000000.0,N/A,0.59,1.54,6.84,1.54,930140000.0,6.84,420410000.0,2.328,23.40,17.70,230740000.0,1.313,770530000.0,2.329,8.326,443710000.0,1.9,0.10,98.30,2780000.0,1.3,1.60,3110000.0,outperform
6453,2004-01-07 20:39:02,1073525942.0,aph,7.75,6.06,1126.329956,5.47,0.5899999999999999,2.08,29.86,2.39,10.06,8.03,16.42,8.46,45.22,26.63,2790000000.0,3340000000.0,22.00,1.44,2.87,14.68,2.87,361700000.0,14.68,93490000.0,2.136,4.00,3.80,16980000.0,0.39,575100000.0,2.269,6.32,N/A,1.893,54.97,73.97,1000000.0,8.929,5.08,N/A,outperform
6454,2004-05-21 16:30:26,1085171426.0,aph,7.57,33.16,1093.560059,8.41,24.749999999999996,1.476,23.83,2.12,7.84,8.83,16.74,10.03,42.51,14.825,2750000000.0,3300000000.0,15.97,1.05,2.50,12.77,2.50,418780000.0,12.77,116340000.0,1.307,29.40,16.70,28400000.0,0.32,527020000.0,2.225,4.049,155470000.0,1.984,54.97,80.95,1460000.0,3.574,3.67,1600000.0,outperform
6455,2013-04-22 03:37:09,1366616229.0,aph,36.43,29.81,1562.5,20.29,9.52,67.07,20.44,2.63,4.61,13.25,19.41,10.88,24.50,27.31,12290000000.0,12290000000.0,17.12,1.39,2.80,12.58,2.80,1340000000.0,12.58,581760000.0,3.56,20.90,10.00,1020000000.0,6.40,1690000000.0,3.34,15.68,690730000.0,1.54,0.24,100.30,2400000.0,4.20,N/A,2460000.0,outperform
6456,2005-01-22 01:12:56,1106374376.0,aph,8.95,36.31,1184.630005,8.48,27.830000000000002,1.088,20.64,2.24,7.60,10.67,17.59,13.46,43.20,17.067,3330000000.0,3730000000.0,15.73,1.05,2.44,12.58,2.44,418780000.0,12.58,163310000.0,1.822,29.40,16.70,22520000.0,0.25,469840000.0,1.846,4.88,187120000.0,2.085,12.98,95.00,1770000.0,3.654,2.30,1720000.0,outperform
6457,2013-05-12 15:28:10,1368386890.0,aph,38.62,24.55,1626.670044,16.6,7.949999999999999,67.07,22.55,2.85,4.99,13.25,19.41,10.88,24.50,27.31,13500000000.0,13500000000.0,18.80,1.50,3.08,13.81,3.08,1340000000.0,13.81,581760000.0,3.56,20.90,10.00,1020000000.0,6.39,1690000000.0,3.34,15.68,690730000.0,1.53,0.24,100.30,2410000.0,4.00,1.50,2480000.0,outperform
6458,2007-05-28 00:30:19,1180326619.0,aph,,,1515.72998,-8.6,,0.706,23.05,2.42,6.35,10.81,18.39,14.12,31.86,14.286,6220000000.0,6820000000.0,N/A,0.95,2.67,12.304,2.67,788180000.0,12.304,276120000.0,1.51,35.70,14.40,85090000.0,0.476,687980000.0,2.517,5.445,296160000.0,1.56,0.02,90.80,3410000.0,3.5,1.90,2990000.0,underperform
6459,2008-04-10 04:38:59,1207816739.0,nfx,57.23,,1360.550049,-40.06,,0.293,16.58,4.20,2.09,25.24,29.78,4.87,5.18,13.93,7490000000.0,8170000000.0,N/A,2.10,4.58,6.739,4.58,1370000000.0,6.739,172000000.0,3.44,281.70,6.60,370000000.0,2.814,1050000000.0,0.998,27.266001,1150000000.0,0.86,0.97,96.10,5980000.0,3.3,4.60,5110000.0,underperform
6460,2004-10-20 17:20:26,1098307226.0,nfx,30.82,40.62,1103.660034,6.72,33.9,0.383,14.22,3.12,2.22,22.54,40.69,8.88,17.62,19.089,3450000000.0,3920000000.0,8.76,1.20,3.63,4.6,3.63,859600000.0,4.6,243830000.0,4.303,170.10,53.70,27850000.0,0.49,579560000.0,0.688,26.964001,806260000.0,0.305,7.87,90.76,N/A,0.847,1.15,N/A,outperform
6461,2003-11-03 14:07:56,1067886476.0,nfx,20.0,42.75,1059.02002,6.76,35.99,0.549,11.10,2.26,1.75,19.80,33.05,8.57,19.14,17.733,2220000000.0,2870000000.0,11.13,0.81,2.92,4.45,2.92,532900000.0,4.45,194610000.0,3.58,37.90,11.70,44420000.0,0.8,694110000.0,1.061,22.64,N/A,0.39,17.58,81.95,1040000.0,3.42,2.27,N/A,outperform
6462,2013-05-23 20:11:38,1369354298.0,nfx,24.78,43.02,1650.51001,15.15,27.870000000000005,109.45,N/A,1.28,1.17,51.50,19.17,3.59,38.34,18.78,6120000000.0,6120000000.0,10.17,1.47,2.41,4.26,2.41,2049999999.9999998,4.26,1310000000.0,9.70,N/A,4.00,44000000.0,0.33,3040000000.0,0.73,21.04,1290000000.0,1.41,0.63,94.90,8060000.000000001,2.40,6.80,5850000.0,outperform
6463,2009-08-09 16:47:36,1249850856.0,nfx,40.22,38.36,997.080017,13.11,25.25,N/A,N/A,3.40,2.06,50.93,179.52,24.99,27.28,12.147,7600000000.0,7600000000.0,N/A,1.12,4.85,7.139,4.85,1800000000.0,7.139,798000000.0,6.19,N/A,58.50,38000000.0,0.286,2290000000.0,1.32,19.559999,1390000000.0,1.5,1.26,94.80,3970000.0,1.9,3.00,3240000.0,outperform
6464,2005-04-12 22:31:08,1113359468.0,nfx,37.3,12.23,1187.76001,8.45,3.780000000000001,0.492,13.94,3.55,2.39,23.07,40.73,9.16,19.04,23.202,4710000000.0,5730000000.0,10.66,1.19,4.24,5.61,4.24,1160000000.0,5.61,312100000.0,5.35,56.40,33.00,58300000.0,0.92,992400000.0,0.826,31.854,997500000.0,0.373,2.07,87.08,N/A,1.149,1.48,1120000.0,outperform
6465,2005-01-15 09:46:56,1105800416.0,nfx,29.26,71.87,1187.699951,8.28,63.59,0.572,13.05,3.16,1.97,22.57,40.73,8.52,17.41,20.132,3680000000.0,4710000000.0,8.85,1.04,4.06,5.21,4.06,859600000.0,5.21,262010000.0,4.536,170.10,53.70,28860000.0,0.46,1070000000.0000001,0.738,29.990999,845210000.0,0.382,7.97,90.44,N/A,0.742,1.05,N/A,outperform
6466,2012-11-07 04:22:54,1352280174.0,nfx,25.51,13.8,1394.530029,25.29,-11.489999999999998,76.54,12.54,1.36,0.85,11.01,23.40,4.14,7.15,19.39,6590000000.0,6590000000.0,10.50,0.71,2.54,4.25,2.54,2020000000.0,4.25,286000000.0,2.11,N/A,2.10,125000000.0,0.94,3190000000.0,0.96,31.41,1220000000.0,1.34,0.63,92.40,4059999.9999999995,1.90,3.90,3340000.0,underperform
6467,2005-09-03 11:15:56,1125760556.0,nfx,47.22,-8.43,1220.329956,6.84,-15.27,0.407,17.35,3.68,2.79,20.39,45.58,12.30,18.10,13.199,5810000000.0,6630000000.0,N/A,1.13,4.08,4.987,4.08,1160000000.0,4.987,331000000.0,2.64,54.60,57.70,58600000.0,0.462,872100000.0,0.808,16.92,1200000000.0,N/A,2.47,94.90,2190000.0,1.80,1.80,2670000.0,underperform
6468,2005-01-31 19:24:36,1107217476.0,whr,53.4,21.14,1181.27002,8.36,12.780000000000001,1.125,10.90,0.34,3.19,3.39,6.46,5.88,33.75,185.801,4490000000.0,5770000000.0,11.30,1.61,0.45,6.88,0.45,2770000000.0,6.88,433000000.0,6.209,N/A,10.50,219000000.0,3.3,1550000000.0,1.119,20.909,783000000.0,1.012,1.40,95.00,4120000.0,5.322,6.29,4220000.0,outperform
6469,2011-11-03 06:06:56,1320314816.0,whr,47.88,96.49,1261.150024,12.14,84.35,57.90,11.18,0.20,0.86,1.89,4.26,3.27,8.81,244.98,5790000000.0,5790000000.0,7.69,0.62,0.31,4.25,0.31,2710000000.0,4.25,356000000.0,4.55,124.10,2.30,511000000.0,6.72,2510000000.0,1.03,57.87,5790000000.0,2.14,0.50,98.40,8970000.0,4.80,14.30,8109999.999999999,outperform
6470,2003-12-15 02:10:26,1071472226.0,whr,51.28,2.87,1068.040039,12.67,-9.8,1.435,15.41,0.40,4.18,2.70,6.03,4.64,33.25,168.283,4670000000.0,6050000000.0,10.97,1.53,0.51,8.4,0.51,2550000000.0,8.4,304000000.0,4.349,1976.20,6.50,231000000.0,3.32,1610000000.0,1.079,16.12,N/A,1.005,0.80,91.00,2860000.0,3.574,4.14,2350000.0,underperform
6471,2005-02-05 05:51:36,1107600696.0,whr,53.41,29.66,1193.189941,6.51,23.15,0.877,10.94,0.34,3.13,3.08,5.73,5.31,29.42,191.991,4290000000.0,5510000000.0,9.69,1.84,0.42,7.25,0.42,2770000000.0,7.25,406000000.0,5.90,N/A,10.50,243000000.0,3.66,1410000000.0,1.129,20.909,783000000.0,1.012,0.80,95.00,4120000.0,5.322,6.25,4220000.0,outperform
6472,2012-03-19 03:13:18,1332141198.0,whr,73.45,51.78,1409.75,9.83,41.95,58.20,15.40,0.32,1.44,2.09,4.78,3.63,9.49,243.05,7270000000.0,7270000000.0,10.29,1.51,0.39,5.01,0.39,2580000000.0,5.01,390000000.0,4.99,19.90,2.60,1110000000.0,14.48,2490000000.0,1.02,54.69,530000000.0,2.11,0.58,101.40,6990000.0,2.30,11.10,8170000.0,outperform
6473,2013-04-25 00:13:04,1366863184.0,whr,113.61,34.86,1585.160034,17.55,17.31,56.35,23.57,0.53,2.25,2.21,5.81,4.31,9.83,232.31,10880000000.0,10880000000.0,10.57,0.43,0.60,6.78,0.60,2890000000.0,6.78,401000000.0,5.06,40.50,2.50,1170000000.0,14.87,2460000000.0,1.05,54.33,696000000.0,1.40,0.90,93.50,1690000.0,1.30,2.20,1870000.0,outperform
6474,2013-05-17 17:56:44,1368827804.0,whr,127.13,12.66,1667.469971,13.26,-0.5999999999999996,53.47,18.50,0.56,2.26,3.11,6.16,4.58,12.94,229.56,11830000000.0,11830000000.0,11.41,0.46,0.66,7.21,0.66,2890000000.0,7.21,561000000.0,7.03,173.90,2.30,750000000.0,9.47,2450000000.0,1.16,56.65,814000000.0,1.38,0.90,93.50,2340000.0,2.10,3.10,1880000.0,underperform
6475,2009-02-12 19:44:47,1234485887.0,whr,28.32,155.76,835.1900019999999,28.77,126.99,N/A,5.91,0.13,0.81,2.21,3.69,3.17,12.09,251.758,2370000000.0,4900000000.0,N/A,1.08,0.26,3.782,0.26,2890000000.0,3.782,418000000.0,5.50,76.50,19.00,146000000.0,2600000000.0,2600000000.0,1.086,41.178001,327000000.0,1.49,15.68,91.80,10090000.0,6.1,13.80,9650000.0,outperform
6476,2008-02-01 02:03:28,1201849408.0,whr,71.43,-52.54,1395.420044,-37.36,-15.18,0.684,12.17,0.33,1.68,2.95,5.16,4.32,17.24,241.893,6590000000.0,8680000000.0,N/A,0.71,0.46,5.5,0.46,2660000000.0,5.5,593000000.0,7.01,49.60,0.10,258000000.0,3.338,2580000000.0,1.104,48.960999,731000000.0,1.12,10.49,88.50,6490000.0,5.2,8.40,5010000.0,underperform
6477,2008-05-04 13:45:10,1209923110.0,whr,62.78,-30.79,1409.339966,-35.63,4.840000000000003,0.69,9.71,0.29,1.38,3.14,5.34,4.62,16.42,252.028,5680000000.0,8170000000.0,N/A,0.78,0.42,4.946,0.42,2890000000.0,4.946,617000000.0,7.79,19.70,5.10,321000000.0,4.273,2810000000.0,1.226,54.279999,748000000.0,0.43,0.61,107.20,10930000.0,9.5,14.60,10650000.0,outperform
6478,2007-02-21 20:21:46,1172107306.0,whr,77.22,-3.56,1457.630005,-7.9,4.34,0.712,16.75,0.41,2.28,2.40,4.86,4.96,19.33,240.746,7400000000.0,9550000000.0,N/A,0.80,0.53,6.683,0.53,3050000000.0,6.683,486000000.0,5.66,13.50,25.30,262000000.0,3.359,2340000000.0,1.083,42.09,888000000.0,1.51,0.26,102.30,9020000.0,9.3,11.50,8570000.0,outperform
6479,2007-03-13 13:27:25,1173806845.0,fls,18.07,76.26,1377.949951,-5.02,81.28,0.553,28.02,1.05,3.11,3.76,7.55,6.18,12.17,54.698,3210000000.0,3720000000.0,N/A,2.17,1.22,10.891,1.22,861830000.0,10.891,114040000.0,2.02,N/A,N/A,67000000.0,1.183,564570000.0,1.474,18.218,163190000.0,1.69,0.89,91.80,1670000.0,4.8,3.00,1900000.0,outperform
6480,2013-05-06 01:01:03,1367816463.0,fls,52.11,41.7,1617.5,15.47,26.230000000000004,59.91,17.89,1.54,3.93,9.49,13.87,8.91,21.96,94.13,8460000000.000001,8460000000.000001,13.54,1.06,1.77,11.08,1.77,1580000000.0,11.08,453020000.0,8.87,5.00,2.00,169440000.0,3.56,1070000000.0000001,1.69,39.27,516950000.00000006,1.96,0.45,84.90,1110000.0,3.00,2.30,1.68,outperform
6481,2004-04-12 22:50:09,1081824609.0,fls,6.93,22.51,1145.199951,3.72,18.790000000000003,1.204,24.34,0.51,1.46,2.08,6.80,1.88,6.30,42.837,1200000000.0,2150000000.0,14.52,1.17,0.91,9.27,0.91,685530000.0,9.27,49200000.0,0.889,N/A,17.40,29970000.0,0.54,982370000.0,1.932,14.886,235100000.0,1.752,1.19,93.74,1720000.0,5.104,3.14,1120000.0,outperform
6482,2008-12-05 18:11:47,1228518707.0,fls,13.88,134.15,876.070007,26.62,107.53,0.403,5.33,0.52,1.62,9.60,12.98,10.20,32.90,77.736,2190000000.0,2700000000.0,N/A,0.57,0.61,4.116,0.61,1250000000.0,4.116,423880000.0,7.376,85.60,25.50,153430000.0,2.75,568890000.0,1.465,25.267,367460000.0,1.83,6.66,79.00,1180000.0,0.7,2.10,1060000.0,outperform
6483,2006-05-24 10:39:06,1148481546.0,fls,16.58,28.17,1258.569946,19.78,8.39,N/A,119.20,1.10,N/A,0.92,6.59,4.09,2.38,47.905,2910000000.0,2940000000.0,N/A,2.69,1.11,11.899,1.11,778820000.0,11.899,20150000.0,0.44,N/A,N/A,N/A,N/A,N/A,1.482,N/A,267500000.0,1.36,2.53,100.10,2930000.0,5.30,5.30,3200000.0,outperform
6484,2005-03-17 17:03:22,1111097002.0,fls,8.5,117.06,1190.209961,9.83,107.23,1.073,24.75,0.58,1.70,2.36,6.65,2.18,7.12,44.96,1450000000.0,2330000000.0,16.73,1.39,0.94,9.7,0.94,722420000.0,9.7,58800000.0,1.06,16.20,6.80,24500000.0,0.44,911000000.0,1.686,15.384,177650000.0,1.929,1.22,91.10,1280000.0,3.914,2.34,1350000.0,outperform
6485,2004-06-20 14:38:42,1087756722.0,fls,7.46,31.77,1132.050049,7.42,24.35,1.121,22.88,0.52,1.54,2.29,6.62,2.10,6.93,44.278,1260000000.0,2150000000.0,14.94,1.21,0.88,9.13,0.88,722420000.0,9.13,56090000.0,1.012,16.20,6.80,39700000.0,0.73,936300000.0,1.676,15.132,184020000.0,1.732,1.20,94.78,1170000.0,3.527,2.18,1420000.0,outperform
6486,2004-09-23 12:24:18,1095956658.0,fls,7.72,46.76,1108.359985,9.65,37.11,1.073,22.67,0.53,1.56,2.36,6.65,2.18,7.12,44.96,1330000000.0,2230000000.0,15.13,1.23,0.90,9.29,0.90,722420000.0,9.29,58800000.0,1.061,16.20,6.80,24500000.0,0.44,911000000.0,1.686,15.384,177650000.0,1.816,1.22,90.94,1130000.0,3.549,2.07,N/A,outperform
6487,2006-06-23 01:45:12,1151041512.0,fls,16.2,40.37,1244.5,21.56,18.81,N/A,115.75,1.07,N/A,0.92,6.59,4.09,2.38,47.905,2830000000.0,2830000000.0,N/A,2.51,1.07,11.457,1.07,778820000.0,11.457,20150000.0,0.44,N/A,N/A,N/A,N/A,N/A,1.482,N/A,267500000.0,1.3,2.41,95.90,3400000.0,6.7,6.10,2930000.0,outperform
6488,2003-10-26 16:29:28,1067203768.0,fls,6.19,21.49,1033.77002,5.9,15.589999999999998,1.204,21.70,0.45,1.30,2.08,6.80,1.88,6.30,42.831,1070000000.0000001,2020000000.0,12.00,1.00,0.85,8.7,0.85,685530000.0,8.7,49200000.0,0.889,N/A,17.40,30000000.0,0.54,982300000.0,1.932,14.81,N/A,1.512,1.35,95.00,1130000.0,2.927,2.07,1370000.0,outperform
6489,2013-04-23 02:58:31,1366700311.0,fls,50.49,53.67,1578.780029,18.79,34.88,49.02,17.99,1.55,3.89,9.44,13.87,8.73,21.61,90.88,7980000000.0,7980000000.0,12.99,1.04,1.68,10.45,1.68,1580000000.0,10.45,448350000.0,8.51,13.20,5.00,304250000.0,6.32,928590000.0,1.72,39.27,517130000.0,1.97,0.45,84.90,2.00,2.00,N/A,1210000.0,outperform
6490,2008-05-02 00:54:05,1209704045.0,fls,39.42,-46.85,1413.900024,-38.21,-8.64,0.432,27.34,1.89,5.40,6.80,10.40,7.65,22.11,66.657,7000000000.0,7300000000.0,N/A,1.80,1.94,15.569,1.94,1250000000.0,15.569,255770000.0,4.47,N/A,N/A,370580000.0,6.465,557980000.0,1.517,22.962,417360000.0,0.44,0.70,94.00,1790000.0,1.9,3.20,1860000.0,underperform
6491,2008-12-30 23:45:23,1230698723.0,fls,16.55,87.73,890.6400150000001,26.47,61.260000000000005,0.403,6.96,0.64,1.98,9.60,12.98,10.20,32.90,77.736,2900000000.0,3240000000.0,N/A,0.65,0.74,4.941,0.74,1250000000.0,4.941,423880000.0,7.38,85.60,25.50,153430000.0,2.714,568890000.0,1.465,25.267,367460000.0,1.83,6.67,79.00,1260000.0,0.8,2.20,1180000.0,outperform
6492,2005-01-05 01:32:48,1104906768.0,fls,8.17,60.95,1183.73999,7.58,53.370000000000005,1.073,24.63,N/A,N/A,2.36,6.65,2.18,7.12,44.96,N/A,2370000000.0,17.08,1.91,0.95,9.86,0.95,722420000.0,9.86,58800000.0,1.061,N/A,N/A,24500000.0,0.44,911000000.0,1.686,N/A,N/A,1.969,1.22,90.87,1330000.0,4.754,2.44,1250000.0,outperform
6493,2004-03-21 05:07:13,1079863633.0,nvda,7.17,11.44,1122.319946,5.48,5.959999999999999,0.005,51.56,2.00,3.49,4.08,4.23,4.68,7.52,10.536,3600000000.0,2770000000.0,22.86,1.09,1.52,35.9,1.52,576010000.0,35.9,74420000.0,0.43,48.70,39.40,604040000.0,3.72,4870000.0,3.151,6.431,174950000.0,3.022,7.94,64.48,15810000.0,3.023,10.59,17020000.0,outperform
6494,2011-09-25 19:20:18,1316992818.0,nvda,12.96,1.16,1129.560059,28.98,-27.82,0.61,15.39,2.20,2.21,14.65,15.56,8.39,16.85,6.29,5870000000.0,5870000000.0,12.10,0.90,1.58,7.63,1.58,1410000000.0,7.63,543300000.0,0.90,N/A,25.30,2470000000.0,4.10,22490000.0,3.46,6.11,5870000000.0,1.46,4.51,76.10,20060000.0,0.80,4.20,20500000.0,underperform
6495,2007-06-29 09:00:04,1183122004.0,nvda,26.42,-27.02,1503.349976,-12.07,-14.95,N/A,33.81,4.72,7.27,15.13,16.19,16.37,26.12,9.086,15240000000.0,13930000000.0,N/A,1.16,4.31,18.094,4.31,1300000000.0,18.094,489030000.0,1.24,43.70,23.80,1310000000.0,3.601,N/A,3.453,5.775,844060000.0,4.47,6.07,76.30,11770000.0,1.2,3.40,16600000.000000002,underperform
6496,2004-10-12 06:15:13,1097576113.0,nvda,4.58,124.89,1121.839966,4.98,119.91,0.002,44.98,1.28,2.21,3.02,2.85,3.76,5.44,10.694,2420000000.0,1810000000.0,27.42,1.37,0.96,12.22,0.96,528880000.0,12.22,56990000.0,0.323,18.00,4.50,613320000.0,3.68,2040000.0,3.065,6.576,23030000.0,3.21,8.01,55.93,14020000.0,2.068,9.15,10050000.0,outperform
6497,2006-08-15 10:29:09,1155652149.0,nvda,16.32,69.67,1285.579956,9.42,60.25,N/A,26.42,3.32,5.10,13.29,15.34,13.25,23.16,7.232,8210000000.000001,7250000000.0,N/A,0.86,2.93,14.517,2.93,910800000.0,14.517,328820000.0,0.88,40.70,16.80,955050000.0,2.709,N/A,3.224,4.563,407230000.0,3.96,6.21,80.00,12970000.0,1.5,3.90,14690000.0,outperform
6498,2005-02-07 03:44:33,1107765873.0,nvda,8.15,71.29,1201.719971,4.42,66.87,0.001,59.15,2.12,3.66,3.99,4.19,5.21,7.15,10.866,4290000000.0,3700000000.0,29.99,1.50,1.93,21.1,1.93,528880000.0,21.1,76510000.0,0.44,18.00,4.50,587850000.0,3.54,1360000.0,2.917,6.669,32080000.0,3.19,7.41,57.22,7020000.0,1.157,4.56,10160000.0,outperform
6499,2008-10-27 22:33:14,1225161194.0,nvda,6.69,79.82,848.919983,25.27,54.55,N/A,7.65,0.84,1.38,12.57,12.78,9.97,22.28,7.853,3880000000.0,2020000000.0,N/A,0.55,0.46,2.825,0.46,1870000000.0,2.825,548530000.0,0.91,N/A,4.60,1660000000.0,2.978,N/A,2.479,4.784,879520000.0,2.72,21.32,66.40,53250000.0,2.1,10.10,51960000.0,outperform
6500,2013-04-23 01:21:47,1366694507.0,nvda,12.55,50.76,1578.780029,18.79,31.97,0.39,13.99,1.81,1.61,13.14,15.15,6.77,12.54,6.91,4030000000.0000005,4030000000.0000005,15.54,1.69,0.94,4.61,0.94,2230000000.0,4.61,562540000.0,0.90,49.90,16.10,3730000000.0,6.05,19000000.0,4.89,7.83,824170000.0,1.63,4.26,71.50,26060000.0,3.00,5.10,21610000.0,outperform
6501,2008-12-20 20:49:00,1229824140.0,nvda,8.94,80.65,904.419983,21.19,59.46000000000001,N/A,13.55,1.10,1.83,9.04,9.05,6.58,15.09,7.498,4580000000.0,3270000000.0,N/A,0.71,0.79,5.957,0.79,1870000000.0,5.957,374620000.0,0.63,73.80,19.50,1300000000.0,2.43,N/A,2.469,4.631,521679999.99999994,2.08,4.86,79.00,22440000.0,1.5,4.40,23030000.0,outperform
6502,2007-07-14 00:46:48,1184388408.0,nvda,28.96,-60.95,1518.76001,-17.47,-43.480000000000004,N/A,36.93,5.18,7.99,15.13,16.19,16.37,26.12,9.086,16649999999.999998,15440000000.0,N/A,1.25,4.78,20.055,4.78,1300000000.0,20.055,489030000.0,1.24,43.70,23.80,1310000000.0,3.601,N/A,3.453,5.775,844060000.0,4.16,6.07,76.30,20790000.0,2.2,6.00,11770000.0,underperform
6503,2004-08-11 20:37:59,1092271079.0,nvda,3.3,173.64,1075.790039,15.06,158.57999999999998,0.003,31.85,0.94,1.62,3.02,3.95,3.74,5.50,10.798,1710000000.0,1110000000.0,18.76,0.96,0.59,6.76,0.59,528880000.0,6.76,56990000.0,0.324,18.00,4.50,657300000.0,3.96,3390000.0,3.115,6.546,70740000.0,3.255,7.97,68.44,8630000.0,2.123,5.65,9180000.0,outperform
6504,2007-10-25 11:26:07,1193325967.0,nvda,33.29,-80.96,1514.400024,-42.1,-38.85999999999999,N/A,39.48,6.00,9.23,16.53,17.60,14.66,29.38,6.455,20870000000.0,19290000000.0,N/A,1.67,5.55,26.262,5.55,1300000000.0,26.262,575010000.0,0.96,99.10,36.00,1570000000.0,2.864,N/A,3.521,4.118,1160000000.0,3.03,5.27,81.20,29060000.0,2.5,5.60,31830000.0,underperform
6505,2013-03-15 01:31:09,1363325469.0,nvda,12.28,47.88,1560.699951,19.7,28.180000000000003,0.39,14.17,1.85,1.64,13.14,15.15,6.77,12.54,6.91,4190000000.0000005,4190000000.0000005,15.55,1.69,0.98,4.81,0.98,2060000000.0,4.81,562540000.0,0.90,49.90,16.10,3730000000.0,6.01,19000000.0,4.89,7.78,N/A,1.63,4.26,71.50,16530000.000000002,1.30,N/A,19070000.0,outperform
6506,2011-11-28 23:27:37,1322540857.0,nvda,14.23,-17.5,1192.550049,17.31,-34.81,0.55,14.20,2.18,2.16,16.20,16.89,9.22,18.53,6.59,5850000000.0,5850000000.0,13.61,0.94,1.49,6.78,1.49,1410000000.0,6.78,636720000.0,1.04,110.10,26.30,2750000000.0,4.50,21950000.0,3.95,6.51,5850000000.0,1.48,4.51,76.10,30950000.0,1.80,6.50,35330000.0,underperform
6507,2008-12-18 07:06:31,1229601991.0,nvda,8.12,98.77,885.2800289999999,24.53,74.24,N/A,14.82,1.15,1.92,9.04,9.05,6.58,15.09,7.498,5010000000.0,3700000000.0,N/A,0.74,0.89,6.739,0.89,1870000000.0,6.739,374620000.0,0.63,73.80,19.50,1300000000.0,2.43,N/A,2.469,4.631,521679999.99999994,2.08,4.86,79.00,22440000.0,1.5,4.40,23030000.0,outperform
6508,2012-03-09 08:18:30,1331299110.0,nvda,14.22,-12.59,1370.869995,12.44,-25.03,0.52,15.80,2.27,2.19,14.54,16.40,8.16,15.86,6.62,5950000000.0,5950000000.0,16.15,1.51,1.49,6.93,1.49,1410000000.0,6.93,581090000.0,0.94,32.40,7.50,3130000000.0,5.12,21440000.0,4.20,6.78,N/A,1.84,4.40,75.30,17840000.0,1.20,N/A,17570000.0,underperform
6509,2004-12-15 18:06:53,1103152013.0,nvda,7.46,56.57,1205.719971,5.41,51.16,0.001,53.23,2.01,3.47,3.99,4.19,5.21,7.15,10.866,3860000000.0,3260000000.0,31.36,1.56,1.70,18.58,1.70,528880000.0,18.58,76510000.0,0.436,18.00,4.50,587850000.0,3.54,1360000.0,2.917,6.669,32080000.0,3.179,7.41,54.82,9540000.0,1.183,6.20,12940000.0,outperform
6510,2011-11-26 19:53:43,1322355223.0,nvda,13.85,,1161.790039,9.39,,0.55,13.45,2.21,2.22,16.20,16.89,9.22,18.53,6.59,5710000000.0,5710000000.0,12.88,0.94,1.45,6.62,1.45,1410000000.0,6.62,636720000.0,1.04,110.10,26.30,2750000000.0,4.58,21950000.0,3.95,6.51,5710000000.0,1.48,4.51,76.10,30950000.0,1.80,6.50,35330000.0,underperform
6511,2003-12-14 20:15:13,1071450913.0,nvda,6.7,8.21,1071.209961,11.9,-3.6899999999999995,0.008,34.91,1.87,3.36,5.56,6.82,6.19,10.59,10.655,3380000000.0,2780000000.0,30.81,1.54,1.53,14.05,1.53,576010000.0,14.05,101190000.0,0.597,48.70,39.40,612130000.0,3.77,8420000.0,2.43,6.23,N/A,3.057,7.94,55.06,16460000.0,2.294,11.02,15130000.0,underperform
6512,2008-01-25 16:40:05,1201297205.0,nvda,23.94,-69.72,1330.609985,-36.85,-32.87,N/A,22.46,3.81,5.80,18.66,19.65,15.44,32.57,6.814,14310000000.0,12520000000.0,N/A,N/A,3.32,14.352,3.32,1300000000.0,14.352,704160000.0,1.15,121.30,36.00,1850000000.0,3.335,N/A,3.218,4.46,1250000000.0,2.54,5.01,81.60,27520000.0,3.2,5.10,27730000.0,underperform
6513,2013-05-08 17:42:29,1368049349.0,nvda,13.5,35.85,1632.689941,14.88,20.97,0.39,15.50,1.96,1.74,13.14,15.15,6.77,12.54,6.91,4830000000.0,4830000000.0,17.01,1.84,1.13,5.53,1.13,2230000000.0,5.53,562540000.0,0.90,49.90,16.10,3730000000.0,6.05,19000000.0,4.89,7.83,824170000.0,1.64,4.26,71.50,26520000.0,2.70,5.20,26060000.0,outperform
6514,2012-06-27 02:46:17,1340779577.0,nvda,12.61,8.49,1331.849976,21.12,-12.63,0.49,15.54,1.97,1.82,12.78,14.59,6.92,13.09,6.51,4680000000.0,4680000000.0,13.69,1.13,1.18,5.93,1.18,2060000000.0,5.93,506310000.0,0.82,55.30,3.90,3130000000.0,5.06,20830000.0,4.26,6.93,727750000.0,1.86,8.84,66.90,9140000.0,0.70,1.90,9350000.0,underperform
6515,2007-02-11 20:12:02,1171242722.0,nvda,21.99,9.37,1448.310059,-7.54,16.91,3.08,32.29,4.33,6.57,13.55,15.07,14.68,23.91,8.242,11610000000.0,N/A,N/A,1.08,N/A,N/A,N/A,910030000.0,N/A,382000000.0,1.01,65.30,40.60,1170000000.0,3.301,3.08,3.08,5.234,582100000.0,4.86,6.15,81.80,16219999.999999998,1.7,4.80,14980000.0,outperform
6516,2011-11-15 09:53:13,1321368793.0,jci,29.4,-18.98,1257.810059,7.77,-26.75,44.89,13.45,0.53,1.95,3.98,4.87,4.48,15.95,60.25,26460000000.0,26460000000.0,8.76,0.58,0.65,9.74,0.65,5290000000.0,9.74,1620000000.0,2.36,19.80,19.30,257000000.0,0.38,5150000000.0,1.12,16.27,26460000000.0,1.93,0.23,77.30,10170000.0,1.50,N/A,10960000.0,underperform
6517,2006-01-04 07:44:01,1136378641.0,jci,21.3,14.84,1273.459961,11.38,3.459999999999999,0.387,15.83,0.51,2.32,3.31,4.64,5.45,13.44,143.271,14300000000.0,16250000000.0,N/A,1.18,0.59,8.187,0.59,3480000000.0,8.187,757200000.0,4.68,4.00,14.40,171300000.0,0.888,2340000000.0,1.238,31.41,858200000.0,N/A,0.49,67.80,3710000.0,2.9,1.90,3390000.0,outperform
6518,2004-04-23 21:23:45,1082769825.0,jci,16.46,-5.22,1140.599976,-0.27,-4.949999999999999,0.541,15.32,0.46,2.42,3.15,4.80,5.97,16.88,130.632,11060000000.0,13430000000.0,12.38,1.06,0.54,7.51,0.54,3220000000.0,7.51,727100000.0,3.83,13.70,12.60,226400000.0,1.2,2580000000.0,1.003,24.292999,1000000000.0,0.799,2.31,36.56,2390000.0,2.438,1.30,2500000.0,underperform
6519,2007-04-04 17:14:56,1175721296.0,jci,27.51,8.58,1439.369995,-4.87,13.45,0.645,18.59,0.57,2.49,3.11,4.58,4.69,15.07,168.654,18980000000.0,23540000000.0,N/A,1.02,0.72,10.008,0.72,4420000000.0,10.008,1030000000.0,5.20,1.80,9.10,252000000.0,1.282,4890000000.0,1.155,38.662998,1560000000.0,0.43,8.13,74.70,2000000.0,2.1,1.00,1950000.0,outperform
6520,2007-12-21 11:57:36,1198256256.0,jci,31.05,-49.82,1484.459961,-39.07,-10.75,0.496,17.19,0.62,2.39,3.62,5.18,4.88,15.93,58.625,21320000000.0,25070000000.0,N/A,0.96,0.72,9.92,0.72,4420000000.0,9.92,1300000000.0,2.09,29.40,10.60,674000000.0,1.135,4420000000.0,1.096,15.001,1910000000.0,0.93,0.42,73.30,7470000.0,2.7,1.30,8580000.0,underperform
6521,2013-05-07 09:18:47,1367932727.0,jci,34.58,26.66,1625.959961,15.51,11.15,54.51,26.24,0.58,2.05,2.21,3.90,3.24,8.55,61.21,30090000000.0,30090000000.0,11.36,1.15,0.72,11.97,0.72,6220000000.0,11.97,925000000.0,1.35,59.30,1.30,481000000.0,0.70,6670000000.0,1.06,17.22,1930000000.0,1.59,0.25,79.20,12890000.0,3.00,1.90,14150000.0,outperform
6522,2005-12-11 21:15:37,1134353737.0,jci,20.06,19.24,1255.839966,12.52,6.719999999999999,0.386,15.10,0.49,2.26,3.26,4.71,5.50,13.44,145.376,13610000000.0,15780000000.0,N/A,1.12,0.57,7.807,0.57,3520000000.0,7.807,757200000.0,4.68,4.00,9.60,170900000.0,0.888,2340000000.0,1.043,31.42,923800000.0,N/A,0.62,67.80,3710000.0,2.9,1.90,3390000.0,outperform
6523,2004-12-24 22:39:09,1103945949.0,jci,,,1205.449951,4.76,,0.513,14.73,0.45,2.27,3.38,4.90,6.40,17.18,137.85,11890000000.0,14390000000.0,11.92,0.92,0.54,7.5,0.54,3520000000.0,7.5,815700000.0,4.242,19.70,17.30,169500000.0,0.89,2670000000.0,0.966,27.355,1490000000.0,0.787,1.02,65.95,2680000.0,4.593,1.42,2140000.0,underperform
6524,2012-03-28 22:01:09,1332986469.0,jci,30.3,11.95,1405.540039,11.64,0.3099999999999987,51.83,13.34,0.53,1.99,3.98,4.79,4.49,15.98,61.45,27880000000.0,27880000000.0,9.53,0.62,0.67,10.12,0.67,6170000000.0,10.12,1660000000.0,2.41,9.30,9.20,241000000.0,0.35,5990000000.0,1.17,16.37,886000000.0,2.03,0.23,78.80,11230000.0,2.00,1.70,12730000.0,outperform
6525,2011-10-13 01:18:12,1318483092.0,jci,29.21,-15.41,1203.660034,18.69,-34.1,44.28,14.19,0.52,1.80,3.93,4.89,4.43,15.41,57.81,25340000000.0,25340000000.0,10.20,0.69,0.65,9.65,0.65,5290000000.0,9.65,1540000000.0,2.24,14.60,21.40,335000000.0,0.49,5180000000.0,1.13,16.71,25340000000.0,2.04,0.23,77.30,14750000.0,2.30,N/A,13380000.0,underperform
6526,2005-12-26 11:58:32,1135616312.0,jci,20.66,18.15,1268.660034,11.68,6.469999999999999,0.387,15.58,0.51,2.31,3.31,4.64,5.45,13.44,143.271,14070000000.0,16239999999.999998,N/A,1.16,0.59,8.185,0.59,3480000000.0,8.185,757200000.0,4.68,4.00,14.40,171300000.0,0.888,2340000000.0,1.043,31.41,858200000.0,N/A,0.48,67.80,3710000.0,2.9,1.90,3390000.0,outperform
6527,2008-12-18 08:14:10,1229606050.0,jci,15.38,62.03,885.2800289999999,24.53,37.5,0.419,10.92,0.28,1.14,2.57,5.15,4.99,10.68,64.175,10560000000.0,14120000000.0,N/A,0.79,0.37,5.147,0.37,5530000000.0,5.147,979000000.0,1.63,96.60,3.30,384000000.0,0.646,3940000000.0,1.088,15.951,1930000000.0,1.58,0.30,78.20,6560000.0,1.1,1.10,5700000.0,outperform
6528,2004-12-17 09:50:00,1103295000.0,jci,17.1,21.23,1194.199951,6.58,14.65,0.513,14.54,0.45,2.29,3.38,4.90,6.40,17.18,137.85,11740000000.0,14240000000.0,11.77,0.93,0.54,7.43,0.54,3220000000.0,7.43,815700000.0,4.242,13.70,12.60,169500000.0,0.89,2670000000.0,0.966,27.355,1460000000.0,0.787,1.02,65.92,2140000.0,2.763,1.14,2220000.0,outperform
6529,2011-07-23 14:04:30,1311444270.0,jci,36.81,-32.82,1325.839966,3.82,-36.64,40.10,17.17,0.73,2.47,4.28,5.10,4.52,16.14,55.23,31290000000.0,31290000000.0,12.27,0.92,0.84,12.09,0.84,5290000000.0,12.09,1600000000.0,2.33,29.20,22.00,401000000.0,0.59,4540000000.0,1.20,16.18,31290000000.0,1.86,0.23,77.30,8310000.000000001,1.60,1.20,5190000.0,underperform
6530,2006-08-29 06:05:05,1156845905.0,jci,20.08,58.37,1304.280029,12.23,46.14,0.726,14.71,0.45,2.00,3.07,4.58,5.05,15.09,159.863,13970000000.0,18600000000.0,N/A,1.06,0.60,8.489,0.60,3480000000.0,8.489,957200000.0,4.86,32.50,18.80,380000000.0,1.943,5010000000.0,1.076,35.431,1220000000.0,0.75,0.48,71.70,2680000.0,1.7,1.40,3960000.0,outperform
6531,2004-09-23 16:30:11,1095971411.0,jci,15.41,12.07,1108.359985,9.65,2.42,0.462,13.78,0.41,2.13,3.19,4.84,6.07,16.80,134.373,10430000000.0,12850000000.0,11.57,0.99,0.50,6.97,0.50,3220000000.0,6.97,761200000.0,3.981,13.70,12.60,120800000.0,0.63,2270000000.0,1.024,25.848,1460000000.0,0.705,2.34,64.90,1880000.0,2.233,1.01,2430000.0,outperform
6532,2009-08-17 06:50:57,1250506257.0,jci,21.87,19.89,979.7299800000001,11.51,8.38,N/A,N/A,0.52,1.88,2.08,1.77,1.39,6.83,50.418,19300000000.0,19300000000.0,N/A,4.46,0.65,14.915,0.65,5530000000.0,14.915,622000000.0,1.05,62.90,29.30,543000000.0,0.912,4780000000.0,1.1,13.816,1260000000.0,2.02,0.30,81.40,47780000.0,8.10,8.10,42900000.0,outperform
6533,2012-07-22 03:08:59,1342940939.0,jci,24.73,60.9,1376.51001,23.18,37.72,55.69,10.08,0.42,1.55,4.08,4.97,4.33,15.74,62.56,23470000000.0,23470000000.0,8.43,0.61,0.55,8.11,0.55,6170000000.0,8.11,1730000000.0,2.51,16.80,2.10,602000000.0,0.87,6660000000.0,0.94,16.83,1350000000.0,1.63,0.23,79.30,16739999.999999998,3.40,2.50,17660000.0,outperform
6534,2012-11-04 04:50:38,1352022638.0,jci,24.87,82.83,1427.589966,23.84,58.989999999999995,50.75,14.74,0.42,1.54,2.92,4.24,3.67,11.57,61.56,23710000000.0,23710000000.0,8.00,0.73,0.56,9.10,0.56,6170000000.0,9.10,1230000000.0,1.78,N/A,3.70,265000000.0,0.39,6070000000.0,1.17,16.94,1560000000.0,1.59,0.24,79.50,16640000.0,3.60,2.50,17320000.0,outperform
6535,2005-02-05 01:20:11,1107584411.0,jci,16.83,15.86,1193.189941,6.51,9.35,0.499,14.11,0.42,2.16,3.31,4.73,6.19,16.23,140.592,11320000000.0,13830000000.0,11.46,1.02,0.51,7.2,0.51,3520000000.0,7.2,813500000.0,4.21,19.70,17.30,240700000.0,1.26,2790000000.0,1.035,27.355,1490000000.0,0.8,0.98,64.93,2550000.0,4.17,1.35,2680000.0,outperform
6536,2003-10-27 11:00:35,1067270435.0,jci,14.63,8.07,1031.130005,7.75,0.3200000000000003,0.546,14.54,0.41,2.17,3.22,5.13,5.98,17.41,239.197,9360000000.0,11580000000.0,11.18,1.02,0.51,9.97,0.51,2850000000.0,9.97,675700000.0,7.185,25.50,9.10,136100000.0,1.52,2350000000.0,1.006,47.85,N/A,0.828,1.49,69.63,1120000.0,2.442,1.26,1420000.0,outperform
6537,2004-08-31 09:10:34,1093957834.0,nem,38.28,-10.06,1104.23999,10.51,-20.57,0.234,43.02,5.03,2.60,15.95,22.72,5.44,6.43,8.932,19380000000.0,19460000000.0,32.62,3.61,5.02,12.71,5.02,1510000000.0,12.71,438880000.0,1.016,200.90,17.10,1680000000.0,3.78,1760000000.0,2.685,16.907,930960000.0,0.142,4.01,66.70,4240000.0,0.349,1.00,12130000.0,underperform
6538,2009-02-03 06:40:02,1233661202.0,nem,34.9,19.05,838.51001,30.86,-11.809999999999999,0.433,32.38,2.88,2.24,8.84,27.11,6.70,1.44,13.796,17890000000.0,20500000000.0,N/A,1.11,3.27,8.345,3.27,2370000000.0,8.345,113000000.0,1.22,50.60,13.90,880000000.0,1.937,3500000000.0,1.694,17.775,1730000000.0,0.53,0.09,86.40,10760000.0,1.4,2.40,11520000.0,underperform
6539,2005-01-11 06:16:56,1105442216.0,nem,36.74,39.11,1182.98999,9.4,29.71,0.221,40.56,4.43,2.40,16.85,22.31,5.98,6.30,9.403,18490000000.0,18560000000.0,27.96,7.42,4.46,11.64,4.46,1400000000.0,11.64,453170000.0,1.027,200.90,17.10,1550000000.0,3.49,1690000000.0,2.431,17.273001,1110000000.0,0.05,10.05,67.76,16160000.0,2.769,4.05,16370000.000000002,outperform
6540,2011-12-31 21:03:14,1325383394.0,nem,55.19,-21.31,1249.640015,13.48,-34.79,25.37,13.67,2.95,2.15,21.75,41.84,9.91,19.57,20.55,31700000000.0,31700000000.0,10.02,0.85,3.13,5.95,3.13,6060000000.0,5.95,2370000000.0,4.39,8.20,5.70,2230000000.0,4.51,4240000000.0,1.42,28.01,3510000000.0,0.11,0.07,84.80,14840000.0,2.70,3.10,15810000.0,underperform
6541,2007-01-28 18:43:40,1170027820.0,nem,38.95,26.03,1423.900024,-4.91,30.94,0.217,31.66,4.09,2.20,12.93,28.42,6.02,8.15,10.871,19930000000.0,N/A,N/A,N/A,N/A,N/A,N/A,1940000000.0,N/A,708000000.0,1.398,57.10,3.80,1330000000.0,2.959,1960000000.0,1.583,20.07,1280000000.0,0.96,1.61,70.10,15700000.0,2.7,3.70,14420000.0,outperform
6542,2003-12-14 15:01:00,1071432060.0,nem,39.79,-0.9,1071.209961,11.9,-12.8,0.23,44.26,5.67,3.18,19.20,24.50,6.38,7.68,8.207,19240000000.0,20070000000.0,34.80,2.59,6.01,13.49,6.01,1130000000.0,13.49,432180000.0,1.062,N/A,64.00,544180000.0,1.33,1370000000.0,1.608,14.56,N/A,0.028,3.99,67.19,13020000.0,2.295,3.31,12120000.0,underperform
6543,2012-06-26 07:49:00,1340711340.0,nem,45.12,-41.13,1319.98999,21.46,-62.59,38.28,72.39,2.29,1.85,3.23,39.75,9.41,6.80,21.39,27540000000.0,27540000000.0,9.19,0.15,2.60,5.22,2.60,6470000000.0,5.22,549000000.0,0.67,4.70,8.80,2790000000.0,5.63,6150000000.0,2.37,26.39,3200000000.0,0.11,0.13,32.10,11280000.0,1.60,2.30,10130000.0,underperform
6544,2004-11-14 20:14:36,1100481276.0,nem,41.98,-9.29,1173.47998,5.14,-14.43,0.221,48.34,5.18,2.81,16.85,22.31,5.98,6.30,9.403,22040000000.0,22180000000.0,34.01,4.14,5.33,13.91,5.33,1400000000.0,13.91,453170000.0,1.027,200.90,17.10,1550000000.0,3.49,1690000000.0,2.431,17.273001,1110000000.0,0.004,4.01,66.81,14620000.0,3.102,3.43,16570000.0,underperform
6545,2007-03-12 13:10:53,1173719453.0,nem,37.83,22.71,1406.599976,-6.11,28.82,0.205,24.17,3.82,2.04,15.86,28.55,6.07,9.48,11.082,19060000000.0,19700000000.0,N/A,1.39,3.95,9.356,3.95,2300000000.0,9.356,840000000.0,1.75,259.70,13.00,1270000000.0,2.829,1910000000.0,1.519,20.76,1230000000.0,1.01,0.66,74.30,14100000.0,2.5,3.30,15700000.0,outperform
6546,2012-10-18 16:28:01,1350592081.0,nem,52.11,-49.2,1457.339966,19.7,-68.9,38.33,119.61,2.67,2.15,2.25,37.66,8.56,4.99,21.05,31910000000.0,31910000000.0,10.90,0.12,3.06,6.39,3.06,6470000000.0,6.39,305000000.0,0.46,27.90,6.50,2029999999.9999998,4.09,6130000000.0,2.23,26.02,3140000000.0,0.11,0.13,83.40,12350000.0,1.80,2.50,9530000.0,underperform
6547,2007-04-08 13:24:16,1176053056.0,nem,38.52,7.61,1443.76001,-4.93,12.54,0.205,24.93,3.93,2.09,15.86,28.55,6.07,9.48,11.082,19660000000.0,20300000000.0,N/A,1.58,4.07,9.643,4.07,2300000000.0,9.643,840000000.0,1.75,259.70,13.00,1270000000.0,2.829,1910000000.0,1.519,20.76,1230000000.0,1.14,0.66,74.30,16070000.0,2.2,3.80,14100000.0,outperform
6548,2012-04-03 23:15:02,1333509302.0,nem,47.05,-21.04,1413.380005,9.93,-30.97,27.35,68.96,2.49,2.00,3.53,40.12,9.78,7.04,20.97,28260000000.0,28260000000.0,8.99,0.24,2.73,5.38,2.73,6470000000.0,5.38,502000000.0,0.73,N/A,N/A,1850000000.0,3.75,4310000000.0,1.37,26.05,3580000000.0,0.07,0.08,32.90,12120000.0,1.70,2.50,12850000.0,underperform
6549,2011-03-11 04:35:23,1299836123.0,nem,47.75,10.24,1304.280029,3.71,6.53,28.26,11.31,N/A,N/A,23.87,43.74,10.88,22.20,19.39,N/A,26410000000.0,10.91,15.20,2.77,5.10,2.77,6060000000.0,5.10,2300000000.0,4.55,45.50,1.20,4170000000.0,8.46,4440000000.0,2.64,0.00,N/A,0.40,0.07,86.60,12700000.0,1.90,2.60,12030000.0,outperform
6550,2008-12-21 16:57:51,1229896671.0,nem,33.4,27.4,885.2800289999999,25.84,1.5599999999999987,0.433,31.34,2.70,2.09,8.84,27.11,6.70,1.44,13.796,17310000000.0,19930000000.0,N/A,1.01,3.18,8.112,3.18,2370000000.0,8.112,113000000.0,1.22,50.60,13.90,880000000.0,1.937,3500000000.0,1.694,17.775,1730000000.0,0.6,0.09,86.80,10510000.0,0.9,2.40,9050000.0,outperform
6551,2013-04-05 00:57:59,1365137879.0,nem,38.02,-36.38,1553.280029,21.74,-58.120000000000005,37.16,10.78,1.94,1.39,18.33,32.90,7.28,13.41,19.90,25460000000.0,25460000000.0,7.87,5.63,2.58,5.86,2.58,5630000000.0,5.86,1880000000.0,3.63,N/A,10.50,1650000000.0,3.32,6300000000.0,1.89,27.73,2370000000.0,0.18,0.13,82.40,14770000.0,1.60,3.40,15860000.0,underperform
6552,2006-06-19 06:48:55,1150714135.0,nem,43.13,-16.32,1240.130005,23.67,-39.99,0.22,50.36,4.92,2.61,9.70,26.82,5.54,6.02,10.323,22470000000.0,22860000000.0,N/A,0.69,4.96,12.286,4.96,1940000000.0,12.286,502000000.0,0.994,148.80,21.50,1510000000.0,3.373,1910000000.0,1.804,19.316,1290000000.0,1.31,1.61,68.20,12480000.0,1.6,3.00,14250000.0,underperform
6553,2012-04-26 17:01:33,1335474093.0,nem,44.61,-27.55,1399.97998,13.02,-40.57,27.35,65.01,2.27,1.82,3.53,40.12,9.78,7.04,20.97,25960000000.0,25960000000.0,8.58,0.23,2.51,4.94,2.51,6470000000.0,4.94,502000000.0,0.73,N/A,N/A,1850000000.0,3.75,4310000000.0,1.37,26.05,3580000000.0,0.07,0.08,32.90,9390000.0,1.10,1.90,10120000.0,underperform
6554,2008-10-29 22:27:23,1225333643.0,nem,23.17,67.76,930.090027,14.62,53.14000000000001,0.389,15.61,1.85,1.40,11.63,32.75,8.54,0.52,14.313,11760000000.0,14260000000.0,N/A,0.65,2.20,4.983,2.20,2370000000.0,4.983,41000000.0,1.659,N/A,19.30,1110000000.0,2.44,3350000000.0,1.762,18.927999,2089999999.9999998,0.34,0.09,86.40,13810000.0,1.2,3.10,16129999.999999998,outperform
6555,2008-09-16 22:16:46,1221617806.0,nem,35.39,20.37,1213.599976,-11.93,32.3,0.389,23.84,2.68,2.03,11.63,32.75,8.54,0.52,14.313,17960000000.0,19670000000.0,N/A,1.09,3.03,6.874,3.03,2370000000.0,6.874,41000000.0,1.66,N/A,19.30,1110000000.0,2.44,3350000000.0,1.762,18.927999,2089999999.9999998,0.03,0.07,86.30,15530000.0,2.4,3.50,15060000.0,outperform
6556,2011-10-07 01:54:05,1317966845.0,nem,58.29,-9.8,1155.459961,25.58,-35.379999999999995,25.36,14.30,3.12,2.17,22.51,43.06,10.46,20.91,20.25,33390000000.0,33390000000.0,10.82,1.83,3.34,6.22,3.34,6060000000.0,6.22,2410000000.0,4.48,1.30,10.70,2060000000.0,4.16,4310000000.0,1.72,28.99,33390000000.0,0.36,0.07,84.80,16850000.0,2.00,N/A,14130000.0,underperform
6557,2011-06-07 15:27:13,1307474833.0,nem,48.5,-0.35,1284.939941,2.35,-2.7,26.65,11.87,2.70,1.87,23.00,43.71,10.78,20.46,19.82,26150000000.0,26150000000.0,11.62,3.43,2.68,4.92,2.68,6060000000.0,4.92,2270000000.0,4.47,5.90,9.90,4660000000.0,9.45,4430000000.0,2.25,28.54,26150000000.0,0.42,0.07,84.80,10640000.0,1.60,2.20,11640000.0,underperform
6558,2013-05-20 09:22:07,1369056127.0,nem,31.17,-24.38,1666.290039,12.4,-36.78,37.31,9.32,1.63,1.10,17.45,29.72,5.95,11.31,18.86,20170000000.0,20170000000.0,9.12,0.50,2.15,5.15,2.15,5630000000.0,5.15,1640000000.0,3.29,35.70,18.90,1450000000.0,2.92,6390000000.0,2.12,27.94,2200000000.0,0.22,0.13,82.40,16840000.0,1.60,3.90,15850000.0,underperform
6559,2006-08-13 13:32:18,1155490338.0,nem,46.38,-21.52,1271.810059,14.24,-35.76,0.215,41.73,4.83,2.67,11.34,29.93,6.49,6.79,10.999,23270000000.0,23700000000.0,N/A,0.72,4.81,11.338,4.81,1940000000.0,11.338,575000000.0,1.24,222.00,31.40,1490000000.0,3.311,1910000000.0,1.709,19.785,1490000000.0,1.25,1.61,68.60,15560000.0,2.4,3.70,13770000.0,underperform
6560,2011-11-18 13:28:09,1321640889.0,kss,51.07,-5.09,1215.650024,11.5,-16.59,65.51,12.92,0.77,2.24,6.40,11.76,9.41,16.03,67.05,17990000000.0,17990000000.0,10.51,0.91,0.96,6.03,0.96,7030000000.0,6.03,1200000000.0,4.26,29.40,3.70,760000000.0,2.88,4240000000.0,1.67,24.51,17990000000.0,0.66,16.82,83.40,14220000.0,2.80,5.50,13740000.0,underperform
6561,2008-01-28 18:43:36,1201563816.0,kss,39.51,-13.69,1353.959961,-37.54,23.85,0.383,11.80,0.80,2.26,7.06,11.65,11.58,20.41,51.072,13260000000.0,15030000000.0,N/A,0.74,0.92,6.426,0.92,5650000000.0,6.426,1160000000.0,3.58,13.60,4.80,320670000.0,1.022,2230000000.0,1.624,18.518999,1080000000.0,1.02,7.76,88.70,10150000.0,2.4,3.50,11480000.0,outperform
6562,2013-04-22 02:24:48,1366611888.0,kss,45.45,17.69,1562.5,20.29,-2.599999999999998,75.28,11.38,0.54,1.72,5.11,9.80,8.42,15.71,82.04,14550000000.0,14550000000.0,9.86,1.47,0.76,5.34,0.76,6990000000.0,5.34,986000000.0,4.17,17.30,5.40,537000000.0,2.42,4550000000.0,1.86,27.24,1260000000.0,0.60,7.46,89.00,13670000.0,5.00,7.50,12750000.0,underperform
6563,2013-03-14 18:58:45,1363301925.0,kss,47.12,14.94,1563.22998,17.78,-2.8400000000000016,75.28,11.78,0.57,1.83,5.11,9.80,8.44,15.71,82.04,14610000000.0,14610000000.0,10.15,1.73,0.76,5.36,0.76,7180000000.0,5.36,986000000.0,4.17,17.10,5.40,537000000.0,2.37,4550000000.0,1.86,26.64,1260000000.0,0.60,7.46,89.00,13250000.0,4.40,6.70,12740000.0,underperform
6564,2012-07-22 07:35:07,1342956907.0,kss,46.42,11.61,1376.51001,23.18,-11.57,67.41,11.31,0.63,1.90,5.93,11.06,9.13,16.16,72.99,14910000000.0,14910000000.0,9.45,0.78,0.79,5.18,0.79,7180000000.0,5.18,1120000000.0,4.31,23.40,1.90,1030000000.0,4.29,4250000000.0,1.68,26.03,2190000000.0,0.67,7.36,89.40,19180000.0,4.30,9.70,17910000.0,underperform
6565,2007-04-13 11:16:07,1176477367.0,kss,70.2,-45.1,1452.849976,-6.77,-38.33,0.189,23.54,1.61,4.47,7.13,11.68,12.75,19.18,46.774,25040000000.0,25480000000.0,N/A,0.97,1.64,11.357,1.64,5650000000.0,11.357,1110000000.0,3.31,29.30,16.70,620400000.0,1.932,1060000000.0,1.773,17.457001,3100000000.0,0.36,9.87,90.60,10380000.0,3.8,3.50,10360000.0,underperform
6566,2009-08-14 21:04:08,1250298248.0,kss,47.02,-7.64,1004.090027,8.5,-16.14,N/A,18.23,0.98,2.33,5.30,9.24,8.55,13.39,53.78,17180000000.0,17180000000.0,N/A,1.36,1.05,8.307,1.05,6060000000.0,8.307,869000000.0,2.84,10.50,0.40,894000000.0,2.927,2069999999.9999998,2.103,22.5,1750000000.0,1.07,6.53,94.00,24650000.0,8.60,8.60,24950000.0,underperform
6567,2012-09-23 18:03:37,1348437817.0,kss,50.21,0.88,1460.26001,16.54,-15.659999999999998,68.39,12.46,0.66,2.02,5.63,10.61,9.01,16.00,75.67,16079999999.999998,16079999999.999998,10.30,1.06,0.85,5.73,0.85,7180000000.0,5.73,1060000000.0,4.24,19.70,1.00,600000000.0,2.56,4230000000.0000005,1.70,26.33,1840000000.0,0.58,7.36,89.40,17570000.0,5.70,8.80,16890000.0,underperform
6568,2008-01-25 17:12:27,1201299147.0,kss,38.03,-10.02,1330.609985,-36.85,26.830000000000002,0.383,11.91,0.82,2.33,7.06,11.65,11.58,20.41,51.072,13390000000.0,15420000000.0,N/A,0.76,0.94,6.591,0.94,5650000000.0,6.591,1160000000.0,3.58,13.60,4.80,320670000.0,1.022,2230000000.0,1.624,18.518999,1080000000.0,1.02,7.76,89.50,10150000.0,2.4,3.50,11480000.0,outperform
6569,2009-11-12 02:51:51,1258012311.0,kss,49.66,-5.88,1087.23999,10.3,-16.18,N/A,19.33,1.04,2.42,5.24,9.15,8.22,12.93,54.046,17940000000.0,17940000000.0,N/A,1.36,1.09,8.657,1.09,6060000000.0,8.657,864000000.0,2.82,3.00,2.20,1350000000.0,4.431,2069999999.9999998,2.038,23.32,1840000000.0,1.07,6.53,93.30,12880000.0,2.9,4.50,12990000.0,underperform
6570,2004-10-15 17:00:12,1097874012.0,kss,44.62,-6.14,1108.199951,6.27,-12.41,0.244,26.58,1.51,3.65,5.88,10.03,9.29,15.37,31.443,16860000000.0,17230000000.0,19.12,0.97,1.59,12.78,1.59,3400000000.0,12.78,637560000.0,1.856,8.10,12.70,269220000.0,0.79,1090000000.0,2.429,13.135,1070000000.0000001,1.025,39.01,78.38,14190000.0,4.437,6.81,14020000.0,underperform
6571,2005-01-25 01:23:58,1106634238.0,kss,41.86,-1.53,1168.410034,8.24,-9.77,0.312,23.81,1.42,3.38,5.90,10.04,9.05,15.26,32.448,15690000000.0,17190000000.0,18.01,1.01,1.54,12.32,1.54,3400000000.0,12.32,660170000.0,1.921,8.10,12.70,111720000.0,0.33,1460000000.0,1.923,13.651,933640000.0,1.005,12.01,80.81,10820000.0,3.242,3.58,10930000.0,underperform
6572,2013-05-11 11:38:56,1368286736.0,kss,45.13,17.7,1632.689941,14.88,2.8199999999999985,75.28,11.73,0.56,1.77,5.11,9.80,8.42,15.71,82.04,14740000000.0,14740000000.0,10.27,1.53,0.77,5.41,0.77,6990000000.0,5.41,986000000.0,4.17,17.30,5.40,537000000.0,2.42,4550000000.0,1.86,27.24,1260000000.0,0.60,7.46,89.00,14200000.0,6.00,7.80,13670000.0,outperform
6573,2004-04-12 00:38:03,1081744683.0,kss,39.97,19.54,1145.199951,3.72,15.819999999999999,0.26,25.74,1.55,3.80,5.75,9.95,9.06,15.48,29.875,15080000000.0,16020000000.0,17.05,0.85,1.56,12.72,1.56,3140000000.0,12.72,591150000.0,1.722,29.80,21.80,147030000.0,0.43,1090000000.0,2.695,12.322,861660000.0,1.042,39.01,79.00,12370000.0,3.305,5.96,12330000.0,outperform
6574,2011-08-16 07:38:51,1313494731.0,kss,43.62,10.02,1192.76001,17.84,-7.82,22.79,12.66,0.72,1.72,6.08,10.40,9.03,14.15,61.88,13480000000.0,13480000000.0,9.41,0.81,0.73,5.21,0.73,7030000000.0,5.21,1130000000.0,3.75,6.00,3.10,1670000000.0,5.93,1780000000.0,2.03,27.65,13480000000.0,0.85,16.82,83.40,9100000.0,2.60,3.50,9260000.0,underperform
6575,2012-10-12 13:10:31,1350061831.0,kss,48.65,2.63,1428.589966,15.95,-13.32,68.39,12.07,0.64,1.94,5.63,10.61,9.01,16.00,75.67,15630000000.0,15630000000.0,10.01,1.00,0.83,5.57,0.83,7180000000.0,5.57,1060000000.0,4.24,19.70,1.00,600000000.0,2.56,4230000000.0000005,1.70,26.33,1840000000.0,0.54,7.32,95.20,13330000.0,4.90,6.70,15560000.0,underperform
6576,2013-05-21 08:37:22,1369139842.0,amgn,101.4,10.97,1669.160034,13.11,-2.139999999999999,122.58,17.30,4.39,3.93,26.33,34.08,7.37,23.95,22.82,81840000000.0,81840000000.0,12.37,1.58,4.69,11.60,4.69,14350000000.0,11.60,4600000000.0,5.91,21.10,4.70,21270000000.0,28.36,23890000000.0,5.58,26.00,5960000000.0,0.54,0.13,81.00,9790000.0,2.10,1.30,10620000.0,underperform
6577,2004-06-20 03:00:06,1087714806.0,amgn,50.49,13.27,1132.050049,7.42,5.85,0.158,28.96,7.68,3.52,27.48,37.56,9.58,12.81,6.661,68010000000.00001,66590000000.0,18.83,1.06,7.45,18.03,7.45,7020000000.0,18.03,2460000000.0,1.847,N/A,51.30,4510000000.0,3.55,3090000000.0,1.452,15.319,3180000000.0,0.542,9.71,70.25,19030000.0,1.82,1.66,18380000.0,outperform
6578,2005-04-03 20:54:40,1112576080.0,amgn,54.45,23.49,1180.589966,9.93,13.559999999999999,0.259,31.95,6.91,3.72,22.40,31.73,8.81,12.07,7.992,71840000000.0,71150000000.0,17.48,1.10,6.74,19.33,6.74,8820000000.0,19.33,2360000000.0,1.80,4.60,26.30,5810000000.0,4.64,5110000000.0,2.206,15.639,3700000000.0,0.563,0.68,68.36,18590000.0,2.45,1.49,19160000.0,outperform
6579,2007-01-13 04:30:28,1168680628.0,amgn,66.45,-33.05,1414.849976,0.39,-33.44,0.508,30.05,6.12,4.73,21.46,37.22,10.68,15.38,11.485,85470000000.0,87110000000.0,N/A,1.22,6.36,13.926,6.36,10350000000.0,13.926,2940000000.0,2.44,14.00,14.50,5780000000.0,4.956,9010000000.0,1.695,15.198,5280000000.0,1.49,0.39,73.40,27620000.0,3.5,2.40,33580000.0,underperform
6580,2008-12-20 23:25:31,1229833531.0,amgn,54.65,-6.57,904.419983,21.19,-27.76,0.564,15.38,4.10,3.10,27.14,37.59,10.00,22.16,13.912,61270000000.0,62690000000.0,N/A,1.26,4.18,9.304,4.18,12220000000.0,9.304,4070000000.0000005,3.76,476.10,7.30,9760000000.0,9.209,11180000000.0,3.155,18.726999,6120000000.0,0.15,0.10,80.80,23030000.0,1.9,2.20,24170000.0,underperform
6581,2011-11-03 07:54:04,1320321244.0,amgn,52.39,58.27,1261.150024,12.14,46.13,60.57,13.57,3.12,2.05,24.41,34.23,7.40,15.84,16.67,44760000000.0,44760000000.0,9.66,1.39,2.90,7.07,2.90,12830000000.0,7.07,3770000000.0,4.04,63.30,3.40,17680000000.0,20.11,14260000000.0,4.60,26.80,44760000000.0,0.62,0.12,80.60,21120000.0,3.70,2.30,19580000.0,outperform
6582,2007-02-20 01:06:31,1171951591.0,amgn,62.07,-28.65,1459.680054,-6.83,-21.82,0.475,26.92,5.58,4.20,20.68,35.83,10.59,14.97,12.133,77810000000.0,80540000000.0,N/A,0.97,5.65,12.659,5.65,10350000000.0,12.659,2950000000.0,2.48,1.10,17.20,6280000000.0,5.383,9010000000.0,1.668,16.264,N/A,1.48,0.20,67.80,30120000.0,4.2,2.60,27620000.0,underperform
6583,2008-01-23 20:49:44,1201139384.0,amgn,41.86,23.41,1338.599976,-38.18,61.59,0.669,16.39,3.33,2.92,21.29,36.02,10.13,18.27,13.088,49290000000.0,54740000000.0,N/A,1.05,3.68,8.483,3.68,12170000000.0,8.483,3160000000.0,2.77,81.80,N/A,5950000000.0,5.471,11310000000.0,2.769,15.552,5110000000.0,1.74,0.06,72.40,29400000.0,2.8,2.70,29110000.0,outperform
6584,2005-02-07 02:29:15,1107761355.0,amgn,59.07,15.51,1201.719971,4.42,11.09,0.259,34.86,7.90,3.98,22.40,31.73,8.81,12.07,7.992,79700000000.0,78370000000.0,19.13,1.17,7.43,21.29,7.43,7020000000.0,21.29,2360000000.0,1.80,N/A,51.30,5810000000.0,4.61,5110000000.0,1.555,15.597,3780000000.0,0.521,0.81,68.24,19110000.0,3.064,1.53,23240000.0,outperform
6585,2008-12-02 19:44:38,1228265078.0,amgn,51.11,5.24,848.8099980000001,30.68,-25.439999999999998,0.564,14.30,3.87,2.92,27.14,37.59,10.00,22.16,13.912,56930000000.0,59420000000.0,N/A,1.22,3.96,8.819,3.96,12220000000.0,8.819,4070000000.0000005,3.76,476.10,7.30,9760000000.0,9.213,11180000000.0,3.155,18.726999,6120000000.0,0.15,0.09,80.50,24170000.0,2.3,2.30,24490000.0,underperform
6586,2007-04-10 04:13:19,1176192799.0,amgn,53.43,-27.18,1448.390015,-6.48,-20.7,0.475,23.07,4.77,3.59,20.68,35.88,10.59,14.97,12.133,66769999999.99999,69500000000.0,N/A,0.90,4.87,11.02,4.87,12170000000.0,11.02,2950000000.0,2.48,1.10,17.20,6280000000.0,5.377,9010000000.0,1.668,16.264,5390000000.0,1.47,0.20,73.20,33420000.0,1.9,2.90,27460000.0,underperform
6587,2004-04-27 13:52:18,1083088338.0,amgn,56.06,-3.37,1138.109985,1.61,-4.98,0.159,32.31,8.46,3.91,27.48,36.99,9.62,12.88,6.667,76320000000.0,73560000000.0,21.07,1.17,8.23,21.46,8.23,7020000000.0,21.46,2460000000.0,1.845,N/A,51.30,5120000000.0,3080000000.0,3080000000.0,3.295,15.104,3570000000.0,0.478,9.71,70.43,18790000.0,2.331,1.63,18600000.0,underperform
6588,2005-03-25 04:19:49,1111742389.0,amgn,54.42,24.49,1171.709961,11.38,13.109999999999998,0.259,32.86,6.99,3.76,22.40,31.73,8.81,12.07,7.992,73890000000.0,73040000000.0,17.98,1.13,6.92,19.84,6.92,8820000000.0,19.84,2360000000.0,1.80,4.60,26.30,5810000000.0,4.64,5110000000.0,2.206,15.639,3700000000.0,0.563,0.68,68.47,19160000.0,2.552,1.54,19110000.0,outperform
6589,2008-01-03 05:51:44,1199357504.0,amgn,42.74,29.11,1447.160034,-35.61,64.72,0.669,16.85,3.40,2.99,21.29,36.02,10.13,18.27,13.088,50680000000.0,56050000000.0,N/A,1.10,3.77,8.685,3.77,12170000000.0,8.685,3160000000.0,2.77,81.80,N/A,5950000000.0,5.471,11310000000.0,2.769,15.552,5110000000.0,1.74,0.06,72.80,29400000.0,2.8,2.70,29110000.0,outperform
6590,2007-06-29 14:24:56,1183141496.0,amgn,51.72,-15.31,1503.349976,-12.07,-3.24,0.371,21.50,4.35,3.25,20.76,35.87,10.78,16.49,12.626,64680000000.00001,66620000000.00001,N/A,1.13,4.52,10.252,4.52,12170000000.0,10.252,3060000000.0,2.594,11.00,14.60,4840000000.0,4.171,7310000000.0,2.285,17.01,5100000000.0,1.44,0.20,74.40,25600000.0,1.5,2.20,27990000.0,underperform
6591,2004-10-15 12:11:48,1097856708.0,amgn,51.66,35.39,1108.199951,6.27,29.12,0.159,27.55,7.21,3.52,27.39,37.41,10.03,13.42,7.105,68360000000.0,67200000000.0,19.08,1.16,7.09,17.31,7.09,7020000000.0,17.31,2600000000.0,1.96,N/A,51.30,4260000000.0,3.37,3100000000.0,1.369,15.34,3360000000.0,0.615,9.71,69.49,24460000.0,3.129,2.14,28310000.0,outperform
6592,2007-05-27 15:33:54,1180294434.0,amgn,,,1507.51001,-8.73,,0.371,21.03,4.29,3.21,20.76,35.87,10.78,16.49,12.626,63260000000.0,65739999999.99999,N/A,1.15,4.46,10.116,4.46,12170000000.0,10.116,3060000000.0,2.59,11.00,14.60,4840000000.0,4.171,7310000000.0,2.285,17.01,5100000000.0,1.69,0.20,70.90,27990000.0,1.9,2.40,33420000.0,underperform
6593,2013-02-06 15:47:07,1360183627.0,amgn,83.4,36.55,1512.119995,17.28,19.269999999999996,139.19,15.68,3.79,3.43,25.17,35.70,7.47,22.82,22.28,67879999999.99999,67879999999.99999,10.68,1.14,3.93,9.36,3.93,13160000000.0,9.36,4340000000.0,5.52,15.60,11.30,24060000000.0,31.83,26530000000.0,3.85,25.21,N/A,0.50,0.12,80.40,16530000.000000002,4.00,2.10,18030000.0,outperform
6594,2011-09-02 18:17:06,1315001826.0,amgn,50.88,57.82,1173.969971,20.15,37.67,54.38,11.37,3.32,1.98,29.72,34.88,7.62,18.67,16.30,45600000000.0,45600000000.0,9.73,1.45,2.98,7.13,2.98,12830000000.0,7.13,4550000000.0,4.81,2.70,4.10,19170000000.0,20.75,13930000000.0,5.56,27.72,45600000000.0,0.50,0.12,80.60,11700000.0,1.40,1.30,9940000.0,outperform
6595,2009-04-28 22:10:42,1240971042.0,amgn,47.18,15.35,855.159973,39.31,-23.96,N/A,12.92,3.46,2.58,27.97,37.59,9.92,21.94,14.021,52510000000.0,52510000000.0,N/A,0.93,3.50,7.822,3.50,12710000000.0,7.822,4200000000.0,3.90,15.10,0.20,9550000000.0,9.238,10180000000.0,3.115,19.471001,5990000000.0,0.32,0.09,82.70,23100000.0,2.5,2.20,22820000.0,underperform
6596,2013-04-25 00:13:31,1366863211.0,amgn,105.24,4.39,1585.160034,17.55,-13.16,139.19,19.01,4.89,4.47,25.17,34.66,7.25,22.82,22.28,85830000000.0,85830000000.0,12.64,1.60,4.97,12.14,4.97,14350000000.0,12.14,4340000000.0,5.52,15.60,17.10,24060000000.0,32.15,26530000000.0,3.81,25.20,5880000000.0,0.54,0.13,81.00,10250000.0,2.30,1.40,12030000.0,underperform
6597,2012-01-03 15:47:25,1325623645.0,amgn,60.6,41.7,1277.060059,14.51,27.190000000000005,60.57,16.01,3.64,2.40,24.41,33.97,7.35,15.84,16.67,52870000000.0,52870000000.0,11.05,1.60,3.42,8.38,3.42,12830000000.0,8.38,3770000000.0,4.04,63.30,3.40,17680000000.0,20.17,14260000000.0,4.60,26.80,5540000000.0,0.60,0.12,80.60,38610000.0,3.50,4.10,21850000.0,outperform
6598,2007-04-27 09:07:53,1177679273.0,amgn,59.19,-32.54,1494.069946,-7.64,-24.9,0.475,25.23,5.12,3.85,20.68,35.88,10.59,14.97,12.133,73030000000.0,75760000000.0,N/A,0.96,5.31,12.012,5.31,12170000000.0,12.012,2950000000.0,2.479,1.10,17.20,6280000000.0,5.377,9010000000.0,1.668,16.264,5390000000.0,1.47,0.20,73.10,33420000.0,1.9,2.90,27460000.0,underperform
6599,2003-10-02 16:37:55,1065127075.0,amgn,61.88,-12.69,1020.23999,10.91,-23.6,0.163,N/A,12.10,4.51,14.78,4.63,4.86,6.67,5.346,85040000000.0,83650000000.0,28.08,1.61,11.84,N/A,11.84,4790000000.0,N/A,1040000000.0,N/A,224.30,37.50,4990000000.0,3.86,3090000000.0,4.13,14.7,N/A,0.738,9.71,71.46,28000000.0,3.881,2.40,28230000.0,underperform
6600,2012-06-10 01:02:37,1339304557.0,amgn,66.0,44.89,1314.98999,24.93,19.96,113.43,16.15,3.39,2.86,23.57,33.61,7.25,17.06,18.26,55600000000.0,55600000000.0,10.14,1.09,3.50,8.71,3.50,13160000000.0,8.71,3740000000.0,4.26,5.20,7.90,19370000000.0,24.91,21410000000.0,3.24,24.16,5060000000.0,0.62,0.12,81.60,14460000.0,3.50,1.80,14260000.0,outperform
6601,2006-12-06 03:06:27,1165392387.0,dov,43.18,-4.56,1412.900024,6.68,-11.239999999999998,0.406,18.30,1.47,2.69,8.03,13.00,8.19,16.89,34.262,10190000000.0,11420000000.0,N/A,1.24,1.64,10.044,1.64,2080000000.0,10.044,596650000.0,2.729,36.60,21.10,339170000.0,1.661,1540000000.0,1.896,18.594999,875980000.0,1.41,2.12,84.70,1370000.0,0.9,0.70,N/A,underperform
6602,2005-04-18 10:03:38,1113833018.0,dov,30.73,36.48,1145.97998,14.08,22.4,0.35,17.83,1.32,2.33,7.46,11.16,7.55,14.15,26.799,7270000000.0,8000000000.0,12.93,1.10,1.46,10.35,1.46,1890000000.0,10.35,409140000.0,2.00,40.90,24.40,357610000.0,1.76,1090000000.0,1.586,15.325,600880000.0,1.181,0.98,78.17,1920000.0,2.186,0.95,1850000.0,outperform
6603,2008-06-08 18:12:43,1212963163.0,dov,47.66,-32.46,1404.050049,-33.11,0.6499999999999986,0.548,15.26,1.39,2.56,9.23,13.73,7.87,16.95,37.121,9830000000.0,11380000000.0,N/A,0.96,1.55,9.008,1.55,2620000000.0,9.008,665040000.0,3.40,14.20,7.90,635690000.0,3.357,2180000000.0,2.004,21.051001,965320000.0,1.19,0.83,84.60,3620000.0,1.5,2.00,2240000.0,outperform
6604,2007-04-06 18:35:07,1175898907.0,dov,42.6,-9.77,1437.77002,-4.89,-4.88,0.465,17.98,1.55,2.64,8.63,14.00,8.26,16.90,31.955,10060000000.0,11460000000.0,N/A,1.04,1.76,10.054,1.76,2350000000.0,10.054,603330000.0,2.73,2.10,20.40,373620000.0,1.825,1770000000.0,1.584,18.653,894710000.0,1.54,0.90,81.80,2029999.9999999998,1.6,1.00,N/A,underperform
6605,2007-03-23 17:49:14,1174686554.0,dov,42.37,-15.34,1436.109985,-9.59,-5.75,0.465,17.82,1.53,2.61,8.63,14.00,8.26,16.90,31.955,9970000000.0,11370000000.0,N/A,1.02,1.75,9.973,1.75,2350000000.0,9.973,603330000.0,2.73,2.10,20.40,373620000.0,1.825,1770000000.0,1.584,18.653,894710000.0,1.51,0.90,82.00,0.7,0.7,0.40,N/A,underperform
6606,2013-04-23 09:19:53,1366723193.0,dov,67.13,26.89,1578.780029,18.79,8.100000000000001,60.74,14.94,1.42,2.44,10.07,15.69,8.06,17.13,45.76,13980000000.0,13980000000.0,11.54,1.00,1.71,8.41,1.71,3110000000.0,8.41,843700000.0,4.55,7.10,1.20,571360000.0,3.34,2890000000.0,1.50,27.83,1210000000.0,1.54,0.97,90.50,6290000.0,5.80,3.70,6200000.0,outperform
6607,2005-09-07 12:43:03,1126111383.0,dov,35.09,16.02,1236.359985,4.66,11.36,0.357,17.18,1.41,2.63,8.26,10.81,7.07,14.64,29.086,8310000000.000001,9040000000.0,N/A,1.24,1.53,11.173,1.53,1890000000.0,11.173,441020000.0,2.39,54.30,16.00,399670000.0,1.974,1130000000.0,1.607,15.607,609360000.0,N/A,1.27,79.70,2069999.9999999998,2.6,1.00,2069999.9999999998,outperform
6608,2004-11-24 20:41:22,1101346882.0,dov,34.26,,1181.76001,6.18,,0.346,21.42,1.60,2.81,7.51,11.46,7.41,13.94,25.334,8300000000.000001,9020000000.0,17.14,1.54,1.74,12.02,1.74,1360000000.0,12.02,388420000.0,1.904,148.80,6.20,306640000.0,1.51,1020000000.0,1.981,14.538,728710000.0,1.283,1.11,79.06,2650000.0,2.281,1.32,2520000.0,underperform
6609,2005-03-06 23:45:48,1110170748.0,dov,32.86,23.43,1210.469971,5.6,17.83,0.346,20.81,1.53,2.67,7.51,11.46,7.41,13.94,25.334,8060000000.000001,8770000000.0,14.57,1.23,1.70,11.69,1.70,1360000000.0,11.69,388420000.0,1.90,148.80,6.20,306640000.0,1.51,1020000000.0,1.981,14.538,728710000.0,1.282,1.11,78.57,1850000.0,1.486,0.92,2830000.0,outperform
6610,2013-05-10 13:11:15,1368205875.0,dov,71.89,17.96,1633.699951,14.97,2.99,60.74,16.09,1.53,2.63,10.07,15.75,8.09,17.13,45.76,14500000000.0,14500000000.0,12.43,0.96,1.77,8.69,1.77,3110000000.0,8.69,843700000.0,4.55,7.10,4.30,571360000.0,3.34,2890000000.0,1.46,27.83,1210000000.0,1.52,0.97,90.50,7320000.0,6.20,4.30,6290000.0,outperform
6611,2005-01-13 13:27:33,1105640853.0,dov,33.05,11.74,1177.449951,9.36,2.380000000000001,0.346,20.77,1.55,2.72,7.51,11.46,7.41,13.94,25.334,8039999999.999999,8760000000.0,16.61,1.36,1.69,11.67,1.69,1360000000.0,11.67,388420000.0,1.904,148.80,6.20,306640000.0,1.51,1020000000.0,1.981,14.538,728710000.0,1.29,1.11,78.47,2780000.0,3.774,1.38,2650000.0,outperform
6612,2004-06-20 06:13:34,1087726414.0,dov,34.62,-9.71,1132.050049,7.42,-17.130000000000003,0.37,27.00,1.80,3.02,6.68,10.41,6.38,11.88,22.868,8390000000.000001,8990000000.0,17.71,1.54,1.93,14.11,1.93,1360000000.0,14.11,311340000.0,1.528,148.80,6.20,422530000.0,2.08,1030000000.0,2.052,13.677,674050000.0,1.141,1.11,77.18,1060000.0,1.156,0.53,1850000.0,underperform
6613,2008-01-02 01:58:10,1199257090.0,dov,38.95,,1447.160034,-39.92,,0.503,15.92,1.55,2.88,8.22,13.41,7.93,16.87,35.52,9340000000.0,10680000000.0,N/A,1.04,1.48,8.819,1.48,2350000000.0,8.819,649830000.0,2.90,4.20,14.90,446020000.0,2.245,1970000000.0,1.546,16.132999,839790000.0,0.97,0.77,85.00,6120000.0,6.3,3.10,6790000.0,underperform
6614,2004-04-12 19:34:00,1081812840.0,dov,34.44,-4.97,1145.199951,3.72,-8.69,0.389,29.36,1.89,3.04,6.46,10.06,6.05,11.22,21.718,8369999999.999999,9050000000.0,17.91,1.72,2.05,15.2,2.05,1360000000.0,15.2,285220000.0,1.403,148.80,6.20,370380000.0,1.82,1070000000.0000001,2.031,13.517,460980000.0,1.164,1.12,76.12,1600000.0,2.001,0.80,1750000.0,underperform
6615,2013-04-23 03:40:39,1366702839.0,leg,31.34,3.89,1578.780029,18.79,-14.899999999999999,73.18,19.36,1.25,3.22,6.67,9.19,6.93,18.04,25.79,5330000000.0,5330000000.0,18.04,1.31,1.43,11.64,1.43,748000000.0,11.64,245800000.0,1.70,744.80,0.10,359100000.0,2.52,1060000000.0,1.83,10.10,449700000.0,1.09,1.03,72.90,8630000.0,8.40,7.00,9340000.0,underperform
6616,2013-05-09 09:12:44,1368105164.0,leg,31.11,4.73,1626.670044,15.48,-10.75,80.23,19.29,1.28,3.30,6.83,9.26,6.47,18.19,25.61,5400000000.0,5400000000.0,18.27,1.34,1.46,11.77,1.46,748000000.0,11.77,250900000.0,1.72,11.60,1.10,449400000.0,3.15,1160000000.0,1.92,10.08,408600000.0,1.07,1.03,72.90,10460000.0,9.30,8.50,8630000.0,underperform
6617,2012-11-07 11:45:45,1352306745.0,leg,24.85,12.03,1394.530029,25.29,-13.26,75.81,21.86,1.04,2.76,4.93,8.56,6.35,13.39,25.89,4640000000.0,4640000000.0,16.92,1.22,1.25,10.66,1.25,665300000.0,10.66,181000000.0,1.25,46.50,4.40,264899999.99999997,1.88,1060000000.0,1.73,9.94,367900000.0,1.12,1.41,73.50,9370000.0,7.10,7.80,9390000.0,underperform
6618,2011-07-24 02:02:14,1311487334.0,leg,20.44,-4.35,1343.800049,0.5,-4.85,56.60,20.29,0.98,2.35,5.13,8.23,5.75,12.17,22.87,3990000000.0,3990000000.0,13.66,1.12,1.16,9.87,1.16,655400000.0,9.87,176700000.0,1.16,0.20,9.70,195400000.0,1.37,825100000.0,2.20,10.07,3990000000.0,1.27,11.53,56.90,4400000.0,2.70,3.40,5080000.0,underperform
6619,2004-12-01 07:16:52,1101903412.0,leg,19.74,-19.71,1191.369995,6.15,-25.86,0.451,21.07,1.15,2.54,5.64,9.28,7.02,12.98,25.118,5700000000.0,6390000000.0,17.77,1.31,1.29,10.03,1.29,771700000.0,10.03,278800000.0,1.417,11.70,2.70,307000000.0,1.61,1010000000.0,1.881,11.719,384000000.0,1.007,4.66,65.98,3400000.0,5.961,1.87,3520000.0,underperform
6620,2009-02-08 19:52:15,1234140735.0,leg,9.62,53.43,845.849976,24.93,28.5,N/A,21.82,0.49,1.20,2.56,5.97,4.21,6.49,24.263,2109999999.9999998,2820000000.0,N/A,0.98,0.69,7.346,0.69,798600000.0,7.346,122900000.0,0.62,N/A,138.60,164700000.0,1.057,873600000.0,2.493,10.61,436200000.0,1.1,4.90,89.20,17700000.0,8.6,12.00,17570000.0,outperform
6621,2005-02-06 03:52:14,1107679934.0,leg,18.31,-11.85,1189.890015,6.31,-18.16,0.51,19.52,1.09,2.40,5.61,9.08,7.08,12.95,25.831,5410000000.0,6100000000.0,15.07,1.15,1.20,13.21,1.20,771700000.0,13.21,285400000.0,1.45,11.70,2.70,491300000.0,2.57,1180000000.0,2.152,11.719,384000000.0,1.029,5.60,66.48,3670000.0,5.103,2.04,3630000.0,underperform
6622,2006-08-30 23:01:42,1156993302.0,leg,15.6,-10.19,1305.369995,11.66,-21.85,0.465,17.82,0.77,1.80,4.49,8.15,6.78,10.57,28.928,4170000000.0,5180000000.0,N/A,0.91,0.95,8.331,0.95,912800000.0,8.331,245600000.0,1.30,6.30,7.10,94800000.0,0.525,1080000000.0,2.528,12.875,506400000.0,0.95,4.54,67.50,3900000.0,4.6,2.30,3930000.0,underperform
6623,2011-05-01 20:46:45,1304297205.0,leg,20.94,-6.73,1360.47998,2.75,-9.48,51.35,22.76,1.07,2.38,5.26,8.39,5.81,11.85,22.21,4390000000.0,4390000000.0,15.74,1.25,1.31,10.84,1.31,655400000.0,10.84,177400000.0,1.16,10.80,4.20,244500000.0,1.67,782800000.0,2.33,10.31,4390000000.0,1.28,11.53,56.90,4090000.0,3.20,3.20,3970000.0,underperform
6624,2003-10-27 03:56:28,1067244988.0,leg,13.09,36.52,1031.130005,7.75,28.770000000000003,0.571,20.56,0.92,1.95,4.60,8.02,5.28,9.77,21.573,3920000000.0,4610000000.0,16.37,1.43,1.08,13.42,1.08,821700000.0,13.42,195800000.0,0.992,24.30,3.80,472600000.0,2.46,1160000000.0,2.701,10.39,N/A,0.96,7.02,60.96,4010000.0,7.784,2.24,4620000.0,outperform
6625,2008-01-02 05:05:18,1199268318.0,leg,12.06,,1447.160034,-39.92,,0.494,11.70,0.61,1.39,5.03,8.24,6.42,11.49,29.714,3210000000.0,3940000000.0,N/A,1.76,0.73,6.32,0.73,998400000.0,6.32,269700000.0,1.49,21.80,3.10,188300000.0,1.107,1160000000.0,2.495,12.453,605400000.0,0.58,4.34,72.90,11250000.0,6.5,7.00,10630000.0,underperform
6626,2008-02-20 18:30:55,1203550255.0,altr,15.99,-16.32,1360.030029,-42.73,26.409999999999997,0.29,20.87,4.43,6.50,22.95,22.18,8.79,23.49,3.658,5640000000.0,4830000000.0,N/A,0.96,3.82,15.502,3.82,857560000.0,15.502,290020000.0,0.82,34.40,1.80,1020000000.0,3.113,250000000.0,3.133,2.626,N/A,1.46,0.88,94.90,15520000.0,2.7,4.70,15550000.0,outperform
6627,2008-01-23 22:56:39,1201146999.0,altr,16.78,-16.75,1338.599976,-38.18,21.43,0.001,20.29,4.59,4.51,25.79,22.73,8.55,22.80,3.553,6130000000.0,4670000000.0,N/A,1.04,3.71,14.743,3.71,857560000.0,14.743,324410000.0,0.90,21.10,7.50,1110000000.0,3.302,1500000.0,3.27,3.812,319920000.0,1.39,0.88,95.30,15550000.0,2.4,4.70,15660000.0,outperform
6628,2004-12-09 07:30:24,1102595424.0,altr,18.77,-6.93,1189.23999,5.9,-12.83,3.22,32.46,8.48,7.00,26.39,30.84,16.70,22.87,2.587,8260000000.0,7280000000.0,30.83,1.72,7.32,21.19,7.32,561330000.0,21.19,262290000.00000003,0.684,70.00,16.20,1150000000.0,3.09,3.22,3.22,3.232,327040000.0,2.313,2.07,86.91,17780000.0,2.171,4.88,17880000.0,underperform
6629,2013-02-06 17:54:59,1360191299.0,altr,33.48,-2.69,1512.119995,17.28,-19.970000000000002,15.00,20.08,6.18,3.31,31.23,33.16,8.27,17.60,5.56,8510000000.0,8510000000.0,18.08,1.82,4.77,13.54,4.77,1450000000.0,13.54,556810000.0,1.72,17.60,4.00,3020000000.0,9.44,500000000.0,6.78,10.43,587210000.0,1.37,0.28,93.30,4350000.0,1.50,1.40,5580000.0,underperform
6630,2007-02-25 00:37:19,1172381839.0,altr,20.05,-19.9,1456.380005,-5.81,-14.09,0.001,27.63,6.16,4.92,23.44,23.66,10.39,20.01,3.463,7980000000.0,N/A,N/A,1.25,N/A,N/A,N/A,757790000.0,N/A,293060000.0,0.80,12.30,17.00,1310000000.0,3.612,1490000.0,2.545,4.445,470570000.0,1.91,1.26,90.60,13060000.0,2.8,3.60,14170000.0,underperform
6631,2005-05-02 10:15:47,1115043347.0,altr,18.91,5.02,1162.160034,13.0,-7.98,3.356,28.17,7.43,5.91,26.98,30.39,16.78,23.15,2.726,7720000000.0,6430000000.0,23.29,1.42,6.20,20.39,6.20,706200000.0,20.39,280120000.0,0.74,77.30,22.90,1210000000.0,3.25,3.356,3.356,3.505,313990000.0,2.659,1.13,85.64,14120000.0,2.455,3.84,12040000.0,underperform
6632,2005-09-07 14:23:43,1126117423.0,altr,18.44,-4.07,1236.359985,4.66,-8.73,3.152,28.01,7.70,5.89,25.82,29.08,11.00,21.66,2.829,7480000000.0,6920000000.0,N/A,1.40,6.56,20.649,6.56,706200000.0,20.649,272380000.0,0.72,10.30,6.10,1200000000.0,3.229,3.152,3.152,3.699,289040000.0,N/A,1.23,84.40,16059999.999999998,2.9,4.40,12740000.0,underperform
6633,2004-06-22 11:22:40,1087917760.0,altr,19.33,-1.91,1134.410034,7.01,-8.92,3.203,42.58,8.60,6.69,21.00,27.01,12.31,16.06,2.249,7520000000.0,6470000000.0,23.65,1.49,7.39,23.02,7.39,561330000.0,23.02,183760000.0,0.472,70.00,16.20,1050000000.0,2.82,3.203,3.203,3.006,320430000.0,2.239,2.07,84.97,11690000.0,1.526,3.19,10440000.0,underperform
6634,2011-10-23 05:27:00,1319362020.0,altr,31.52,0.57,1215.390015,17.97,-17.4,17.50,13.61,4.94,3.75,40.97,45.46,17.13,39.88,6.82,9240000000.0,9240000000.0,14.59,0.88,4.26,9.11,4.26,1390000000.0,9.11,887800000.0,2.72,18.80,16.90,3270000000.0,10.08,500000000.0,6.69,8.82,9240000000.0,1.11,0.17,97.80,12300000.0,1.90,N/A,13150000.0,underperform
6635,2013-06-02 09:56:44,1370181404.0,altr,32.64,0.37,1654.410034,16.35,-15.980000000000002,14.49,19.08,5.94,3.12,31.01,32.73,8.06,17.09,5.65,8010000000.0,8010000000.0,18.88,1.92,4.43,12.67,4.43,1240000000.0,12.67,561160000.0,1.74,3.80,7.00,3120000000.0,9.76,500000000.0,6.72,10.78,646930000.0,1.45,0.29,93.70,4150000.0000000005,1.30,1.30,3940000.0,underperform
6636,2012-03-09 05:22:40,1331288560.0,altr,36.41,-7.03,1370.869995,12.44,-19.47,16.70,15.92,5.80,4.00,37.33,41.13,13.20,28.99,6.41,9040000000.0,9040000000.0,16.71,1.93,4.38,10.26,4.38,1450000000.0,10.26,770710000.0,2.35,36.70,17.60,3440000000.0,10.66,500000000.0,3.91,9.30,959600000.0,1.27,0.22,93.90,5650000.0,1.20,1.80,6460000.0,underperform
6637,2005-08-29 00:15:53,1125288953.0,altr,19.91,-7.94,1212.280029,7.59,-15.530000000000001,3.152,29.78,7.69,5.89,25.82,29.08,11.00,21.66,2.829,7950000000.0,6750000000.0,N/A,1.39,6.40,20.149,6.40,706200000.0,20.149,272380000.0,0.72,10.30,6.10,1200000000.0,3.229,3.152,3.152,3.699,289040000.0,N/A,1.23,84.40,16059999.999999998,2.9,4.40,12740000.0,underperform
6638,2004-10-13 13:42:20,1097689340.0,altr,18.23,-11.19,1113.650024,5.67,-16.86,3.044,34.30,7.84,6.49,23.75,29.90,14.57,19.54,2.426,7360000000.0,6280000000.0,24.74,1.42,6.69,19.52,6.69,561330000.0,19.52,222970000.0,0.577,70.00,16.20,1080000000.0,2.9,3.044,3.044,3.05,314500000.0,2.287,2.06,84.82,16719999.999999998,2.173,4.59,12820000.0,underperform
6639,2008-12-22 17:49:20,1229986160.0,altr,14.99,44.5,871.6300050000001,28.27,16.23,0.584,14.68,3.55,5.67,24.86,28.81,12.33,31.59,4.447,4760000000.0,4120000000.0,N/A,0.90,2.99,9.651,2.99,815520000.0,9.651,342090000.0,1.09,37.30,13.00,1280000000.0,4.315,510100000.0,3.565,2.902,418760000.0,1.19,1.05,97.10,24590000.0,2.7,8.30,19500000.0,outperform
6640,2004-09-17 01:25:17,1095398717.0,altr,18.23,-2.08,1128.550049,8.74,-10.82,3.044,33.80,7.69,6.36,23.75,29.90,14.57,19.54,2.426,7250000000.0,6490000000.0,23.49,1.35,6.91,20.17,6.91,561330000.0,20.17,222970000.0,0.577,70.00,16.20,1080000000.0,2.9,3.044,3.044,3.05,314500000.0,2.272,2.06,84.80,12820000.0,1.754,3.52,9210000.0,underperform
6641,2008-12-12 00:13:54,1229058834.0,altr,14.29,48.57,879.7299800000001,24.58,23.990000000000002,0.584,13.41,3.30,5.20,24.86,28.81,12.33,31.59,4.447,4400000000.0,3760000000.0,N/A,0.83,2.74,8.828,2.74,815520000.0,8.828,342090000.0,1.09,37.30,13.00,1280000000.0,4.264,510100000.0,3.565,2.902,418760000.0,1.19,1.05,96.50,19500000.0,2.1,6.60,21530000.0,outperform
6642,2005-02-04 08:02:17,1107522137.0,altr,17.79,3.77,1203.030029,6.6,-2.8299999999999996,3.595,26.21,7.19,5.94,27.07,30.99,17.13,23.54,2.658,7030000000.0,5820000000.0,24.19,1.62,5.73,18.49,5.73,561330000.0,18.49,275110000.0,0.72,70.00,16.20,1200000000.0,3.23,3.595,3.595,3.232,327040000.0,2.337,1.15,83.96,13410000.0,2.27,3.64,18320000.0,underperform
6643,2008-05-11 03:25:29,1210490729.0,pwr,28.65,-21.08,1397.680054,-34.95,13.870000000000005,0.19,31.34,1.85,2.24,5.12,6.60,4.36,9.14,19.559,4770000000.0,4770000000.0,N/A,3.41,1.80,19.092,1.80,428750000.0,19.092,133139999.99999999,0.89,N/A,50.20,407080000.0,2.38,414760000.0,1.723,12.777,219240000.0,2.15,1.31,108.90,23320000.0,17.7,13.90,17750000.0,outperform
6644,2004-09-16 08:04:47,1095336287.0,pwr,7.2,72.78,1123.5,10.18,62.6,0.755,N/A,0.51,1.26,2.20,1.43,2.50,5.32,14.062,823540000.0,1130000000.0,39.00,N/A,0.70,30.93,0.70,199900000.0,30.93,35500000.0,0.315,N/A,6.20,197320000.0,1.68,492070000.0,3.237,5.571,83650000.0,2.664,90.45,55.28,7080000.0,12.398,63.20,5520000.0,outperform
6645,2011-04-06 01:42:08,1302068528.0,pwr,22.84,-5.21,1335.540039,4.68,-9.89,0.04,31.04,1.24,1.45,3.90,6.79,3.94,4.80,18.72,4340000000.0,4340000000.0,18.94,1.67,1.10,10.50,1.10,634420000.0,10.50,153180000.0,0.72,23.40,12.30,539220000.0,2.50,1330000.0,3.19,15.62,4340000000.0,1.05,11.17,80.80,9040000.0,3.80,4.40,9710000.0,underperform
6646,2005-05-27 23:46:44,1117252004.0,pwr,9.05,78.9,1198.780029,4.99,73.91000000000001,0.696,N/A,0.65,1.61,0.16,1.23,0.88,0.40,14.325,1070000000.0000001,1270000000.0,24.46,7.93,0.77,15.899,0.77,199900000.0,15.899,2630000.0,0.02,56.10,4.90,254000000.0,2.158,459200000.0,3.079,5.608,119390000.0,2.999,3.93,77.40,6020000.0,11.9,5.40,6720000.0,outperform
6647,2008-10-18 23:21:08,1224386468.0,pwr,19.24,16.11,907.840027,20.79,-4.68,0.182,25.45,1.07,1.55,4.42,6.74,5.44,9.41,20.629,3700000000.0,3810000000.0,N/A,1.71,1.14,11.486,1.14,428750000.0,11.486,145260000.0,0.83,85.30,74.00,304790000.0,1.737,413850000.0,1.746,13.171,180060000.0,1.65,9.58,110.90,12620000.0,3.6,7.30,17480000.0,underperform
6648,2008-02-14 14:41:59,1203018119.0,pwr,21.25,-10.68,1348.859985,-38.7,28.020000000000003,0.194,35.75,1.49,1.66,3.02,6.81,4.14,4.82,19.446,3560000000.0,3600000000.0,N/A,2.81,1.51,16.438,1.51,315820000.0,16.438,69690000.0,0.58,120.00,25.30,371470000.0,2.173,413890000.0,2.829,12.541,156630000.0,2.28,6.79,92.30,12700000.0,3.5,7.60,10870000.0,outperform
6649,2005-01-09 17:05:02,1105308302.0,pwr,7.78,78.66,1187.890015,8.61,70.05,0.719,N/A,0.57,1.40,2.24,1.57,2.55,5.54,14.336,936000000.0,1190000000.0,40.74,N/A,0.73,35.5,0.73,199900000.0,35.5,36740000.0,0.325,N/A,6.20,217740000.0,1.8,474390000.0,3.025,5.565,125890000.0,2.927,4.57,61.30,5280000.0,6.861,4.57,5020000.0,outperform
6650,2003-12-14 17:19:07,1071440347.0,pwr,7.5,1.33,1071.209961,11.9,-10.57,0.567,N/A,0.53,1.27,0.50,1.35,0.60,2.13,15.439,880170000.0,1190000000.0,22.73,7.50,0.72,14.42,0.72,236770000.0,14.42,13860000.0,0.141,822.40,13.10,77830000.0,0.67,389180000.0,2.738,5.89,N/A,2.756,4.61,44.00,9400000.0,5.813,8.45,7890000.0,underperform
6651,2013-04-25 00:24:35,1366863875.0,pwr,27.78,26.71,1585.160034,17.55,9.16,0.00,19.01,0.99,1.56,5.18,7.86,5.91,8.54,27.82,5430000000.0,5430000000.0,16.29,0.99,0.92,8.71,0.92,937710000.0,8.71,289690000.0,1.44,N/A,N/A,394700000.0,1.85,0.00,2.50,17.67,106220000.0,0.61,0.95,85.60,4080000.0,2.50,N/A,4570000.0,outperform
6652,2004-07-03 04:21:07,1088842867.0,pwr,6.22,41.48,1140.839966,4.43,37.05,0.754,N/A,0.45,1.11,2.57,2.08,2.99,6.21,14.186,725040000.0,1020000000.0,26.91,3.28,0.63,38.98,0.63,199900000.0,38.98,41840000.0,0.369,N/A,6.20,195680000.0,1.67,493070000.0,3.185,5.582,114540000.0,2.781,4.55,54.31,5660000.0,8.54,5.06,6180000.0,outperform
6653,2005-05-25 22:04:04,1117073044.0,pwr,8.92,84.53,1190.01001,6.96,77.57000000000001,0.696,N/A,0.65,1.61,0.16,1.23,0.18,0.40,14.271,1050000000.0,1270000000.0,24.11,7.92,0.77,15.87,0.77,199900000.0,15.87,2630000.0,0.02,N/A,6.20,254000000.0,2.16,459200000.0,3.079,5.608,125890000.0,2.957,4.58,72.29,6020000.0,11.507,5.36,6720000.0,outperform
6654,2008-04-05 18:46:43,1207435603.0,unh,33.55,-41.31,1367.530029,-38.99,-2.3200000000000003,0.549,10.67,0.60,2.26,6.17,10.41,9.89,22.77,57.493,45680000000.0,47070000000.0,N/A,0.63,0.62,5.444,0.62,8650000000.0,5.444,4650000000.0,3.42,3.50,3.20,9620000000.0,7.687,11010000000.0,0.841,16.011999,5880000000.0,0.72,0.39,86.40,14630000.0,1.5,1.20,9130000.0,underperform
6655,2007-05-15 15:00:52,1179255652.0,unh,49.11,-39.16,1501.189941,-6.16,-33.0,0.335,17.54,0.98,3.37,5.75,9.84,9.34,21.74,54.387,71320000000.0,65750000000.0,N/A,0.96,0.90,8.339,0.90,17640000000.0,8.339,4200000000.0,3.003,4.00,8.30,12860000000.0,9.492,7050000000.0,0.865,15.664,6220000000.0,0.5,0.36,86.10,10930000.0,1.1,0.80,6810000.0,underperform
6656,2007-03-09 02:17:06,1173424626.0,unh,49.38,-10.85,1402.839966,-4.93,-5.92,0.375,17.94,1.05,3.68,5.82,9.73,N/A,22.36,51.057,74660000000.0,72750000000.0,N/A,0.98,1.01,9.536,1.01,12640000000.0,9.536,4170000000.0,2.97,37.90,50.70,9920000000.0,7.087,7350000000.0,N/A,14.603,N/A,0.61,0.36,85.80,5980000.0,0.9,0.40,7550000.0,underperform
6657,2007-07-03 02:32:50,1183444370.0,unh,48.61,-51.78,1524.869995,-17.27,-34.510000000000005,0.335,17.39,0.94,3.23,5.75,9.72,9.45,21.74,54.423,69980000000.0,62730000000.0,N/A,0.92,0.86,7.874,0.86,17640000000.0,7.874,4200000000.0,3.00,4.00,8.30,12860000000.0,9.593,7050000000.0,0.865,15.841,6220000000.0,0.5,0.36,85.60,9700000.0,1.7,0.70,8950000.0,underperform
6658,2003-10-13 01:12:09,1066021929.0,unh,24.64,37.13,1045.349976,7.32,29.810000000000002,0.374,20.51,1.14,6.51,5.83,9.42,11.24,35.96,43.155,31100000000.0,30370000000.0,15.13,1.03,1.13,10.74,1.13,6830000000.0,10.74,1570000000.0,2.52,48.10,6.70,2480000000.0,4.17,1750000000.0,0.693,7.92,N/A,0.339,37.00,89.85,11190000.0,5.02,2.98,9890000.0,outperform
6659,2013-04-26 02:05:35,1366956335.0,unh,58.04,28.64,1582.23999,18.53,10.11,53.17,11.56,0.53,1.90,4.69,7.98,7.28,17.13,111.53,66769999999.99999,66769999999.99999,9.94,0.98,0.59,6.67,0.59,30390000000.0,6.67,5330000000.0,5.13,14.10,11.20,13060000000.0,12.69,18050000000.0,0.84,30.86,4620000000.0,0.57,0.64,87.70,17380000.0,3.20,1.70,13690000.0,outperform
6660,2005-12-01 16:30:59,1133472659.0,unh,57.24,-20.51,1264.670044,10.44,-30.950000000000003,0.399,25.62,1.73,6.70,7.23,11.71,11.14,28.43,34.431,77020000000.0,75100000000.0,N/A,1.38,1.71,13.481,1.71,10220000000.0,13.481,3170000000.0,2.37,20.60,14.80,5490000000.0,4.335,4480000000.0,0.769,8.94,4940000000.0,N/A,0.40,87.90,27110000.0,4.1,2.10,25420000.0,underperform
6661,2013-02-06 07:11:25,1360152685.0,unh,55.78,25.46,1512.119995,17.28,8.18,50.31,10.94,0.52,1.85,5.00,8.37,7.78,17.94,105.75,63130000000.0,63130000000.0,9.64,0.92,0.57,5.98,0.57,27530000000.0,5.98,5530000000.0,5.28,1.10,11.00,11440000000.0,11.03,16750000000.0,0.78,30.07,7160000000.0,0.50,0.64,88.40,12340000.0,1.90,1.20,6500000.0,outperform
6662,2007-03-15 06:04:01,1173953041.0,unh,50.36,-31.16,1392.280029,-7.48,-23.68,0.358,17.99,1.00,3.43,5.81,9.76,9.74,21.54,53.231,72280000000.0,68290000000.00001,N/A,0.97,0.96,8.923,0.96,17640000000.0,8.923,4160000000.0,2.97,51.00,47.50,10940000000.0,8.078,7460000000.0,0.867,15.472,6530000000.0,0.61,0.36,85.80,5980000.0,0.9,0.40,7550000.0,underperform
6663,2004-08-03 23:11:55,1091589115.0,unh,29.01,70.63,1099.689941,13.22,57.41,0.337,18.24,1.33,5.44,6.75,10.74,11.97,36.91,50.676,41660000000.0,41050000000.0,13.43,0.96,1.30,11.05,1.30,8109999999.999999,11.05,2130000000.0,3.417,35.00,15.20,3510000000.0,5.25,2400000000.0,0.75,11.593,3190000000.0,0.272,4.08,89.30,17980000.0,6.635,2.80,19430000.0,outperform
6664,2011-10-08 20:48:09,1318121289.0,unh,42.44,32.26,1144.030029,27.74,4.52,40.91,10.07,0.49,1.76,5.01,8.58,8.34,18.90,90.12,47200000000.0,47200000000.0,9.41,0.90,0.48,5.13,0.48,25310000000.0,5.13,4930000000.0,4.46,12.80,8.50,12310000000.0,11.44,11190000000.0,0.74,25.60,47200000000.0,0.82,0.63,86.50,17000000.0,2.20,1.60,14190000.0,outperform
6665,2007-03-10 22:37:22,1173584242.0,unh,,,1391.969971,-6.3,,0.358,17.87,1.01,3.45,5.81,9.76,9.74,21.54,53.231,71780000000.0,68290000000.00001,N/A,0.97,0.96,8.923,0.96,12640000000.0,8.923,4160000000.0,2.97,51.00,47.50,10940000000.0,8.078,7460000000.0,0.867,15.472,6530000000.0,0.61,0.36,85.80,5980000.0,0.9,0.40,7550000.0,underperform
6666,2005-03-08 23:39:40,1110343180.0,unh,42.06,26.65,1219.430054,4.84,21.81,0.375,22.92,1.57,5.47,6.95,11.02,11.23,31.35,56.865,57960000000.0,58020000000.0,16.16,1.11,1.56,12.97,1.56,10220000000.0,12.97,2590000000.0,3.94,35.00,15.20,4510000000.0,7.02,4019999999.9999995,0.727,16.667,3760000000.0,0.248,5.00,88.06,7360000.0,2.478,1.21,9780000.0,outperform
6667,2007-02-28 22:55:39,1172721339.0,unh,48.62,-7.94,1406.819946,-2.78,-5.16,0.375,17.55,1.01,3.54,5.82,9.73,N/A,22.36,51.057,73050000000.0,69820000000.0,N/A,0.94,0.97,9.153,0.97,12640000000.0,9.153,4170000000.0,2.97,37.90,50.70,9920000000.0,7.087,7350000000.0,N/A,14.603,N/A,0.61,0.36,85.60,7550000.0,1.2,0.60,6960000.0,underperform
6668,2009-08-13 16:18:06,1250194686.0,unh,26.51,13.47,1012.7299800000001,6.57,6.9,N/A,9.58,0.38,1.48,4.14,7.42,7.10,17.04,70.725,35870000000.0,35870000000.0,N/A,0.81,0.43,4.951,0.43,6240000000.0,4.951,3490000000.0,2.89,154.90,6.80,8150000000.0,7.016,11720000000.0,0.798,18.719,4960000000.0,1.14,0.53,85.40,10640000.0,1.1,0.90,12430000.0,outperform
6669,2007-05-14 11:52:48,1179157968.0,unh,49.25,-38.34,1503.150024,-6.66,-31.680000000000003,0.358,18.07,0.99,3.42,5.81,9.76,9.74,21.54,53.231,72580000000.0,67010000000.00001,N/A,0.99,0.94,8.755,0.94,17640000000.0,8.755,4160000000.0,2.97,51.00,47.50,10940000000.0,8.078,7460000000.0,0.867,15.664,6530000000.0,0.67,0.36,85.30,6810000.0,0.50,0.50,5980000.0,underperform
6670,2004-11-16 13:32:03,1100629923.0,unh,37.6,49.55,1175.430054,4.75,44.8,0.352,22.15,1.56,4.83,6.88,10.88,11.52,33.37,53.736,53380000000.0,52870000000.0,17.19,1.22,1.54,N/A,1.54,8109999999.999999,4070000000.0000005,2360000000.0,3.687,35.00,15.20,4410000000.0,6.75,3900000000.0,0.776,16.922001,3440000000.0,0.212,37.00,89.60,11530000.0,4.204,2.80,12910000.0,outperform
6671,2007-07-17 11:24:16,1184685856.0,unh,49.41,-57.46,1549.369995,-19.62,-37.84,0.335,17.63,0.97,3.34,5.75,9.72,9.45,21.74,54.423,70960000000.0,65150000000.00001,N/A,0.96,0.89,8.178,0.89,17640000000.0,8.178,4200000000.0,3.00,4.00,8.30,12860000000.0,9.593,7050000000.0,0.865,15.841,6220000000.0,0.65,0.36,85.60,9700000.0,1.7,0.70,8950000.0,underperform
6672,2007-06-15 17:13:45,1181942025.0,unh,49.32,-39.56,1532.910034,-12.88,-26.68,0.335,17.69,0.97,3.34,5.75,9.72,9.45,21.74,54.423,71170000000.0,65150000000.00001,N/A,0.99,0.89,8.178,0.89,17640000000.0,8.178,4200000000.0,3.00,4.00,8.30,12860000000.0,9.593,7050000000.0,0.865,15.841,6220000000.0,0.5,0.36,85.60,8950000.0,0.70,0.70,10930000.0,underperform
6673,2008-01-23 06:30:29,1201087829.0,unh,46.94,-45.95,1338.599976,-38.18,-7.770000000000003,0.393,15.33,0.94,3.39,6.16,10.41,10.06,22.97,56.292,66180000000.00001,67300000000.0,N/A,1.04,0.90,7.864,0.90,17640000000.0,7.864,4610000000.0,3.34,15.40,3.90,11120000000.0,8.607,8130000000.000001,0.858,16.069,6410000000.0,0.01,0.39,85.40,16149999.999999998,2.4,1.30,20480000.0,underperform
6674,2007-02-21 03:19:27,1172045967.0,unh,49.87,-10.65,1457.630005,-7.9,-2.75,0.375,18.10,1.05,3.69,5.82,9.73,N/A,22.36,51.057,75350000000.0,72960000000.0,N/A,0.98,1.02,9.564,1.02,12640000000.0,9.564,4170000000.0,2.97,37.90,50.70,9920000000.0,7.087,7350000000.0,N/A,14.603,N/A,0.61,0.36,77.70,7550000.0,1.2,0.60,6960000.0,underperform
6675,2007-03-21 04:47:43,1174466863.0,unh,51.27,-35.77,1435.040039,-7.35,-28.42,0.358,18.24,1.03,3.51,5.81,9.76,9.74,21.54,53.231,73270000000.0,70060000000.0,N/A,0.96,0.98,9.153,0.98,17640000000.0,9.153,4160000000.0,2.97,51.00,47.50,10940000000.0,8.078,7460000000.0,0.867,15.472,6530000000.0,0.61,0.36,85.30,5980000.0,0.9,0.40,7550000.0,underperform
6676,2004-05-16 21:45:38,1084758338.0,unh,29.01,55.43,1096.439941,6.32,49.11,0.332,19.57,1.28,5.29,6.59,10.53,11.95,37.68,48.492,38500000000.0,37970000000.0,14.14,0.97,1.27,10.96,1.27,8109999999.999999,10.96,1980000000.0,3.194,35.00,15.20,2930000000.0,4.76,2400000000.0,0.705,11.77,3000000000.0,0.29,37.00,89.95,11120000.0,5.09,2.87,12670000.0,outperform
6677,2012-01-04 01:52:38,1325659958.0,unh,50.05,0.98,1277.300049,14.25,-13.27,42.76,11.43,0.54,1.92,4.93,8.37,7.81,18.42,92.68,49570000000.0,49570000000.0,10.79,0.92,0.50,5.41,0.50,25310000000.0,5.41,4930000000.0,4.51,0.50,6.80,16379999999.999998,15.36,11920000000.0,0.77,26.44,8820000000.0,0.79,0.63,86.50,11290000.0,1.60,1.10,11600000.0,underperform
6678,2011-07-21 11:12:40,1311261160.0,ne,34.56,-0.35,1343.800049,1.4,-1.75,41.26,21.07,3.73,1.32,17.96,21.93,3.38,6.21,10.10,12150000000.0,12150000000.0,9.65,1.71,4.77,11.76,4.77,1550000000.0,11.76,452670000.0,1.79,85.30,31.20,508680000.0,2.02,3170000000.0,1.86,28.52,12150000000.0,1.07,0.60,82.60,8029999.999999999,2.50,N/A,9260000.0,underperform
6679,2005-04-28 01:44:58,1114667098.0,ne,22.22,53.96,1143.219971,14.64,39.32,0.19,42.98,6.46,2.94,14.44,18.25,5.02,7.02,8.388,7050000000.0,7580000000.0,14.02,0.82,6.70,19.42,6.70,416440000.0,19.42,163360000.0,1.21,12.20,8.00,196390000.0,1.45,469620000.0,2.357,18.308001,332220000.0,0.869,1.01,91.16,6110000.0,3.043,4.55,6300000.0,outperform
6680,2007-03-25 13:10:58,1174842658.0,ne,34.91,17.73,1434.540039,-5.9,23.630000000000003,0.215,15.13,5.15,3.35,34.85,43.88,13.20,24.56,15.452,10840000000.0,11470000000.0,N/A,0.20,5.46,9.59,5.46,1220000000.0,9.59,731870000.0,5.33,97.10,55.00,61710000.0,0.459,694100000.0,1.337,23.990999,988720000.0,1.8,0.90,69.30,4540000.0,1.4,3.40,5280000.0,outperform
6681,2008-04-26 00:46:06,1209185166.0,ne,49.58,-50.3,1379.930054,-38.26,-12.04,0.182,13.32,5.11,3.54,40.26,50.21,17.97,32.00,11.231,16020000000.0,15910000000.0,N/A,0.37,5.31,8.857,5.31,1880000000.0,8.857,1210000000.0,4.48,73.90,48.80,161060000.0,0.6,784520000.0,1.746,16.062,1410000000.0,1.65,3.08,83.40,9270000.0,2.6,3.50,9740000.0,underperform
6682,2013-04-22 02:12:14,1366611134.0,ne,34.48,-14.82,1562.5,20.29,-35.11,55.92,16.63,2.58,1.18,15.32,23.73,3.71,7.23,14.30,13790000000.0,13790000000.0,7.97,0.98,3.83,8.36,3.83,1630000000.0,8.36,546920000.0,2.17,24.90,27.30,214530000.0,0.84,4840000000.0,1.76,30.98,1480000000.0,1.69,0.61,85.70,3880000.0,0.90,N/A,3880000.0,underperform
6683,2012-10-25 01:18:31,1351142311.0,ne,36.09,0.3,1412.969971,24.54,-24.24,55.30,18.53,2.99,1.26,16.19,22.15,3.26,6.62,12.78,14060000000.0,14060000000.0,8.71,1.29,4.36,10.62,4.36,1230000000.0,10.62,516520000.0,2.05,15.20,18.80,218470000.0,0.87,4640000000.0,1.55,30.20,1230000000.0,1.46,0.58,90.30,6520000.0,2.00,N/A,8050000.000000001,underperform
6684,2004-11-29 23:38:23,1101789503.0,ne,20.88,46.7,1178.569946,6.7,40.0,0.227,52.14,6.52,2.84,12.30,16.94,3.87,5.57,7.513,6530000000.0,6870000000.0,21.53,2.90,6.85,20.54,6.85,392430000.0,20.54,123520000.0,0.925,20.60,0.10,190240000.0,1.41,523179999.99999994,1.957,17.007999,351840000.0,0.995,34.03,90.85,5640000.0,2.665,6.32,5310000.0,outperform
6685,2011-01-20 08:57:19,1295531839.0,ne,34.2,-6.17,1280.26001,2.74,-8.91,39.04,8.69,3.07,1.35,36.12,42.21,8.58,16.62,12.19,12000000000.0,12000000000.0,11.61,2.02,3.87,6.64,3.87,2530000000.0,6.64,1110000000.0,4.35,79.80,32.40,367240000.0,1.46,2760000000.0,1.68,28.06,12000000000.0,1.03,0.66,75.50,9140000.0,2.40,N/A,8300000.000000001,underperform
6686,2009-10-05 18:16:52,1254781012.0,ne,32.83,-6.73,1040.459961,11.56,-18.29,N/A,6.07,2.65,1.56,45.06,56.62,17.99,29.48,13.668,9530000000.0,9530000000.0,N/A,0.74,2.67,3.976,2.67,2310000000.0,3.976,1610000000.0,6.12,4.30,10.60,671420000.0,2.567,750870000.0,3.439,23.191,1950000000.0,1.11,1.38,79.50,5370000.0,1.4,2.10,5850000.0,underperform
6687,2012-01-22 17:09:32,1327270172.0,ne,32.02,,1314.5,13.05,,47.82,25.75,3.38,1.19,13.24,16.38,2.21,4.51,10.31,12370000000.0,12370000000.0,9.72,2.03,4.78,12.90,4.78,1550000000.0,12.90,339080000.0,1.35,57.30,20.50,197010000.0,0.78,3810000000.0,1.54,29.03,843120000.0,0.98,0.61,87.90,5410000.0,1.40,N/A,6520000.0,underperform
6688,2007-01-15 10:37:28,1168875448.0,ne,,,1430.72998,-3.48,,0.221,15.44,4.91,2.96,33.31,39.63,11.94,21.81,13.93,9600000000.0,10130000000.0,N/A,0.27,5.32,9.961,5.32,647990000.0,9.961,633500000.0,4.59,170.70,53.00,169750000.0,1.252,696390000.0,1.98,23.259001,886320000.0,1.78,9.86,77.70,6890000.0,2.4,5.10,5520000.0,underperform
6689,2006-05-29 17:03:03,1148936583.0,ne,,,1280.160034,18.59,,0.39,24.23,6.23,3.28,25.85,30.72,7.59,14.72,11.225,9590000000.0,9920000000.0,N/A,0.26,6.47,13.72,6.47,647990000.0,13.72,396400000.0,2.872,219.00,48.80,799060000.0,5.8,1130000000.0,1.395,21.134001,608570000.0,1.49,1.24,81.20,5290000.0,2.4,3.90,6780000.0,underperform
6690,2004-09-10 15:19:49,1094843989.0,ne,18.18,67.71,1123.920044,10.0,57.709999999999994,0.25,38.68,5.73,2.54,14.70,19.45,4.61,6.71,7.442,5670000000.0,6030000000.0,21.70,3.09,6.07,17.04,6.07,392430000.0,17.04,145900000.0,1.094,20.60,0.10,220420000.0,1.65,559530000.0,2.057,16.705,374820000.0,0.978,33.98,87.13,4300000.0,3.376,4.87,3960000.0,outperform
6691,2011-11-22 17:02:24,1321999344.0,ne,31.93,0.19,1188.040039,17.09,-16.9,47.82,25.49,3.38,1.20,13.24,16.38,2.21,4.51,10.31,12380000000.0,12380000000.0,8.59,1.94,4.78,12.91,4.78,1550000000.0,12.91,339080000.0,1.35,57.30,20.50,197010000.0,0.78,3810000000.0,1.54,29.03,12380000000.0,1.05,0.60,82.60,8170000.0,1.60,N/A,7400000.0,underperform
6692,2010-05-02 11:10:40,1272813040.0,ne,36.5,5.26,1206.780029,12.8,-7.540000000000001,N/A,6.30,2.92,1.48,45.60,54.17,15.14,25.74,13.95,9980000000.0,9980000000.0,7.30,0.55,2.78,4.20,2.78,2530000000.0,4.20,1620000000.0,6.27,10.50,6.20,847710000.0,3.32,750990000.0,3.30,27.65,9980000000.0,0.96,0.64,79.50,5380000.0,1.30,N/A,5280000.0,underperform
6693,2013-05-10 12:41:26,1368204086.0,ne,37.82,-21.23,1633.699951,14.97,-36.2,55.92,18.59,2.81,1.29,15.26,23.63,3.71,7.23,14.32,14460000000.0,14460000000.0,8.90,1.04,4.00,8.77,4.00,1630000000.0,8.77,546380000.0,2.16,24.90,24.60,214530000.0,0.85,4840000000.0,1.76,31.14,1480000000.0,1.69,0.61,85.70,4850000.0,1.20,N/A,3880000.0,underperform
6694,2011-04-13 07:25:13,1302693913.0,ne,39.6,-14.34,1314.410034,5.57,-19.91,38.33,14.33,3.89,1.52,27.55,32.63,5.84,10.99,11.09,13860000000.0,13860000000.0,11.17,1.81,4.94,10.27,4.94,1550000000.0,10.27,765930000.0,3.02,77.90,31.50,344870000.0,1.37,2790000000.0,1.15,28.39,13860000000.0,1.03,0.60,82.60,14050000.0,2.60,N/A,17100000.0,underperform
6695,2007-12-14 23:47:25,1197694045.0,ne,45.05,-48.46,1467.949951,-38.74,-9.719999999999999,0.197,13.22,5.30,3.60,38.87,48.62,16.68,29.58,10.19,13950000000.0,14930000000.0,N/A,0.54,5.49,9.334,5.49,1220000000.0,9.334,1060000000.0,3.92,53.60,40.80,150580000.0,0.561,786970000.0,1.679,14.894,1290000000.0,1.45,0.28,70.90,9480000.0,2.3,3.60,10170000.0,underperform
6696,2011-09-19 15:20:53,1316460053.0,ne,31.92,12.72,1204.089966,21.2,-8.479999999999999,45.03,29.95,3.62,1.24,11.91,14.97,2.16,3.89,9.80,12220000000.0,12220000000.0,8.96,1.86,4.96,13.87,4.96,1550000000.0,13.87,290430000.0,1.15,75.20,11.50,230880000.0,0.92,3520000000.0,1.56,28.63,12220000000.0,1.07,0.60,82.60,8530000.0,1.60,N/A,7120000.0,underperform
6697,2005-03-15 11:53:08,1110905588.0,ne,23.9,45.1,1197.75,8.79,36.31,0.215,50.79,7.01,3.11,13.70,17.56,4.53,6.44,7.947,7490000000.0,7810000000.0,16.40,0.88,7.33,21.98,7.33,416440000.0,21.98,146090000.0,1.09,12.20,8.00,191580000.0,1.41,511650000.0,1.986,17.74,332220000.0,0.906,1.97,92.01,7860000.0,4.009,5.91,6850000.0,outperform
6698,2011-11-21 07:41:29,1321879289.0,grpn,23.58,-85.71,1192.97998,16.33,-102.03999999999999,N/A,N/A,12.24,N/A,40.89,30.53,N/A,N/A,4.07,16460000000.0,16460000000.0,187.07,N/A,12.76,45.02,12.76,N/A,45.02,686720000.0,2.17,N/A,426.00,243930000.0,0.38,0.00,0.61,0.05,16460000000.0,N/A,N/A,N/A,N/A,N/A,N/A,N/A,underperform
6699,2013-04-22 02:17:30,1366611450.0,grpn,6.3,21.11,1562.5,20.29,0.8200000000000003,0.15,N/A,1.73,5.40,2.35,4.27,3.27,7.07,3.59,2980000000.0,2980000000.0,21.20,1.20,1.28,19.60,1.28,1620000000.0,19.60,67380000.0,0.10,N/A,29.70,1210000000.0,1.84,1120000.0,1.27,1.13,266829999.99999997,1.89,36.39,58.40,41700000.0,1.70,20.10,40490000.0,outperform
6700,2011-12-20 23:14:18,1324440858.0,grpn,22.75,-78.55,1241.300049,15.67,-94.22,N/A,N/A,10.87,N/A,40.89,30.53,N/A,N/A,4.07,13790000000.0,13790000000.0,84.26,2.22,10.68,37.71,10.68,N/A,37.71,686720000.0,2.17,N/A,426.00,243930000.0,0.38,0.00,0.61,0.05,181430000.0,N/A,N/A,N/A,7640000.0,1.30,2.30,2920000.0,underperform
6701,2013-05-11 10:25:56,1368282356.0,grpn,5.59,1.25,1632.689941,14.88,-13.63,0.15,N/A,1.76,5.50,2.35,4.27,3.27,7.07,3.59,2640000000.0,2640000000.0,21.55,1.38,1.13,17.35,1.13,1620000000.0,17.35,67380000.0,0.10,N/A,29.70,1210000000.0,1.84,1120000.0,1.27,1.13,266829999.99999997,1.89,36.39,58.40,42220000.0,2.80,20.30,41700000.0,underperform
6702,2011-12-29 07:51:02,1325163062.0,grpn,21.38,-77.64,1263.02002,11.04,-88.68,N/A,N/A,11.39,N/A,40.89,30.53,N/A,N/A,4.07,14180000000.0,14180000000.0,83.78,2.23,10.99,38.80,10.99,N/A,38.80,686720000.0,2.17,N/A,426.00,243930000.0,0.38,0.00,0.61,0.05,181430000.0,N/A,N/A,N/A,7640000.0,1.30,2.30,2920000.0,underperform
6703,2013-03-15 01:14:22,1363324462.0,grpn,5.39,59.55,1560.699951,19.7,39.849999999999994,N/A,N/A,1.49,4.66,2.35,4.27,3.27,7.07,3.59,2270000000.0,2270000000.0,16.93,1.21,0.97,14.92,0.97,1620000000.0,14.92,67380000.0,0.10,N/A,29.70,1210000000.0,1.84,0.00,1.27,1.13,266829999.99999997,1.22,36.39,58.40,27510000.0,1.40,13.20,31920000.0,outperform
6704,2011-12-26 18:11:28,1324941088.0,grpn,,,1265.329956,47.65,,N/A,N/A,10.92,N/A,40.89,30.53,N/A,N/A,4.07,14320000000.0,14320000000.0,84.59,2.23,11.10,39.18,11.10,N/A,39.18,686720000.0,2.17,N/A,426.00,243930000.0,0.38,0.00,0.61,0.05,181430000.0,N/A,N/A,N/A,7640000.0,1.30,2.30,2920000.0,underperform
6705,2008-04-26 01:55:04,1209189304.0,hes,105.02,-52.24,1379.930054,-38.26,-13.980000000000004,0.407,19.17,1.11,3.58,5.79,12.12,9.87,20.45,101.194,35260000000.0,38360000000.0,N/A,1.01,1.21,7.239,1.21,7490000000.0,7.239,1830000000.0,5.74,42.10,32.20,607000000.0,1.893,3980000000.0,0.863,30.487,3510000000.0,0.6,22.06,73.00,4310000.0,1.40,1.40,4610000.0,underperform
6706,2012-01-22 19:10:41,1327277441.0,hes,59.44,,1314.5,13.05,,29.57,10.93,0.55,1.11,5.01,10.84,7.23,10.90,112.96,25610000000.0,25610000000.0,8.82,0.77,0.68,3.96,0.68,10520000000.0,3.96,1890000000.0,5.61,74.20,10.80,827000000.0,2.43,5590000000.0,1.13,55.36,5320000000.0,1.05,10.34,77.70,4240000.0,1.50,1.40,4390000.0,underperform
6707,2013-05-13 15:25:44,1368473144.0,hes,68.02,29.2,1633.77002,16.14,13.059999999999999,32.75,8.57,0.62,1.05,7.20,10.19,5.85,12.99,112.87,30670000000.0,30670000000.0,11.58,1.95,0.80,4.11,0.80,12770000000.0,4.11,2690000000.0,8.08,134.10,64.20,444000000.0,1.30,7380000000.0,1.27,65.75,5490000000.0,1.86,10.95,76.20,7340000.0,2.40,2.40,8070000.0,outperform
6708,2009-11-30 19:46:55,1259628415.0,hes,55.49,21.72,1095.630005,7.75,13.969999999999999,N/A,61.08,0.67,1.47,1.09,4.79,2.92,2.45,87.602,22330000000.0,22330000000.0,N/A,4.42,0.79,6.159,0.79,9020000000.0,6.159,308000000.0,0.945,56.00,36.10,957000000.0,2.926,4380000000.0,1.071,39.361,2150000000.0,0.99,10.85,77.90,3840000.0,0.9,1.30,3310000.0,outperform
6709,2011-11-22 17:02:24,1321999344.0,hes,56.27,-13.01,1188.040039,17.09,-30.1,29.57,10.38,0.53,1.06,5.01,10.84,7.23,10.90,112.96,24660000000.0,24660000000.0,8.65,0.75,0.65,3.82,0.65,10520000000.0,3.82,1890000000.0,5.61,74.20,10.80,827000000.0,2.43,5590000000.0,1.13,55.36,24660000000.0,1.06,10.87,78.40,4970000.0,1.00,1.60,4950000.0,underperform
6710,2009-01-06 22:09:52,1231297792.0,hes,55.23,10.66,934.7000119999999,21.66,-11.0,0.321,6.39,0.44,1.56,6.81,14.33,14.47,27.08,135.599,18910000000.0,21650000000.0,N/A,1.01,0.50,2.691,0.50,7490000000.0,2.691,2940000000.0,9.07,96.20,53.00,1380000000.0,4.232,3930000000.0,0.932,37.511002,4880000000.0,1.47,10.39,82.20,3990000.0,0.8,1.30,6000000.0,underperform
6711,2013-04-14 18:22:34,1365978154.0,hes,71.22,18.17,1593.369995,14.89,3.280000000000001,38.25,12.00,0.65,1.17,5.37,9.81,5.60,10.37,111.38,31640000000.0,31640000000.0,11.74,1.98,0.84,4.37,0.84,12770000000.0,4.37,2020000000.0,5.95,N/A,2.30,642000000.0,1.90,8109999999.999999,1.00,62.28,5660000000.0,1.87,10.95,76.20,8590000.0,2.30,2.80,9500000.0,outperform
6712,2008-04-10 07:45:45,1207827945.0,hes,91.6,,1360.550049,-40.06,,0.407,17.13,1.00,3.22,5.79,12.12,9.87,20.45,101.194,31510000000.0,34890000000.0,N/A,0.95,1.10,6.584,1.10,7490000000.0,6.584,1830000000.0,5.737,42.10,32.20,607000000.0,1.893,3980000000.0,0.863,30.487,3510000000.0,0.6,22.19,73.60,4610000.0,1.5,1.50,4480000.0,underperform
6713,2011-09-03 08:40:18,1315053618.0,hes,57.45,-15.67,1218.890015,14.82,-30.490000000000002,29.31,7.07,0.55,1.08,7.46,11.29,7.82,16.25,111.07,23060000000.0,23060000000.0,7.47,0.70,0.63,3.27,0.63,N/A,3.27,2750000000.0,8.21,61.90,26.90,2190000000.0,6.46,5540000000.0,1.31,55.24,23060000000.0,1.16,10.87,78.40,4640000.0,0.80,N/A,4510000.0,underperform
6714,2005-09-01 00:58:09,1125550689.0,len,54.77,-26.4,1221.589966,7.32,-33.72,0.717,9.85,0.79,2.14,8.95,13.36,11.71,26.62,75.029,9550000000.0,12130000000.0,N/A,0.51,1.04,7.511,1.04,1510000000.0,7.511,1030000000.0,6.30,20.90,25.20,77150000.0,0.501,3060000000.0,4.189,27.822001,20830000.0,0.487,N/A,N/A,7590000.0,3.2,6.40,8189999.999999999,underperform
6715,2012-04-21 13:17:23,1335028643.0,len,25.23,46.45,1385.140015,11.3,35.150000000000006,130.23,61.21,1.44,1.73,2.44,4.90,1.15,2.50,17.63,8340000000.0,8340000000.0,18.67,1.08,2.56,45.03,2.56,331770000.0,45.03,78710000.0,0.42,45.40,29.90,866350000.0,4.58,4330000000.0,20.42,14.39,401250000.0,1.84,69.07,107.90,32509999.999999996,4.60,N/A,33930000.0,outperform
6716,2004-10-10 13:54:17,1097430857.0,len,38.05,28.8,1130.650024,5.01,23.79,0.458,8.81,0.72,1.94,8.77,14.09,12.72,26.60,55.958,6820000000.0,8270000000.0,6.93,0.55,0.88,6.01,0.88,1210000000.0,6.01,825420000.0,4.96,37.80,21.70,140680000.0,0.9,1590000000.0,N/A,22.288,410470000.0,0.614,23.10,75.91,8050000.000000001,7.404,6.71,8520000.0,outperform
6717,2011-10-23 03:42:48,1319355768.0,len,15.86,138.71,1215.390015,17.97,120.74000000000001,125.26,33.80,1.00,1.13,3.13,4.32,0.95,4.08,16.31,6370000000.0,6370000000.0,21.18,1.45,2.12,43.64,2.12,286200000.0,43.64,92790000.0,0.50,31.00,0.60,869910000.0,4.65,4110000000.0000005,16.20,14.28,6370000000.0,1.96,74.10,101.70,31070000.0,6.20,25.30,31340000.0,outperform
6718,2005-04-04 23:21:53,1112671313.0,len,51.24,3.94,1176.119995,11.04,-7.1,0.499,10.15,0.85,2.21,9.00,14.46,12.68,26.62,62.776,8990000000.0,9590000000.0,7.36,0.54,0.91,6.09,0.91,1510000000.0,6.09,945620000.0,5.71,25.80,17.90,1320000000.0,8.52,2020000000.0,N/A,25.941999,272750000.0,0.702,14.92,78.22,7950000.0,3.613,6.02,8610000.0,underperform
6719,2005-03-06 01:48:59,1110091739.0,len,52.64,-2.77,1210.469971,5.6,-8.37,0.499,10.86,0.88,2.29,9.00,14.46,12.68,26.62,62.776,9610000000.0,10310000000.0,8.10,0.58,0.98,6.55,0.98,1510000000.0,6.55,945620000.0,5.71,25.80,17.90,1320000000.0,8.52,2020000000.0,N/A,25.941999,272750000.0,0.698,22.33,80.00,8610000.0,4.065,7.14,9480000.0,underperform
6720,2008-12-05 07:21:32,1228479692.0,len,8.62,43.5,876.070007,26.62,16.88,0.738,N/A,0.23,0.36,28.31,3.69,1.35,36.34,34.586,1360000000.0,3040000000.0,N/A,N/A,0.56,19.128,0.56,2450000000.0,19.128,1550000000.0,9.79,N/A,52.70,857050000.0,5.338,2530000000.0,23.759,21.374001,1420000000.0,1.49,69.10,109.80,30730000.0,24.30,24.30,29790000.0,outperform
6721,2008-01-29 19:10:53,1201651853.0,len,17.32,-51.33,1362.300049,-35.84,-15.489999999999995,0.613,N/A,0.29,0.58,19.06,16.44,N/A,35.95,64.589,2980000000.0,5920000000.0,N/A,N/A,0.58,3.644,0.58,1100000000.0,3.644,1940000000.0,12.31,N/A,49.00,128050000.00000001,0.81,3120000000.0,N/A,31.802,N/A,2.45,1.08,110.10,37040000.0,8.6,29.50,35400000.0,underperform
6722,2008-12-12 12:33:38,1229103218.0,len,9.2,24.57,879.7299800000001,24.58,-0.00999999999999801,0.738,N/A,0.26,0.42,28.31,3.69,1.35,36.34,34.586,1440000000.0,3120000000.0,N/A,N/A,0.57,19.613,0.57,2450000000.0,19.613,1550000000.0,9.79,N/A,52.70,857050000.0,5.338,2530000000.0,23.759,21.374001,1420000000.0,1.49,75.81,109.80,30730000.0,24.30,24.30,29790000.0,underperform
6723,2004-01-20 04:15:53,1074590153.0,len,39.51,28.73,1138.77002,4.03,24.7,0.508,9.84,0.80,2.38,8.44,12.86,12.78,29.88,109.311,7160000000.0,8080000000.0,7.82,0.58,0.91,6.73,0.91,1110000000.0,6.73,751390000.0,9.224,30.50,21.40,599220000.0,7.6,1520000000.0,N/A,37.99,N/A,0.728,22.74,79.52,6710000.0,5.621,11.01,7660000.0,outperform
6724,2013-03-12 03:38:16,1363073896.0,len,40.68,1.6,1552.47998,20.34,-18.74,125.90,13.43,1.95,2.34,16.55,10.15,2.67,18.00,21.99,11790000000.0,11790000000.0,18.75,12.14,2.87,26.51,2.87,588500000.0,26.51,668200000.0,3.11,310.70,41.70,1250000000.0,6.52,5040000000.0,5.65,17.83,424650000.0,1.79,69.00,111.00,32840000.000000004,7.90,N/A,34360000.0,underperform
6725,2004-08-10 23:32:25,1092195145.0,len,37.81,45.23,1079.040039,13.91,31.319999999999997,0.458,8.66,0.70,1.89,8.77,14.09,12.72,26.60,55.958,6700000000.0,8010000000.0,7.14,0.54,0.85,5.82,0.85,1210000000.0,5.82,825420000.0,4.96,37.80,21.70,140680000.0,0.9,1590000000.0,N/A,22.288,410470000.0,0.65,23.10,74.73,8490000.0,4.434,7.07,9060000.0,outperform
6726,2006-08-27 05:24:26,1156670666.0,len,40.37,-35.35,1296.060059,13.17,-48.52,0.718,4.88,0.44,1.24,9.18,13.65,13.26,29.92,103.861,7120000000.0,11100000000.0,N/A,0.39,0.68,4.549,0.68,2230000000.0,4.549,1500000000.0,9.17,33.30,56.10,164160000.0,1.032,4139999999.9999995,3.967,36.217999,237270000.0,1.86,65.80,29.80,11290000.0,3.9,9.10,9030000.0,underperform
6727,2013-05-16 14:59:53,1368730793.0,len,42.66,-9.87,1650.469971,13.78,-23.65,125.02,13.17,1.92,2.40,16.51,10.73,3.04,19.11,23.30,12120000000.0,12120000000.0,18.35,7.98,2.77,24.45,2.77,588500000.0,24.45,710180000.0,3.26,284.10,36.60,1180000000.0,6.12,5090000000.0,8.46,18.18,613700000.0,1.82,69.00,111.00,30240000.0,6.40,23.40,29480000.0,underperform
6728,2004-06-21 08:10:21,1087819821.0,len,38.51,46.12,1130.300049,7.37,38.75,0.467,9.28,0.74,2.07,8.55,13.74,12.63,27.29,55.267,6900000000.0,7890000000.0,7.34,0.55,0.86,6.02,0.86,1210000000.0,6.02,784320000.0,4.766,37.80,21.70,545520000.0,3.5,1530000000.0,N/A,21.065001,634240000.0,0.687,23.10,76.38,11600000.0,6.668,9.66,12090000.0,outperform
6729,2012-05-19 11:51:52,1337442712.0,aa,8.26,1.45,1324.800049,24.58,-23.13,55.28,23.10,0.36,0.64,1.59,5.79,2.23,3.00,23.48,17030000000.000002,17030000000.000002,8.60,1.16,0.68,5.80,0.68,4470000000.0,5.80,398000000.0,0.37,69.50,0.80,1760000000.0,1.65,9740000000.0,1.25,13.21,2190000000.0,1.96,0.06,63.40,72310000.0,2.70,6.80,71660000.0,underperform
6730,2007-05-16 21:12:47,1179364367.0,aa,34.66,11.54,1514.140015,-5.98,17.52,0.494,15.21,1.10,2.22,7.40,13.60,7.54,15.43,34.959,33950000000.000004,36860000000.0,N/A,1.12,1.21,6.637,1.21,7060000000.0,6.637,2160000000.0,2.57,60.30,20.00,506000000.0,0.582,7240000000.0,1.258,17.684,2570000000.0,1.36,0.06,80.30,13620000.0,1.2,1.60,12620000.0,outperform
6731,2008-01-23 16:05:53,1201122353.0,aa,26.14,-70.89,1338.599976,-38.18,-32.71,0.499,9.51,0.77,1.49,8.34,11.42,5.78,16.78,35.721,23200000000.0,31390000000.0,N/A,0.95,1.02,6.567,1.02,7060000000.0,6.567,2570000000.0,2.95,76.00,5.80,483000000.0,0.584,8000000000.0,1.128,19.291,3110000000.0,1.69,0.22,78.40,13610000.0,1.6,1.60,21040000.0,underperform
6732,2013-01-22 17:52:37,1358895157.0,aa,9.01,34.74,1492.560059,23.6,11.14,53.49,51.23,0.41,0.73,0.81,2.36,0.87,0.96,22.22,16629999999.999998,16629999999.999998,10.66,1.43,0.70,8.22,0.70,4470000000.0,8.22,191000000.0,0.18,N/A,1.50,1860000000.0,1.74,8830000000.0,1.30,12.30,1500000000.0,1.98,0.07,59.70,68970000.0,4.60,6.50,72010000.0,outperform
6733,2006-06-20 04:32:21,1150792341.0,aa,25.26,41.45,1240.119995,21.99,19.460000000000004,0.526,16.15,0.96,1.89,5.82,9.51,4.73,11.56,31.183,25320000000.0,32240000000.000004,N/A,0.80,1.19,8.36,1.19,4940000000.0,8.36,1580000000.0,1.80,133.80,16.40,459000000.0,0.528,7330000000.0,1.183,15.945,1700000000.0,2.3,0.26,78.70,15800000.0,1.80,1.80,12880000.0,outperform
6734,2012-03-09 07:34:06,1331296446.0,aa,9.51,-11.46,1370.869995,12.44,-23.9,54.50,17.76,0.41,0.74,2.45,7.16,2.81,4.71,23.52,17900000000.0,17900000000.0,10.18,0.91,0.72,5.48,0.72,4470000000.0,5.48,612000000.0,0.55,N/A,6.00,1940000000.0,1.82,9370000000.0,1.28,12.96,2190000000.0,2.06,0.06,63.40,76870000.0,3.10,N/A,75540000.0,underperform
6735,2008-12-05 01:03:15,1228456995.0,aa,7.52,72.21,876.070007,26.62,45.58999999999999,0.672,3.81,0.25,0.50,5.91,9.12,4.32,11.25,36.138,6450000000.0,16790000000.0,N/A,0.35,0.57,4.231,0.57,6500000000.0,4.231,1740000000.0,2.11,51.70,2.10,831000000.0,1.038,10130000000.0,1.316,18.754999,1270000000.0,2.1,0.25,80.20,47220000.0,5.90,5.90,38210000.0,outperform
6736,2013-04-23 20:02:57,1366761777.0,aa,7.98,70.05,1578.780029,18.79,51.26,53.21,36.21,0.37,0.65,1.05,3.06,1.11,1.36,22.03,16070000000.0,16070000000.0,10.40,2.60,0.68,7.39,0.68,3210000000.0,7.39,244000000.0,0.22,58.50,2.90,1560000000.0,1.45,8920000000.0,1.20,12.50,1660000000.0,1.86,0.08,58.10,72710000.0,4.90,6.80,69110000.0,outperform
6737,2009-03-09 18:17:50,1236637070.0,aa,5.08,156.1,676.530029,68.57,87.53,N/A,N/A,0.16,0.36,0.28,7.73,3.39,1.65,33.211,4400000000.0,14270000000.0,N/A,N/A,0.53,4.308,0.53,4730000000.0,4.308,227000000.0,0.093,N/A,21.10,762000000.0,0.95,10580000000.0,1.12,14.594,1230000000.0,2.18,0.17,74.80,75380000.0,9.40,9.40,72960000.0,outperform
6738,2004-11-24 10:37:20,1101310640.0,aa,28.32,,1181.76001,6.18,,0.53,21.15,1.26,2.34,7.01,9.57,5.13,11.58,26.536,29230000000.0,35370000000.0,13.49,1.47,1.52,9.53,1.52,4019999999.9999995,9.53,1390000000.0,1.588,53.70,11.40,561000000.0,0.64,6650000000.0,1.293,14.36,2140000000.0000002,1.736,1.04,77.19,9910000.0,2.209,1.15,10140000.0,underperform
6739,2008-10-28 00:52:22,1225169542.0,aa,9.8,15.31,940.51001,10.86,4.450000000000001,0.672,4.28,0.25,0.50,5.91,9.27,4.39,11.25,36.161,7230000000.0,16879999999.999998,N/A,0.42,0.57,4.207,0.57,6500000000.0,4.207,1740000000.0,2.11,51.70,2.10,831000000.0,1.038,10130000000.0,1.316,18.754999,1270000000.0,1.71,0.25,82.80,17010000.0,2.10,2.10,18720000.0,outperform
6740,2004-09-09 16:15:45,1094760945.0,aa,27.81,-17.76,1118.380005,11.01,-28.770000000000003,0.561,20.88,1.26,2.34,7.04,9.46,5.08,11.87,25.984,28610000000.0,35240000000.0,12.75,1.43,1.56,9.7,1.56,4019999999.9999995,9.7,1370000000.0,1.575,53.70,11.40,466000000.0,0.54,6880000000.0,1.372,14.049,1780000000.0,1.676,1.00,76.64,7780000.0,1.935,0.90,7930000.0,underperform
6741,2012-07-29 16:51:57,1343595117.0,aa,7.97,-0.5,1360.02002,23.92,-24.42,56.42,126.12,0.36,0.64,0.30,3.85,1.45,0.77,22.89,16899999999.999998,16899999999.999998,11.42,2.51,0.69,7.00,0.69,4470000000.0,7.00,69000000.0,0.07,N/A,9.40,1710000000.0,1.61,9540000000.0,1.26,12.75,1930000000.0,1.99,0.07,59.00,91690000.0,3.90,8.60,82160000.0,underperform
6742,2013-09-01 04:25:11,1378023911.0,aa,7.73,114.88,1638.170044,22.29,92.59,52.71,64.71,0.36,0.65,0.55,3.31,1.24,0.64,21.91,15820000000.0,15820000000.0,15.40,2.60,0.68,7.10,0.68,3210000000.0,7.10,127000000.0,0.12,N/A,1.90,1210000000.0,1.13,8359999999.999999,1.18,11.93,1640000000.0,1.89,0.07,56.70,109640000.0,7.40,10.30,105150000.0,outperform
6743,2004-04-13 04:20:10,1081844410.0,aa,27.65,-7.27,1129.439941,3.93,-11.2,0.595,24.92,1.33,2.41,6.40,8.44,4.52,10.66,25.638,29780000000.0,36340000000.0,12.98,1.26,1.65,10.8,1.65,4019999999.9999995,10.8,1190000000.0,1.375,53.70,11.40,459000000.0,0.53,7310000000.0,1.374,14.078,2530000000.0,1.808,1.00,79.36,12540000.0,2.497,1.46,12700000.0,underperform
6744,2007-02-23 09:03:42,1172239422.0,aa,30.99,6.97,1451.189941,-6.28,13.25,0.494,13.54,0.99,2.07,7.40,13.60,7.54,15.43,34.959,30150000000.0,37000000000.0,N/A,1.05,1.22,6.662,1.22,4940000000.0,6.662,2160000000.0,2.57,60.30,20.00,506000000.0,0.582,7240000000.0,1.258,16.798,2570000000.0,1.62,0.06,80.30,14360000.0,2.4,1.70,17750000.0,outperform
6745,2008-12-18 10:54:07,1229615647.0,aa,9.01,53.72,885.2800289999999,24.53,29.189999999999998,0.672,4.90,0.28,0.55,5.91,9.12,4.32,11.25,36.138,8279999999.999999,17640000000.0,N/A,0.33,0.60,4.445,0.60,6500000000.0,4.445,1740000000.0,2.11,51.70,2.10,831000000.0,1.038,10130000000.0,1.316,18.754999,1270000000.0,2.1,0.25,80.50,61000000.0,1.9,7.60,47220000.0,outperform
6746,2012-01-02 19:42:06,1325551326.0,aa,,,1257.599976,-12.34,,50.93,9.08,0.37,0.62,4.31,8.64,3.41,7.22,23.44,17240000000.0,17240000000.0,9.83,0.47,0.70,4.78,0.70,3840000000.0,4.78,1060000000.0,0.95,182.00,21.40,1340000000.0,1.25,9310000000.0,1.36,13.97,2420000000.0,2.10,0.09,59.60,56860000.0,2.00,5.40,66180000.00000001,underperform
6747,2011-11-05 21:29:24,1320542964.0,aa,10.34,-17.12,1237.900024,15.32,-32.44,50.93,11.47,0.47,0.78,4.31,8.64,3.41,7.22,23.44,19660000000.0,19660000000.0,10.61,0.34,0.80,5.45,0.80,3840000000.0,5.45,1060000000.0,0.95,182.00,21.40,1340000000.0,1.25,9310000000.0,1.36,13.97,19660000000.0,2.01,0.09,59.60,61460000.0,1.50,5.80,63780000.0,underperform
6748,2005-02-07 03:48:37,1107766117.0,aa,24.98,6.45,1201.719971,4.42,2.0300000000000002,0.457,18.39,1.08,1.92,7.02,9.39,5.12,11.17,26.757,25580000000.0,31260000000.0,11.89,1.39,1.33,8.5,1.33,4019999999.9999995,8.5,1400000000.0,1.60,53.70,11.40,457000000.0,0.52,6080000000.0,1.322,15.207,2140000000.0000002,1.611,1.04,75.67,11840000.0,1.892,1.37,12810000.0,outperform
6749,2012-11-27 11:38:14,1354034294.0,aa,8.11,18.0,1398.939941,29.19,-11.190000000000001,56.51,N/A,0.37,0.66,1.02,2.08,0.77,1.48,22.33,17020000000.0,17020000000.0,12.21,2.79,0.72,8.68,0.72,4470000000.0,8.68,244000000.0,0.23,N/A,9.10,1430000000.0,1.34,9520000000.0,1.19,12.66,1710000000.0,1.96,0.07,59.70,75970000.0,4.00,7.10,79680000.0,underperform
6750,2011-11-02 22:04:47,1320285887.0,aa,10.34,-17.12,1237.900024,15.32,-32.44,50.93,11.23,0.45,0.74,4.31,8.64,3.41,7.22,23.44,19100000000.0,19100000000.0,10.39,0.34,0.78,5.29,0.78,3840000000.0,5.29,1060000000.0,0.95,182.00,21.40,1340000000.0,1.25,9310000000.0,1.36,13.97,19100000000.0,2.01,0.09,59.60,61460000.0,1.50,5.80,63780000.0,underperform
6751,2012-03-19 02:24:48,1332138288.0,aa,10.28,-18.87,1409.75,9.83,-28.700000000000003,54.50,19.16,0.44,0.80,2.45,7.16,2.81,4.71,23.52,18720000000.0,18720000000.0,10.98,1.07,0.75,5.73,0.75,4470000000.0,5.73,612000000.0,0.55,N/A,6.00,1940000000.0,1.82,9370000000.0,1.28,12.96,2190000000.0,2.06,0.06,63.40,71470000.0,3.10,N/A,76870000.0,underperform
6752,2007-06-22 06:39:12,1182508752.0,aa,35.51,-0.39,1502.560059,-10.96,10.57,0.503,15.34,1.12,2.28,7.38,13.66,7.55,15.13,35.896,35080000000.0,42470000000.0,N/A,1.28,1.36,7.472,1.36,7060000000.0,7.472,2220000000.0,2.63,8.90,11.20,420000000.0,0.483,7760000000.0,1.338,17.684,3310000000.0,1.41,0.06,80.90,16800000.0,1.2,1.90,15370000.0,outperform
6753,2008-12-06 09:33:46,1228574026.0,aa,8.57,47.02,870.73999,26.32,20.700000000000003,0.672,3.86,0.22,0.43,5.91,9.12,4.32,11.25,36.138,6520000000.0,15880000000.0,N/A,0.31,0.54,4.001,0.54,6500000000.0,4.001,1740000000.0,2.11,51.70,2.10,831000000.0,1.038,10130000000.0,1.316,18.754999,1270000000.0,2.1,0.25,80.20,47220000.0,5.90,5.90,38210000.0,outperform
6754,2005-05-22 08:48:23,1116766103.0,aa,23.46,14.88,1191.079956,5.96,8.920000000000002,0.543,N/A,N/A,1.81,N/A,N/A,0.00,0.00,N/A,23940000000.0,51030000000.0,11.83,1.38,N/A,N/A,N/A,4860000000.0,N/A,N/A,N/A,39.70,9.20,497000000.0,0.57,7280000000.0,1.131,15.305,1630000000.0,1.705,0.99,78.45,15160000.0,2.902,1.76,11970000.0,outperform
6755,2007-01-25 19:09:37,1169770177.0,aa,27.66,-0.65,1423.900024,-6.55,5.8999999999999995,0.494,12.25,0.91,1.89,7.40,13.71,7.34,15.43,34.966,27300000000.0,34380000000.0,N/A,0.96,1.13,6.313,1.13,4940000000.0,6.313,2160000000.0,2.57,60.30,17.60,506000000.0,0.583,7240000000.0,1.045,16.798,2570000000.0,1.5,0.26,80.40,17750000.0,2.7,2.10,16520000.0,outperform
6756,2007-10-11 20:57:59,1192150679.0,aa,33.96,-69.88,1554.410034,-42.15,-27.729999999999997,0.47,14.70,1.09,2.04,7.23,13.33,6.91,14.00,36.164,33659999999.999996,41030000000.0,N/A,0.98,1.31,7.512,1.31,7060000000.0,7.512,2190000000.0,2.59,3.90,3.50,1170000000.0,1.321,7900000000.0,1.353,18.978001,3960000000.0,1.48,0.09,78.10,19800000.0,1.4,2.20,15740000.0,underperform
6757,2013-04-26 20:55:15,1367024115.0,aa,8.13,66.91,1582.23999,18.53,48.379999999999995,53.21,36.92,0.38,0.67,1.05,3.06,1.11,1.36,22.03,16399999999.999998,16399999999.999998,10.88,2.87,0.70,7.55,0.70,3210000000.0,7.55,244000000.0,0.22,58.50,2.90,1560000000.0,1.45,8920000000.0,1.20,12.50,1660000000.0,1.86,0.08,58.10,88680000.0,4.50,8.30,72710000.0,outperform
6758,2004-12-05 00:36:42,1102225002.0,aa,28.05,-14.51,1190.329956,6.03,-20.54,0.53,20.69,1.25,2.33,7.01,9.57,5.13,11.58,26.536,28600000000.0,34750000000.0,13.20,1.50,1.49,9.36,1.49,4019999999.9999995,9.36,1390000000.0,1.588,53.70,11.40,561000000.0,0.64,6650000000.0,1.293,14.36,2140000000.0000002,1.736,1.04,77.11,9910000.0,2.209,1.15,10140000.0,underperform
6759,2005-01-13 07:18:32,1105618712.0,aa,24.76,0.24,1177.449951,9.36,-9.12,0.457,18.43,1.10,1.95,7.02,9.39,5.12,11.17,26.757,25630000000.0,31510000000.0,11.96,1.12,1.34,8.57,1.34,4019999999.9999995,8.57,1400000000.0,1.597,53.70,11.40,457000000.0,0.52,6080000000.0,1.322,15.207,2140000000.0000002,1.611,1.04,77.16,12810000.0,2.918,1.49,9910000.0,underperform
6760,2011-09-03 09:21:23,1315056083.0,aa,12.34,-33.23,1218.890015,14.82,-48.05,48.26,13.78,0.57,0.85,4.04,8.20,3.05,6.55,22.58,20950000000.0,20950000000.0,8.60,0.28,0.89,6.18,0.89,3840000000.0,6.18,949000000.0,0.87,136.80,27.00,1270000000.0,1.19,9350000000.0,1.36,14.66,20950000000.0,2.28,0.09,59.60,53730000.0,1.90,5.10,59140000.0,underperform
6761,2007-10-30 11:24:44,1193757884.0,nly,6.7,-12.09,1531.02002,-39.25,27.16,11.242,16.35,18.46,1.62,83.51,82.47,0.79,10.04,1.372,5510000000.0,40680000000.0,N/A,2.12,136.24,N/A,136.24,1260000000.0,N/A,227860000.0,1.04,899.50,362.60,103910000.0,0.321,35090000000.0,0.009,10.517,299520000.0,0.98,0.20,53.50,13950000.0,2.2,4.40,13540000.0,outperform
6762,2007-06-18 18:40:15,1182206415.0,nly,5.31,25.61,1531.050049,-11.76,37.37,9.756,18.00,16.73,1.18,78.12,77.79,0.61,7.10,1.153,3740000000.0,37480000000.0,N/A,2.60,170.04,N/A,170.04,1260000000.0,N/A,150910000.0,0.79,N/A,13219.30,104480000.0,0.397,33350000000.0,0.01,11.904,219740000.0,0.82,0.22,63.50,11490000.0,2.6,4.40,9750000.0,outperform
6763,2007-04-05 23:14:39,1175829279.0,nly,5.94,8.92,1443.76001,-5.08,14.0,10.365,35.67,23.55,1.36,68.48,68.24,0.40,4.51,0.817,3240000000.0,30810000000.0,N/A,2.80,224.86,N/A,224.86,1260000000.0,N/A,74260000.0,0.44,N/A,N/A,110150000.0,0.536,27510000000.0,0.017,11.522,221630000.0,0.98,0.23,58.80,9750000.0,2.9,4.80,9750000.0,outperform
6764,2007-04-15 16:07:38,1176667658.0,nly,5.85,9.06,1447.800049,-8.25,17.310000000000002,10.365,35.94,23.31,1.35,68.48,68.24,0.40,4.51,0.817,3270000000.0,30850000000.0,N/A,2.84,225.18,N/A,225.18,1260000000.0,N/A,74260000.0,0.44,N/A,N/A,110150000.0,0.536,27510000000.0,0.017,11.522,221630000.0,0.98,0.23,58.80,9750000.0,2.9,4.80,9750000.0,outperform
6765,2005-01-09 17:04:54,1105308294.0,nly,6.2,-30.16,1187.890015,8.61,-38.769999999999996,N/A,9.30,4.85,1.45,49.92,50.37,1.46,16.55,4.145,2280000000.0,2380000000.0,N/A,N/A,5.11,10.15,5.11,378340000.0,10.15,227920000.0,2.021,18.00,11.00,6770000.0,0.06,N/A,N/A,12.842,397900000.0,0.37,0.79,27.53,15460000.0,17.25,12.85,14260000.0,underperform
6766,2012-08-31 00:34:20,1346387660.0,nly,13.0,-26.0,1406.579956,16.24,-42.239999999999995,626.00,53.86,25.65,1.06,50.98,60.25,0.29,2.21,0.68,114520000000.0,114520000000.0,8.95,2.63,174.59,N/A,174.59,N/A,N/A,315630000.0,0.32,N/A,N/A,4420000000.0,4.53,101940000000.0,0.06,16.23,3730000000.0,0.15,0.46,42.10,35150000.0,3.50,3.60,36680000.0,underperform
6767,2013-05-16 19:14:20,1368746060.0,nly,12.34,-12.56,1650.469971,13.78,-26.34,690.84,8.89,6.60,0.98,80.10,89.68,1.39,10.91,2.20,110690000000.0,110690000000.0,10.31,2.17,52.02,N/A,52.02,N/A,N/A,1650000000.0,1.69,3.50,4.50,9480000000.0,10.01,105740000000.0,0.21,15.19,1240000000.0,0.15,0.47,44.80,25600000.0,3.30,2.70,26050000.0,underperform
6768,2007-01-15 03:11:29,1168848689.0,nly,,,1430.72998,-3.48,,9.597,N/A,N/A,1.23,N/A,597.30,0.40,4.64,0.053,2820000000.0,27800000000.0,N/A,7.24,3585.88,N/A,3585.88,740670000.0,N/A,114110000.0,0.78,102.30,46.60,90250000.0,0.441,24900000000.0,0.009,11.258,181050000.0,1.14,1.37,73.60,9910000.0,6.7,4.90,10410000.0,underperform
6769,2008-12-18 02:18:50,1229584730.0,nly,6.54,44.19,885.2800289999999,24.53,19.659999999999997,7.149,7.67,7.60,1.25,89.19,91.23,1.90,17.99,2.404,8600000000.0,58120000000.0,N/A,1.06,51.52,N/A,51.52,2420000000.0,N/A,984670000.0,2.07,179.00,163.90,1710000000.0,3.151,51080000000.0,0.097,12.696,1090000000.0,0.43,0.52,83.10,N/A,N/A,N/A,19960000.0,outperform
6770,2013-04-22 03:08:04,1366614484.0,nly,12.68,-16.96,1562.5,20.29,-37.25,678.23,9.12,6.87,0.99,79.92,89.16,1.43,10.95,2.23,118400000000.0,118400000000.0,10.79,3.26,54.51,N/A,54.51,N/A,N/A,1700000000.0,1.71,57.20,53.90,4600000000.0,4.85,108000000000.0,0.05,15.85,7640000000.0,0.15,0.47,44.80,29860000.0,3.10,3.10,29400000.0,underperform
6771,2008-12-29 12:32:39,1230571959.0,nly,6.78,37.02,869.419983,29.53,7.490000000000002,7.149,7.58,7.54,1.24,89.19,91.23,1.90,17.99,2.404,8500000000.0,58050000000.0,N/A,1.16,51.46,N/A,51.46,2420000000.0,N/A,984670000.0,2.07,179.00,163.90,1710000000.0,3.151,51080000000.0,0.097,12.696,1090000000.0,0.43,0.52,83.10,N/A,N/A,N/A,19960000.0,outperform
6772,2005-04-06 12:02:49,1112803369.0,nly,6.36,-33.02,1184.069946,10.55,-43.57000000000001,N/A,9.07,4.28,1.50,46.70,47.54,1.44,16.58,4.494,2240000000.0,2450000000.0,N/A,N/A,4.60,9.69,4.60,550050000.0,9.69,240850000.0,2.04,38.00,45.40,5850000.0,0.05,N/A,N/A,12.563,416920000.0,0.29,0.71,28.36,12540000.0,18.167,10.41,12990000.0,underperform
6773,2011-12-07 13:40:37,1323283237.0,nly,11.09,0.36,1261.01001,12.13,-11.770000000000001,567.63,11.98,11.40,1.00,80.62,84.07,1.14,8.73,1.76,101590000000.0,101590000000.0,7.05,1.56,73.30,N/A,73.30,N/A,N/A,1100000000.0,1.36,N/A,N/A,4890000000.0,5.04,90500000000.0,0.06,16.22,101590000000.0,0.31,0.44,40.40,37190000.0,2.50,4.60,40100000.0,underperform
6774,2012-10-15 21:01:52,1350349312.0,nly,12.04,-15.95,1440.130005,17.91,-33.86,626.00,48.81,23.83,0.99,50.98,60.25,0.29,2.21,0.68,113330000000.0,113330000000.0,8.28,1.19,172.77,N/A,172.77,N/A,N/A,315630000.0,0.32,N/A,N/A,4420000000.0,4.53,101940000000.0,0.06,16.23,3730000000.0,0.11,0.46,41.30,39670000.0,3.80,4.10,34830000.0,underperform
6775,2005-02-07 01:51:30,1107759090.0,nly,6.26,-31.63,1201.719971,4.42,-36.05,N/A,9.45,5.14,1.53,46.70,50.37,1.49,17.03,4.425,2330000000.0,2430000000.0,N/A,N/A,4.56,10.37,4.56,378340000.0,10.37,244510000.0,2.04,18.00,11.00,6770000.0,0.06,N/A,N/A,12.842,397900000.0,0.37,0.79,27.13,14740000.0,13.21,12.25,15460000.0,underperform
6776,2004-09-30 12:22:18,1096561338.0,nly,5.58,-18.28,1114.579956,10.25,-28.53,N/A,9.59,5.25,1.42,49.38,49.50,1.27,14.78,3.713,2060000000.0,2160000000.0,N/A,N/A,5.50,11.11,5.50,378340000.0,11.11,191860000.0,1.786,18.00,11.00,4500000.0,0.04,N/A,N/A,12.067,375800000.0,0.297,0.73,34.29,10430000.0,13.516,8.73,9250000.0,underperform
6777,2007-05-18 18:42:28,1179528148.0,nly,5.89,16.3,1522.75,-7.49,23.79,9.756,19.78,18.72,1.32,78.12,77.79,0.61,7.10,1.153,4110000000.0000005,37550000000.0,N/A,2.64,170.35,N/A,170.35,1260000000.0,N/A,150910000.0,0.79,N/A,13219.30,104480000.0,0.397,33350000000.0,0.01,11.904,219740000.0,0.82,0.22,53.90,11490000.0,2.6,4.40,9750000.0,outperform
6778,2008-12-04 01:00:20,1228370420.0,nly,5.86,56.48,845.2199710000001,30.85,25.629999999999995,7.149,6.83,6.53,1.07,89.19,91.23,1.90,17.99,2.404,7640000000.0,56910000000.0,N/A,0.95,50.45,N/A,50.45,2420000000.0,N/A,984670000.0,2.07,179.00,163.90,1710000000.0,3.158,51080000000.0,0.097,12.696,1090000000.0,0.43,0.52,82.90,19960000.0,1.9,3.70,16730000.0,outperform
6779,2007-03-12 17:37:36,1173735456.0,nly,5.21,29.94,1406.599976,-6.11,36.050000000000004,10.365,31.53,20.44,1.18,68.48,68.24,0.40,4.51,0.817,2870000000.0,30380000000.0,N/A,2.48,221.76,N/A,221.76,740670000.0,N/A,74260000.0,0.44,N/A,N/A,110150000.0,0.536,27510000000.0,0.017,11.522,221630000.0,0.97,0.29,73.30,9750000.0,5.6,4.80,10150000.0,outperform
6780,2006-06-23 18:09:28,1151100568.0,nly,4.35,23.45,1244.5,21.56,1.8900000000000006,10.203,N/A,N/A,1.20,N/A,204.80,0.45,5.23,0.266,1980000000.0,16780000000.000002,N/A,4.56,512.04,N/A,512.04,740670000.0,N/A,94120000.0,0.77,N/A,99.10,2400000.0,0.015,14630000000.0,0.017,10.16,233170000.0,1.15,1.72,40.10,8790000.0,3.7,5.50,7830000.0,outperform
6781,2011-09-03 01:08:55,1315026535.0,nly,11.88,8.59,1218.890015,14.82,-6.23,576.48,6.46,7.45,1.05,89.34,91.22,2.33,17.11,3.22,96590000000.0,96590000000.0,6.79,4.14,42.61,N/A,42.61,N/A,N/A,2009999999.9999998,2.69,N/A,N/A,996480000.0,1.03,80530000000.0,0.02,16.55,96590000000.0,0.21,0.44,40.40,36930000.0,1.10,4.60,32080000.0,underperform
6782,2007-05-17 03:40:35,1179387635.0,nly,5.91,19.63,1512.75,-5.78,25.41,9.756,20.27,18.69,1.32,78.12,77.79,0.61,7.10,1.153,4160000000.0,37540000000.0,N/A,2.64,170.31,N/A,170.31,1260000000.0,N/A,150910000.0,0.78,N/A,13219.30,104480000.0,0.397,33350000000.0,1.759,11.904,N/A,0.82,0.22,53.90,11490000.0,2.6,5.70,9750000.0,outperform
6783,2011-11-02 15:53:52,1320263632.0,nly,11.07,11.83,1237.900024,15.32,-3.49,576.48,6.08,7.12,1.01,89.34,91.22,2.33,17.11,3.22,95860000000.0,95860000000.0,6.51,1.73,42.29,N/A,42.29,N/A,N/A,2009999999.9999998,2.69,N/A,N/A,996480000.0,1.03,80530000000.0,0.02,16.55,95860000000.0,0.26,0.44,40.40,32759999.999999996,1.50,4.10,38670000.0,underperform
6784,2004-07-28 21:55:11,1091066111.0,cern,5.58,69.18,1095.420044,13.54,55.64000000000001,0.254,29.13,1.86,3.08,6.44,11.23,6.75,11.51,23.801,1600000000.0,1640000000.0,21.77,1.20,1.86,16.54,1.86,645300000.0,16.54,56700000.0,1.532,10.90,11.70,137220000.0,3.83,135810000.0,2.438,14.811,143100000.0,0.393,21.10,90.20,7790000.0,15.617,27.54,6800000.0,outperform
6785,2011-09-25 21:21:56,1317000116.0,cern,34.3,8.43,1129.560059,28.98,-20.55,5.38,44.33,5.86,5.44,13.55,20.16,10.04,13.97,11.88,11120000000.0,11120000000.0,31.15,1.88,5.62,21.08,5.62,1530000000.0,21.08,268110000.0,1.56,29.90,15.00,682020000.0,4.03,114690000.0,3.74,12.61,11120000000.0,0.94,15.75,87.00,17140000.0,8.90,N/A,15770000.0,underperform
6786,2004-08-03 23:40:09,1091590809.0,cern,5.7,72.28,1099.689941,13.22,59.06,0.254,29.77,1.86,3.09,6.44,11.23,6.75,11.51,23.801,1640000000.0,1640000000.0,22.25,1.20,1.86,16.57,1.86,645300000.0,16.57,56700000.0,1.532,10.90,11.70,137220000.0,3.83,135810000.0,2.438,14.811,143100000.0,0.393,21.10,91.34,7790000.0,15.617,27.54,6800000.0,outperform
6787,2005-03-10 01:56:34,1110437794.0,cern,6.42,69.78,1209.25,5.97,63.81,0.219,29.69,2.03,3.16,6.98,12.03,7.14,12.00,24.631,1850000000.0,1820000000.0,19.69,1.07,1.97,16.34,1.97,645300000.0,16.34,64650000.00000001,1.72,10.90,11.70,189780000.0,5.22,130710000.00000001,2.557,16.372,155100000.0,0.481,21.02,95.00,10990000.0,25.625,38.30,9590000.0,outperform
6788,2011-12-11 00:55:37,1323582937.0,cern,29.66,32.23,1234.349976,14.92,17.309999999999995,6.06,36.79,4.81,4.55,13.70,20.38,10.22,14.24,12.45,9430000000.0,9430000000.0,N/A,N/A,4.51,16.96,4.51,1530000000.0,16.96,286070000.0,1.65,29.50,23.50,755210000.0,4.46,133840000.0,3.77,13.03,499550000.0,0.65,15.75,87.00,11940000.0,6.90,N/A,12330000.0,outperform
6789,2011-05-15 05:56:17,1305453377.0,cern,29.94,32.33,1348.650024,-0.76,33.089999999999996,5.01,40.57,5.27,4.98,13.17,19.75,9.98,13.71,23.06,9520000000.0,9520000000.0,27.55,1.77,4.98,18.90,4.98,1530000000.0,18.90,251540000.0,2.94,28.40,14.00,610880000.0,7.26,101430000.0,3.82,24.05,9520000000.0,0.92,15.75,87.00,8430000.0,13.10,13.90,8400000.0,outperform
6790,2004-04-12 00:01:08,1081742468.0,cern,5.91,21.83,1145.199951,3.72,18.11,0.295,38.46,1.92,3.24,5.10,9.30,5.38,9.28,23.043,1610000000.0,1630000000.0,22.54,0.99,1.94,11.07,1.94,645300000.0,11.07,42790000.0,1.172,10.90,11.70,121840000.0,3.41,145730000.0,2.417,13.913,134300000.0,0.36,20.98,87.00,5410000.0,11.708,19.18,5670000.0,outperform
6791,2008-12-22 19:58:49,1229993929.0,cern,9.41,117.11,871.6300050000001,28.27,88.84,0.137,19.79,1.92,2.43,9.87,14.71,8.53,13.50,19.948,3040000000.0,2950000000.0,N/A,0.83,1.84,7.357,1.84,581810000.0,7.357,158450000.0,1.90,44.10,13.40,297270000.0,3.67,173800000.0,2.794,15.658,275990000.0,0.93,15.91,90.80,11660000.0,10.8,16.90,10150000.0,outperform
6792,2013-02-06 13:18:14,1360174694.0,cern,42.73,25.44,1512.119995,17.28,8.16,7.29,38.88,5.70,5.32,14.96,21.80,10.87,15.36,14.78,13500000000.0,13500000000.0,29.96,1.77,5.36,19.64,5.36,1760000000.0,19.64,376620000.0,2.15,25.40,18.20,1040000000.0,6.06,196660000.0,3.52,15.72,696250000.0,0.50,14.79,82.00,8960000.0,11.80,6.20,9660000.0,outperform
6793,2006-06-18 22:26:12,1150683972.0,cern,9.56,47.28,1256.160034,21.88,25.400000000000002,0.276,32.62,2.43,3.71,7.70,12.28,8.13,13.30,16.246,2990000000.0,2930000000.0,N/A,1.14,2.41,10.799,2.41,439890000.0,10.799,93880000.0,1.18,60.90,22.40,278820000.0,3.597,220120000.0,2.562,10.306,235730000.0,2.13,17.39,87.70,8310000.000000001,8.7,13.00,10770000.0,outperform
6794,2003-11-11 01:20:38,1068531638.0,cern,5.24,13.55,1046.569946,11.12,2.4300000000000015,0.292,42.24,1.95,3.32,4.57,8.36,4.79,8.18,21.973,1500000000.0,1570000000.0,27.47,1.88,1.97,11.86,1.97,N/A,11.86,36530000.0,1.005,N/A,N/A,119800000.0,3.38,136620000.0,2.577,13.22,N/A,0.535,20.96,70.90,7440000.0,8.391,26.58,5300000.0,outperform
6795,2005-01-25 09:51:48,1106664708.0,cern,5.98,87.12,1168.410034,8.24,78.88000000000001,0.243,29.83,1.94,3.17,6.56,11.44,6.84,11.58,24.259,1730000000.0,1700000000.0,22.86,1.19,1.88,9.03,1.88,645300000.0,9.03,59430000.0,1.594,10.90,11.70,160950000.0,4.43,135070000.0,2.528,15.288,155100000.0,0.353,21.02,95.00,9680000.0,19.679,33.74,9660000.0,outperform
6796,2008-01-20 20:25:21,1200878721.0,cern,12.99,,1333.25,-36.24,,0.19,32.68,2.76,3.84,8.88,13.28,8.16,13.70,19.077,4210000000.0,4110000000.0000005,N/A,1.23,2.73,11.845,2.73,509020000.0,11.845,133680000.0,1.61,34.10,8.00,308430000.0,3.857,205000000.0,2.796,13.543,255190000.0,0.95,25.59,76.80,9530000.0,19.4,14.30,9770000.0,underperform
6797,2004-11-14 20:28:19,1100482099.0,cern,6.08,82.89,1173.47998,5.14,77.75,0.243,30.69,1.95,3.18,6.56,11.44,6.84,11.58,24.259,1780000000.0,1750000000.0,23.52,1.20,1.93,9.29,1.93,645300000.0,9.29,59430000.0,1.594,10.90,11.70,160950000.0,4.43,135070000.0,2.528,15.288,143170000.0,0.354,21.02,92.24,9660000.0,19.598,33.67,8880000.0,outperform
6798,2007-03-13 18:26:25,1173824785.0,cern,13.27,-20.5,1377.949951,-5.02,-15.48,0.226,39.37,3.08,4.59,7.97,12.06,8.28,13.09,17.737,4179999999.9999995,4139999999.9999995,N/A,1.29,3.01,13.348,3.01,509020000.0,13.348,109890000.0,1.35,43.00,16.90,308780000.0,3.914,207630000.0,2.476,11.712,232720000.0,1.21,16.50,87.80,12570000.0,12.8,19.10,10570000.0,underperform
6799,2012-10-10 14:24:17,1349893457.0,cern,37.62,44.9,1432.560059,18.15,26.75,6.86,37.48,5.38,5.06,14.76,21.59,10.83,15.18,14.21,12200000000.0,12200000000.0,27.45,1.65,5.05,18.54,5.05,1760000000.0,18.54,356560000.0,2.03,35.80,21.20,980000000.0,5.73,176080000.0,3.57,15.01,643210000.0,0.50,14.79,82.00,11580000.0,10.20,8.00,11050000.0,outperform
6800,2011-10-13 00:54:28,1318481668.0,cern,34.41,5.23,1203.660034,18.69,-13.46,5.38,43.49,5.92,5.50,13.55,20.16,10.04,13.97,11.88,11150000000.0,11150000000.0,30.56,1.88,5.64,21.13,5.64,1530000000.0,21.13,268110000.0,1.56,29.90,15.00,682020000.0,4.03,114690000.0,3.74,12.61,11150000000.0,0.92,15.75,87.00,16500000.0,10.30,N/A,17140000.0,underperform
6801,2006-10-23 13:12:35,1161623555.0,cern,11.65,26.01,1377.02002,10.35,15.660000000000002,0.252,38.42,2.87,4.41,7.70,12.22,8.41,13.31,16.769,3650000000.0,3500000000.0,N/A,1.42,2.75,12.301,2.75,439890000.0,12.301,97940000.0,1.22,20.60,19.00,276690000.0,3.558,208120000.0,2.589,10.656,251080000.0,1.78,17.31,88.00,9250000.0,16.6,14.30,9420000.0,outperform
6802,2009-12-11 22:04:24,1260587064.0,cern,19.24,20.11,1106.410034,11.01,9.1,N/A,31.38,3.72,4.13,12.24,17.97,9.68,14.75,20.718,5920000000.0,5920000000.0,N/A,1.83,3.54,13.921,3.54,1380000000.0,13.921,204510000.0,2.45,7.50,3.10,434650000.0,5.325,143820000.0,3.3,18.445,337340000.0,0.99,15.96,88.80,10170000.0,10.3,15.10,10900000.0,outperform
6803,2005-02-06 19:03:19,1107734599.0,cern,6.3,78.57,1189.890015,6.31,72.25999999999999,0.219,30.66,2.02,3.30,6.98,12.03,7.14,12.00,24.631,1910000000.0,1850000000.0,20.34,1.09,2.00,16.64,2.00,645300000.0,16.64,64650000.00000001,1.72,10.90,11.70,189780000.0,5.22,130710000.00000001,2.557,15.288,155100000.0,0.353,21.02,94.45,9590000.0,24.161,33.42,9680000.0,outperform
6804,2013-04-25 02:39:05,1366871945.0,cern,45.83,8.03,1585.160034,17.55,-9.520000000000001,6.92,40.77,6.13,5.64,15.22,21.90,10.66,15.44,15.27,14970000000.0,14970000000.0,28.01,1.78,5.74,21.01,5.74,2060000000.0,21.01,397230000.0,2.26,22.60,15.30,1040000000.0,6.02,196140000.0,3.09,16.47,708310000.0,0.52,14.17,83.00,9330000.0,11.30,6.40,9610000.0,underperform
6805,2013-04-22 01:27:33,1366608453.0,nov,63.42,28.16,1562.5,20.29,7.870000000000001,15.47,11.03,1.38,1.36,12.43,17.75,7.80,13.04,47.16,27270000000.0,27270000000.0,9.37,0.76,1.36,6.52,1.36,5340000000.0,6.52,2490000000.0,5.83,16.40,33.50,3320000000.0,7.78,3150000000.0,2.78,47.41,620000000.0,2.27,0.24,88.40,6080000.0,1.50,N/A,5110000.0,outperform
6806,2011-09-08 05:48:14,1315475294.0,nov,62.82,26.49,1185.900024,21.25,5.239999999999998,3.04,16.01,2.10,1.60,13.49,19.76,6.98,10.87,30.65,24050000000.0,24050000000.0,11.57,0.92,1.87,7.84,1.87,3830000000.0,7.84,1730000000.0,4.12,20.00,19.40,3440000000.0,8.12,513000000.0,2.64,39.67,24050000000.0,1.58,0.26,87.50,8850000.0,1.50,2.10,7400000.0,outperform
6807,2007-04-28 12:49:03,1177778943.0,nov,37.78,79.09,1495.420044,-7.13,86.22,0.167,22.40,2.07,2.89,9.74,15.93,8.91,14.84,40.102,15230000000.0,15120000000.0,N/A,0.53,2.15,11.813,2.15,1760000000.0,11.813,684000000.0,3.87,135.40,50.90,957400000.0,5.446,840300000.0,1.863,28.612,1220000000.0,0.79,0.52,87.30,8189999.999999999,2.9,4.70,8080000.0,outperform
6808,2008-12-05 00:09:38,1228453778.0,nov,19.36,115.6,876.070007,26.62,88.97999999999999,0.123,4.36,0.77,0.77,14.20,22.12,10.26,18.71,32.115,8250000000.0,9150000000.0,N/A,0.38,0.75,2.992,0.75,2830000000.0,2.992,1740000000.0,4.54,49.60,40.00,1760000000.0,4.229,1510000000.0,1.733,29.448999,2170000000.0,1.96,7.54,75.60,7120000.0,0.6,1.70,7740000.0,outperform
6809,2013-05-16 17:34:48,1368740088.0,nov,65.04,24.06,1650.469971,13.78,10.28,21.03,12.12,1.38,1.42,11.34,16.30,7.17,12.14,49.43,31060000000.0,31060000000.0,10.34,0.85,1.48,7.60,1.48,5340000000.0,7.60,2390000000.0,5.58,17.20,23.30,2440000000.0,5.71,4350000000.0,2.70,48.10,1190000000.0,2.25,0.24,88.40,5740000.0,1.50,1.30,5900000.0,outperform
6810,2012-11-07 05:19:29,1352283569.0,nov,69.07,14.32,1394.530029,25.29,-10.969999999999999,7.77,12.96,1.64,1.56,12.88,18.81,8.23,12.94,43.80,30410000000.0,30410000000.0,11.02,0.68,1.63,7.40,1.63,4500000000.0,7.40,2400000000.0,5.63,15.00,42.20,1700000000.0,3.99,1530000000.0,2.41,45.85,442000000.0,2.10,0.23,90.00,5200000.0,1.80,1.20,4710000.0,underperform
6811,2011-11-05 04:22:57,1320481377.0,nov,67.71,4.89,1237.900024,15.32,-10.43,2.97,16.15,2.27,1.80,13.71,20.32,7.37,11.33,32.31,27480000000.0,27480000000.0,12.07,0.98,2.03,8.33,2.03,3830000000.0,8.33,1860000000.0,4.40,31.70,24.20,3870000000.0,9.13,512000000.0,2.54,40.43,27480000000.0,1.47,0.26,87.50,10800000.0,1.60,2.60,10610000.0,underperform
6812,2007-11-06 08:04:39,1194354279.0,nov,73.19,-62.06,1520.27002,-37.33,-24.730000000000004,0.133,21.63,2.87,4.16,13.03,20.18,11.89,21.59,26.069,26110000000.0,25470000000.0,N/A,0.57,2.77,12.384,2.77,1760000000.0,12.384,1200000000.0,3.39,107.20,45.10,1490000000.0,4.167,846200000.0,1.875,17.798,N/A,0.55,0.08,81.50,12880000.0,2.9,3.60,12610000.0,underperform
6813,2009-02-01 23:58:35,1233550715.0,nov,25.35,58.03,845.1400150000001,28.88,29.150000000000002,0.123,5.83,0.93,0.93,14.20,22.12,10.26,18.71,32.115,11030000000.0,10780000000.0,N/A,0.46,0.88,3.525,0.88,2830000000.0,3.525,1740000000.0,4.54,49.60,40.00,1760000000.0,4.229,1510000000.0,1.733,29.448999,2170000000.0,1.61,7.54,76.00,7450000.0,1.80,1.80,7240000.0,outperform
6814,2011-05-02 00:26:39,1304310399.0,nov,71.9,1.56,1361.219971,3.28,-1.7199999999999998,5.59,19.27,2.67,2.06,13.71,20.13,6.86,11.03,29.15,29850000000.0,29850000000.0,14.98,1.50,2.46,10.10,2.46,3830000000.0,10.10,1670000000.0,3.98,11.70,1.20,3330000000.0,7.92,887000000.0,2.32,37.39,29850000000.0,1.45,0.26,87.50,5170000.0,1.30,1.20,6040000.0,underperform
6815,2012-01-22 00:49:47,1327211387.0,nov,73.28,,1314.5,13.05,,2.97,17.00,2.37,1.87,13.71,19.99,7.25,11.33,32.31,28350000000.0,28350000000.0,12.68,0.91,2.09,8.71,2.09,3830000000.0,8.71,1860000000.0,4.40,31.70,24.20,3870000000.0,9.13,512000000.0,2.54,40.43,2330000000.0,1.49,0.26,91.00,9140000.0,2.40,2.20,10350000.0,underperform
6816,2007-06-30 04:47:26,1183193246.0,nov,48.77,70.04,1506.339966,-14.82,84.86000000000001,0.158,21.98,2.38,3.40,10.93,17.45,10.05,17.27,43.753,18510000000.0,17930000000.0,N/A,0.57,2.34,11.877,2.34,1760000000.0,11.877,839600000.0,4.74,129.30,43.30,1190000000.0,6.701,845600000.0,1.835,30.280001,1390000000.0,0.91,0.51,87.20,7590000.0,2.7,4.30,8060000.000000001,outperform
6817,2007-02-22 20:40:02,1172194802.0,nov,32.08,87.59,1456.380005,-7.09,94.68,0.167,17.86,1.69,2.37,9.74,15.93,9.17,14.84,40.102,12130000000.0,11790000000.0,N/A,0.44,1.68,9.008,1.68,987200000.0,9.008,684000000.0,3.87,135.40,50.90,957400000.0,5.453,840300000.0,1.86,28.612,N/A,1.21,0.52,90.80,5950000.0,2.3,3.40,6880000.0,outperform
6818,2011-07-10 01:29:59,1310275799.0,nov,78.0,-16.69,1353.219971,-0.06,-16.630000000000003,4.36,20.41,2.79,2.10,13.46,19.72,6.78,10.61,29.37,31590000000.0,31590000000.0,15.16,1.56,2.58,10.77,2.58,3830000000.0,10.77,1650000000.0,3.93,3.60,3.80,3060000000.0,7.23,715000000.0,2.60,38.51,31590000000.0,1.55,0.26,87.50,8119999.999999999,1.60,1.90,6340000.0,underperform
6819,2011-11-22 08:57:37,1321970257.0,nov,62.36,11.53,1188.040039,17.09,-5.5600000000000005,2.97,14.93,2.05,1.63,13.71,19.99,7.25,11.33,32.31,24500000000.0,24500000000.0,11.16,0.91,1.81,7.53,1.81,3830000000.0,7.53,1860000000.0,4.40,31.70,24.20,3870000000.0,9.13,512000000.0,2.54,40.43,24500000000.0,1.47,0.26,87.50,10990000.0,1.80,2.60,10800000.0,underperform
6820,2007-11-04 02:52:28,1194162748.0,nov,65.29,-57.77,1508.439941,-35.94,-21.830000000000005,0.133,21.86,2.72,3.95,13.03,20.18,11.89,21.59,26.069,26380000000.0,25750000000.0,N/A,0.57,2.80,12.519,2.80,1760000000.0,12.519,1200000000.0,3.39,107.20,45.10,1490000000.0,4.167,846200000.0,1.875,17.798,N/A,0.55,0.08,87.40,12880000.0,2.9,3.60,12610000.0,underperform
6821,2012-10-25 02:11:25,1351145485.0,nov,72.74,11.67,1412.969971,24.54,-12.87,7.65,14.11,1.97,1.78,13.60,19.82,8.18,12.88,40.23,33110000000.0,33110000000.0,11.08,0.83,1.94,8.35,1.94,4500000000.0,8.35,2320000000.0,5.44,25.80,34.80,1920000000.0,4.50,1450000000.0,2.01,44.14,939000000.0,2.09,0.23,90.00,4710000.0,1.40,1.10,6230000.0,underperform
6822,2009-01-02 15:33:12,1230928392.0,nov,24.9,70.48,931.7999880000001,20.89,49.59,0.123,5.39,0.83,0.83,14.20,22.12,10.26,18.71,32.115,10200000000.0,9950000000.0,N/A,0.41,0.81,3.252,0.81,2830000000.0,3.252,1740000000.0,4.54,49.60,40.00,1760000000.0,4.229,1510000000.0,1.733,29.448999,2170000000.0,1.91,7.54,75.70,6330000.0,0.6,1.50,7730000.0,outperform
6823,2004-12-16 22:56:23,1103255783.0,avb,49.4,29.84,1203.209961,5.33,24.509999999999998,1.1,68.91,8.25,2.30,12.99,13.12,1.68,3.25,8.833,5300000000.0,7810000000.0,20.63,3.14,12.13,20.76,12.13,552100000.0,20.76,74940000.0,1.063,56.40,0.50,33580000.0,0.46,2530000000.0,N/A,31.952999,270900000.0,0.292,2.33,94.80,1700000.0,6.182,2.41,1670000.0,outperform
6824,2004-10-26 05:07:35,1098781655.0,avb,44.25,33.24,1111.089966,7.23,26.01,1.06,46.40,N/A,2.05,N/A,12.80,2.19,4.44,N/A,4680000000.0,7150000000.0,18.75,3.51,19.44,19.44,19.44,552100000.0,19.44,101830000.0,1.402,56.40,0.50,2500000.0,0.03,2440000000.0,N/A,32.013,246040000.0,0.247,2.30,92.64,1580000.0,5.403,2.25,1680000.0,outperform
6825,2007-02-18 19:32:33,1171845153.0,avb,105.8,,1456.810059,-7.33,,1.074,40.65,14.65,4.14,37.41,37.27,3.16,6.95,10.039,10830000000.0,13910000000.0,N/A,6.12,18.69,31.65,18.69,413640000.0,31.65,171140000.0,3.57,49.10,10.60,8570000.0,0.115,2830000000.0,N/A,35.242001,N/A,1.37,N/A,95.30,2310000.0,3.1,3.20,2029999.9999999998,underperform
6826,2005-03-02 04:14:41,1109754881.0,avb,47.24,52.75,1210.079956,6.53,46.22,1.1,65.63,7.80,2.18,12.99,13.13,1.68,3.25,8.833,5040000000.0,7530000000.0,18.12,3.56,11.69,N/A,11.69,552100000.0,376260000.0,74940000.0,1.06,56.40,0.50,33580000.0,0.46,2530000000.0,N/A,31.952999,270900000.0,0.323,1.50,95.00,1640000.0,4.146,2.31,1880000.0,outperform
6827,2009-01-13 22:30:19,1231903819.0,avb,43.18,58.92,871.7899779999999,31.42,27.5,1.067,7.84,4.17,1.23,57.31,39.91,3.43,8.09,12.258,4139999999.9999995,7280000000.0,N/A,2.04,7.71,12.659,7.71,737830000.0,12.659,246630000.0,6.84,81.40,11.50,79020000.0,1.025,3430000000.0,0.957,41.637001,429160000.0,40.49,2.15,120.10,13870000.0,18.40,18.40,14130000.0,outperform
6828,2008-01-23 23:04:32,1201147472.0,avb,71.28,-41.15,1338.599976,-38.18,-2.969999999999999,0.985,28.57,8.38,2.19,33.57,36.90,3.06,6.76,10.439,7520000000.0,9820000000.0,N/A,2.75,12.09,20.607,12.09,447530000.0,20.607,185280000.0,3.34,205.80,12.90,39040000.0,0.496,3050000000.0,0.4,39.369999,396000000.0,1.91,2.08,100.10,9370000.0,9.4,12.20,7620000.0,underperform
6829,2013-04-22 08:22:31,1366633351.0,avb,124.71,5.43,1562.5,20.29,-14.86,56.76,30.77,14.37,2.23,40.00,36.96,2.49,4.70,10.88,16379999999.999998,16379999999.999998,19.63,2.95,15.46,25.29,15.46,1040000000.0,25.29,263800000.0,4.32,62.10,15.90,2730000000.0,23.89,3890000000.0,4.70,59.76,540820000.0,0.77,0.52,105.10,3910000.0,3.80,3.40,4290000.0,underperform
6830,2013-05-14 03:02:32,1368514952.0,avb,129.04,5.3,1650.339966,14.43,-9.129999999999999,68.30,31.72,15.73,1.99,40.26,32.95,1.93,3.05,10.58,22710000000.0,22710000000.0,19.94,2.81,20.71,36.73,20.71,1040000000.0,36.73,198470000.0,4.25,30.60,12.50,458750000.0,3.55,5930000000.0,N/A,66.93,N/A,0.76,0.52,105.10,4010000.0,5.70,3.50,3930000.0,underperform
6831,2009-02-09 15:50:09,1234212609.0,avb,41.03,52.89,869.8900150000001,23.06,29.830000000000002,N/A,9.55,4.54,1.34,47.87,33.41,2.58,3.85,11.194,3810000000.0,7510000000.0,N/A,1.85,8.73,15.712,8.73,737830000.0,15.712,103920000.0,5.17,98.40,18.80,65709999.99999999,0.852,3670000000.0,2.091,37.816002,N/A,44.17,2.09,119.00,13890000.0,7.3,18.40,14160000.0,outperform
6832,2007-01-13 03:58:35,1168678715.0,avb,95.19,-31.86,1414.849976,0.39,-32.25,1.002,32.42,14.08,3.83,45.41,36.74,3.07,5.98,9.715,10190000000.0,12560000000.0,N/A,6.16,17.50,29.439,17.50,413640000.0,29.439,144610000.0,4.21,54.50,10.10,186880000.0,2.505,2640000000.0,1.275,35.330002,343830000.0,1.31,N/A,95.40,2029999.9999999998,6.2,2.80,1810000.0,underperform
6833,2008-02-03 08:10:14,1202044214.0,hot,39.23,-65.28,1378.550049,-40.12,-25.160000000000004,1.215,16.86,1.47,3.50,9.80,15.41,6.26,22.42,29.434,9300000000.0,12280000000.0,N/A,1.41,2.01,9.882,2.01,1640000000.0,9.882,600000000.0,2.77,16.80,5.40,181000000.0,0.909,3160000000.0,1.034,12.926,838000000.0,0.57,0.18,90.00,3740000.0,1.3,1.90,3390000.0,underperform
6834,2005-02-19 21:18:01,1108865881.0,hot,39.83,8.39,1210.339966,6.53,1.8600000000000003,0.928,34.13,2.29,2.57,6.87,12.17,3.08,8.03,25.026,12210000000.0,16329999999.999998,23.21,1.91,3.04,15.06,3.04,2240000000.0,15.06,369000000.0,1.71,13.00,0.60,326000000.0,1.56,4440000000.0,0.791,22.938999,622000000.0,1.197,5.00,91.91,4260000.0,2.894,2.15,5120000.0,outperform
6835,2005-04-21 12:32:11,1114101131.0,hot,37.58,21.98,1159.949951,13.05,8.93,0.928,31.88,2.19,2.38,6.87,12.17,3.08,8.03,25.026,11780000000.0,15900000000.0,21.43,1.79,2.96,14.66,2.96,2360000000.0,14.66,369000000.0,1.71,27.80,15.90,326000000.0,1.51,4440000000.0,0.791,22.938999,578000000.0,1.163,0.68,92.39,5010000.0,3.31,2.34,4370000.0,outperform
6836,2003-12-14 19:16:01,1071447361.0,hot,21.94,67.14,1071.209961,11.9,55.24,1.122,71.77,1.48,1.58,2.19,9.47,0.84,2.45,22.782,6890000000.0,10990000000.0,37.36,2.98,2.36,12.23,2.36,2280000000.0,12.23,101000000.0,0.475,144.80,17.40,787000000.0,3.89,4880000000.0,1.019,21.55,N/A,0.952,5.02,92.88,6630000.0,4.593,3.45,7230000.0,outperform
6837,2011-02-12 05:34:10,1297506850.0,hot,58.18,-8.8,1320.880005,2.35,-11.15,134.79,25.91,2.41,4.95,9.41,10.35,3.54,14.22,27.71,14720000000.0,14720000000.0,27.90,1.53,2.90,17.99,2.90,2980000000.0,17.99,310000000.0,2.51,N/A,15.80,753000000.0,3.90,3350000000.0,1.05,12.81,14720000000.0,2.15,5.27,92.20,12330000.0,6.40,7.30,13350000.0,underperform
6838,2013-05-30 10:27:14,1369924034.0,hot,65.98,19.48,1654.410034,16.27,3.210000000000001,52.23,20.91,3.67,4.02,17.67,25.35,6.32,14.83,18.99,14680000000.0,14680000000.0,23.38,3.02,4.01,12.79,4.01,3970000000.0,12.79,484000000.0,3.30,66.40,19.00,387000000.0,1.99,1750000000.0,1.05,17.18,1140000000.0,1.86,0.25,95.30,4730000.0,2.40,2.80,4900000.0,outperform
6839,2009-02-03 21:40:18,1233715218.0,hot,13.93,134.17,838.51001,30.86,103.30999999999999,2.169,7.27,0.44,1.45,6.40,13.47,5.38,19.87,33.563,2780000000.0,6670000000.0,N/A,1.78,1.08,5.774,1.08,1730000000.0,5.774,445000000.0,2.09,12.40,0.30,127000000.0,0.694,4070000000.0000005,0.791,10.261,742000000.0,1.33,18.43,82.70,21810000.0,3.9,13.00,19920000.0,outperform
6840,2003-10-27 05:41:01,1067251261.0,hot,22.94,37.18,1031.130005,7.75,29.43,1.181,68.70,1.52,1.66,2.32,9.77,0.89,2.64,22.929,7040000000.0,11770000000.0,37.11,3.09,2.52,12.55,2.52,2280000000.0,12.55,107000000.0,0.509,144.80,17.40,321000000.0,1.6,5050000000.0,0.839,21.28,N/A,0.897,5.02,94.50,7230000.0,4.698,3.78,8240000.0,outperform
6841,2007-04-09 15:22:21,1176146541.0,hot,58.36,-24.14,1444.609985,-5.47,-18.67,0.875,14.72,2.52,4.97,17.44,14.37,5.87,27.13,28.07,14790000000.0,17510000000.0,N/A,1.85,2.93,13.172,2.93,1640000000.0,13.172,1120000000.0,4.68,27.70,3.70,183000000.0,0.852,2630000000.0,0.735,14.09,500000000.0,2.37,0.13,91.20,2530000.0,1.5,1.20,2510000.0,underperform
6842,2005-09-11 02:30:50,1126420250.0,gm,,,1231.670044,5.51,,11.321,N/A,0.10,0.73,0.61,0.52,0.20,4.43,337.478,18340000000.0,285890000000.0,N/A,N/A,1.50,16.606,1.50,33450000000.000004,16.606,1170000000.0,2.07,120.80,1.60,16070000000.0,28.424,283620000000.0,3.739,44.299999,14990000000.0,N/A,7.36,88.70,62180000.0,9.3,11.00,67810000.0,underperform
6843,2004-07-06 03:49:26,1089100166.0,gm,,,1116.209961,7.05,,10.581,10.09,0.14,0.97,0.95,1.12,0.40,14.32,324.138,25540000000.0,275980000000.0,6.18,1.05,1.48,27.17,1.48,33450000000.000004,27.17,2600000000.0,4.484,120.20,0.70,28540000000.0,50.54,278970000000.0,N/A,46.708,1080000000.0,1.131,15.11,77.40,43660000.0,9.005,9.11,46280000.0,underperform
6844,2012-03-03 20:20:49,1330824049.0,gm,25.35,4.38,1365.680054,10.91,-6.53,35.51,5.78,0.28,1.49,6.12,5.02,3.32,24.39,97.84,23610000000.0,23610000000.0,5.78,0.47,0.16,1.79,0.16,16649999999.999998,1.79,7580000000.0,4.58,48.40,3.00,31650000000.0,20.21,13840000000.0,1.21,17.72,8170000000.0,N/A,53.55,36.50,58330000.0,5.00,6.50,54960000.0,underperform
6845,2006-11-28 20:23:21,1164763401.0,gm,,,1386.719971,5.93,,3.844,N/A,0.08,1.54,4.69,5.74,1.52,57.84,365.37,16920000000.000002,42100000000.0,N/A,1.25,0.20,22.167,0.20,21570000000.0,22.167,9580000000.0,17.124,N/A,3.60,17910000000.0,31.663,42830000000.0,5.026,19.702999,14940000000.0,1.88,10.20,88.90,63870000.0,5.2,11.30,64650000.00000001,underperform
6846,2007-10-25 04:52:31,1193302351.0,gm,,,1514.400024,-42.1,,N/A,12.50,0.11,N/A,0.92,4.01,1.47,43.68,338.754,21890000000.0,44510000000.0,N/A,1.32,0.23,2.432,0.23,42670000000.0,2.432,1770000000.0,3.09,N/A,13.10,23610000000.0,41.729,46420000000.0,0.935,6.288,5500000000.0,1.18,1.94,94.10,56270000.0,4.5,10.00,52750000.0,underperform
6847,2005-12-17 13:08:06,1134842886.0,gm,,,1272.73999,12.0,,12.408,N/A,0.06,0.56,2.02,1.00,0.20,15.56,341.519,12380000000.0,275480000000.0,N/A,N/A,1.43,19.21,1.43,33570000000.0,19.21,3910000000.0,6.91,N/A,5.10,15130000000.0,26.758,278230000000.0,3.468,39.653,4630000000.0,N/A,10.01,88.70,66069999.99999999,5.2,11.70,64319999.99999999,underperform
6848,2008-12-17 11:42:57,1229532177.0,gm,,,904.419983,21.19,,N/A,N/A,0.02,N/A,13.24,6.05,4.83,N/A,292.691,2590000000.0,31850000000.0,N/A,N/A,0.19,22.558,0.19,12120000000.0,22.558,22790000000.0,38.742,N/A,13.20,15900000000.0,26.043,45160000000.0,0.729,98.185997,5790000000.0,1.87,0.09,79.00,113080000.0,2.3,18.50,114780000.0,underperform
6849,2005-12-12 16:37:21,1134423441.0,gm,,,1260.430054,11.99,,12.408,N/A,0.07,0.58,2.02,1.00,0.20,15.56,341.519,13100000000.0,276060000000.0,N/A,N/A,1.43,19.25,1.43,33570000000.0,19.25,3910000000.0,6.91,N/A,5.10,15130000000.0,26.758,278230000000.0,3.468,39.653,4630000000.0,N/A,10.01,88.70,66069999.99999999,5.2,11.70,64319999.99999999,underperform
6850,2004-12-10 14:20:41,1102706441.0,gm,,,1188.0,5.84,,10.472,7.13,0.11,0.78,1.17,1.34,0.50,12.97,336.761,21660000000.0,274990000000.0,7.45,1.20,1.44,26.26,1.44,33450000000.000004,26.26,3060000000.0,5.379,120.20,0.70,37590000000.0,66.55,290920000000.0,N/A,49.187,8970000000.0,1.134,18.08,78.28,42350000.0,6.598,9.15,40780000.0,underperform
6851,2008-01-23 12:08:32,1201108112.0,gm,,,1338.599976,-38.18,,N/A,N/A,0.07,N/A,19.85,3.16,1.19,N/A,329.864,13390000000.0,32900000000.0,N/A,N/A,0.18,2.019,0.18,42670000000.0,2.019,40470000000.0,65.48,N/A,10.30,26380000000.0,46.608,45900000000.0,0.863,73.816002,2560000000.0,1.94,5.04,96.90,53990000.0,5.6,9.60,55630000.0,underperform
6852,2008-10-16 22:19:50,1224209990.0,gm,,,946.429993,14.92,,N/A,N/A,0.02,N/A,33.99,5.14,3.42,N/A,303.645,3620000000.0,26230000000.0,N/A,N/A,0.15,4.001,0.15,12120000000.0,4.001,62760000000.0,103.19,N/A,18.30,20510000000.0,36.219,43210000000.0,0.737,100.625,1280000000.0,1.48,5.05,96.10,110780000.0,3.3,19.60,138910000.0,underperform
6853,2011-10-11 23:41:23,1318390883.0,gm,21.92,7.71,1195.540039,19.83,-12.119999999999997,28.68,4.74,0.24,1.10,6.78,4.24,2.75,27.82,97.51,14610000000.0,14610000000.0,5.16,0.42,0.10,1.17,0.10,16649999999.999998,1.17,7860000000.0,4.75,94.80,18.70,32770000000.000004,20.98,12050000000.0,1.23,20.47,14610000000.0,N/A,28.85,28.70,51640000.0,3.70,8.30,45570000.0,underperform
6854,2007-06-23 08:37:00,1182602220.0,gm,,,1512.839966,-11.24,,N/A,N/A,0.10,N/A,1.27,4.20,1.59,45.46,351.382,20060000000.0,45230000000.0,N/A,1.49,0.23,2.345,0.23,42670000000.0,2.345,2520000000.0,4.45,89.70,16.20,21080000000.0,37.264,46250000000.0,0.925,7.684,11080000000.0,1.26,5.02,91.30,52290000.0,5.2,9.30,49680000.0,underperform
6855,2012-10-15 14:50:37,1350327037.0,gm,23.85,41.76,1440.130005,17.91,23.849999999999998,35.55,8.68,0.26,1.26,3.99,4.78,2.97,14.56,95.66,20450000000.0,20450000000.0,6.28,0.69,0.14,1.63,0.14,19050000000.0,1.63,4690000000.0,2.81,38.30,4.50,32610000000.0,20.83,14790000000.0,1.24,19.36,9920000000.0,N/A,53.11,35.20,58150000.0,6.70,6.40,53420000.0,outperform
6856,2012-03-06 16:04:31,1331067871.0,gm,23.95,13.57,1343.359985,14.75,-1.1799999999999997,35.51,5.41,0.27,1.47,6.12,5.02,3.32,24.39,97.84,22910000000.0,22910000000.0,5.40,0.46,0.15,1.74,0.15,16649999999.999998,1.74,7580000000.0,4.58,48.40,3.00,31650000000.0,20.21,13840000000.0,1.21,17.72,8170000000.0,N/A,53.55,36.50,58330000.0,5.00,6.50,54960000.0,underperform
6857,2006-08-15 09:59:52,1155650392.0,gm,,,1285.579956,9.42,,3.898,N/A,0.08,1.47,5.49,7.09,1.86,62.85,362.515,17079999999.999998,42350000000.0,N/A,1.19,0.21,19.569,0.21,21570000000.0,19.569,11150000000.0,19.91,N/A,12.20,20110000000.0,35.558,45380000000.0,4.438,20.58,17059999999.999998,1.75,10.20,87.60,76860000.0,6.1,13.60,75220000.0,underperform
6858,2012-08-06 08:47:02,1344257222.0,gm,19.34,81.18,1394.22998,21.74,59.44000000000001,35.55,7.16,0.21,1.04,3.99,4.78,2.97,14.56,95.66,12610000000.0,12610000000.0,4.92,0.47,0.08,1.00,0.08,19050000000.0,1.00,4390000000.0,2.80,38.30,4.50,33560000000.000004,21.43,14790000000.0,1.24,19.36,N/A,N/A,53.52,35.50,53410000.0,6.40,5.90,55000000.0,outperform
6859,2007-05-14 21:27:56,1179192476.0,gm,,,1503.150024,-6.66,,N/A,N/A,0.08,N/A,1.27,4.20,1.59,45.46,351.382,17320000000.0,41840000000.0,N/A,1.22,0.21,2.169,0.21,42670000000.0,2.169,2520000000.0,4.449,89.70,16.20,21080000000.0,37.264,46250000000.0,0.925,7.684,11080000000.0,1.36,5.02,90.30,49680000.0,4.7,8.80,46170000.0,underperform
6860,2011-11-04 12:24:56,1320423896.0,gm,23.01,8.0,1253.22998,12.68,-4.68,28.68,5.06,0.26,1.17,6.78,4.24,2.75,27.82,97.51,16809999999.999998,16809999999.999998,5.59,0.44,0.12,1.35,0.12,16649999999.999998,1.35,7860000000.0,4.75,94.80,18.70,32770000000.000004,20.98,12050000000.0,1.23,20.47,16809999999.999998,N/A,28.85,28.70,42240000.0,3.40,6.80,44150000.0,underperform
6861,2013-03-12 02:42:28,1363070548.0,gm,27.64,22.9,1552.47998,20.34,2.5599999999999987,43.38,9.70,0.25,1.48,4.06,1.88,1.21,16.15,97.23,28190000000.0,28190000000.0,6.51,0.50,0.19,3.30,0.19,10380000000.0,3.30,4860000000.0,2.92,64.70,3.50,26120000000.0,19.12,16050000000.0,1.30,18.92,10600000000.0,1.69,60.87,43.70,69750000.0,6.30,7.70,69100000.0,outperform
6862,2008-12-05 05:48:24,1228474104.0,gm,,,876.070007,26.62,,N/A,N/A,0.02,N/A,13.24,6.05,4.83,N/A,292.691,2510000000.0,32250000000.0,N/A,N/A,0.19,22.839,0.19,12120000000.0,22.839,22790000000.0,38.74,N/A,13.20,15900000000.0,26.043,45160000000.0,0.729,98.185997,5790000000.0,1.87,4.68,78.90,114780000.0,2.5,18.80,102580000.0,underperform
6863,2008-10-28 20:48:42,1225241322.0,gm,,,940.51001,10.86,,N/A,N/A,0.02,N/A,33.99,5.14,3.42,N/A,303.645,3540000000.0,25790000000.0,N/A,N/A,0.15,3.934,0.15,12120000000.0,3.934,62760000000.0,103.193,N/A,18.30,20510000000.0,36.219,43210000000.0,0.737,100.625,1280000000.0,1.48,8.21,95.30,110780000.0,3.3,19.60,138910000.0,underperform
6864,2012-01-26 14:37:15,1327606635.0,gm,24.09,17.6,1318.430054,14.0,3.6000000000000014,25.62,5.45,0.26,1.13,6.62,3.92,2.56,26.23,98.27,18700000000.0,18700000000.0,6.70,0.45,0.13,1.57,0.13,16649999999.999998,1.57,7620000000.0,4.57,2.50,7.80,31980000000.0,20.44,11690000000.0,1.24,21.96,5180000000.0,N/A,53.55,36.50,54740000.0,5.50,6.10,51530000.0,outperform
6865,2011-06-14 20:13:52,1308096832.0,gm,28.37,-24.89,1287.869995,2.1,-26.990000000000002,31.94,6.97,0.31,1.54,6.04,4.24,2.64,25.22,93.48,25780000000.0,25780000000.0,5.92,0.65,0.18,2.09,0.18,16649999999.999998,2.09,6950000000.0,4.18,215.20,15.00,29590000000.0,19.73,12480000000.0,1.22,18.54,25780000000.0,N/A,28.85,28.70,43190000.0,3.30,4.80,41470000.0,underperform
6866,2005-04-13 08:55:25,1113396925.0,gm,,,1173.790039,9.83,,10.83,5.86,0.08,0.59,1.09,0.62,0.44,10.11,341.3,16379999999.999998,280660000000.0,10.14,8.48,1.45,76.43,1.45,33450000000.000004,76.43,2810000000.0,4.95,120.20,0.70,35990000000.0,63.74,300280000000.0,N/A,49.097,8970000000.0,1.26,18.08,77.64,53730000.0,7.07,11.61,47640000.0,underperform
6867,2011-09-25 00:03:06,1316923386.0,gm,19.72,20.39,1129.560059,28.98,-8.59,28.68,4.42,0.22,0.99,6.78,4.24,2.75,27.82,97.51,12080000000.0,12080000000.0,4.74,0.38,0.08,0.97,0.08,16649999999.999998,0.97,7860000000.0,4.75,94.80,18.70,32770000000.000004,20.98,12050000000.0,1.23,20.47,12080000000.0,N/A,28.85,28.70,45570000.0,2.40,7.30,47810000.0,underperform
6868,2005-04-14 08:47:55,1113482875.0,gm,,,1162.050049,10.72,,10.83,5.73,0.08,0.58,1.09,0.62,0.44,10.11,341.3,16000000000.0,280280000000.0,9.91,8.40,1.45,76.33,1.45,33450000000.000004,76.33,2810000000.0,4.95,120.20,0.70,35990000000.0,63.74,300280000000.0,N/A,49.097,8970000000.0,1.26,18.08,77.55,53730000.0,7.07,11.61,47640000.0,underperform
6869,2007-05-13 15:59:02,1179086342.0,gm,,,1491.469971,-5.89,,N/A,N/A,0.08,N/A,0.95,4.02,1.61,42.94,366.341,16670000000.000002,42310000000.0,N/A,1.49,0.20,2.065,0.20,21570000000.0,2.065,1980000000.0,3.50,N/A,2.60,23910000000.0,42.268,48170000000.0,0.878,7.684,11760000000.0,1.33,5.02,89.60,46170000.0,3.9,8.20,49070000.0,underperform
6870,2008-12-18 03:38:45,1229589525.0,gm,,,885.2800289999999,24.53,,N/A,N/A,0.02,N/A,13.24,6.05,4.83,N/A,292.691,2670000000.0,31850000000.0,N/A,N/A,0.19,22.558,0.19,12120000000.0,22.558,22790000000.0,38.74,N/A,13.20,15900000000.0,26.043,45160000000.0,0.729,98.185997,5790000000.0,1.87,0.09,79.00,113080000.0,2.3,18.50,114780000.0,underperform
6871,2011-08-14 17:23:12,1313356992.0,gm,25.15,-20.68,1172.640015,19.74,-40.42,28.68,5.42,0.28,1.26,6.78,4.24,2.75,27.82,97.51,19500000000.0,19500000000.0,5.40,0.52,0.13,1.57,0.13,16649999999.999998,1.57,7860000000.0,4.75,94.80,18.70,32770000000.000004,20.98,12050000000.0,1.23,20.47,19500000000.0,N/A,28.85,28.70,44510000.0,3.90,7.10,47170000.0,underperform
6872,2005-09-06 08:19:03,1126009143.0,gm,,,1233.390015,5.42,,11.321,N/A,0.10,0.74,0.61,0.52,0.20,4.43,337.478,18610000000.0,286160000000.0,N/A,N/A,1.50,16.621,1.50,33450000000.000004,16.621,1170000000.0,2.07,120.80,1.60,16070000000.0,28.424,283620000000.0,3.739,44.299999,14990000000.0,N/A,7.36,88.70,62180000.0,9.3,11.00,67810000.0,underperform
6873,2011-12-29 18:36:07,1325201767.0,gm,19.69,37.84,1263.02002,11.04,26.800000000000004,25.62,4.37,0.21,0.90,6.62,3.92,2.56,26.23,98.27,10780000000.0,10780000000.0,5.23,0.41,0.07,0.90,0.07,16649999999.999998,0.90,7620000000.0,4.57,2.50,7.80,31980000000.0,20.44,11690000000.0,1.24,21.96,5180000000.0,N/A,28.85,28.70,49440000.0,3.80,5.50,49390000.0,outperform
6874,2006-05-30 01:03:49,1148965429.0,gm,,,1259.869995,21.46,,17.958,N/A,0.08,1.02,4.46,5.34,1.34,43.24,352.191,15880000000.0,274060000000.0,N/A,5.45,1.38,40.632,1.38,21570000000.0,40.632,8760000000.0,15.69,N/A,14.10,18820000000.0,33.282,277010000000.0,3.48,27.274,9920000000.0,2.19,10.20,86.30,79980000.0,14.20,14.20,86800000.0,underperform
6875,2013-05-21 07:46:14,1369136774.0,gm,32.55,1.04,1669.160034,13.11,-12.07,47.92,11.56,0.31,1.73,4.00,1.45,0.91,15.20,99.86,40060000000.0,40060000000.0,7.75,0.62,0.27,5.08,0.27,10380000000.0,5.08,4720000000.0,2.92,10.60,2.30,24310000000.0,17.68,18420000000.0,1.29,19.43,8920000000.0,1.70,60.87,43.70,73010000.0,6.20,7.50,67510000.0,underperform
6876,2006-08-22 19:30:20,1156289420.0,gm,,,1298.819946,12.72,,3.898,N/A,0.08,1.48,5.49,7.09,1.86,62.85,362.515,17360000000.0,42540000000.0,N/A,1.21,0.21,19.658,0.21,21570000000.0,19.658,11150000000.0,19.91,N/A,12.20,20110000000.0,35.558,45380000000.0,4.438,20.58,17059999999.999998,1.75,10.20,88.70,76860000.0,6.1,13.60,75220000.0,underperform
6877,2009-03-16 06:17:05,1237198625.0,gm,,,753.8900150000001,53.8,,N/A,N/A,0.01,N/A,20.71,9.05,7.03,N/A,257.304,1660000000.0,34229999999.999996,N/A,N/A,0.23,7.358,0.23,332000000.0,7.358,30860000000.0,53.30,N/A,34.50,13970000000.0,22.876,46540000000.0,0.564,141.123993,12070000000.0,1.65,0.07,48.80,118080000.0,8.6,19.40,114710000.0,underperform
6878,2007-05-20 00:40:51,1179636051.0,gm,,,1512.75,-5.69,,N/A,N/A,0.09,N/A,1.27,4.20,1.59,45.46,351.382,17790000000.0,42960000000.0,N/A,1.37,0.22,2.227,0.22,42670000000.0,2.227,2520000000.0,4.45,89.70,16.20,21080000000.0,37.264,46250000000.0,0.925,7.684,11080000000.0,1.36,5.02,90.30,49680000.0,4.7,8.80,46170000.0,underperform
6879,2007-04-19 20:57:42,1177030662.0,gm,,,1470.72998,-5.47,,N/A,N/A,0.09,N/A,0.95,4.02,1.61,42.94,366.341,17750000000.0,42190000000.0,N/A,1.61,0.20,2.059,0.20,42670000000.0,2.059,1980000000.0,3.50,N/A,2.60,23910000000.0,42.268,48170000000.0,0.878,9.619,11760000000.0,1.33,5.02,89.60,46170000.0,3.9,8.20,49070000.0,underperform
6880,2004-12-15 13:38:09,1103135889.0,gm,,,1205.719971,5.41,,10.472,7.18,0.11,0.79,1.17,1.34,0.50,12.97,336.761,21820000000.0,275150000000.0,7.50,1.24,1.44,26.27,1.44,33450000000.000004,26.27,3060000000.0,5.379,120.20,0.70,37590000000.0,66.55,290920000000.0,N/A,49.187,8970000000.0,1.134,18.08,78.28,42350000.0,6.598,9.15,40780000.0,underperform
6881,2007-06-26 22:22:03,1182910923.0,gm,,,1492.890015,-11.45,,N/A,N/A,0.10,N/A,1.27,4.20,1.59,45.46,351.382,20560000000.0,45690000000.0,N/A,1.51,0.23,2.369,0.23,42670000000.0,2.369,2520000000.0,4.45,89.70,16.20,21080000000.0,37.264,46250000000.0,0.925,7.684,11080000000.0,1.26,5.02,91.30,52290000.0,5.2,9.30,49680000.0,underperform
6882,2004-06-21 00:28:52,1087792132.0,gm,,,1130.300049,7.37,,10.581,10.70,0.14,1.02,0.95,1.12,0.40,14.32,324.138,27090000000.0,277530000000.0,6.55,1.12,1.49,27.32,1.49,33450000000.000004,27.32,2600000000.0,4.484,120.20,0.70,28540000000.0,50.54,278970000000.0,N/A,46.708,1080000000.0,1.131,15.11,78.74,46280000.0,7.358,9.66,47280000.0,underperform
6883,2012-01-30 23:38:03,1327984683.0,gm,23.61,17.41,1313.01001,14.84,2.5700000000000003,25.62,5.30,0.26,1.11,6.62,3.92,2.56,26.23,98.27,17840000000.0,17840000000.0,6.51,0.45,0.12,1.49,0.12,16649999999.999998,1.49,7620000000.0,4.57,2.50,7.80,31980000000.0,20.44,11690000000.0,1.24,21.96,5180000000.0,N/A,53.55,36.50,62260000.0,5.30,6.90,54740000.0,outperform
6884,2013-06-03 08:48:25,1370263705.0,avp,22.95,-38.52,1640.420044,17.3,-55.82000000000001,304.18,N/A,0.96,8.67,0.78,7.21,6.23,5.51,24.58,12330000000.0,12330000000.0,16.72,0.81,1.16,12.43,1.16,6550000000.0,12.43,81500000.0,0.19,N/A,3.60,1510000000.0,3.49,3630000000.0,1.46,2.72,470200000.0,1.22,0.17,90.60,7600000.0,1.80,2.00,7560000.0,underperform
6885,2006-08-21 20:01:13,1156204873.0,avp,22.66,22.86,1297.52002,11.53,11.33,1.74,23.33,1.52,12.69,6.62,13.03,14.75,50.80,18.37,12650000000.0,13390000000.0,N/A,2.42,1.60,10.523,1.60,5020000000.0,10.523,554100000.0,1.21,54.10,4.80,1110000000.0,2.49,1750000000.0,1.384,2.245,951300000.0,0.21,0.18,73.80,7870000.0,3.5,1.80,4780000.0,outperform
6886,2004-09-18 00:02:40,1095480160.0,avp,32.7,-22.91,1120.369995,9.58,-32.49,1.842,26.75,2.69,33.43,10.66,15.64,22.27,240.23,15.451,20540000000.0,20330000000.0,21.72,1.73,2.75,15.86,2.75,4260000000.0,15.86,774800000.0,1.624,24.40,10.40,641900000.0,1.36,1100000000.0,1.469,1.258,859900000.0,0.557,27.99,85.80,8260000.0,3.85,2.43,9940000.0,underperform
6887,2008-01-23 20:46:07,1201139167.0,avp,29.52,-40.72,1338.599976,-38.18,-2.539999999999999,3.593,26.80,1.65,25.45,6.18,10.66,11.68,73.26,21.699,15300000000.0,17070000000.0,N/A,2.60,1.80,14.502,1.80,5330000000.0,14.502,585900000.0,1.33,61.00,14.10,840500000.0,1.959,2220000000.0,1.196,1.437,420500000.0,0.22,0.17,87.10,9240000.0,2.9,2.20,8940000.0,underperform
6888,2005-04-16 07:45:45,1113651945.0,avp,32.6,-24.54,1173.790039,9.83,-34.37,0.966,23.09,2.52,20.57,11.06,15.86,22.91,138.94,16.212,19290000000.0,19690000000.0,18.18,1.54,2.54,14.45,2.54,4840000000.0,14.45,846100000.0,1.77,27.30,12.70,769600000.0,1.63,918000000.0,1.643,2.015,882600000.0,0.272,0.15,84.29,6170000.0,3.174,1.31,6740000.0,underperform
6889,2007-04-07 19:07:32,1175987252.0,avp,31.18,8.27,1439.369995,-4.87,13.14,2.26,36.37,1.94,21.52,5.45,11.60,13.50,60.28,19.589,17050000000.0,17640000000.0,N/A,2.26,2.01,14.234,2.01,5330000000.0,14.234,477600000.0,1.06,0.50,9.40,1200000000.0,2.718,1790000000.0,1.308,1.791,796100000.0,0.27,0.09,85.80,4310000.0,1.6,1.00,4960000.0,outperform
6890,2004-07-08 15:19:01,1089314341.0,avp,35.31,-18.04,1109.109985,9.26,-27.299999999999997,2.701,31.02,3.02,51.64,10.11,15.46,21.01,394.69,14.924,21870000000.0,22230000000.0,23.52,1.75,3.10,18.01,3.10,4260000000.0,18.01,714000000.0,1.494,24.40,10.40,562000000.0,1.19,1130000000.0,1.44,0.889,773400000.0,0.582,27.99,84.55,11200000.0,6.049,3.30,7820000.0,underperform
6891,2007-06-04 03:24:00,1180941840.0,avp,31.58,0.63,1539.180054,-10.49,11.120000000000001,2.712,30.68,1.88,21.81,6.39,11.53,13.42,75.24,20.109,17210000000.0,17480000000.0,N/A,2.20,1.95,13.912,1.95,5330000000.0,13.912,571400000.0,1.28,166.90,9.10,1120000000.0,2.557,2089999999.9999998,1.303,1.76,535100000.0,0.08,0.09,86.60,4120000.0,2.5,0.90,4310000.0,outperform
6892,2005-03-24 10:06:14,1111676774.0,avp,32.42,-24.03,1171.420044,11.23,-35.260000000000005,0.966,23.65,2.48,20.20,11.06,15.86,22.91,138.94,16.212,19750000000.0,19900000000.0,18.62,1.49,2.57,14.6,2.57,4840000000.0,14.6,846100000.0,1.77,27.30,12.70,769600000.0,1.63,918000000.0,1.643,2.015,882600000.0,0.295,0.56,84.66,6170000.0,3.174,1.32,6740000.0,underperform
6893,2009-01-10 20:57:37,1231639057.0,avp,20.37,32.79,906.650024,25.92,6.869999999999997,2.275,12.83,0.90,9.30,7.04,13.81,16.29,92.11,25.669,9800000000.0,11250000000.0,N/A,0.84,1.03,6.611,1.03,6000000000.0,6.611,771800000.0,1.79,60.00,12.60,967000000.0,2.268,2410000000.0,1.437,2.485,829600000.0,1.5,4.28,82.90,13820000.0,2.9,3.20,12260000.0,outperform
6894,2010-02-11 14:20:52,1265916052.0,avp,25.75,2.25,1078.469971,23.24,-20.99,N/A,21.31,1.25,11.88,5.88,11.26,10.95,55.74,23.459,13950000000.0,13950000000.0,N/A,1.24,1.39,10.715,1.39,6740000000.0,10.715,590000000.0,1.38,29.80,3.50,1330000000.0,3.107,2760000000.0,1.761,2.467,692500000.0,1.61,0.12,89.40,7700000.0,1.8,1.80,6860000.0,underperform
6895,2005-02-07 01:59:01,1107759541.0,avp,34.09,-37.69,1201.719971,4.42,-42.11,0.966,25.45,2.78,29.65,11.06,15.86,22.91,138.94,16.212,21320000000.0,21460000000.0,20.03,1.67,2.77,15.75,2.77,4260000000.0,15.75,846100000.0,1.77,24.40,10.40,769600000.0,1.63,918000000.0,1.643,1.499,888000000.0,0.35,0.56,85.23,6240000.0,2.155,1.33,8090000.0,underperform
6896,2013-04-01 20:27:33,1364862453.0,avp,19.81,-26.8,1562.170044,20.7,-47.5,259.13,N/A,0.84,7.36,0.40,6.46,5.73,2.71,24.81,10910000000.0,10910000000.0,16.02,0.98,1.02,11.83,1.02,6550000000.0,11.83,42200000.0,0.10,N/A,1.50,1250000000.0,2.88,3200000000.0,1.45,2.82,556100000.0,1.30,0.17,90.60,6680000.0,1.50,1.70,6700000.0,underperform
6897,2004-11-01 17:43:32,1099349012.0,avp,29.21,-27.29,1130.51001,6.39,-33.68,1.842,23.28,2.53,31.44,10.66,15.64,22.27,240.23,15.451,17880000000.0,19160000000.0,18.91,1.61,2.59,14.95,2.59,4260000000.0,14.95,774800000.0,1.624,24.40,10.40,641900000.0,1.36,1100000000.0,1.469,1.258,859900000.0,0.467,27.99,86.16,10340000.0,4.301,3.04,8670000.0,underperform
6898,2007-06-02 05:05:13,1180775113.0,avp,31.02,3.74,1530.22998,-8.62,12.36,2.712,30.68,1.88,21.81,6.39,11.53,13.42,75.24,20.109,17210000000.0,18180000000.0,N/A,2.19,2.03,14.467,2.03,5330000000.0,14.467,571400000.0,1.28,166.90,9.10,1120000000.0,2.557,2089999999.9999998,1.303,1.76,535100000.0,0.01,0.09,86.60,8840000.0,3.4,2.00,4120000.0,outperform
6899,2012-07-28 11:38:00,1343489880.0,avp,14.44,55.68,1337.890015,26.34,29.34,205.19,17.79,0.60,4.14,3.53,8.86,7.94,23.02,26.08,9130000000.0,9130000000.0,13.94,25.67,0.81,7.36,0.81,7140000000.0,7.36,391500000.0,0.91,81.50,2.00,1240000000.0,2.87,3390000000.0,1.31,3.79,654400000.0,1.39,0.16,85.10,8980000.0,1.80,2.20,7880000.0,outperform
6900,2007-02-27 17:00:34,1172613634.0,avp,29.65,9.34,1399.040039,-1.36,10.7,2.26,35.58,1.94,21.49,5.45,11.30,12.38,60.28,19.589,16760000000.000002,17570000000.0,N/A,2.25,2.01,15.279,2.01,5020000000.0,15.279,477600000.0,1.063,0.50,9.40,1200000000.0,2.705,1790000000.0,1.308,1.783,796100000.0,0.23,0.09,84.80,5480000.0,3.8,1.20,6990000.0,outperform
6901,2012-01-23 10:18:25,1327331905.0,avp,17.18,-6.46,1316.0,13.42,-19.88,176.30,10.92,0.70,4.37,6.51,11.26,10.25,43.96,26.56,10250000000.0,10250000000.0,10.68,1.59,0.90,6.75,0.90,6820000000.0,6.75,736300000.0,1.70,1.50,5.70,1010000000.0,2.34,3250000000.0,1.44,4.25,613800000.0,1.41,0.17,85.60,9100000.0,1.60,2.30,9850000.0,underperform
6902,2007-02-21 09:39:55,1172068795.0,dis,31.6,-5.89,1457.630005,-7.9,2.0100000000000007,0.381,16.98,2.04,2.19,12.35,17.16,7.57,15.01,17.278,71800000000.0,81750000000.0,N/A,1.41,2.33,9.755,2.33,5480000000.0,9.755,4340000000.0,2.06,131.70,9.80,2440000000.0,1.19,12390000000.0,1.05,15.973,6000000000.0,1.09,7.44,66.40,43540000.0,4.9,2.30,44320000.0,outperform
6903,2004-11-02 15:05:35,1099425935.0,dis,22.26,-1.66,1130.560059,7.45,-9.11,0.571,23.65,1.72,1.99,8.02,12.33,4.64,9.20,14.366,52190000000.0,63380000000.0,21.17,1.63,2.10,14.68,2.10,27060000000.0,14.68,2240000000.0,1.074,2.50,6.80,3020000000.0,1.47,14570000000.0,0.836,12.661,4730000000.0,1.099,2.06,66.28,43130000.0,5.944,2.14,37700000.0,underperform
6904,2012-11-12 03:46:06,1352709966.0,dis,46.17,44.99,1380.030029,28.09,16.900000000000002,34.11,15.04,3.31,3.52,13.44,20.96,7.54,15.17,23.57,142690000000.0,142690000000.0,12.16,1.16,3.38,13.15,3.38,7780000000.0,13.15,5680000000.0,3.13,14.40,3.40,3390000000.0,1.21,14310000000.0,1.07,14.20,7970000000.0,1.17,7.75,67.80,35910000.0,4.70,2.00,39700000.0,outperform
6905,2012-07-28 10:50:20,1343487020.0,dis,46.99,35.69,1337.890015,26.34,9.349999999999998,40.16,17.89,2.14,2.37,12.46,20.07,7.14,14.11,22.71,101560000000.0,101560000000.0,14.35,1.33,2.45,9.92,2.45,7780000000.0,9.92,5170000000.0,2.79,21.30,6.10,3730000000.0,2.09,16030000000.000002,1.14,20.93,7470000000.0,1.13,7.78,67.10,47310000.0,5.70,2.60,49540000.0,outperform
6906,2004-08-11 14:49:21,1092250161.0,dis,19.04,19.91,1075.790039,15.06,4.85,0.619,20.36,1.58,1.82,7.86,12.27,4.60,9.30,14.415,44920000000.0,58220000000.0,18.87,1.43,1.93,14.49,1.93,27060000000.0,14.49,2240000000.0,1.075,2.50,6.80,3150000000.0,1.53,15320000000.0,0.841,12.298,4480000000.0,1.107,2.06,64.46,45300000.0,6.908,2.25,39300000.0,outperform
6907,2003-10-02 17:41:54,1065130914.0,dis,18.14,11.25,1020.23999,10.91,0.33999999999999986,0.581,40.84,1.60,1.75,4.31,6.89,2.28,4.51,12.967,42600000000.0,55120000000.0,25.40,2.14,2.07,23.21,2.07,25330000000.0,23.21,1060000000.0,N/A,882.30,0.20,1370000000.0,0.67,13910000000.0,1.061,11.89,N/A,0.961,1.46,65.35,47860000.0,5.478,2.38,54720000.0,outperform
6908,2008-05-11 08:19:15,1210508355.0,dis,31.85,-27.41,1397.680054,-34.95,7.540000000000003,0.518,16.54,1.79,2.20,11.64,19.63,7.21,13.51,18.512,64590000000.0,76900000000.0,N/A,1.17,2.11,8.899,2.11,6780000000.0,8.899,4250000000.0,2.07,26.50,9.10,3410000000.0,1.813,15730000000.0,1.071,15.733,5570000000.0,0.57,7.37,66.60,55910000.0,3.20,3.20,57170000.0,outperform
6909,2007-10-21 13:19:43,1192987183.0,dis,31.72,-22.86,1540.079956,-36.02,13.160000000000004,0.433,15.60,1.89,2.22,12.84,18.59,6.98,14.46,17.519,65620000000.00001,75830000000.0,N/A,1.23,2.12,9.361,2.12,5480000000.0,9.361,4630000000.0,2.17,4.70,6.70,3460000000.0,1.785,13680000000.0,1.133,15.676,6260000000.0,0.6,0.75,65.50,38800000.0,4.1,2.20,40400000.0,outperform
6910,2008-12-23 21:59:02,1230087542.0,dis,20.45,50.07,863.159973,29.82,20.25,0.461,9.59,1.07,1.26,11.70,19.57,7.50,14.04,20.023,40440000000.0,53410000000.0,N/A,1.11,1.41,5.944,1.41,37840000000.0,5.944,4430000000.0,2.28,13.30,5.80,3000000000.0,1.621,14900000000.0,1.006,17.434,5450000000.0,0.88,7.51,66.80,58390000.0,2.6,3.40,54520000.0,outperform
6911,2007-06-03 12:29:55,1180888195.0,dis,31.87,-3.7,1530.619995,-9.47,5.7700000000000005,0.4,16.60,2.00,2.20,12.89,18.12,8.06,15.74,17.059,69830000000.0,80340000000.0,N/A,1.35,2.28,9.189,2.28,5480000000.0,9.189,4540000000.0,2.12,27.00,0.60,2180000000.0,1.101,12690000000.0,0.926,16.125,6640000000.0,0.78,7.69,66.70,47710000.0,5.2,2.60,45630000.0,outperform
6912,2005-01-17 01:54:46,1105944886.0,dis,,,1184.52002,8.31,,0.517,25.25,1.84,2.13,8.27,12.16,4.80,9.44,14.6,57840000000.0,69290000000.0,20.07,1.86,2.25,15.9,2.25,30750000000.0,15.9,2340000000.0,1.121,85.10,13.60,2040000000.0,13490000000.0,13490000000.0,0.847,13.051,4370000000.0,1.146,0.50,66.46,41190000.0,7.137,2.02,42810000.0,underperform
6913,2012-08-15 16:26:11,1345062371.0,dis,48.54,26.95,1405.530029,18.2,8.75,35.71,16.47,2.13,2.25,13.18,21.04,7.53,14.54,23.22,99810000000.0,99810000000.0,14.23,1.29,2.38,9.26,2.38,7780000000.0,9.26,5520000000.0,3.02,24.10,3.90,4370000000.0,2.44,15020000000.0,1.33,22.12,8539999999.999999,1.15,7.78,67.10,45630000.0,5.40,2.60,47310000.0,outperform
6914,2007-05-09 06:40:22,1178707222.0,dis,32.48,-1.94,1512.579956,-7.6,5.66,0.381,17.71,2.10,2.26,12.35,17.16,7.57,15.01,17.278,74870000000.0,81480000000.0,N/A,1.50,2.32,9.723,2.32,5480000000.0,9.723,4340000000.0,2.06,131.70,9.80,2440000000.0,1.19,12390000000.0,1.05,15.973,6000000000.0,23.56,7.44,66.50,42470000.0,2.20,2.20,35930000.0,outperform
6915,2010-01-05 20:39:30,1262741970.0,dis,30.27,26.3,1136.52002,12.32,13.98,N/A,18.11,1.65,1.77,9.15,15.76,5.67,10.01,19.477,69340000000.0,69340000000.0,N/A,2.37,1.92,9.462,1.92,5700000000.0,9.462,3310000000.0,1.76,17.80,4.50,3420000000.0,1.832,12940000000.0,1.331,18.127001,5060000000.0,1.17,7.46,67.10,59440000.0,5.8,3.50,57950000.0,outperform
6916,2005-02-04 07:35:55,1107520555.0,dis,25.85,-12.84,1203.030029,6.6,-19.439999999999998,0.521,25.40,1.92,2.21,8.38,12.20,4.78,9.39,14.642,58870000000.0,69090000000.0,19.73,1.67,2.24,12.26,2.24,30750000000.0,12.26,2380000000.0,1.13,85.10,13.60,2170000000.0,1.08,13710000000.0,0.921,13.051,4370000000.0,1.146,0.46,66.14,36560000.0,7.344,1.84,41190000.0,underperform
6917,2007-07-13 20:30:32,1184373032.0,dis,31.34,-13.11,1552.5,-19.83,6.719999999999999,0.4,16.19,1.93,2.12,12.89,18.12,8.06,15.74,17.059,68110000000.0,78380000000.0,N/A,1.36,2.23,8.965,2.23,5480000000.0,8.965,4540000000.0,2.123,27.00,0.60,2180000000.0,1.101,12690000000.0,0.926,16.125,6640000000.0,0.78,7.69,66.70,50760000.0,5.5,2.80,47710000.0,outperform
6918,2013-02-06 07:03:38,1360152218.0,dis,53.85,40.32,1512.119995,17.28,23.04,34.78,17.35,2.26,2.41,13.44,21.25,7.64,15.17,23.57,107420000000.0,107420000000.0,14.06,1.38,2.54,9.79,2.54,8860000000.0,9.79,5680000000.0,3.13,14.40,3.40,3390000000.0,1.91,14600000000.0,1.07,22.34,7970000000.0,1.13,7.75,67.80,35960000.0,4.10,2.00,35860000.0,outperform
6919,2009-02-06 23:50:18,1233982218.0,dis,18.2,59.89,868.599976,26.33,33.56,0.461,8.53,0.92,1.07,11.70,19.57,7.50,14.04,20.023,36000000000.0,46530000000.0,N/A,1.15,1.23,5.178,1.23,37840000000.0,5.178,4430000000.0,2.279,13.30,5.80,3000000000.0,1.621,14900000000.0,1.006,17.434,5450000000.0,0.89,7.51,66.50,59030000.0,5.5,3.40,57320000.0,outperform
6920,2007-05-12 13:06:53,1178989613.0,dis,32.48,-1.94,1512.579956,-7.6,5.66,0.434,22.06,2.08,2.23,9.84,15.98,7.00,11.63,17.1,73890000000.0,84790000000.0,N/A,1.46,2.47,10.915,2.47,5480000000.0,10.915,3370000000.0,1.64,106.30,13.60,2410000000.0,1.166,13820000000.0,0.937,15.973,6060000000.0,1.09,20.91,68.50,43540000.0,4.9,2.30,44320000.0,outperform
6921,2007-04-09 12:40:29,1176136829.0,dis,31.39,-8.76,1444.609985,-5.47,-3.29,0.381,16.91,2.03,2.19,12.35,17.16,7.57,15.01,17.278,71510000000.0,81460000000.0,N/A,1.47,2.32,9.721,2.32,5480000000.0,9.721,4340000000.0,2.06,131.70,9.80,2440000000.0,1.19,12390000000.0,1.05,15.973,6000000000.0,26.12,7.44,66.50,42470000.0,2.20,2.20,35930000.0,underperform
6922,2004-06-20 18:32:54,1087770774.0,dis,21.74,7.87,1132.050049,7.42,0.4500000000000002,0.619,24.39,1.75,2.02,7.95,12.27,4.50,8.92,13.891,51350000000.0,63510000000.0,21.57,1.72,2.18,15.81,2.18,27060000000.0,15.81,2140000000.0000002,1.026,2.50,6.80,3150000000.0,1.53,15320000000.0,0.841,12.298,4480000000.0,1.098,2.06,64.88,32369999.999999996,2.956,1.61,39520000.0,outperform
6923,2007-05-11 11:31:48,1178897508.0,dis,32.44,-1.42,1505.849976,-7.52,6.1,0.381,17.29,2.08,2.23,12.35,17.16,7.57,15.01,17.278,73110000000.0,83060000000.0,N/A,1.55,2.36,9.912,2.36,5480000000.0,9.912,4340000000.0,2.06,131.70,9.80,2440000000.0,1.19,12390000000.0,1.05,15.973,6000000000.0,0.81,7.44,65.20,45630000.0,4.7,2.40,42470000.0,outperform
6924,2005-03-09 15:52:13,1110401533.0,dis,24.68,1.46,1207.01001,5.4,-3.9400000000000004,0.521,24.79,1.89,2.16,8.38,12.20,4.78,9.39,14.642,57720000000.0,69960000000.0,19.18,1.56,2.27,12.41,2.27,30750000000.0,12.41,2380000000.0,1.137,85.10,13.60,2170000000.0,1.06,13710000000.0,0.921,13.181,4530000000.0,1.233,0.50,66.53,37640000.0,4.889,1.85,36560000.0,underperform
6925,2011-11-02 23:39:05,1320291545.0,dis,32.59,48.6,1237.900024,15.32,33.28,32.39,14.45,1.55,1.57,11.33,19.11,6.89,12.35,21.21,72100000000.0,72100000000.0,11.83,1.02,1.79,7.59,1.79,6730000000.0,7.59,4560000000.0,2.36,10.90,6.70,3520000000.0,1.90,13250000000.0,1.07,21.40,72100000000.0,1.40,7.37,66.60,41370000.0,3.00,2.40,42810000.0,outperform
6926,2011-10-11 04:36:45,1318322205.0,dis,31.19,59.73,1195.540039,19.83,39.9,32.39,13.99,1.46,1.48,11.33,19.11,6.89,12.35,21.21,68569999999.99999,68569999999.99999,11.38,0.87,1.71,7.22,1.71,6730000000.0,7.22,4560000000.0,2.36,10.90,6.70,3520000000.0,1.90,13250000000.0,1.07,21.40,68569999999.99999,1.30,7.37,66.60,49020000.0,3.50,2.80,45370000.0,outperform
6927,2013-05-08 15:31:47,1368041507.0,dis,65.18,25.19,1632.689941,14.88,10.31,40.25,20.93,2.78,2.90,13.07,20.74,7.19,14.71,23.95,131240000000.00002,131240000000.00002,16.64,1.47,3.06,12.04,3.06,8860000000.0,12.04,5600000000.0,3.10,5.60,5.20,3210000000.0,1.78,17460000000.0,0.99,22.79,7380000000.0,1.09,7.35,64.80,39370000.0,5.10,2.20,37220000.0,outperform
6928,2007-01-17 16:52:23,1169070743.0,dis,31.7,-16.34,1430.619995,-6.81,-9.530000000000001,0.434,21.51,N/A,N/A,9.84,15.98,7.00,11.63,17.1,N/A,N/A,N/A,1.35,N/A,N/A,N/A,5480000000.0,N/A,3370000000.0,1.64,106.30,13.60,2410000000.0,1.166,13820000000.0,0.937,N/A,6060000000.0,1.09,20.71,65.80,44320000.0,5.1,2.30,42120000.0,underperform
6929,2011-09-03 07:59:12,1315051152.0,dis,32.58,47.58,1218.890015,14.82,32.76,32.39,13.77,1.54,1.56,11.33,19.11,6.89,12.35,21.21,69980000000.0,69980000000.0,11.15,0.90,1.74,7.37,1.74,6730000000.0,7.37,4560000000.0,2.36,10.90,6.70,3520000000.0,1.90,13250000000.0,1.07,21.40,69980000000.0,1.24,7.37,66.60,42120000.0,2.20,2.40,37610000.0,outperform
6930,2006-06-15 22:06:36,1150423596.0,dis,26.02,20.56,1256.160034,22.03,-1.4700000000000024,0.494,22.15,1.95,2.14,8.22,13.08,5.41,10.18,16.39,64069999999.99999,73760000000.0,N/A,1.43,2.28,12.074,2.28,4110000000.0000005,12.074,2690000000.0,1.32,11.60,2.50,2029999999.9999998,0.925,12820000000.0,1.021,13.376,5320000000.0,1.13,0.02,61.10,39970000.0,3.6,2.00,49550000.0,underperform
6931,2012-01-03 13:50:51,1325616651.0,dis,37.27,35.44,1277.060059,14.51,20.93,36.16,14.88,1.65,1.81,11.76,19.14,6.92,13.35,21.78,78450000000.0,78450000000.0,11.26,0.95,1.92,8.11,1.92,7780000000.0,8.11,4810000000.0,2.52,30.20,7.00,3180000000.0,1.77,14260000000.0,1.14,20.68,6990000000.0,1.37,7.37,66.60,43610000.0,3.20,2.50,38770000.0,outperform
6932,2004-03-27 08:39:48,1080394788.0,dis,21.66,13.02,1091.329956,7.34,5.68,0.548,27.19,1.80,2.10,7.30,11.25,4.10,8.09,13.671,51390000000.0,63560000000.0,22.82,1.86,2.23,18.15,2.23,27060000000.0,18.15,1920000000.0,0.923,2.50,6.80,1460000000.0,0.71,13160000000.0,1.055,11.938,3310000000.0,1.045,2.06,66.26,42660000.0,4.589,2.13,47960000.0,outperform
6933,2013-04-22 06:29:41,1366626581.0,dis,61.25,29.71,1562.5,20.29,9.420000000000002,40.25,19.86,2.53,2.63,13.07,20.74,7.19,14.71,23.95,125390000000.0,125390000000.0,15.87,1.40,2.93,11.50,2.93,8860000000.0,11.50,5600000000.0,3.10,5.60,5.20,3210000000.0,1.78,17460000000.0,0.99,22.79,7380000000.0,1.09,7.35,64.80,37220000.0,5.50,2.10,38900000.0,outperform
6934,2008-11-01 18:02:21,1225576941.0,dis,22.09,19.19,930.090027,14.62,4.570000000000002,0.414,11.24,1.27,1.44,12.17,20.15,7.76,14.14,19.587,48620000000.0,59600000000.0,N/A,1.10,1.60,6.562,1.60,6780000000.0,6.562,4550000000.0,2.306,9.00,2.10,2590000000.0,1.38,13570000000.0,1.12,17.532,5770000000.0,0.66,7.40,67.40,57990000.0,2.6,3.30,61340000.0,outperform
6935,2007-05-26 19:57:44,1180223864.0,dis,32.81,-5.58,1522.280029,-8.4,2.8200000000000003,0.4,16.97,2.02,2.22,12.89,18.12,8.06,15.74,17.059,71400000000.0,81910000000.0,N/A,1.37,2.33,9.368,2.33,5480000000.0,9.368,4540000000.0,2.12,27.00,0.60,2180000000.0,1.101,12690000000.0,0.926,16.125,6640000000.0,0.81,7.69,69.10,45630000.0,4.7,2.50,42470000.0,outperform
6936,2007-06-12 15:10:39,1181675439.0,dis,30.18,1.59,1493.0,-10.55,12.14,0.4,15.95,1.92,2.12,12.89,18.12,8.06,15.74,17.059,67120000000.00001,78240000000.0,N/A,1.39,2.22,8.949,2.22,5480000000.0,8.949,4540000000.0,2.12,27.00,0.60,2180000000.0,1.101,12690000000.0,0.926,16.125,6640000000.0,0.78,7.69,66.70,47710000.0,5.2,2.60,45630000.0,outperform
6937,2012-03-16 04:36:14,1331886974.0,dis,42.02,34.79,1404.170044,10.71,24.08,36.49,16.51,1.95,2.15,12.13,19.73,6.97,13.76,22.08,90580000000.0,90580000000.0,12.79,1.13,2.21,9.10,2.21,7780000000.0,9.10,4970000000.0,2.63,12.40,0.60,3770000000.0,2.05,14390000000.0,1.11,20.26,7610000000.0,1.34,7.78,66.80,37680000.0,3.70,2.10,38230000.0,outperform
6938,2008-01-23 16:21:27,1201123287.0,dis,26.29,-25.37,1338.599976,-38.18,12.809999999999999,0.502,12.20,1.51,1.79,13.20,19.10,7.01,14.94,17.72,52230000000.0,65300000000.0,N/A,0.97,1.84,7.894,1.84,6780000000.0,7.894,4670000000.0,2.25,12.10,3.20,3670000000.0,1.928,15450000000.0,0.993,15.673,5420000000.0,0.56,7.29,64.60,41640000.0,4.1,2.40,41740000.0,outperform
6939,2012-06-16 03:34:07,1339832047.0,dis,44.98,41.22,1314.880005,24.45,16.77,40.16,16.87,2.03,2.25,12.46,20.07,7.14,14.11,22.71,96630000000.0,96630000000.0,13.61,1.22,2.33,9.43,2.33,7780000000.0,9.43,5170000000.0,2.79,21.30,6.10,3730000000.0,2.09,16030000000.000002,1.14,20.93,7470000000.0,1.14,7.78,67.10,48010000.0,4.60,2.70,43190000.0,outperform
6940,2013-08-07 21:54:11,1375926851.0,dis,65.11,31.33,1690.910034,12.93,18.4,38.37,19.97,2.76,2.87,13.64,21.19,7.40,15.43,24.42,132770000000.00002,132770000000.00002,16.73,1.58,3.03,11.69,3.03,8860000000.0,11.69,5970000000.0,3.30,32.40,9.60,3950000000.0,2.19,16940000000.000002,1.12,23.38,7720000000.0,1.05,7.31,64.70,34970000.0,5.00,1.90,35700000.0,outperform
6941,2003-12-15 20:32:12,1071538332.0,dis,19.96,22.24,1068.040039,12.67,9.569999999999999,0.551,35.43,1.70,1.93,5.41,8.33,2.91,5.67,13.095,46000000000.0,57460000000.0,22.37,1.73,2.12,23.83,2.12,25330000000.0,23.83,1340000000.0,0.645,N/A,0.20,1580000000.0,0.79,13100000000.0,0.959,11.82,N/A,0.996,2.04,66.01,51950000.0,8.427,2.63,49360000.0,outperform
6942,2007-02-25 00:16:57,1172380617.0,wat,56.15,7.89,1456.380005,-5.81,13.7,2.493,26.28,4.45,15.70,17.36,23.72,13.64,68.79,12.467,5690000000.0,6080000000.0,N/A,1.47,4.75,16.006,4.75,679880000.0,16.006,222200000.0,2.13,5.70,16.50,514169999.99999994,5.066,903460000.0,1.458,3.577,N/A,2.09,1.19,88.30,1540000.0,2.5,1.60,1550000.0,outperform
6943,2005-03-09 14:26:35,1110396395.0,wat,48.6,-14.77,1207.01001,5.4,-20.17,0.303,27.05,5.40,8.69,20.29,25.79,17.40,36.95,8.978,5960000000.0,5630000000.0,20.30,1.55,5.09,19.43,5.09,560360000.0,19.43,224050000.0,1.82,15.70,7.70,539080000.0,4.46,206660000.0,1.994,5.678,256610000.0,1.061,2.18,87.51,1830000.0,2.274,1.55,2150000.0,underperform
6944,2005-01-25 09:45:58,1106664358.0,wat,47.06,-12.69,1168.410034,8.24,-20.93,0.62,27.81,5.46,9.09,19.99,25.56,17.54,36.19,8.543,5740000000.0,5660000000.0,22.51,1.72,5.36,20.64,5.36,560360000.0,20.64,210940000.0,1.708,15.70,7.70,471170000.0,3.9,392700000.0,1.562,5.245,256610000.0,0.869,2.18,88.72,2150000.0,3.822,1.82,2610000.0,underperform
6945,2013-04-25 00:49:05,1366865345.0,wat,92.88,17.03,1585.160034,17.55,-0.5199999999999996,80.27,17.82,4.29,5.42,25.03,28.36,11.10,34.26,20.99,7550000000.0,7550000000.0,15.54,1.78,4.10,12.84,4.10,1110000000.0,12.84,461440000.0,5.19,28.30,0.10,1540000000.0,17.92,1180000000.0,4.48,16.99,449280000.0,0.99,3.39,92.90,3090000.0,9.10,4.30,3390000.0,underperform
6946,2008-01-24 05:10:40,1201169440.0,wat,56.04,-34.85,1352.069946,-38.47,3.6199999999999974,1.998,22.76,4.13,12.88,17.50,22.97,12.44,69.45,14.133,5550000000.0,6170000000.0,N/A,1.09,4.33,16.344,4.33,744040000.0,16.344,249020000.0,2.43,5.80,17.10,626470000.0,6.238,910520000.0,1.641,4.548,324090000.0,1.84,3.48,86.00,2490000.0,3.4,2.60,2700000.0,outperform
6947,2008-01-06 23:01:23,1199678483.0,wat,77.79,-50.76,1447.160034,-35.91,-14.850000000000001,1.998,31.92,5.49,17.10,17.50,22.97,12.44,69.45,14.133,7780000000.0,8070000000.0,N/A,1.72,5.67,21.383,5.67,744040000.0,21.383,249020000.0,2.43,5.80,17.10,626470000.0,6.238,910520000.0,1.641,4.548,324090000.0,1.84,3.48,87.10,2700000.0,4.1,2.80,2460000.0,underperform
6948,2012-09-02 12:05:44,1346601944.0,joy,50.46,,1399.47998,16.68,,64.86,7.90,1.02,2.20,13.36,21.53,12.93,34.26,51.12,6830000000.0,6830000000.0,7.69,0.45,1.26,5.21,1.26,1510000000.0,5.21,749670000.0,6.76,11.80,22.20,454240000.0,4.28,1620000000.0,1.71,23.57,398280000.0,2.25,0.45,90.90,7790000.0,3.60,7.30,6550000.0,underperform
6949,2011-12-29 05:33:11,1325154791.0,joy,72.68,-17.63,1263.02002,11.04,-28.669999999999998,71.33,12.99,1.82,4.10,13.84,21.34,13.51,38.31,41.98,9100000000.0,9100000000.0,9.07,0.56,2.07,8.93,2.07,1510000000.0,8.93,631000000.0,5.72,17.80,27.30,288320000.0,2.74,1390000000.0,2.07,18.57,504690000.0,2.09,N/A,N/A,4530000.0,2.00,N/A,5790000.0,underperform
6950,2012-01-28 15:18:27,1327781907.0,joy,89.56,-28.29,1326.060059,12.73,-41.019999999999996,71.33,16.28,2.20,4.96,13.84,21.34,13.51,38.31,41.98,10890000000.0,10890000000.0,11.22,0.67,2.47,10.69,2.47,1510000000.0,10.69,631000000.0,5.72,17.80,27.30,288320000.0,2.74,1390000000.0,2.07,18.57,504690000.0,2.09,N/A,N/A,2870000.0,1.70,N/A,2900000.0,underperform
6951,2012-01-28 06:10:04,1327749004.0,joy,89.56,-28.29,1326.060059,12.73,-41.019999999999996,71.33,16.28,2.20,4.96,13.84,21.34,13.51,38.31,41.98,10790000000.0,10790000000.0,11.22,0.67,2.45,10.59,2.45,1510000000.0,10.59,631000000.0,5.72,17.80,27.30,288320000.0,2.74,1390000000.0,2.07,18.57,504690000.0,2.09,N/A,N/A,2870000.0,1.70,N/A,2900000.0,underperform
6952,2011-12-21 21:20:36,1324520436.0,joy,72.69,-15.45,1243.719971,16.08,-31.529999999999998,71.23,13.20,1.83,4.13,13.84,20.90,13.20,38.13,41.98,9170000000.0,9170000000.0,9.24,0.55,2.08,9.18,2.08,1170000000.0,9.18,631000000.0,5.72,17.80,27.30,288320000.0,2.74,1390000000.0,2.07,18.57,483350000.0,2.09,N/A,N/A,4530000.0,2.00,N/A,5790000.0,underperform
6953,2013-05-15 01:22:24,1368595344.0,joy,54.79,4.84,1658.780029,12.78,-7.9399999999999995,49.95,7.96,1.08,2.25,13.43,21.54,12.38,29.19,53.50,7430000000.0,7430000000.0,8.91,0.91,1.31,5.43,1.31,1880000000.0,5.43,766810000.0,7.13,0.20,1.20,269890000.0,2.54,1350000000.0,1.83,25.54,551860000.0,2.03,0.47,86.90,10250000.0,4.30,9.50,8510000.0,underperform
6954,2004-12-09 10:00:59,1102604459.0,pxd,33.15,51.73,1189.23999,5.9,45.83,0.933,15.18,2.90,1.86,15.74,24.29,6.02,13.88,14.192,4940000000.0,7410000000.0,13.56,1.57,4.35,7.13,4.35,899910000.0,7.13,268180000.0,2.234,1437.00,82.90,2950000.0,0.02,2460000000.0,0.407,18.184,974480000.0,0.687,1.17,73.78,3320000.0,1.549,2.30,4600000.0,outperform
6955,2012-06-14 20:35:11,1339720511.0,pxd,88.05,66.42,1329.099976,22.39,44.03,44.93,15.58,4.22,1.93,27.00,47.53,6.99,14.35,21.89,13250000000.0,13250000000.0,12.42,0.86,5.11,5.86,5.11,2330000000.0,5.86,675060000.0,5.66,38.40,51.70,316920000.0,2.58,2620000000.0,1.23,46.11,1810000000.0,1.56,1.11,98.00,10290000.0,4.90,8.50,9630000.0,outperform
6956,2007-07-12 08:34:31,1184243671.0,pxd,48.42,49.34,1547.699951,-19.91,69.25,0.623,27.18,3.79,1.99,14.18,26.94,3.90,6.86,12.963,6050000000.0,7890000000.0,N/A,2.69,4.95,9.428,4.95,970480000.0,9.428,203580000.0,1.80,94.60,3.30,13350000.0,0.108,1860000000.0,0.551,24.582001,566590000.0,0.81,0.37,77.30,5850000.0,4.6,4.80,5750000.0,outperform
6957,2013-05-22 23:38:27,1369280307.0,pxd,143.44,41.36,1655.349976,14.33,27.03,41.61,239.62,6.65,2.68,2.74,10.50,1.45,1.32,22.92,22020000000.0,22020000000.0,24.12,1.75,7.71,12.94,7.71,2180000000.0,12.94,32490000.000000004,0.60,53.10,7.60,430300000.0,3.15,3020000000.0,1.23,51.95,1770000000.0,1.41,0.98,94.00,6090000.0,4.10,4.50,6270000.0,outperform
6958,2007-05-29 01:19:33,1180415973.0,pxd,48.79,44.05,1518.109985,-8.38,52.43,0.623,27.49,3.80,1.99,14.18,26.94,3.90,6.86,12.963,6110000000.0,7960000000.0,N/A,3.12,4.99,9.511,4.99,970480000.0,9.511,203580000.0,1.80,94.60,3.30,13350000.0,0.108,1860000000.0,0.551,24.582001,566590000.0,0.79,0.37,78.30,4860000.0,2.9,4.00,4250000.0,outperform
6959,2010-12-27 18:39:47,1293493187.0,pxd,85.83,4.71,1257.540039,0.63,4.08,62.80,17.45,5.28,2.47,30.53,53.08,7.03,12.76,16.59,12520000000.0,12520000000.0,30.41,2.77,6.57,7.74,6.57,1330000000.0,7.74,465950000.0,4.93,N/A,15.00,78170000.0,0.67,2540000000.0,1.16,35.08,12520000000.0,1.82,0.78,96.10,7920000.0,7.60,8.60,7650000.0,outperform
6960,2007-02-21 20:58:10,1172109490.0,pxd,39.21,11.12,1457.630005,-7.9,19.02,0.502,6.90,3.07,1.62,46.76,27.40,3.69,6.63,12.722,4900000000.0,6340000000.0,N/A,1.90,4.01,7.948,4.01,1660000000.0,7.948,172320000.0,5.80,80.30,39.40,7030000.0,0.057,1500000000.0,0.605,24.479,754830000.0,0.28,0.37,78.90,6250000.0,5.5,5.10,4930000.0,outperform
6961,2004-08-03 22:54:06,1091588046.0,pxd,34.62,13.52,1099.689941,13.22,0.29999999999999893,0.829,11.25,2.68,2.41,24.02,24.44,9.83,22.81,13.205,4300000000.0,5680000000.0,14.72,1.32,3.60,6.26,3.60,899910000.0,6.26,379080000.0,3.181,1437.00,82.90,9020000.0,0.08,1460000000.0,0.48,14.642,880520000.0,0.599,1.00,75.49,6330000.0,7.198,5.33,5320000.0,outperform
6962,2006-05-24 10:39:32,1148481572.0,pxd,38.32,25.89,1258.569946,19.78,6.109999999999999,0.392,5.41,2.25,1.70,43.76,33.58,6.83,14.49,17.05,5110000000.0,6260000000.0,N/A,1.84,2.76,4.638,2.76,1660000000.0,4.638,395770000.0,7.30,541.70,16.60,42980000.0,0.332,1160000000.0,1.219,23.27,1300000000.0,0.79,0.87,79.60,7600000.0,3.7,5.90,5500000.0,outperform
6963,2012-08-21 18:53:39,1345589619.0,pxd,96.69,72.38,1413.170044,16.25,56.129999999999995,57.07,31.44,4.54,2.17,14.45,27.54,4.00,8.04,22.14,15060000000.0,15060000000.0,17.39,2.07,5.66,6.63,5.66,2330000000.0,6.63,349030000.0,3.09,N/A,11.00,317770000.0,2.58,3290000000.0,1.14,45.31,1890000000.0,1.49,1.11,98.00,10220000.0,5.40,8.40,9200000.0,outperform
6964,2008-05-12 07:36:14,1210592174.0,pxd,66.61,-59.5,1403.579956,-35.28,-24.22,0.906,22.14,4.65,2.62,21.41,28.18,3.84,8.03,14.488,8100000000.0,10840000000.0,N/A,2.06,6.23,11.898,6.23,1140000000.0,11.898,241980000.0,3.06,639.50,45.20,12170000.0,0.102,2760000000.0,0.77,25.846001,775320000.0,1.59,0.62,85.50,4090000.0,3.50,3.50,6000000.0,underperform
6965,2007-07-14 16:44:57,1184445897.0,pxd,48.18,48.07,1518.76001,-17.47,65.53999999999999,0.623,27.36,3.81,2.00,14.18,26.94,3.90,6.86,12.963,6090000000.0,7930000000.0,N/A,2.72,4.97,9.477,4.97,970480000.0,9.477,203580000.0,1.80,94.60,3.30,13350000.0,0.108,1860000000.0,0.551,24.582001,566590000.0,0.81,0.37,77.30,5850000.0,4.6,4.80,5750000.0,outperform
6966,2007-04-04 17:06:11,1175720771.0,de,45.47,56.61,1439.369995,-4.87,61.48,2.59,14.72,1.08,3.20,7.58,10.38,4.53,20.31,96.749,24250000000.0,41360000000.0,N/A,1.56,1.85,13.121,1.85,6660000000.0,13.121,1470000000.0,7.26,1.20,5.30,2480000000.0,10.929,19620000000.0,2.059,33.374001,1250000000.0,2.43,0.04,82.00,4870000.0,1.6,2.10,4680000.0,outperform
6967,2011-09-28 16:24:30,1317241470.0,de,62.37,24.55,1151.060059,25.72,-1.1699999999999982,347.79,11.41,0.93,3.80,8.46,13.48,5.80,37.98,72.72,51610000000.0,51610000000.0,9.60,0.86,1.69,10.90,1.69,8610000000.0,10.90,2590000000.0,6.08,15.40,22.50,3370000000.0,8.14,26220000000.0,2.04,18.19,51610000000.0,1.60,0.07,72.30,13370000.0,2.30,3.20,12860000.0,underperform
6968,2011-11-09 15:30:18,1320870618.0,de,67.33,17.47,1229.099976,12.07,5.399999999999999,347.79,12.20,1.02,4.16,8.46,13.48,5.80,37.98,72.72,54160000000.0,54160000000.0,10.56,0.94,1.77,11.44,1.77,8610000000.0,11.44,2590000000.0,6.08,15.40,22.50,3370000000.0,8.14,26220000000.0,2.04,18.19,54160000000.0,1.58,0.07,72.30,10460000.0,1.80,2.50,10720000.0,outperform
6969,2008-03-18 22:07:48,1205892468.0,de,71.35,-62.05,1330.73999,-40.31,-21.739999999999995,3.098,18.98,1.42,5.02,7.85,11.43,4.91,26.72,55.848,35810000000.0,54930000000.0,N/A,1.37,2.21,15.26,2.21,7830000000.0,15.26,1950000000.0,4.327,54.60,17.50,2200000000.0,5.052,21810000000.0,1.804,16.142,2620000000.0,1.25,0.07,81.00,6110000.0,1.1,1.40,5710000.0,underperform
6970,2006-08-14 13:24:31,1155576271.0,de,28.98,71.98,1268.209961,12.48,59.5,2.522,10.39,0.73,2.15,7.17,9.47,4.02,19.21,93.737,16250000000.0,32780000000.0,N/A,1.27,1.47,11.825,1.47,6770000000.0,11.825,1370000000.0,6.65,23.30,1.90,2530000000.0,10.773,19060000000.0,2.294,32.127998,574200000.0,2.39,0.14,80.60,6450000.0,3.4,2.70,5790000.0,outperform
6971,2004-06-27 16:24:42,1088367882.0,de,28.61,-4.79,1140.650024,4.39,-9.18,2.944,18.07,0.97,3.64,5.41,8.31,3.67,23.74,71.049,17370000000.0,28330000000.0,12.94,1.41,1.60,13.58,1.60,4780000000.0,13.58,966300000.0,3.86,101.50,11.40,3000000000.0,12.03,13960000000.0,N/A,19.044001,1520000000.0,0.489,0.18,80.57,2880000.0,1.457,1.16,3140000.0,underperform
6972,2004-04-27 16:20:51,1083097251.0,de,29.39,-11.87,1138.109985,1.61,-13.479999999999999,3.315,23.27,1.07,4.05,4.54,6.95,2.84,19.77,66.048,17540000000.0,27470000000.0,14.43,1.61,1.69,15.68,1.69,4780000000.0,15.68,745900000.0,3.052,101.50,11.40,4090000000.0,16.55,14200000000.0,N/A,17.35,1850000000.0,0.53,0.14,82.52,3640000.0,1.892,1.48,1860000.0,underperform
6973,2007-04-28 09:57:28,1177768648.0,de,48.3,57.89,1495.420044,-7.13,65.02,2.59,15.45,1.15,3.40,7.58,10.38,4.53,20.31,96.749,25460000000.0,42600000000.0,N/A,1.69,1.90,13.516,1.90,6660000000.0,13.516,1470000000.0,7.26,1.20,5.30,2480000000.0,10.929,19620000000.0,2.059,33.374001,1250000000.0,2.43,0.04,82.20,3280000.0,1.2,1.40,4870000.0,outperform
6974,2007-05-28 15:33:30,1180380810.0,de,,,1515.72998,-8.6,,2.649,16.80,1.12,3.20,6.94,10.75,4.50,20.29,99.112,25750000000.0,43380000000.0,N/A,1.67,1.91,13.175,1.91,6660000000.0,13.175,1570000000.0,6.81,16.30,4.90,3450000000.0,15.344,21090000000.0,2.004,35.375999,2210000000.0,2.24,0.04,81.30,3280000.0,1.2,1.40,4870000.0,underperform
6975,2007-06-09 18:38:29,1181428709.0,de,49.96,42.27,1517.380005,-7.47,49.74,2.649,17.04,1.13,3.23,6.94,10.68,4.47,20.29,99.112,26100000000.0,43740000000.0,N/A,1.83,1.93,13.352,1.93,6660000000.0,13.352,1570000000.0,6.81,16.30,4.90,3450000000.0,15.345,21090000000.0,2.004,35.375999,2210000000.0,2.3,0.04,80.40,4130000.0,1.9,1.80,3280000.0,outperform
6976,2008-12-21 07:18:28,1229861908.0,de,33.47,47.89,885.2800289999999,25.84,22.05,3.441,8.37,0.57,2.50,7.22,10.99,5.05,29.99,65.965,16629999999.999998,37270000000.0,N/A,0.96,1.31,10.221,1.31,7830000000.0,10.221,2049999999.9999998,4.71,18.30,20.50,1830000000.0,4.342,22480000000.0,1.865,15.469,1950000000.0,1.5,0.06,75.10,6720000.0,1.60,1.60,5800000.0,outperform
6977,2013-04-25 03:06:17,1366873577.0,de,82.31,10.86,1585.160034,17.55,-6.690000000000001,436.23,10.64,0.90,4.41,8.64,13.46,5.97,44.68,93.62,60990000000.0,60990000000.0,9.60,0.96,1.66,10.18,1.66,11150000000.0,10.18,3180000000.0,8.00,21.90,9.70,4179999999.9999995,10.72,32650000000.0,2.37,19.21,1150000000.0,1.35,7.18,65.40,9720000.0,3.20,2.50,9760000.0,underperform
6978,2007-06-29 14:25:13,1183141513.0,de,51.4,22.78,1503.349976,-12.07,34.85,2.649,17.82,1.18,3.37,6.94,10.68,4.47,20.29,99.112,27300000000.0,44490000000.0,N/A,2.17,1.96,13.582,1.96,6660000000.0,13.582,1570000000.0,6.81,16.30,4.90,3450000000.0,15.345,21090000000.0,2.004,35.375999,2210000000.0,2.3,0.04,80.80,3190000.0,1.40,1.40,4130000.0,outperform
6979,2005-03-10 01:55:42,1110437742.0,de,28.69,9.76,1209.25,5.97,3.79,2.276,12.59,0.88,2.75,7.03,10.58,5.25,28.77,78.881,17220000000.0,28970000000.0,10.75,1.64,1.45,10.71,1.45,6420000000.0,10.71,1410000000.0,5.54,118.60,28.70,3180000000.0,12.89,14550000000.0,N/A,25.896999,1160000000.0,0.598,0.07,80.94,3340000.0,1.995,1.35,3630000.0,outperform
6980,2008-03-27 21:45:01,1206668701.0,de,67.9,-54.59,1325.76001,-38.45,-16.14,3.098,18.29,1.41,4.99,7.85,11.43,4.91,26.72,55.848,34510000000.0,54840000000.0,N/A,1.37,2.21,15.234,2.21,7830000000.0,15.234,1950000000.0,4.33,54.60,17.50,2200000000.0,5.052,21810000000.0,1.804,16.142,2620000000.0,1.25,0.07,81.00,6110000.0,1.1,1.40,5710000.0,underperform
6981,2009-11-28 10:08:25,1259420905.0,de,47.83,,1110.630005,-26.53,,N/A,15.43,0.90,3.06,5.73,8.01,3.03,19.27,59.536,44700000000.0,44700000000.0,N/A,2.22,1.78,17.663,1.78,8860000000.0,17.663,1440000000.0,3.39,27.00,24.00,2210000000.0,5.23,24770000000.0,2.156,17.552,1490000000.0,1.57,0.14,74.60,10000000.0,1.7,2.40,11610000.0,underperform
6982,2005-01-19 09:54:23,1106146463.0,de,29.13,1.61,1184.630005,8.48,-6.87,2.276,12.75,0.88,2.74,7.03,10.58,5.25,28.77,78.881,17440000000.0,28810000000.0,11.02,1.29,1.44,10.65,1.44,6420000000.0,10.65,1410000000.0,5.543,118.60,28.70,3180000000.0,12.89,14550000000.0,N/A,25.896999,1160000000.0,0.604,0.07,80.06,3280000.0,1.434,1.33,3370000.0,underperform
6983,2009-01-10 16:31:16,1231623076.0,siri,0.14,371.43,906.650024,25.92,345.51,214.157,N/A,0.35,26.10,N/A,29.04,5.16,N/A,0.74,491880000.0,3500000000.0,N/A,N/A,2.71,15.048,2.71,35530000.0,15.048,5230000000.0,3.00,N/A,102.00,365510000.0,0.104,3370000000.0,0.307,0.005,113320000.0,1.87,1.56,34.70,263769999.99999997,5.1,7.60,263149999.99999997,outperform
6984,2006-12-06 03:51:07,1165395067.0,siri,3.77,-5.84,1412.900024,6.68,-12.52,N/A,N/A,11.19,N/A,223.47,213.28,23.17,625.17,0.379,5410000000.0,6590000000.0,N/A,N/A,12.58,11.299,12.58,57300000.0,11.299,1170000000.0,0.85,N/A,150.10,358150000.0,0.255,1080000000.0,0.834,0.142,471670000.0,4.52,1.00,28.70,148300000.0,10.90,10.90,142440000.0,underperform
6985,2012-11-18 16:58:05,1353275885.0,siri,2.61,44.06,1353.329956,32.38,11.68,58.58,5.28,4.19,3.31,102.87,24.70,6.17,142.01,0.86,15890000000.0,15890000000.0,26.90,0.18,4.82,14.71,4.82,1460000000.0,14.71,2220000000.0,0.51,28.50,13.70,556270000.0,0.11,2430000000.0,0.81,0.80,728530000.0,1.60,37.85,39.00,297870000.0,3.50,8.10,274890000.0,outperform
6986,2004-12-09 01:04:22,1102572262.0,siri,7.05,9.79,1189.23999,5.9,3.889999999999999,0.396,N/A,244.40,10.37,N/A,N/A,34.92,48.17,0.039,8720000000.0,11280000000.0,N/A,N/A,242.20,N/A,242.20,73900000.0,N/A,598070000.0,0.507,N/A,1499.00,528679999.99999994,0.42,426160000.0,3.457,0.869,309270000.0,4.099,1.41,26.46,87390000.0,1.776,7.02,91600000.0,outperform
6987,2003-10-26 19:04:47,1067213087.0,siri,2.46,60.16,1033.77002,5.9,54.26,0.194,N/A,571.55,1.87,N/A,N/A,13.69,50.02,0.012,2380000000.0,2080000000.0,N/A,N/A,475.28,N/A,475.28,69090000.0,N/A,313700000.0,3.259,N/A,N/A,560090000.0,0.56,259570000.0,10.401,1.34,N/A,3.855,0.22,36.87,76300000.0,2.923,7.66,73950000.0,outperform
6988,2008-11-02 18:41:51,1225669311.0,siri,0.34,70.59,954.090027,9.31,61.28,N/A,N/A,1.06,N/A,45.40,39.44,16.38,N/A,0.708,1070000000.0000001,2140000000.0000002,N/A,N/A,2.05,7.028,2.05,35530000.0,7.028,474380000.0,0.321,N/A,25.00,220600000.0,0.069,1280000000.0,0.343,0.604,90000000.0,1.84,4.29,14.10,232010000.0,3.8,7.40,199000000.0,outperform
6989,2007-05-23 16:22:14,1179951734.0,siri,2.81,-7.83,1522.280029,-8.4,0.5700000000000003,N/A,N/A,5.73,N/A,110.70,104.35,20.80,N/A,0.503,4139999999.9999995,4980000000.0,N/A,N/A,6.98,10.825,6.98,60730000.0,10.825,791070000.0,0.56,N/A,61.10,264120000.0,0.181,1070000000.0000001,N/A,0.289,391320000.0,3.36,0.96,28.10,120440000.0,4.3,8.60,123630000.0,outperform
6990,2004-10-22 06:57:36,1098442656.0,siri,3.84,55.73,1095.73999,9.13,46.599999999999994,0.347,N/A,147.34,3.81,N/A,N/A,31.36,41.38,0.028,4750000000.0,4460000000.0,N/A,N/A,140.60,N/A,140.60,73900000.0,N/A,535320000.00000006,0.477,N/A,1499.00,639960000.0,0.52,426040000.0,5.274,0.993,283900000.0,3.938,1.40,28.81,78280000.0,2.6,6.42,80550000.0,outperform
6991,2003-12-15 22:24:15,1071545055.0,siri,2.2,255.45,1068.040039,12.67,242.78,0.211,N/A,253.99,1.77,N/A,N/A,13.50,36.87,0.015,2230000000.0,1950000000.0,N/A,N/A,226.18,N/A,226.18,69090000.0,N/A,300710000.0,1.809,N/A,N/A,479110000.0,0.48,259690000.0,7.648,1.23,N/A,3.712,0.23,37.71,70360000.0,0.94,7.06,73410000.0,outperform
6992,2008-12-17 10:24:32,1229527472.0,siri,0.13,353.85,904.419983,21.19,332.66,214.157,N/A,0.41,30.00,N/A,29.04,5.16,N/A,0.74,527010000.0,3530000000.0,N/A,N/A,2.74,15.199,2.74,35530000.0,15.199,5230000000.0,3.00,N/A,102.00,365510000.0,0.104,3370000000.0,0.307,0.005,113320000.0,1.95,1.56,34.60,263149999.99999997,5.8,7.60,270260000.0,outperform
6993,2006-06-17 07:35:16,1150544116.0,siri,4.03,-33.0,1230.040039,23.81,-56.81,8.047,N/A,17.85,43.12,N/A,333.15,23.09,229.52,0.242,5710000000.0,6080000000.0,N/A,N/A,18.66,10.328,18.66,57300000.0,10.328,1130000000.0,0.84,N/A,193.10,721080000.0,0.514,1080000000.0,1.451,0.096,315910000.0,4.84,1.01,30.80,119140000.0,3.1,8.80,119100000.0,underperform
6994,2008-12-18 20:04:46,1229648686.0,siri,0.14,321.43,885.2800289999999,24.53,296.9,214.157,N/A,0.35,26.00,N/A,29.04,5.16,N/A,0.74,490120000.0,3460000000.0,N/A,N/A,2.68,14.897,2.68,35530000.0,14.897,5230000000.0,3.00,N/A,102.00,365510000.0,0.104,3370000000.0,0.307,0.005,113320000.0,1.95,1.56,34.60,263149999.99999997,5.8,7.60,270260000.0,outperform
6995,2011-11-18 13:53:49,1321642429.0,siri,1.75,51.43,1215.650024,11.5,39.93,492.86,43.50,2.20,10.61,9.24,22.01,5.61,62.02,0.79,8950000000.0,8950000000.0,21.75,0.80,3.02,9.72,3.02,1300000000.0,9.72,274180000.0,0.04,54.10,6.30,604590000.0,0.16,3030000000.0,0.48,0.16,8950000000.0,1.78,0.70,34.20,276980000.0,4.30,7.10,252300000.0,outperform
6996,2007-07-03 02:31:13,1183444273.0,siri,2.93,-35.84,1524.869995,-17.27,-18.570000000000004,N/A,N/A,6.18,N/A,110.70,104.35,20.80,N/A,0.503,4430000000.0,5210000000.0,N/A,N/A,7.30,11.322,7.30,60730000.0,11.322,791070000.0,0.56,N/A,61.10,269660000.0,0.184,1070000000.0000001,0.639,0.289,391320000.0,3.23,0.96,30.30,101090000.0,4.1,7.30,91290000.0,underperform
6997,2007-06-24 17:39:02,1182721142.0,siri,2.79,-31.9,1522.189941,-13.41,-18.49,N/A,N/A,5.81,N/A,110.70,104.35,20.80,N/A,0.503,4400000000.0,4880000000.0,N/A,N/A,6.83,10.591,6.83,60730000.0,10.591,791070000.0,0.56,N/A,61.10,269660000.0,0.184,1070000000.0000001,0.639,0.289,391320000.0,3.36,0.96,28.10,120440000.0,4.3,8.60,123630000.0,underperform
6998,2012-11-14 06:23:04,1352892184.0,siri,2.65,41.13,1355.48999,32.1,9.030000000000001,58.58,5.48,4.40,3.47,102.87,24.70,6.17,142.01,0.86,16350000000.000002,16350000000.000002,27.90,0.18,4.97,15.14,4.97,1460000000.0,15.14,2220000000.0,0.51,28.50,13.70,556270000.0,0.11,2430000000.0,0.81,0.80,728530000.0,1.60,37.85,39.00,297870000.0,3.50,8.10,274890000.0,outperform
6999,2005-02-06 11:50:21,1107708621.0,siri,6.21,-13.04,1189.890015,6.31,-19.349999999999998,0.396,N/A,171.35,7.27,N/A,N/A,32.75,48.24,0.045,8100000000.0,8000000000.0,N/A,N/A,145.81,N/A,145.81,73900000.0,N/A,587090000.0,0.482,N/A,1499.00,528679999.99999994,0.42,426160000.0,3.457,0.869,309270000.0,4.075,0.12,26.17,109570000.0,1.117,8.68,96420000.0,underperform
7000,2004-06-21 14:06:20,1087841180.0,siri,2.95,98.64,1130.300049,7.37,91.27,0.316,N/A,188.01,2.86,N/A,N/A,31.29,38.99,0.02,3840000000.0,3590000000.0,N/A,N/A,174.35,N/A,174.35,73900000.0,N/A,510360000.0,0.486,N/A,1499.00,707030000.0,0.57,425920000.0,8.017,1.094,285220000.0,3.948,1.40,29.30,75180000.0,1.521,6.17,66640000.0,outperform
7001,2012-03-16 06:16:11,1331892971.0,siri,2.22,41.44,1404.170044,10.71,30.729999999999997,428.03,32.57,2.85,12.15,14.16,22.43,5.68,93.65,0.81,10840000000.0,10840000000.0,20.73,1.67,3.60,11.48,3.60,1460000000.0,11.48,426960000.0,0.07,N/A,6.50,773990000.0,0.21,3010000000.0,0.57,0.19,543630000.0,2.20,1.83,41.70,285850000.0,4.90,7.40,273100000.0,outperform
7002,2012-07-15 07:47:21,1342352841.0,siri,2.04,79.41,1334.76001,26.05,53.36,348.01,25.62,2.54,9.22,14.75,22.98,6.04,79.54,0.83,10000000000.0,10000000000.0,18.64,1.25,3.23,10.24,3.23,1460000000.0,10.24,456610000.0,0.08,38.00,11.20,746580000.0,0.20,2960000000.0,0.60,0.22,565470000.0,1.64,4.04,50.40,289950000.0,8.80,7.80,298260000.0,outperform
7003,2013-04-25 16:49:59,1366922999.0,siri,3.12,0.0,1585.160034,17.55,-17.55,60.28,6.14,6.04,4.08,102.08,25.63,6.59,146.41,0.81,21660000000.0,21660000000.0,24.15,1.03,6.37,19.02,6.37,1700000000.0,19.02,2320000000.0,0.51,119.00,13.90,520950000.00000006,0.08,2440000000.0,0.79,0.77,806770000.0,2.06,31.93,29.20,389820000.0,7.80,10.60,399790000.0,underperform
7004,2011-09-04 02:50:58,1315119058.0,siri,1.73,,1204.420044,16.78,,611.58,41.95,2.26,13.33,8.13,21.01,5.29,70.40,0.79,8940000000.0,8940000000.0,21.50,0.84,3.06,10.12,3.06,1300000000.0,10.12,237620000.0,0.04,034.90,6.40,528330000.00000006,0.14,3020000000.0,0.45,0.13,8940000000.0,2.32,0.70,34.20,261839999.99999997,2.70,6.80,295980000.0,underperform
7005,2004-02-03 08:20:27,1075814427.0,siri,2.73,128.94,1136.030029,5.03,123.91,0.211,N/A,209.38,2.19,N/A,N/A,15.10,32.18,0.016,2790000000.0,2480000000.0,N/A,N/A,192.34,N/A,192.34,69090000.0,N/A,314420000.0,0.209,N/A,N/A,479110000.0,0.48,259690000.0,7.648,1.23,N/A,3.954,1.25,37.08,48620000.0,0.485,4.93,68320000.0,outperform
7006,2005-04-03 17:23:30,1112563410.0,siri,5.53,-10.13,1180.589966,9.93,-20.060000000000002,0.656,N/A,111.00,7.17,N/A,N/A,39.21,64.68,0.054,7340000000.0,7230000000.0,N/A,N/A,108.21,N/A,108.21,73900000.0,N/A,712160000.0,0.58,N/A,1499.00,763870000.0,0.58,656270000.0,3.009,0.784,309270000.0,4.16,0.16,25.14,115140000.0,2.297,8.73,108960000.0,underperform
7007,2007-02-23 00:58:29,1172210309.0,siri,3.68,-19.84,1451.189941,-6.28,-13.559999999999999,N/A,N/A,10.52,N/A,223.47,213.28,23.17,625.17,0.379,5340000000.0,6240000000.0,N/A,N/A,11.91,10.696,11.91,57300000.0,10.696,1170000000.0,0.85,N/A,150.10,358150000.0,0.255,1080000000.0,0.834,0.142,471670000.0,3.65,1.00,27.90,118870000.0,2.7,8.80,141090000.0,underperform
7008,2013-01-29 18:59:06,1359503946.0,siri,3.13,14.7,1507.839966,17.67,-2.9700000000000024,58.58,6.15,4.98,3.94,102.87,24.70,6.17,142.01,0.86,18280000000.0,18280000000.0,28.45,0.21,5.55,16.93,5.55,1460000000.0,16.93,2220000000.0,0.51,28.50,13.70,556270000.0,0.11,2430000000.0,0.81,0.80,728530000.0,1.66,37.85,39.00,379000000.0,5.50,10.30,355430000.0,underperform
7009,2008-01-23 13:50:49,1201114249.0,siri,2.79,-96.06,1338.599976,-38.18,-57.88,N/A,N/A,4.50,N/A,74.47,69.02,23.36,N/A,0.597,3890000000.0,4840000000.0,N/A,N/A,5.59,9.861,5.59,60730000.0,9.861,644630000.0,0.45,N/A,44.70,368220000.0,0.251,1320000000.0,0.688,0.437,217570000.0,0.71,2.53,32.40,105960000.0,2.1,7.60,117400000.0,underperform
7010,2007-04-13 13:32:24,1176485544.0,siri,3.03,-15.18,1452.849976,-6.77,-8.41,N/A,N/A,7.06,N/A,173.39,165.84,20.81,N/A,0.454,4500000000.0,5150000000.0,N/A,N/A,8.08,9.95,8.08,60730000.0,9.95,1100000000.0,0.79,N/A,141.70,414770000.0,0.284,1070000000.0000001,0.705,0.271,414550000.0,3.81,0.96,28.00,123630000.0,8.80,8.80,125130000.0,underperform
7011,2007-04-23 09:14:53,1177334093.0,siri,2.75,-7.64,1480.930054,-7.09,-0.5499999999999998,N/A,N/A,6.83,N/A,173.39,165.84,20.81,N/A,0.454,4350000000.0,5000000000.0,N/A,N/A,7.85,9.668,7.85,60730000.0,9.668,1100000000.0,0.79,N/A,141.70,414770000.0,0.284,1070000000.0000001,0.705,0.271,414550000.0,3.81,0.96,28.00,123630000.0,8.80,8.80,125130000.0,underperform
7012,2007-02-13 06:12:46,1171365166.0,siri,3.51,-10.83,1444.26001,-5.33,-5.5,N/A,N/A,9.74,N/A,223.47,213.28,23.17,625.17,0.379,5020000000.0,N/A,N/A,N/A,N/A,N/A,N/A,57300000.0,N/A,1170000000.0,0.85,N/A,150.10,358150000.0,0.255,1080000000.0,0.834,0.142,471670000.0,3.65,1.00,27.90,118870000.0,2.7,8.80,141090000.0,underperform
7013,2008-05-01 00:06:29,1209614789.0,siri,2.64,-85.61,1409.339966,-37.74,-47.87,N/A,N/A,4.32,N/A,61.30,55.65,19.13,N/A,0.63,3790000000.0,4860000000.0,N/A,N/A,5.27,11.966,5.27,35530000.0,11.966,565250000.0,0.39,N/A,29.20,439290000.0,0.298,1310000000.0,0.632,0.539,148770000.0,0.47,2.55,32.60,137780000.0,2.6,9.80,97380000.0,underperform
7014,2013-04-23 20:34:55,1366763695.0,siri,3.11,1.93,1578.780029,18.79,-16.86,60.28,6.09,5.83,3.94,102.08,25.63,6.59,146.41,0.81,21660000000.0,21660000000.0,23.92,1.05,6.37,19.02,6.37,1700000000.0,19.02,2320000000.0,0.51,119.00,13.90,520950000.00000006,0.08,2440000000.0,0.79,0.77,806770000.0,2.06,31.93,29.20,389820000.0,7.80,10.60,399790000.0,underperform
7015,2011-11-03 17:00:58,1320354058.0,siri,1.62,75.93,1261.150024,12.14,63.790000000000006,611.58,40.24,2.15,12.73,8.13,21.01,5.29,70.40,0.79,8790000000.0,8790000000.0,20.62,0.96,3.01,9.95,3.01,1300000000.0,9.95,237620000.0,0.04,034.90,6.40,528330000.00000006,0.14,3020000000.0,0.45,0.13,8790000000.0,1.78,0.70,34.20,252300000.0,2.90,6.50,265829999.99999997,outperform
7016,2007-10-27 04:52:35,1193475155.0,siri,3.57,-93.0,1515.880005,-40.09,-52.91,N/A,N/A,6.64,N/A,86.91,82.02,23.17,N/A,0.551,5230000000.0,6130000000.0,N/A,N/A,7.75,11.336,7.75,60730000.0,11.336,687390000.0,0.48,N/A,50.90,435260000.0,0.298,1320000000.0,0.787,0.369,338310000.0,2.7,2.39,29.90,82440000.0,5.90,5.90,81120000.0,underperform
7017,2013-05-25 12:10:25,1369498225.0,noc,77.63,50.19,1655.349976,14.33,35.86,41.63,10.32,0.75,2.00,7.81,12.31,7.59,19.60,102.79,20090000000.0,20090000000.0,10.76,4.30,0.80,5.59,0.80,5580000000.0,5.59,1960000000.0,7.88,3.40,1.50,3180000000.0,13.54,3940000000.0,1.41,40.28,2750000000.0,1.05,0.23,94.90,8890000.0,4.90,4.30,10140000.0,outperform
7018,2004-12-09 07:02:18,1102593738.0,noc,201.59,8.03,1189.23999,5.9,2.129999999999999,0.352,19.15,0.70,1.26,3.60,6.54,3.15,6.58,79.857,19560000000.0,25190000000.0,15.56,1.91,0.87,10.55,0.87,3880000000.0,10.55,1050000000.0,2.877,1253.10,52.30,850000000.0,2.39,5770000000.0,0.948,45.183998,2380000000.0,0.152,0.65,82.84,6540000.0,3.631,1.85,5480000.0,outperform
7019,2006-08-18 17:54:09,1155938049.0,noc,246.96,16.54,1302.300049,8.02,8.52,0.266,16.65,0.75,1.34,4.66,7.42,4.19,8.21,86.7,22720000000.0,26740000000.0,N/A,1.40,0.88,8.893,0.88,5130000000.0,8.893,1420000000.0,3.96,17.20,2.60,751000000.0,2.18,4640000000.0,0.987,49.493,2069999999.9999998,0.82,0.22,87.90,3030000.0,2.4,0.90,3020000.0,outperform
7020,2008-03-06 14:27:41,1204831661.0,noc,307.02,-55.38,1304.339966,-47.61,-7.770000000000003,0.225,15.69,0.85,1.53,5.59,9.39,5.75,10.30,93.702,27150000000.0,30240000000.0,N/A,0.96,0.94,8.093,0.94,6210000000.0,8.093,1800000000.0,5.12,0.20,10.10,963000000.0,2.85,4059999999.9999995,1.053,52.354,2890000000.0,0.38,0.19,88.30,1420000.0,0.5,0.40,2060000.0,underperform
7021,2008-12-20 10:53:58,1229788438.0,noc,163.6,37.42,904.419983,21.19,16.23,0.225,8.48,0.40,0.76,5.12,8.28,5.32,9.82,99.861,13880000000.0,16739999999.999998,N/A,0.61,0.50,4.703,0.50,6210000000.0,4.703,1700000000.0,5.00,4.70,6.50,1080000000.0,3.291,3940000000.0,1.029,53.698002,2910000000.0,1.05,0.24,86.60,1780000.0,0.5,0.50,1560000.0,outperform
7022,2003-12-07 17:26:23,1070835983.0,noc,170.33,23.82,1069.719971,11.27,12.55,0.424,18.83,0.72,1.17,3.47,6.52,2.52,6.17,140.823,17040000000.0,23100000000.0,19.18,2.16,0.96,11.52,0.96,3100000000.0,11.52,812000000.0,4.941,85.00,26.90,359000000.0,1.96,6410000000.0,0.982,80.65,N/A,0.352,10.56,82.78,4330000.0,4.101,2.64,4080000.0,outperform
7023,2011-04-27 04:28:37,1303892917.0,noc,56.34,4.46,1355.660034,3.27,1.19,35.62,9.16,0.52,1.32,5.91,8.83,6.22,15.53,117.07,18970000000.0,18970000000.0,8.80,0.97,0.55,4.98,0.55,6150000000.0,4.98,2040000000.0,6.82,9.00,3.60,3770000000.0,12.94,4830000000.0,1.18,46.60,18970000000.0,1.18,0.27,90.10,8359999.999999999,3.70,3.20,8369999.999999999,outperform
7024,2007-04-07 19:08:39,1175987319.0,noc,285.96,6.69,1439.369995,-4.87,11.56,0.245,17.19,0.88,1.57,5.12,8.51,4.84,9.18,87.209,26290000000.0,29430000000.0,N/A,1.39,0.98,8.997,0.98,5490000000.0,8.997,1570000000.0,4.37,36.90,4.60,1010000000.0,2.898,4160000000.0,0.995,48.030998,1760000000.0,0.58,0.15,84.90,3070000.0,1.8,0.90,3480000.0,outperform
7025,2004-04-27 12:33:55,1083083635.0,noc,179.94,9.01,1138.109985,1.61,7.3999999999999995,0.364,22.94,0.68,1.14,3.08,5.87,2.28,5.37,142.285,17940000000.0,23480000000.0,14.73,1.70,0.90,11.78,0.90,3880000000.0,11.78,796000000.0,4.322,1253.10,52.30,342000000.0,1.89,5880000000.0,0.903,87.156998,798000000.0,0.214,10.54,82.99,3020000.0,3.949,1.87,3260000.0,outperform
7026,2010-12-26 01:24:04,1293344644.0,noc,270.67,,1256.77002,0.68,,31.90,9.49,0.54,1.44,5.96,8.31,5.97,15.90,116.28,20560000000.0,20560000000.0,9.40,0.91,0.59,5.64,0.59,5620000000.0,5.64,2040000000.0,6.84,1.40,4.40,2590000000.0,8.87,4210000000.0,1.16,45.15,20560000000.0,1.16,0.21,86.80,9030000.0,6.20,3.30,8620000.0,underperform
7027,2012-01-08 16:21:40,1326057700.0,noc,53.5,22.21,1281.060059,14.12,8.090000000000002,33.26,8.62,0.45,1.29,5.82,10.16,7.68,15.72,117.16,16160000000.0,16160000000.0,8.48,1.05,0.48,3.92,0.48,6150000000.0,3.92,1980000000.0,6.72,4.60,6.50,2950000000.0,11.28,3980000000.0,1.34,45.01,2180000000.0,1.09,0.21,96.60,12680000.0,5.90,4.90,12990000.0,outperform
7028,2006-05-24 22:59:56,1148525996.0,noc,244.9,16.7,1258.569946,19.78,-3.080000000000002,0.278,17.50,0.74,1.36,4.43,7.15,4.08,7.90,86.475,22590000000.0,27530000000.0,N/A,1.46,0.90,9.333,0.90,5130000000.0,9.333,1340000000.0,3.76,12.50,3.60,373000000.0,1.085,4710000000.0,0.933,48.405998,2250000000.0,0.69,3.35,88.60,4550000.0,3.3,1.30,4780000.0,underperform
7029,2007-02-14 04:34:05,1171445645.0,noc,280.99,9.0,1455.300049,-7.31,16.31,0.245,17.08,0.85,1.55,5.12,8.20,N/A,8.99,85.599,25800000000.0,N/A,N/A,1.38,N/A,N/A,N/A,5130000000.0,N/A,1540000000.0,4.37,36.90,2.00,1010000000.0,2.934,4160000000.0,N/A,48.034,N/A,0.67,0.16,80.50,3710000.0,3.2,1.10,4170000.0,outperform
7030,2007-01-15 03:11:41,1168848701.0,noc,,,1430.72998,-3.48,,0.263,17.33,0.79,1.38,4.66,8.11,4.54,8.21,87.753,24030000000.0,27220000000.0,N/A,1.50,0.89,8.496,0.89,5130000000.0,8.496,1440000000.0,4.014,3.10,1.90,1460000000.0,4.236,4650000000.0,1.028,50.212002,2150000000.0,0.65,0.22,87.00,4170000.0,2.9,1.20,4300000.0,underperform
7031,2011-11-25 04:42:54,1322214174.0,noc,49.15,25.78,1158.670044,20.05,5.73,33.26,7.89,0.42,1.20,5.82,10.16,7.68,15.72,117.16,14870000000.0,14870000000.0,7.72,0.96,0.45,3.60,0.45,6150000000.0,3.60,1980000000.0,6.72,4.60,6.50,2950000000.0,11.28,3980000000.0,1.34,45.01,14870000000.0,1.12,0.27,90.10,14080000.0,5.60,5.50,14860000.0,outperform
7032,2007-04-16 03:27:19,1176708439.0,csco,24.14,-13.17,1468.329956,-9.12,-4.050000000000001,0.253,28.08,4.91,5.91,19.68,24.99,13.84,25.24,4.928,161150000000.0,157520000000.0,N/A,1.30,5.23,15.962,5.23,18750000000.0,15.962,5930000000.0,0.95,27.50,24.90,19520000000.0,3.214,6460000000.0,2.416,4.395,8770000000.0,1.88,1.10,67.80,64319999.99999999,1.6,1.10,63170000.0,underperform
7033,2007-05-18 12:34:42,1179506082.0,csco,23.77,-1.77,1522.75,-7.49,5.720000000000001,0.227,23.59,4.74,5.57,20.75,24.98,12.62,26.15,5.525,158730000000.0,142870000000.0,N/A,1.22,4.27,13.279,4.27,18750000000.0,13.279,6950000000.0,1.11,33.90,21.10,22340000000.0,3.698,6480000000.0,2.551,4.715,9680000000.0,1.77,1.11,68.30,51300000.0,1.3,0.90,54800000.0,outperform
7034,2007-03-07 16:44:27,1173303867.0,csco,23.46,-7.46,1391.969971,-6.3,-1.1600000000000001,0.253,27.22,4.91,5.91,19.68,24.99,13.84,25.24,4.928,156200000000.0,157520000000.0,N/A,1.30,5.23,15.962,5.23,18750000000.0,15.962,5930000000.0,0.95,27.50,24.90,19520000000.0,3.214,6460000000.0,2.416,4.395,8770000000.0,1.88,1.10,67.80,64319999.99999999,1.6,1.10,63170000.0,underperform
7035,2013-04-26 01:19:47,1366953587.0,csco,19.62,17.18,1582.23999,18.53,-1.3500000000000014,29.34,11.87,2.30,1.96,19.72,22.68,7.22,17.78,8.86,79010000000.0,79010000000.0,9.83,1.29,1.67,5.92,1.67,28210000000.0,5.92,9320000000.0,1.74,44.00,5.00,46380000000.0,8.70,16290000000.0,3.38,10.43,11870000000.0,1.41,0.10,72.90,53870000.0,1.60,1.00,61810000.0,underperform
7036,2006-11-28 13:11:56,1164737516.0,csco,24.51,3.79,1386.719971,5.93,-2.1399999999999997,0.253,27.16,5.20,6.13,19.68,24.99,13.84,25.24,4.928,156680000000.0,143610000000.0,N/A,1.27,4.77,14.553,4.77,18750000000.0,14.553,5930000000.0,0.95,27.50,24.90,19520000000.0,3.214,6460000000.0,2.416,4.211,8770000000.0,1.81,1.10,67.60,58660000.0,1.3,1.00,62310000.0,underperform
7037,2007-02-27 21:15:46,1172628946.0,csco,23.32,-2.96,1399.040039,-1.36,-1.5999999999999999,0.241,24.82,5.15,6.20,20.27,24.83,13.88,26.13,5.242,155290000000.0,150270000000.0,N/A,1.28,4.71,14.528,4.71,18750000000.0,14.528,6470000000.0,1.04,39.70,27.30,20680000000.0,3.424,6420000000.0,2.482,4.395,9560000000.0,1.88,1.10,68.30,64319999.99999999,1.6,1.10,63170000.0,underperform
7038,2007-05-17 04:12:24,1179389544.0,csco,23.83,0.88,1512.75,-5.78,6.66,0.227,23.77,4.72,5.54,20.75,24.98,12.62,26.15,5.525,159940000000.0,141970000000.0,N/A,1.22,4.24,13.195,4.24,18750000000.0,13.195,6950000000.0,1.11,33.90,21.10,22340000000.0,3.698,6480000000.0,2.551,4.715,9680000000.0,1.77,1.11,68.30,51300000.0,1.3,0.90,54800000.0,outperform
7039,2004-10-13 06:22:29,1097662949.0,csco,17.1,-8.25,1113.650024,5.67,-13.92,1.648,27.14,5.73,4.95,22.54,28.54,13.88,18.76,3.147,127420000000.0,117560000000.0,18.97,1.35,5.33,17.99,5.33,15130000000.0,17.99,4970000000.0,0.706,23.00,16.80,8670000000.0,1.3,1.648,1.648,3.835,7120000000.0,2.204,1.27,61.38,60120000.0,1.26,0.92,51830000.0,underperform
7040,2006-12-06 03:49:16,1165394956.0,csco,24.57,2.56,1412.900024,6.68,-4.119999999999999,0.253,28.46,5.49,6.47,19.68,24.99,13.84,25.24,4.928,164210000000.0,152420000000.0,N/A,1.29,5.06,15.446,5.06,18750000000.0,15.446,5930000000.0,0.95,27.50,24.90,19520000000.0,3.214,6460000000.0,2.416,4.211,8770000000.0,1.87,1.10,66.80,58820000.0,1.1,1.00,58660000.0,underperform
7041,2009-01-03 19:40:22,1231029622.0,csco,14.78,46.89,903.25,23.45,23.44,0.196,12.80,2.37,2.73,19.96,23.71,10.43,23.36,6.794,99300000000.0,79410000000.0,N/A,1.10,1.97,7.064,1.97,25480000000.0,7.064,8050000000.000001,1.33,0.20,8.10,26760000000.0,4.571,6870000000.0,2.632,5.975,11720000000.0,1.37,0.10,73.60,49230000.0,0.8,0.80,47990000.0,outperform
7042,2012-08-30 09:16:56,1346332616.0,csco,17.54,27.02,1399.47998,16.68,10.34,31.83,12.89,2.22,2.00,17.46,22.88,7.37,16.32,8.58,69990000000.0,69990000000.0,9.19,1.22,1.52,5.32,1.52,26540000000.0,5.32,8039999999.999999,1.49,55.60,4.40,48720000000.0,9.14,16329999999.999998,3.49,9.62,11490000000.0,1.38,0.08,72.30,57210000.0,1.30,N/A,52390000.0,outperform
7043,2004-02-15 20:45:53,1076895953.0,csco,21.81,-25.26,1152.109985,4.69,-29.950000000000003,1.852,39.38,8.38,5.98,21.93,27.18,11.86,15.61,2.782,166090000000.0,156710000000.0,0.00,2.05,7.91,27.44,7.91,13230000000.0,27.44,4350000000.0,0.611,89.00,0.20,9380000000.0,1.36,1.852,1.852,4.02,5150000000.0,2.208,1.29,61.28,82660000.0,2.008,1.21,86880000.0,underperform
7044,2007-06-18 10:06:05,1182175565.0,csco,24.68,-4.58,1531.050049,-11.76,7.18,0.227,24.59,4.97,5.81,20.75,25.05,12.65,26.15,5.525,166290000000.0,150430000000.0,N/A,1.28,4.49,13.954,4.49,18750000000.0,13.954,6950000000.0,1.11,33.90,21.10,22340000000.0,3.679,6480000000.0,2.551,4.711,9680000000.0,1.69,1.11,68.90,46760000.0,0.9,0.80,51300000.0,outperform
7045,2011-09-02 04:38:47,1314952727.0,csco,14.08,26.49,1173.969971,20.15,6.34,35.60,13.52,1.99,1.82,15.02,20.04,6.44,14.18,7.82,58080000000.0,58080000000.0,8.37,0.93,1.34,5.21,1.34,25640000000.0,5.21,6490000000.0,1.17,36.30,3.30,44580000000.0,8.14,16820000000.0,3.27,8.63,58080000000.0,1.15,0.07,68.60,73500000.0,0.80,N/A,73160000.0,outperform
7046,2007-03-29 10:36:02,1175178962.0,csco,23.06,-5.29,1422.530029,-7.54,2.25,0.241,24.81,4.86,5.85,20.27,24.83,13.88,26.13,5.242,155230000000.0,140960000000.0,N/A,1.21,4.42,13.629,4.42,18750000000.0,13.629,6470000000.0,1.04,39.70,27.30,20680000000.0,3.424,6420000000.0,2.482,4.395,9560000000.0,1.88,1.11,68.70,42510000.0,0.7,0.70,64319999.99999999,outperform
7047,2006-06-17 11:07:47,1150556867.0,csco,17.78,36.84,1230.040039,23.81,13.030000000000005,0.258,22.73,4.56,5.06,20.59,26.30,12.91,23.06,4.348,121970000000.0,110130000000.0,N/A,1.18,4.07,12.145,4.07,15130000000.0,12.145,5580000000.0,0.88,0.40,18.30,18180000000.0,2.979,6350000000.0,2.444,3.993,8020000000.0,1.56,2.39,65.90,39310000.0,0.9,0.70,42380000.0,outperform
7048,2007-05-16 15:39:09,1179344349.0,csco,24.02,0.04,1514.140015,-5.98,6.0200000000000005,0.227,23.53,4.72,5.54,20.75,24.98,12.62,26.15,5.525,158340000000.0,141970000000.0,N/A,1.23,4.24,13.195,4.24,18750000000.0,13.195,6950000000.0,1.114,33.90,21.10,22340000000.0,3.698,6480000000.0,2.551,4.715,9680000000.0,1.77,1.11,68.30,51300000.0,1.3,0.90,54800000.0,outperform
7049,2012-11-04 08:30:13,1352035813.0,csco,16.37,32.8,1427.589966,23.84,8.959999999999997,31.83,11.64,2.01,1.81,17.46,22.44,7.23,16.32,8.58,59390000000.0,59390000000.0,8.30,1.14,1.29,4.59,1.29,28210000000.0,4.59,8039999999.999999,1.49,55.60,4.40,48720000000.0,9.21,16329999999.999998,3.49,9.68,11490000000.0,1.43,0.08,69.20,55450000.0,1.60,1.00,54120000.0,outperform
7050,2007-02-08 05:10:20,1170929420.0,csco,25.52,-16.34,1448.310059,-8.08,-8.26,0.253,29.57,5.50,6.48,19.68,24.99,13.84,25.24,4.928,170580000000.0,152600000000.0,N/A,1.29,5.07,15.464,5.07,18750000000.0,15.464,5930000000.0,0.95,27.50,24.90,19520000000.0,3.214,6460000000.0,2.416,4.211,8770000000.0,1.88,1.10,67.80,64319999.99999999,1.6,1.10,63170000.0,underperform
7051,2005-01-25 04:50:09,1106646609.0,csco,15.88,6.05,1168.410034,8.24,-2.1900000000000004,1.446,23.42,5.18,4.83,23.03,29.20,14.86,20.08,3.286,116880000000.0,111790000000.0,17.57,1.29,4.88,16.13,4.88,15130000000.0,16.13,5280000000.0,0.758,23.00,16.80,6800000000.0,1.03,1.446,1.446,3.731,7660000000.0,2.133,1.11,60.54,41550000.0,0.777,0.64,43560000.0,underperform
7052,2008-01-23 06:50:44,1201089044.0,csco,21.79,-36.03,1338.599976,-38.18,2.1499999999999986,0.194,18.60,4.06,4.36,21.85,25.01,11.28,26.70,5.987,142090000000.0,124360000000.0,N/A,1.08,3.43,11.849,3.43,22340000000.0,11.849,7930000000.0,1.26,37.10,16.70,24680000000.0,4.068,6580000000.0,2.738,5.569,10920000000.0,1.6,0.08,70.40,36720000.0,0.6,0.60,39240000.0,outperform
7053,2007-05-30 02:17:16,1180505836.0,csco,23.93,-0.67,1530.22998,-8.62,7.949999999999999,0.227,23.25,4.60,5.41,20.75,24.98,12.62,26.15,5.525,156440000000.0,138280000000.0,N/A,1.19,4.13,12.853,4.13,18750000000.0,12.853,6950000000.0,1.11,33.90,21.10,22340000000.0,3.698,6480000000.0,2.551,4.715,9680000000.0,1.77,1.11,67.90,51300000.0,1.3,0.90,54800000.0,outperform
7054,2005-04-03 20:44:13,1112575453.0,csco,16.22,20.72,1180.589966,9.93,10.79,1.319,22.49,4.90,4.88,22.85,29.50,15.35,21.08,3.438,114410000000.0,108650000000.0,17.35,1.24,4.61,15.1,4.61,15130000000.0,15.1,5390000000.0,0.79,23.00,16.80,5760000000.0,0.89,1.319,1.319,3.665,7740000000.0,2.212,1.10,60.22,54180000.0,0.923,0.85,52790000.0,outperform
7055,2007-10-26 06:37:18,1193395038.0,csco,28.93,-45.42,1535.280029,-41.59,-3.8299999999999983,0.204,26.65,5.45,6.06,21.00,24.92,11.25,26.48,5.767,189910000000.0,174060000000.0,N/A,1.42,4.98,17.326,4.98,22340000000.0,17.326,7330000000.0,1.17,25.00,18.10,22270000000.0,3.656,6410000000.0,2.364,5.161,10100000000.0,1.12,1.09,68.40,46030000.0,1.2,0.80,48320000.0,underperform
7056,2003-10-08 23:11:02,1065669062.0,csco,18.85,-7.96,1033.780029,9.37,-17.33,N/A,42.00,7.73,5.24,18.95,25.86,9.63,12.66,2.614,144450000000.0,137419999999.99998,28.38,1.91,7.28,26.05,7.28,13230000000.0,26.05,3580000000.0,N/A,89.00,0.20,8480000000.0,1.22,N/A,1.617,4.01,N/A,2.238,1.30,60.67,111140000.0,2.129,1.62,88860000.0,underperform
7057,2009-08-06 00:12:13,1249531933.0,csco,20.23,7.91,997.080017,12.49,-4.58,N/A,18.55,3.41,3.45,18.62,22.30,8.68,20.08,6.477,106200000000.0,106200000000.0,N/A,1.79,2.80,10.549,2.80,25480000000.0,10.549,7070000000.0,1.20,24.00,16.60,33549999999.999996,5.817,10320000000.0,3.214,6.504,11440000000.0,1.25,0.09,74.10,56690000.0,1.3,1.00,59060000.0,underperform
7058,2007-03-15 10:24:54,1173968694.0,csco,23.41,-5.77,1392.280029,-7.48,1.7100000000000009,0.241,24.95,4.89,5.88,20.27,24.83,13.88,26.13,5.242,156130000000.0,141870000000.0,N/A,1.22,4.44,13.717,4.44,18750000000.0,13.717,6470000000.0,1.04,39.70,27.30,20680000000.0,3.424,6420000000.0,2.482,4.395,9560000000.0,1.88,1.11,68.80,42510000.0,0.7,0.70,64319999.99999999,outperform
7059,2013-04-23 04:34:14,1366706054.0,csco,19.85,15.82,1578.780029,18.79,-2.969999999999999,29.34,11.84,2.31,1.96,19.72,22.68,7.22,17.78,8.86,79010000000.0,79010000000.0,9.80,1.25,1.67,5.92,1.67,28210000000.0,5.92,9320000000.0,1.74,44.00,5.00,46380000000.0,8.70,16290000000.0,3.38,10.43,11870000000.0,1.41,0.10,72.90,53870000.0,1.60,1.00,61810000.0,underperform
7060,2004-04-12 02:46:05,1081752365.0,csco,21.88,-24.41,1145.199951,3.72,-28.13,1.852,39.53,8.37,6.01,21.93,27.18,11.86,15.61,2.782,165980000000.0,156600000000.0,29.10,2.07,7.90,27.42,7.90,13230000000.0,27.42,4350000000.0,0.611,89.00,0.20,9380000000.0,1.36,1.852,1.852,4.016,5450000000.0,2.17,2.00,61.19,55640000.0,0.912,0.83,53360000.0,underperform
7061,2013-01-22 04:16:14,1358846174.0,csco,19.65,12.77,1492.560059,23.6,-10.830000000000002,30.98,13.56,2.38,2.11,17.90,22.79,7.41,16.73,8.73,82930000000.0,82930000000.0,9.96,1.28,1.78,6.27,1.78,28210000000.0,6.27,8359999999.999999,1.55,17.70,5.50,45000000000.0,8.48,16329999999.999998,3.38,9.92,11620000000.0,1.45,0.08,69.20,53670000.0,1.40,1.00,62930000.0,underperform
7062,2007-02-19 10:19:09,1171898349.0,csco,,,1455.540039,-7.33,,0.241,26.56,5.24,6.29,20.27,24.83,13.88,26.13,5.242,167120000000.0,152860000000.0,N/A,1.27,4.79,14.779,4.79,18750000000.0,14.779,6470000000.0,1.04,39.70,27.30,20680000000.0,3.406,6420000000.0,2.482,4.385,9560000000.0,1.88,1.10,62.40,64319999.99999999,1.6,1.10,63170000.0,underperform
7063,2004-08-11 09:47:49,1092232069.0,csco,16.59,-1.27,1075.790039,15.06,-16.330000000000002,1.648,28.98,6.51,5.24,22.54,28.54,13.88,18.76,3.147,138340000000.0,129669999999.99998,23.79,1.65,5.88,19.85,5.88,13230000000.0,19.85,4970000000.0,0.706,89.00,0.20,8670000000.0,1.28,1.648,1.648,3.826,6590000000.0,2.195,1.28,60.52,46150000.0,0.939,0.69,53380000.0,underperform
7064,2005-02-20 13:59:26,1108925966.0,csco,15.83,,1200.75,7.2,,1.319,21.98,4.87,4.79,22.85,29.50,15.35,21.08,3.438,113920000000.0,108150000000.0,17.13,1.21,4.59,15.04,4.59,15130000000.0,15.04,5390000000.0,0.79,23.00,16.80,5760000000.0,0.88,1.319,1.319,3.642,7660000000.0,2.186,1.11,58.91,46360000.0,0.79,0.71,41550000.0,underperform
7065,2004-06-22 05:17:10,1087895830.0,csco,21.06,-14.72,1134.410034,7.01,-21.73,1.701,35.51,7.61,6.12,21.95,27.35,12.62,16.71,2.931,154640000000.0,149490000000.0,26.59,1.93,7.18,24.97,7.18,13230000000.0,24.97,4570000000.0,0.644,89.00,0.20,8860000000.0,1.31,1.701,1.701,3.826,6590000000.0,2.198,1.28,60.82,46110000.0,0.732,0.69,52750000.0,underperform
7066,2008-10-28 01:00:24,1225170024.0,csco,16.61,25.71,940.51001,10.86,14.850000000000001,0.201,12.31,2.43,2.80,20.36,23.89,10.53,24.46,6.605,94900000000.0,76850000000.0,N/A,0.68,1.94,6.869,1.94,25480000000.0,6.869,8050000000.000001,1.31,4.40,9.90,26240000000.0,4.448,6890000000.0,2.576,5.825,12090000000.0,1.39,0.10,73.30,60700000.0,1.00,1.00,67690000.0,outperform
7067,2008-12-19 19:54:14,1229734454.0,csco,15.09,40.95,887.8800050000001,24.92,16.03,0.196,12.65,2.42,2.79,19.96,23.71,10.43,23.36,6.794,98130000000.0,77650000000.0,N/A,1.05,1.93,6.887,1.93,25480000000.0,6.887,8050000000.000001,1.33,0.20,8.10,26760000000.0,4.571,6870000000.0,2.632,5.975,11720000000.0,1.37,0.10,73.60,47990000.0,0.6,0.80,47370000.0,outperform
7068,2012-11-11 15:45:58,1352666758.0,csco,15.73,43.55,1377.51001,28.63,14.919999999999998,31.83,11.29,1.93,1.74,17.46,22.44,7.23,16.32,8.58,56590000000.0,56590000000.0,8.09,1.14,1.23,4.37,1.23,28210000000.0,4.37,8039999999.999999,1.49,55.60,4.40,48720000000.0,9.21,16329999999.999998,3.49,9.68,11490000000.0,1.43,0.08,69.20,64620000.00000001,1.80,1.20,55450000.0,outperform
7069,2007-02-18 03:10:30,1171786230.0,csco,24.99,,1456.810059,-7.33,,0.241,26.56,5.24,6.29,20.27,24.83,13.88,26.13,5.242,167120000000.0,152860000000.0,N/A,1.27,4.79,14.779,4.79,18750000000.0,14.779,6470000000.0,1.04,39.70,27.30,20680000000.0,3.406,6420000000.0,2.482,4.385,9560000000.0,1.88,1.10,62.40,64319999.99999999,1.6,1.10,63170000.0,underperform
7070,2008-12-18 05:29:07,1229596147.0,csco,15.11,40.04,885.2800289999999,24.53,15.509999999999998,0.196,12.71,2.53,2.92,19.96,23.71,10.43,23.36,6.794,98600000000.0,82100000000.0,N/A,1.09,2.04,7.282,2.04,25480000000.0,7.282,8050000000.000001,1.33,0.20,8.10,26760000000.0,4.571,6870000000.0,2.632,5.975,11720000000.0,1.37,0.10,73.60,47990000.0,0.6,0.80,47370000.0,outperform
7071,2007-10-11 07:52:39,1192103559.0,csco,29.75,-47.46,1554.410034,-42.15,-5.310000000000002,0.204,28.44,5.80,6.45,21.00,24.92,11.25,26.48,5.767,202640000000.0,186790000000.0,N/A,1.47,5.35,18.593,5.35,22340000000.0,18.593,7330000000.0,1.17,25.00,18.10,22270000000.0,3.656,6410000000.0,2.364,5.161,10100000000.0,1.12,1.09,69.00,48320000.0,0.9,0.80,57450000.0,underperform
7072,2003-10-02 17:30:22,1065130222.0,cvs,15.89,34.68,1020.23999,10.91,23.77,0.199,17.18,0.51,2.37,3.04,5.12,8.10,15.02,61.559,12650000000.0,13400000000.0,15.00,1.34,0.54,8.35,0.54,6070000000.0,8.35,745900000.0,N/A,73.40,8.70,566800000.0,1.44,1110000000.0,1.885,13.49,N/A,0.606,0.86,86.90,5140000.0,2.685,1.31,6230000.0,outperform
7073,2008-12-27 19:19:18,1230423558.0,cvs,26.75,18.88,868.150024,29.76,-10.880000000000003,0.288,12.81,0.46,1.16,3.61,6.61,6.36,9.64,59.445,38390000000.0,47040000000.0,N/A,0.78,0.55,6.881,0.55,16110000000.0,6.881,3190000000.0,2.09,6.70,1.80,1280000000.0,0.893,9730000000.0,1.515,23.357,3540000000.0,0.78,0.21,86.20,24350000.0,1.8,1.70,21990000.0,underperform
7074,2009-11-08 15:27:53,1257712073.0,cvs,28.56,8.19,1066.630005,14.68,-6.49,N/A,13.22,0.45,1.16,3.55,6.64,6.70,9.85,64.556,53010000000.0,53010000000.0,N/A,0.94,0.57,6.979,0.57,18290000000.0,6.979,3400000000.0,2.25,14.40,17.60,1230000000.0,0.849,11040000000.0,1.314,24.799,3880000000.0,0.75,0.14,86.50,18780000.0,1.3,1.30,16280000.000000002,underperform
7075,2012-03-25 03:23:51,1332660231.0,cvs,44.28,23.55,1392.780029,11.41,12.14,26.30,17.58,0.54,1.53,3.23,5.91,6.24,9.20,80.05,67590000000.0,67590000000.0,12.23,1.16,0.63,8.56,0.63,20560000000.0,8.56,3490000000.0,2.57,3.70,15.20,1420000000.0,1.09,10010000000.0,1.56,29.32,5860000000.0,0.90,0.27,88.60,10570000.0,1.30,0.80,10160000.0,outperform
7076,2012-01-03 15:23:04,1325622184.0,cvs,41.08,19.64,1277.060059,14.51,5.130000000000001,28.70,16.51,0.51,1.42,3.29,5.93,6.07,9.24,76.84,62340000000.0,62340000000.0,12.77,1.39,0.60,8.09,0.60,20260000000.0,8.09,3430000000.0,2.51,7.30,12.50,1710000000.0,1.32,10770000000.0,1.53,28.66,6810000000.0,0.82,0.26,85.10,21610000.0,2.50,1.60,25860000.0,outperform
7077,2004-12-17 02:10:00,1103267400.0,cvs,21.85,31.58,1194.199951,6.58,25.0,0.437,20.10,0.62,2.76,3.18,5.31,8.29,15.16,70.41,17960000000.0,20730000000.0,17.00,1.62,0.71,10.67,0.71,6860000000.0,10.67,912600000.0,2.233,18.20,10.00,354400000.0,0.89,2930000000.0,1.587,16.205,930800000.0,0.521,0.87,84.44,8560000.0,4.343,2.16,7990000.0,outperform
7078,2012-10-14 13:49:01,1350236941.0,cvs,47.1,25.39,1432.839966,19.35,6.039999999999999,24.83,16.83,0.52,1.60,3.15,5.71,6.34,9.73,89.41,67680000000.00001,67680000000.00001,12.42,1.09,0.58,8.15,0.58,20560000000.0,8.15,3710000000.0,2.80,18.40,16.30,1830000000.0,1.44,9410000000.0,1.47,29.83,6800000000.0,0.85,0.22,87.30,23690000.0,4.40,1.80,13250000.0,outperform
7079,2012-04-18 21:41:33,1334799693.0,cvs,43.14,30.44,1385.140015,11.3,19.14,26.30,16.98,0.53,1.50,3.23,5.91,6.24,9.20,80.05,66019999999.99999,66019999999.99999,11.82,1.18,0.62,8.36,0.62,20560000000.0,8.36,3490000000.0,2.57,3.70,15.20,1420000000.0,1.09,10010000000.0,1.56,29.32,5860000000.0,0.90,0.27,88.60,10940000.0,1.70,0.80,11830000.0,outperform
7080,2011-11-03 19:47:44,1320364064.0,cvs,36.92,24.78,1261.150024,12.14,12.64,28.96,15.16,0.48,1.26,3.33,5.99,5.96,9.10,74.35,57200000000.0,57200000000.0,11.73,1.23,0.56,7.56,0.56,20260000000.0,7.56,3380000000.0,2.46,0.60,10.90,2230000000.0,1.66,11080000000.0,1.62,28.41,57200000000.0,0.83,0.26,85.10,27330000.0,2.20,2.00,34540000.0,outperform
7081,2013-05-08 10:17:28,1368022648.0,cvs,57.67,30.64,1632.689941,14.88,15.76,25.29,18.23,0.58,1.88,3.30,6.11,7.12,10.65,98.15,80110000000.0,80110000000.0,13.21,1.09,0.65,8.56,0.65,22510000000.0,8.56,4059999999.9999995,3.21,23.20,0.10,1560000000.0,1.27,9660000000.0,1.50,31.12,5520000000.0,1.02,0.23,86.00,11520000.0,1.70,0.90,10590000.0,outperform
7082,2004-10-28 07:10:02,1098961802.0,cvs,21.71,14.46,1127.439941,6.29,8.170000000000002,0.119,19.69,0.63,2.74,3.37,5.61,9.09,15.82,67.04,17690000000.0,18070000000.0,16.97,1.58,0.66,9.46,0.66,6860000000.0,9.46,915700000.0,2.249,18.20,10.00,622900000.0,1.56,775800000.0,2.087,15.788,1180000000.0,0.516,0.88,85.30,7990000.0,4.765,2.02,8320000.0,outperform
7083,2007-04-08 21:36:33,1176082593.0,cvs,34.36,18.04,1443.76001,-4.93,22.97,0.51,21.71,0.65,2.94,3.12,5.57,8.76,15.00,53.392,28750000000.0,33490000000.000004,N/A,1.16,0.76,10.321,0.76,11940000000.0,10.321,1360000000.0,1.60,2.70,24.00,530700000.00000006,0.641,5060000000.0,1.484,11.752,1740000000.0,1.04,0.13,82.80,72870000.0,4.7,8.80,50870000.0,outperform
7084,2006-10-23 12:56:51,1161622611.0,cvs,30.97,28.16,1377.02002,10.35,17.810000000000002,0.693,19.65,0.64,2.84,3.38,5.60,7.95,15.83,48.095,25210000000.0,31760000000.0,N/A,1.44,0.81,11.061,0.81,9900000000.0,11.061,1310000000.0,1.56,22.50,15.80,532299999.99999994,0.648,6290000000.0,1.106,10.818,1730000000.0,1.02,0.55,81.80,13570000.0,3.4,1.70,16480000.0,outperform
7085,2011-09-03 07:59:12,1315051152.0,cvs,35.53,25.87,1218.890015,14.82,11.05,28.96,14.40,0.48,1.26,3.33,5.99,5.96,9.10,74.35,56740000000.0,56740000000.0,11.14,1.23,0.56,7.50,0.56,20260000000.0,7.50,3380000000.0,2.46,0.60,10.90,2230000000.0,1.66,11080000000.0,1.62,28.41,56740000000.0,0.77,0.26,85.10,21360000.0,1.80,1.60,15610000.0,outperform
7086,2004-09-19 12:31:46,1095611506.0,cvs,20.18,44.8,1123.5,9.57,35.23,0.119,18.26,0.59,2.58,3.37,5.61,9.09,15.82,67.04,16399999999.999998,16790000000.0,15.74,1.50,0.61,8.79,0.61,6860000000.0,8.79,915700000.0,2.249,18.20,10.00,622900000.0,1.56,775800000.0,2.087,15.788,1180000000.0,0.514,0.88,85.07,8890000.0,5.18,2.24,9960000.0,outperform
7087,2007-12-17 17:53:56,1197932036.0,cvs,38.72,-29.11,1445.900024,-36.84,7.730000000000004,0.279,21.37,0.87,1.78,3.37,6.21,6.79,10.61,56.592,58040000000.0,66510000000.00001,N/A,1.23,1.00,12.923,1.00,11940000000.0,12.923,2230000000.0,1.84,142.60,82.80,754600000.0,0.511,9160000000.0,1.512,22.061001,2620000000.0,1.37,0.21,84.50,67660000.0,6.2,4.60,37870000.0,outperform
7088,2004-07-02 21:30:11,1088818211.0,cvs,20.61,41.19,1125.380005,6.62,34.57,0.124,19.15,0.61,2.74,3.31,5.53,8.90,15.86,66.167,16550000000.0,16930000000.0,15.96,1.53,0.62,9.15,0.62,6860000000.0,9.15,881000000.0,2.175,18.20,10.00,651500000.0,1.64,776000000.0,2.031,15.227,1110000000.0,0.555,0.86,83.94,10460000.0,5.686,2.66,11650000.0,outperform
7089,2012-07-22 06:29:22,1342952962.0,cvs,44.95,36.08,1376.51001,23.18,12.899999999999999,24.19,17.09,0.52,1.54,3.14,5.73,6.24,9.35,84.86,64970000000.0,64970000000.0,12.09,1.15,0.58,8.07,0.58,20560000000.0,8.07,3560000000.0,2.64,8.80,19.90,2220000000.0,1.73,9210000000.0,1.48,29.50,6780000000.0,0.84,0.22,87.60,13980000.0,1.90,1.10,14360000.0,outperform
7090,2007-01-28 11:13:25,1170000805.0,cvs,32.4,8.36,1423.900024,-4.91,13.27,0.688,20.70,0.65,2.92,3.27,5.53,8.07,15.62,50.704,27150000000.0,N/A,N/A,1.51,N/A,N/A,N/A,9900000000.0,N/A,1340000000.0,1.59,12.50,24.90,394600000.0,0.479,6490000000.0,1.306,11.198,1750000000.0,0.94,0.55,83.80,30390000.0,2.6,3.70,37440000.0,outperform
7091,2011-10-20 08:36:49,1319114209.0,gd,62.5,6.37,1215.390015,17.92,-11.55,22.84,8.91,0.70,1.62,8.21,12.14,7.63,19.89,86.31,23620000000.0,23620000000.0,8.24,1.16,0.73,5.26,0.73,5910000000.0,5.26,2660000000.0,7.01,0.80,2.80,2160000000.0,5.96,3180000000.0,1.28,38.49,23620000000.0,1.26,0.61,79.00,4350000.0,1.70,1.40,5240000.0,underperform
7092,2012-03-16 04:39:13,1331887153.0,gd,72.15,-3.83,1404.170044,10.71,-14.540000000000001,29.70,10.68,0.80,1.97,7.73,12.05,7.30,19.23,89.74,27360000000.0,27360000000.0,9.52,1.26,0.84,6.04,0.84,5860000000.0,6.04,2550000000.0,6.87,17.30,6.30,2650000000.0,7.42,3930000000.0,1.38,37.12,3210000000.0,1.26,0.88,78.80,2840000.0,1.80,0.90,2680000.0,underperform
7093,2004-06-10 18:52:32,1086907952.0,gd,48.89,12.6,1136.469971,5.42,7.18,0.621,18.84,1.09,3.15,5.82,8.86,6.84,18.50,90.096,19670000000.0,22490000000.0,15.37,1.40,1.25,11.91,1.25,2560000000.0,11.91,1040000000.0,5.243,9.50,20.20,869000000.0,4.37,3860000000.0,1.183,31.233,1850000000.0,0.493,8.97,74.22,1620000.0,2.125,0.89,1280000.0,outperform
7094,2005-05-08 10:55:53,1115564153.0,gd,52.09,28.8,1172.630005,12.96,15.84,0.446,N/A,N/A,2.86,N/A,N/A,0.00,0.00,N/A,21340000000.0,23120000000.0,14.08,1.44,N/A,N/A,N/A,3120000000.0,N/A,0.00,0.00,22.20,15.40,1510000000.0,7.54,3300000000.0,1.383,36.754002,1800000000.0,0.46,17.06,79.78,1420000.0,1.54,0.85,2530000.0,outperform
7095,2004-02-15 07:15:53,1076847353.0,gd,47.62,10.18,1152.109985,4.69,5.489999999999999,0.813,19.16,1.15,3.41,6.00,9.03,7.21,18.72,83.439,18970000000.0,22820000000.0,0.00,1.72,1.37,13.75,1.37,2480000000.0,13.75,997000000.0,5.007,2.80,13.70,697000000.0,3.52,4540000000.0,1.133,28.25,1360000000.0,0.523,8.92,75.67,2240000.0,2.891,1.24,2340000.0,outperform
7096,2005-02-19 21:08:06,1108865286.0,gd,52.63,14.65,1210.339966,6.53,8.120000000000001,0.544,N/A,N/A,3.13,N/A,N/A,0.00,0.00,N/A,21310000000.0,24310000000.0,14.13,1.49,N/A,N/A,N/A,2560000000.0,N/A,0.00,0.00,9.50,20.20,686000000.0,3.41,3690000000.0,1.227,33.858002,1900000000.0,0.542,17.13,80.73,1590000.0,1.564,0.96,1540000.0,outperform
7097,2011-12-30 09:27:21,1325255241.0,gd,65.73,3.96,1257.599976,12.9,-8.940000000000001,30.32,9.42,0.74,1.75,8.25,12.30,7.61,19.69,87.01,26420000000.0,26420000000.0,8.84,1.25,0.82,5.83,0.82,5910000000.0,5.83,2680000000.0,7.11,0.30,2.00,1540000000.0,4.32,4130000000.0,1.34,38.24,2630000000.0,1.26,0.61,79.00,4070000.0000000005,2.10,1.30,5000000.0,underperform
7098,2007-03-11 13:05:43,1173632743.0,gd,76.3,6.08,1401.890015,-9.17,15.25,0.328,16.95,1.30,3.18,7.71,10.91,N/A,19.41,59.65,31370000000.0,34380000000.0,N/A,1.52,1.43,11.199,1.43,3520000000.0,11.199,1710000000.0,4.56,0.50,11.70,963000000.0,2.373,3110000000.0,N/A,24.216999,2130000000.0,0.56,1.87,78.80,2430000.0,1.6,0.60,2660000.0,outperform
7099,2013-05-15 13:43:39,1368639819.0,gd,75.82,47.8,1658.780029,12.78,35.019999999999996,33.75,N/A,0.86,2.33,1.04,9.90,5.55,2.56,89.01,26800000000.0,26800000000.0,10.86,1.76,0.86,7.22,0.86,5100000000.0,7.22,325000000.0,0.92,1.20,2.30,3740000000.0,10.64,3910000000.0,1.39,32.92,2770000000.0,1.19,1.01,87.90,4860000.0,1.80,1.80,4320000.0,outperform
7100,2009-02-04 00:04:16,1233723856.0,gd,54.48,23.83,832.22998,27.74,-3.91,0.176,9.19,0.74,1.78,8.38,12.38,8.98,21.06,72.441,21560000000.0,21080000000.0,N/A,0.91,0.73,5.239,0.73,4760000000.0,5.239,2430000000.0,6.02,16.10,4.50,2620000000.0,6.713,2140000000.0000002,1.433,31.125,3380000000.0,1.24,0.68,80.30,3640000.0,2.1,0.90,3690000.0,underperform
7101,2007-04-08 21:52:53,1176083573.0,gd,77.31,9.47,1443.76001,-4.93,14.4,0.283,17.12,1.32,3.23,7.71,10.91,7.98,19.03,59.647,31690000000.0,32869999999.999996,N/A,1.50,1.37,10.706,1.37,4130000000.0,10.706,1710000000.0,4.56,0.50,13.00,1600000000.0,3.953,2780000000.0,1.263,24.216999,2130000000.0,0.55,0.55,78.30,1820000.0,0.50,0.50,2029999.9999999998,outperform
7102,2005-12-29 16:41:49,1135892509.0,gd,56.66,29.88,1254.420044,13.06,16.82,0.414,16.73,1.12,2.90,6.74,10.23,7.35,18.85,102.848,23150000000.0,24640000000.0,N/A,1.59,1.19,10.038,1.19,3120000000.0,10.038,1390000000.0,6.87,16.10,15.80,1750000000.0,8.713,3300000000.0,1.325,39.617001,1960000000.0,N/A,8.92,84.80,1860000.0,1.9,0.90,2510000.0,outperform
7103,2009-09-18 12:51:57,1253292717.0,gd,63.95,-5.18,1068.300049,5.31,-10.489999999999998,N/A,10.26,0.79,2.26,7.83,11.87,8.47,21.38,80.577,27110000000.0,27110000000.0,N/A,1.28,0.87,6.403,0.87,5370000000.0,6.403,2480000000.0,6.28,3.60,10.90,1610000000.0,4.191,3920000000.0,1.328,28.566999,2410000000.0,1.24,0.69,78.70,3120000.0,1.5,0.80,2940000.0,underperform
7104,2012-06-26 04:53:21,1340700801.0,gd,61.33,25.7,1319.98999,21.46,4.239999999999998,28.21,9.14,0.70,1.65,7.62,11.92,7.07,18.02,90.11,24090000000.0,24090000000.0,8.24,1.19,0.74,5.39,0.74,5860000000.0,5.39,2500000000.0,6.80,8.70,2.80,2630000000.0,7.30,3910000000.0,1.42,38.42,3300000000.0,1.22,1.00,79.00,4420000.0,2.40,1.50,3570000.0,outperform
7105,2004-04-13 00:00:51,1081828851.0,gd,45.74,15.04,1129.439941,3.93,11.11,0.683,18.66,1.10,3.09,6.00,8.83,6.97,18.31,83.439,18520000000.0,21500000000.0,14.97,1.65,1.29,12.33,1.29,2560000000.0,12.33,997000000.0,5.007,9.50,20.20,860000000.0,4.34,4040000000.0,1.139,29.909,1720000000.0,0.526,8.93,75.39,1700000.0,1.937,0.94,2120000.0,outperform
7106,2006-08-22 00:24:04,1156220644.0,gd,67.47,14.67,1298.819946,12.72,1.9499999999999993,0.402,15.57,1.22,3.05,7.85,10.74,7.82,19.08,56.718,27710000000.0,29990000000.0,N/A,1.65,1.31,10.567,1.31,3520000000.0,10.567,1590000000.0,4.41,84.30,15.50,1400000000.0,3.468,3650000000.0,1.139,22.524,2290000000.0,0.99,1.88,79.90,2590000.0,1.9,0.60,2100000.0,outperform
7107,2005-05-27 05:19:49,1117185589.0,gd,53.42,15.48,1198.780029,4.99,10.49,0.446,N/A,N/A,2.91,N/A,N/A,0.00,0.00,N/A,21580000000.0,23230000000.0,14.22,1.47,N/A,N/A,N/A,3120000000.0,N/A,N/A,N/A,22.20,15.40,1510000000.0,7.54,3300000000.0,1.383,36.754002,1800000000.0,0.505,17.06,79.86,1380000.0,1.367,0.83,1420000.0,outperform
7108,2007-02-14 04:33:25,1171445605.0,avy,53.1,-23.2,1455.300049,-7.31,-15.89,0.575,18.51,1.18,3.90,6.59,9.28,7.60,22.06,55.537,6650000000.0,N/A,N/A,1.35,N/A,N/A,N/A,1620000000.0,N/A,352500000.0,3.66,N/A,3.50,58500000.0,0.595,968000000.0,0.953,17.135,511000000.0,12.23,10.35,86.40,2.2,2.2,0.80,1030000.0,underperform
7109,2003-10-26 17:50:37,1067208637.0,avy,35.98,20.01,1033.77002,5.9,14.110000000000001,0.964,19.66,1.21,3.99,5.57,7.73,6.88,22.65,46.391,5610000000.0,6800000000.0,17.38,1.90,1.47,11.55,1.47,1350000000.0,11.55,258399999.99999997,2.585,5.80,10.60,31600000.0,0.29,1220000000.0,0.958,12.69,N/A,0.659,11.92,67.36,2600000.0,2.986,2.67,1830000.0,outperform
7110,2008-01-23 20:53:24,1201139604.0,avy,36.9,-36.42,1338.599976,-38.18,1.759999999999998,1.227,14.03,0.81,2.37,5.41,10.20,7.38,17.85,61.044,4890000000.0,7110000000.0,N/A,1.15,1.18,8.609,1.18,1530000000.0,8.609,325300000.0,3.27,31.30,18.50,77300000.0,0.726,2330000000.0,0.719,19.302,456500000.0,1.07,8.59,80.80,3970000.0,5.3,3.70,3430000.0,outperform
7111,2013-04-25 05:03:00,1366880580.0,avy,39.66,19.99,1585.160034,17.55,2.4399999999999977,77.32,20.34,0.68,2.61,3.57,6.59,4.93,10.44,58.83,5050000000.0,5050000000.0,14.42,1.29,0.84,8.17,0.84,1580000000.0,8.17,169100000.0,2.08,120.70,5.30,254000000.0,2.54,1220000000.0,1.16,15.82,513400000.0,1.28,0.38,93.80,3610000.0,4.30,3.60,3750000.0,outperform
7112,2008-04-27 20:07:10,1209341230.0,avy,38.76,-35.84,1388.819946,-38.26,2.4199999999999946,1.087,16.62,0.73,2.26,4.46,10.85,8.29,15.28,66.936,4850000000.0,7070000000.0,N/A,1.14,1.08,7.323,1.08,1720000000.0,7.323,292800000.0,2.96,13.60,18.40,73200000.0,0.743,2300000000.0,1.009,21.438,543500000.0,0.98,7.82,85.40,5610000.0,5.3,5.30,4760000.0,outperform
7113,2005-03-07 00:26:28,1110173188.0,avy,44.39,2.66,1225.310059,4.13,-1.4699999999999998,0.782,21.78,1.12,3.85,5.24,6.99,6.70,19.94,53.143,6070000000.0,7190000000.0,16.84,1.53,1.35,11.62,1.35,1460000000.0,11.62,279700000.0,2.78,4.20,13.20,84800000.0,0.85,1210000000.0,1.102,15.472,401100000.0,0.482,26.47,83.46,1790000.0,3.453,2.42,2430000.0,underperform
7114,2005-01-22 21:17:05,1106446625.0,avy,41.61,6.1,1184.630005,8.48,-2.380000000000001,0.882,24.54,1.23,4.05,4.59,6.20,5.78,17.54,51.201,6370000000.0,7550000000.0,17.70,1.61,1.47,13.42,1.47,1460000000.0,13.42,236000000.0,2.351,4.20,13.20,69900000.0,0.63,1250000000.0,1.165,14.194,401100000.0,0.502,15.62,73.94,2590000.0,5.074,2.78,2250000.0,underperform
7115,2005-04-05 11:01:31,1112713291.0,avy,45.19,-1.46,1181.390015,11.02,-12.48,0.782,22.09,1.27,3.97,5.24,6.99,6.70,19.94,53.143,6790000000.0,7920000000.0,16.89,1.56,1.48,12.79,1.48,1580000000.0,12.79,279700000.0,2.78,4.40,12.10,84800000.0,0.77,1210000000.0,1.112,15.469,516900000.0,0.499,9.47,75.34,1790000.0,5.336,1.79,1790000.0,underperform
7116,2005-08-29 23:49:11,1125373751.0,avy,40.11,17.73,1212.280029,7.59,10.14,0.747,17.75,1.07,3.47,5.52,8.51,7.01,20.88,55.296,5960000000.0,7060000000.0,N/A,1.45,1.27,10.586,1.27,1580000000.0,10.586,305700000.0,3.04,30.50,7.10,31000000.0,0.281,1160000000.0,1.177,15.482,424700000.0,N/A,6.66,69.90,2280000.0,2.7,2.30,1730000.0,outperform
7117,2011-04-29 07:55:47,1304078147.0,avy,37.28,-21.89,1363.609985,1.99,-23.88,81.25,14.31,0.70,2.72,4.87,7.00,5.64,21.07,61.56,5750000000.0,5750000000.0,11.84,2.01,0.88,8.18,0.88,1830000000.0,8.18,316900000.0,2.97,128.90,7.60,127500000.0,1.19,1340000000.0,1.07,15.62,5750000000.0,1.53,4.55,85.90,2680000.0,3.60,2.50,2220000.0,underperform
7118,2004-08-25 17:02:24,1093467744.0,avy,44.56,-9.58,1104.959961,9.72,-19.3,0.914,27.18,1.34,4.41,4.51,6.08,5.57,17.23,49.959,6760000000.0,7940000000.0,18.39,1.68,1.59,14.52,1.59,1460000000.0,14.52,225800000.0,2.253,4.20,13.20,28000000.0,0.25,1260000000.0,0.977,13.787,361900000.0,0.68,11.92,74.03,2540000.0,6.729,2.61,2280000.0,underperform
7119,2013-02-06 05:53:59,1360148039.0,ko,36.16,2.1,1512.119995,17.28,-15.180000000000001,97.47,19.94,3.52,5.05,18.48,23.13,8.17,26.42,10.54,182180000000.0,182180000000.0,17.58,2.28,3.83,14.00,3.83,28330000000.0,14.00,8800000000.0,1.91,3.90,0.80,18080000000.0,4.03,32740000000.000004,1.10,7.40,10510000000.0,0.36,5.02,63.90,26110000.0,1.70,0.70,24210000.0,underperform
7120,2006-11-15 13:03:27,1163613807.0,ko,19.97,34.55,1396.569946,3.91,30.639999999999997,0.241,20.86,4.60,6.06,22.21,27.28,14.57,30.50,10.05,109100000000.0,109920000000.0,N/A,2.48,4.64,13.646,4.64,14910000000.0,13.646,5270000000.0,2.23,13.80,6.90,3520000000.0,1.503,4340000000.0,1.014,7.686,5780000000.0,0.76,10.15,61.70,9140000.0,1.7,0.40,9060000.0,outperform
7121,2013-04-25 02:28:42,1366871322.0,ko,40.26,-0.32,1585.160034,17.55,-17.87,106.76,22.06,3.96,5.82,18.19,23.25,8.08,26.59,10.68,206440000000.0,206440000000.0,18.01,2.21,4.31,15.70,4.31,28960000000.0,15.70,8720000000.0,1.91,14.80,0.90,18430000000.0,4.14,35120000000.0,1.01,7.34,10630000000.0,0.37,5.03,62.00,32330000.0,2.20,0.80,34400000.0,underperform
7122,2005-05-11 16:14:25,1115842465.0,ko,18.57,-0.7,1171.109985,11.51,-12.209999999999999,0.424,22.51,4.81,6.45,21.32,25.31,15.61,30.64,9.15,105700000000.0,106470000000.0,19.25,2.48,4.81,16.35,4.81,14320000000.0,16.35,4720000000.0,1.95,11.50,4.40,7030000000.0,2.92,7000000000.0,1.155,6.854,5970000000.0,0.271,14.00,59.27,11490000.0,1.902,0.56,15340000.0,underperform
7123,2011-10-22 02:57:18,1319266638.0,ko,30.88,14.86,1209.880005,20.45,-5.59,74.06,12.70,3.65,4.38,29.69,23.02,9.44,41.05,18.33,166330000000.0,166330000000.0,16.35,2.19,3.94,14.47,3.94,22430000000.0,14.47,12520000000.0,5.37,18.10,46.80,14020000000.0,6.11,26230000000.0,1.10,15.33,166330000000.0,0.59,13.66,55.70,29470000.0,2.40,1.40,35520000.0,underperform
7124,2008-12-18 00:14:13,1229577253.0,ko,19.93,28.15,885.2800289999999,24.53,3.6199999999999974,0.485,17.68,3.34,4.52,18.74,26.90,12.03,27.76,13.881,105220000000.0,110930000000.0,N/A,1.68,3.45,11.138,3.45,18450000000.0,11.138,6030000000.0,2.57,14.30,9.10,8080000000.0,3.494,11520000000.0,1.014,10.27,7360000000.0,0.62,5.07,66.20,30040000.0,1.6,1.40,25500000.0,outperform
7125,2006-11-02 16:50:20,1162504220.0,ko,20.0,31.25,1367.339966,10.41,20.84,0.241,20.91,4.61,6.07,22.21,27.28,14.57,30.50,10.05,109410000000.0,110130000000.0,N/A,2.47,4.65,13.672,4.65,14910000000.0,13.672,5270000000.0,2.23,13.80,6.90,3520000000.0,1.503,4340000000.0,1.014,7.686,5780000000.0,0.76,10.15,63.90,9140000.0,1.7,0.40,9060000.0,outperform
7126,2011-09-26 00:34:09,1317011649.0,ko,31.67,11.53,1162.949951,23.96,-12.430000000000001,74.06,12.56,3.69,4.43,29.69,23.02,9.44,41.05,18.33,167020000000.0,167020000000.0,15.72,2.19,3.96,14.53,3.96,N/A,14.53,12520000000.0,5.37,18.10,46.80,14020000000.0,6.11,26230000000.0,1.10,15.33,167020000000.0,0.54,13.66,55.70,29320000.0,2.10,1.30,20560000.0,underperform
7127,2006-11-28 02:01:10,1164697270.0,ko,19.98,37.14,1386.719971,5.93,31.21,0.241,20.86,4.64,6.10,22.21,27.28,14.57,30.50,10.05,109100000000.0,110790000000.0,N/A,2.51,4.67,13.754,4.67,14910000000.0,13.754,5270000000.0,2.23,13.80,6.90,3520000000.0,1.503,4340000000.0,1.014,7.686,5780000000.0,0.76,10.15,63.50,9140000.0,1.7,0.40,9060000.0,outperform
7128,2007-10-22 09:44:16,1193060656.0,ko,25.7,-21.32,1506.329956,-36.6,15.280000000000001,0.49,25.13,4.94,6.90,19.83,26.30,12.37,28.91,11.849,135620000000.0,140450000000.0,N/A,2.37,5.12,16.949,5.12,15920000000.0,16.949,5450000000.0,2.34,13.30,19.20,4810000000.0,2.084,9650000000.0,0.777,8.522,6780000000.0,0.6,0.04,63.90,24850000.0,1.10,1.10,21530000.0,outperform
7129,2006-09-06 14:52:16,1157568736.0,ko,19.07,23.96,1300.26001,13.71,10.25,0.288,20.85,4.52,6.15,21.85,26.77,14.24,30.41,9.831,104850000000.0,106160000000.0,N/A,2.41,4.56,13.691,4.56,14910000000.0,13.691,5090000000.0,2.15,6.60,2.60,4130000000.0,1.763,4930000000.0,1.025,7.311,5650000000.0,0.86,10.15,64.00,9010000.0,1.5,0.40,13800000.0,outperform
7130,2012-03-16 01:41:55,1331876515.0,ko,32.55,12.69,1404.170044,10.71,1.9799999999999986,89.50,19.06,3.41,5.02,18.42,23.41,8.91,27.31,20.38,173460000000.0,173460000000.0,15.73,2.70,3.73,13.50,3.73,28330000000.0,13.50,8570000000.0,3.69,71.30,5.20,14040000000.0,6.20,28570000000.0,1.05,13.98,9470000000.0,0.44,4.99,64.30,14480000.0,2.00,0.70,13640000.0,outperform
7131,2008-10-28 10:35:34,1225204534.0,ko,19.88,20.37,940.51001,10.86,9.510000000000002,0.485,15.94,2.95,3.99,18.74,26.78,11.98,27.76,13.881,94820000000.0,98260000000.0,N/A,1.47,3.06,9.903,3.06,18450000000.0,9.903,6030000000.0,2.57,14.30,9.10,8080000000.0,3.497,11520000000.0,1.014,10.27,7360000000.0,0.48,5.07,65.60,28220000.0,1.9,1.30,27170000.0,outperform
7132,2011-11-15 03:32:15,1321345935.0,ko,31.32,7.79,1257.810059,7.77,0.020000000000000462,87.13,12.46,3.36,4.66,27.59,21.99,9.31,41.31,20.05,167410000000.0,167410000000.0,16.30,2.20,3.64,13.90,3.64,22430000000.0,13.90,12690000000.0,5.44,8.10,45.40,16500000000.0,7.26,29190000000.0,1.10,14.62,167410000000.0,0.42,13.66,55.70,21650000.0,2.20,1.00,26470000.0,outperform
7133,2011-11-06 11:28:02,1320596882.0,ko,31.62,9.01,1261.150024,12.38,-3.370000000000001,87.13,12.46,3.39,4.69,27.59,21.99,9.31,41.31,20.05,166640000000.0,166640000000.0,16.29,2.24,3.62,13.83,3.62,22430000000.0,13.83,12690000000.0,5.44,8.10,45.40,16500000000.0,7.26,29190000000.0,1.10,14.62,166640000000.0,0.42,13.66,55.70,26470000.0,2.30,1.20,29470000.0,underperform
7134,2004-08-10 22:47:49,1092192469.0,ko,18.06,2.27,1079.040039,13.91,-11.64,0.437,21.91,4.79,6.99,22.21,26.48,17.15,34.32,8.927,105450000000.0,106240000000.0,18.65,1.94,4.85,15.96,4.85,13280000000.0,15.96,4860000000.0,1.984,42.50,7.60,5180000000.0,2.14,6550000000.0,1.043,6.185,6020000000.0,0.339,12.76,58.89,6720000.0,1.745,0.32,9000000.0,underperform
7135,2004-12-10 11:57:30,1102697850.0,ko,16.94,5.49,1188.0,5.84,-0.34999999999999964,0.436,21.75,4.47,6.53,20.90,24.88,15.98,31.65,8.973,98740000000.0,99740000000.0,20.10,2.39,4.56,15.83,4.56,13280000000.0,15.83,4570000000.0,1.876,42.50,7.60,5520000000.0,2.28,6520000000.0,1.02,6.189,5920000000.0,0.173,12.76,58.93,9750000.0,1.413,0.46,11710000.0,underperform
7136,2006-11-10 22:27:20,1163215640.0,ko,19.89,30.77,1380.900024,6.86,23.91,0.241,20.82,4.61,6.07,22.21,27.28,14.57,30.50,10.05,108920000000.0,110160000000.0,N/A,2.43,4.65,13.675,4.65,14910000000.0,13.675,5270000000.0,2.23,13.80,6.90,3520000000.0,1.503,4340000000.0,1.014,7.686,5780000000.0,0.76,10.15,61.70,9140000.0,1.7,0.40,9060000.0,outperform
7137,2011-09-03 07:59:12,1315051152.0,ko,32.34,6.93,1218.890015,14.82,-7.890000000000001,74.06,12.99,3.84,4.60,29.69,23.02,9.44,41.05,18.33,172350000000.0,172350000000.0,16.22,1.97,4.09,14.99,4.09,22430000000.0,14.99,12520000000.0,5.37,18.10,46.80,14020000000.0,6.11,26230000000.0,1.10,15.33,172350000000.0,0.54,13.66,55.70,20560000.0,1.60,0.90,15820000.0,underperform
7138,2003-12-15 20:34:03,1071538443.0,ko,20.59,-16.12,1068.040039,12.67,-28.79,0.41,28.20,5.86,8.95,21.07,26.25,16.54,34.74,8.364,121860000000.0,122730000000.0,23.74,2.49,5.94,19.64,5.94,12460000000.0,19.64,4350000000.0,1.763,23.20,2.60,3850000000.0,1.57,5550000000.0,1.053,5.52,N/A,0.229,12.82,57.96,15690000.0,3.504,0.73,13960000.0,underperform
7139,2006-06-17 13:57:08,1150567028.0,ko,18.26,21.52,1230.040039,23.81,-2.289999999999999,0.345,20.68,4.38,6.18,21.52,26.36,13.88,30.23,9.712,101790000000.0,102960000000.0,N/A,2.35,4.45,13.311,4.45,14910000000.0,13.311,4980000000.0,2.09,10.40,0.40,4490000000.0,1.907,5660000000.0,6.961,6.961,5760000000.0,0.82,10.10,61.10,11970000.0,1.8,0.50,9680000.0,underperform
7140,2008-01-23 16:10:45,1201122645.0,ko,25.61,-25.73,1338.599976,-38.18,12.45,0.49,24.44,4.95,6.90,19.83,26.01,12.23,28.91,11.849,132030000000.0,140700000000.0,N/A,2.25,5.12,17.144,5.12,15920000000.0,17.144,5450000000.0,2.338,13.30,19.20,4810000000.0,2.082,9650000000.0,0.777,8.522,6780000000.0,0.62,5.10,64.70,27620000.0,3.6,1.30,30490000.0,outperform
7141,2006-12-02 19:22:26,1165105346.0,ko,20.03,36.35,1399.47998,5.02,31.330000000000002,0.241,20.86,4.63,6.09,22.21,27.28,14.57,30.50,10.05,109150000000.0,109970000000.0,N/A,2.50,4.64,13.652,4.64,14910000000.0,13.652,5270000000.0,2.23,13.80,6.90,3520000000.0,1.503,4340000000.0,1.014,7.686,5780000000.0,0.76,10.15,63.50,13340000.0,1.5,0.60,9140000.0,outperform
7142,2012-11-12 04:05:28,1352711128.0,ko,33.82,13.69,1380.030029,28.09,-14.4,97.47,18.97,3.43,4.91,18.48,23.13,8.17,26.42,10.54,177420000000.0,177420000000.0,16.57,2.21,3.73,13.64,3.73,28330000000.0,13.64,8800000000.0,1.91,3.90,0.80,18080000000.0,4.03,32740000000.000004,1.10,7.40,10510000000.0,0.42,5.02,63.90,30340000.0,2.20,0.80,25160000.0,underperform
7143,2004-12-10 14:26:34,1102706794.0,ko,16.94,5.49,1188.0,5.84,-0.34999999999999964,0.436,21.75,4.51,6.59,20.90,24.88,15.98,31.65,8.973,98740000000.0,99740000000.0,20.10,2.39,4.56,15.83,4.56,13280000000.0,15.83,4570000000.0,1.876,42.50,7.60,5520000000.0,2.28,6520000000.0,1.02,6.189,5920000000.0,0.173,12.76,58.93,9750000.0,1.413,0.46,11710000.0,underperform
7144,2012-05-18 11:21:11,1337354471.0,ko,34.36,18.74,1295.219971,28.07,-9.330000000000002,93.68,19.97,3.60,5.17,18.50,23.43,8.64,26.70,20.72,184950000000.0,184950000000.0,16.73,2.30,3.92,14.27,3.92,28330000000.0,14.27,8720000000.0,3.76,7.90,5.90,15780000000.0,6.99,31120000000.0,1.13,14.54,9510000000.0,0.49,4.99,64.30,18500000.0,2.40,0.90,16970000.0,underperform
7145,2012-03-13 10:16:20,1331648180.0,ko,32.59,12.55,1395.949951,11.36,1.1900000000000013,89.50,19.01,3.39,4.98,18.42,23.41,8.91,27.31,20.38,173300000000.0,173300000000.0,15.69,2.70,3.72,13.49,3.72,28330000000.0,13.49,8570000000.0,3.69,71.30,5.20,14040000000.0,6.20,28570000000.0,1.05,13.98,9470000000.0,0.44,4.99,64.30,14480000.0,2.00,0.70,13640000.0,outperform
7146,2013-05-18 12:07:17,1368893237.0,ivz,34.15,0.76,1658.780029,12.78,-12.02,64.89,22.33,3.56,1.86,16.46,21.91,3.10,7.92,9.51,18890000000.0,18890000000.0,13.84,1.05,4.41,18.31,4.41,4179999999.9999995,18.31,705400000.0,1.55,14.60,10.50,2009999999.9999998,4.52,5740000000.0,1.49,18.43,493000000.0,2.19,1.44,87.20,3940000.0,1.00,1.00,4290000.0,underperform
7147,2011-12-21 21:09:32,1324519772.0,ivz,19.4,34.02,1243.719971,16.08,17.940000000000005,80.91,13.05,2.14,1.11,17.04,22.46,2.92,5.26,8.84,14690000000.0,14690000000.0,11.04,0.96,3.56,14.21,3.56,3490000000.0,14.21,702600000.0,1.51,7.90,4.70,1410000000.0,3.12,7260000000.0,1.28,17.63,645700000.0,1.81,1.16,86.90,9740000.0,1.90,2.10,10480000.0,outperform
7148,2012-01-28 06:06:40,1327748800.0,ivz,21.89,25.22,1326.060059,12.73,12.489999999999998,80.91,15.27,2.49,1.29,17.04,22.46,2.92,5.26,8.84,16219999999.999998,16219999999.999998,10.95,1.00,3.93,15.69,3.93,3490000000.0,15.69,702600000.0,1.51,7.90,4.70,1410000000.0,3.12,7260000000.0,1.28,17.63,645700000.0,1.82,1.16,88.20,6200000.0,1.60,N/A,6260000.0,outperform
7149,2012-01-28 15:14:39,1327781679.0,ivz,21.89,25.22,1326.060059,12.73,12.489999999999998,80.91,15.27,2.49,1.29,17.04,22.46,2.92,5.26,8.84,16219999999.999998,16219999999.999998,10.84,1.00,3.93,15.69,3.93,3490000000.0,15.69,702600000.0,1.51,7.90,4.70,1410000000.0,3.12,7260000000.0,1.28,17.63,645700000.0,1.82,1.16,88.20,6200000.0,1.60,N/A,6260000.0,outperform
7150,2011-12-29 05:11:19,1325153479.0,ivz,19.84,28.23,1263.02002,11.04,17.19,80.91,13.06,2.20,1.14,17.04,22.46,2.92,5.26,8.84,14910000000.0,14910000000.0,11.05,0.98,3.62,14.43,3.62,3490000000.0,14.43,702600000.0,1.51,7.90,4.70,1410000000.0,3.12,7260000000.0,1.28,17.63,645700000.0,1.81,1.16,86.90,9740000.0,1.90,2.10,10480000.0,outperform
7151,2012-01-02 19:28:59,1325550539.0,axp,,,1257.599976,11.52,,362.64,11.82,1.92,3.07,16.71,21.85,3.24,28.04,24.29,93690000000.0,93690000000.0,11.34,1.06,3.26,N/A,3.26,N/A,N/A,4710000000.0,3.99,13.00,10.90,26740000000.0,23.02,65640000000.0,2.40,15.48,9050000000.0,2.00,0.16,80.60,9750000.0,1.40,0.90,12620000.0,underperform
7152,2013-04-25 05:50:50,1366883450.0,axp,66.98,29.19,1585.160034,17.55,11.64,310.53,17.01,2.49,3.90,15.12,23.54,2.92,23.16,26.61,104830000000.0,104830000000.0,12.79,1.11,3.52,N/A,3.52,N/A,N/A,4460000000.0,3.96,1.90,2.50,28000000000.0,25.50,59000000000.0,3.07,17.30,N/A,1.03,N/A,82.70,14080000.0,2.80,1.50,15360000.0,outperform
7153,2007-10-23 22:08:34,1193191714.0,axp,51.9,-56.61,1519.589966,-40.99,-15.619999999999997,6.175,17.82,2.33,6.32,13.85,30.88,4.43,37.97,24.249,69390000000.0,125570000000.0,N/A,1.34,4.35,13.1,4.35,19360000000.0,13.1,4010000000.0,3.29,11.90,12.50,7370000000.0,6.231,65680000000.00001,3.14,8.997,9940000000.0,1.07,0.16,79.70,19030000.0,2.5,1.60,23620000.0,underperform
7154,2009-02-01 18:00:03,1233529203.0,axp,15.18,135.51,845.1400150000001,28.88,106.63,5.75,7.36,0.86,1.62,11.66,12.82,2.03,24.34,19.555,19410000000.0,67410000000.0,N/A,1.21,2.99,N/A,2.99,31560000000.0,N/A,2800000000.0,2.27,79.30,11.10,21000000000.0,18.103,69000000000.0,10.345,10.345,N/A,1.35,0.19,80.10,32119999.999999996,2.7,2.80,31140000.0,outperform
7155,2012-03-07 17:08:49,1331158129.0,axp,50.54,25.21,1352.630005,14.17,11.040000000000001,351.63,12.62,2.16,3.20,17.11,22.33,3.27,27.98,24.49,102460000000.0,102460000000.0,11.09,1.19,3.55,N/A,3.55,N/A,N/A,4840000000.0,4.12,12.20,4.70,25810000000.0,21.47,66080000000.0,2.09,16.15,10480000000.0,1.93,0.16,83.90,8430000.0,1.30,0.80,7190000.0,outperform
7156,2012-08-06 08:14:18,1344255258.0,axp,55.58,34.51,1394.22998,21.74,12.77,315.79,13.49,2.23,3.45,17.10,22.47,3.40,27.00,25.34,103620000000.0,103620000000.0,12.18,1.12,3.53,N/A,3.53,N/A,N/A,4970000000.0,4.27,0.60,3.30,22000000000.0,19.32,60000000000.0,3.18,16.68,N/A,1.17,N/A,84.50,12650000.0,2.60,1.20,11500000.0,outperform
7157,2008-01-23 16:12:37,1201122757.0,axp,41.03,-64.44,1338.599976,-38.18,-26.259999999999998,6.378,12.71,1.70,4.65,13.78,31.18,4.43,38.99,25.162,50470000000.0,111770000000.0,N/A,1.14,3.75,11.226,3.75,19360000000.0,11.226,4219999999.9999995,3.40,10.30,13.70,8410000000.0,7.192,69500000000.0,3.519,9.322,11480000000.0,1.12,0.20,79.00,16970000.0,1.7,1.50,19220000.0,underperform
7158,2006-11-28 08:58:56,1164722336.0,axp,51.59,-1.53,1386.719971,5.93,-7.46,5.079,20.78,2.82,6.58,14.05,27.87,3.10,34.42,20.577,70860000000.0,117510000000.0,N/A,1.52,4.68,N/A,4.68,15670000000.0,N/A,3560000000.0,2.83,6.10,11.60,7980000000.0,6.622,54630000000.0,1.96,8.934,7200000000.0,1.01,0.23,82.50,16120000.000000002,3.2,1.30,13490000.0,underperform
7159,2008-10-28 18:29:50,1225232990.0,axp,22.93,40.86,940.51001,10.86,30.0,5.538,8.32,0.81,2.06,10.00,20.81,3.19,27.99,28.507,27250000000.0,82770000000.0,N/A,0.78,2.52,10.907,2.52,31560000000.0,10.907,3350000000.0,2.823,23.60,0.70,16000000000.0,13.793,72000000000.0,7.286,11.207,N/A,1.45,0.19,81.50,23690000.0,1.1,2.00,26530000.0,outperform
7160,2005-12-13 22:25:08,1134530708.0,axp,44.03,19.31,1267.430054,11.5,7.809999999999999,4.456,16.48,2.12,6.39,12.98,17.41,2.76,30.84,24.227,63040000000.0,99860000000.0,N/A,1.50,3.34,N/A,3.34,19250000000.0,N/A,3970000000.0,3.081,17.20,10.50,7620000000.0,6.139,44120000000.0,1.719,7.992,9950000000.0,N/A,0.39,78.80,14780000.0,2.4,1.20,15010000.0,outperform
7161,2004-06-20 06:09:56,1087726196.0,axp,135.03,6.95,1132.050049,7.42,-0.46999999999999975,2.517,21.28,2.46,4.19,11.86,16.82,1.91,21.31,20.595,66400000000.00001,101170000000.0,17.15,1.48,3.78,19.43,3.78,25870000000.0,19.43,3170000000.0,2.442,11.80,8.60,4820000000.0,3.77,39590000000.0,N/A,12.282,5790000000.0,1.156,12.00,80.36,12980000.0,2.655,1.15,13900000.0,underperform
7162,2005-12-14 07:49:57,1134564597.0,axp,44.62,21.52,1272.73999,12.0,9.52,4.456,16.48,2.12,6.39,12.98,17.41,2.76,30.84,24.227,63040000000.0,99860000000.0,N/A,1.50,3.34,N/A,3.34,19250000000.0,N/A,3970000000.0,3.08,17.20,10.50,7620000000.0,6.139,44120000000.0,1.719,7.992,9950000000.0,N/A,0.39,78.80,14780000.0,2.4,1.20,15010000.0,outperform
7163,2007-01-11 23:29:04,1168576144.0,axp,52.2,-25.15,1423.819946,-1.6,-23.549999999999997,5.079,21.00,2.84,6.63,14.05,27.87,3.10,34.42,20.577,71620000000.0,N/A,N/A,1.51,N/A,N/A,N/A,15670000000.0,N/A,3560000000.0,2.83,6.10,11.60,7980000000.0,6.622,54630000000.0,1.96,8.934,7200000000.0,1.01,0.23,82.20,20120000.0,4.5,1.70,16340000.0,underperform
7164,2011-04-30 18:31:35,1304202695.0,axp,45.52,27.0,1355.660034,3.27,23.73,376.47,13.67,2.17,3.43,16.15,20.34,3.03,28.59,22.63,100990000000.0,100990000000.0,11.91,1.14,3.75,N/A,3.75,N/A,N/A,4300000000.0,3.59,33.00,22.40,22000000000.0,18.30,64000000000.0,3.37,14.14,100990000000.0,1.99,0.16,80.60,10840000.0,1.70,1.00,11630000.0,outperform
7165,2012-03-04 02:57:58,1330847878.0,axp,51.79,19.02,1374.089966,11.0,8.02,351.63,12.86,2.23,3.32,17.11,22.33,3.27,27.98,24.49,103970000000.0,103970000000.0,11.30,1.19,3.60,N/A,3.60,N/A,N/A,4840000000.0,4.12,12.20,4.70,25810000000.0,21.47,66080000000.0,2.09,16.15,10480000000.0,1.93,0.16,83.90,8430000.0,1.30,0.80,7190000.0,outperform
7166,2012-03-07 01:40:10,1331102410.0,axp,50.54,25.21,1352.630005,14.17,11.040000000000001,351.63,12.56,2.21,3.28,17.11,22.33,3.27,27.98,24.49,103940000000.0,103940000000.0,11.03,1.19,3.60,N/A,3.60,N/A,N/A,4840000000.0,4.12,12.20,4.70,25810000000.0,21.47,66080000000.0,2.09,16.15,10480000000.0,1.93,0.16,83.90,8430000.0,1.30,0.80,7190000.0,outperform
7167,2011-09-03 01:04:10,1315026250.0,axp,47.69,16.69,1218.890015,14.82,1.870000000000001,358.70,12.60,2.11,3.24,16.63,20.92,3.17,28.28,23.58,100240000000.0,100240000000.0,11.66,1.18,3.58,N/A,3.58,N/A,N/A,4570000000.0,3.85,30.90,18.00,24150000000.0,20.23,65300000000.0,2.38,15.26,100240000000.0,1.93,0.16,80.60,14660000.0,1.50,1.40,13570000.0,outperform
7168,2004-08-03 22:52:58,1091587978.0,axp,131.19,12.04,1099.689941,13.22,-1.1800000000000015,2.661,19.70,2.31,4.20,11.89,16.88,1.92,21.76,21.318,63280000000.0,98000000000.0,16.31,1.40,3.54,18.2,3.54,25870000000.0,18.2,3290000000.0,2.534,11.80,8.60,6070000000.0,4.79,40330000000.0,N/A,11.964,5790000000.0,1.152,12.00,80.89,14470000.0,4.241,1.30,14750000.0,underperform
7169,2011-11-02 21:07:51,1320282471.0,axp,48.47,14.57,1237.900024,15.32,-0.75,366.67,12.61,1.99,3.18,16.71,21.17,3.23,28.12,24.29,98270000000.0,98270000000.0,12.10,1.07,3.42,N/A,3.42,N/A,N/A,4710000000.0,3.99,13.00,9.90,25000000000.0,21.39,66000000000.0,3.35,15.40,98270000000.0,2.00,0.16,80.60,13550000.0,1.50,1.30,17180000.0,underperform
7170,2007-06-08 15:38:27,1181331507.0,axp,55.51,-26.7,1507.670044,-8.65,-18.049999999999997,5.599,19.62,2.67,7.10,13.91,30.38,4.65,37.14,23.301,74000000000.0,125350000000.0,N/A,1.41,4.48,13.272,4.48,19360000000.0,13.272,3920000000.0,3.17,21.10,13.60,7980000000.0,6.713,58760000000.0,3.054,8.834,9340000000.0,0.98,0.17,80.50,21640000.0,3.2,1.80,15420000.0,underperform
7171,2005-10-13 10:11:23,1129212683.0,axp,41.84,21.46,1176.839966,16.04,5.420000000000002,2.521,16.35,2.02,3.48,12.61,17.01,1.99,23.11,23.861,59820000000.0,92890000000.0,N/A,1.17,3.14,N/A,3.14,19250000000.0,N/A,3730000000.0,2.95,15.60,10.40,10200000000.0,8.22,43270000000.0,1.746,13.842,11250000000.0,N/A,0.39,78.80,13070000.0,1.10,1.10,9930000.0,outperform
7172,2007-04-05 05:30:25,1175765425.0,axp,49.27,-16.91,1443.76001,-5.08,-11.83,5.509,18.81,2.46,6.38,13.70,28.96,4.21,35.41,22.333,67140000000.0,116800000000.0,N/A,1.26,4.32,13.3,4.32,19360000000.0,13.3,3730000000.0,2.99,23.80,11.90,8250000000.0,6.92,57910000000.0,3.14,8.766,9010000000.0,0.91,0.17,81.40,16200000.0,2.8,1.40,15010000.0,underperform
7173,2007-03-14 15:57:48,1173902268.0,axp,48.92,-22.51,1387.170044,-5.17,-17.340000000000003,5.509,18.22,2.41,6.25,13.70,28.96,4.21,35.41,22.333,65040000000.00001,114940000000.0,N/A,1.28,4.25,13.088,4.25,19360000000.0,13.088,3730000000.0,2.99,23.80,11.90,8250000000.0,6.92,57910000000.0,3.14,8.766,9010000000.0,0.94,0.17,81.20,15010000.0,2.8,1.30,17840000.0,underperform
7174,2009-03-28 14:43:57,1238265837.0,axp,12.82,202.26,813.880005,43.23,159.03,N/A,6.19,0.79,1.48,11.96,15.33,2.08,25.11,19.555,84380000000.0,84380000000.0,N/A,1.70,3.74,N/A,3.74,31470000000.0,N/A,2870000000.0,2.33,71.10,11.40,1570000000.0,1.344,69030000000.0,1.659,10.208,8670000000.0,1.48,0.19,81.00,43790000.0,1.6,3.70,38840000.0,outperform
7175,2005-01-04 11:31:25,1104856285.0,axp,145.04,-68.87,1188.050049,7.19,-76.06,2.597,21.27,2.49,4.47,11.94,17.08,1.94,22.08,22.015,70180000000.0,103690000000.0,18.04,1.58,3.65,18.48,3.65,25870000000.0,18.48,3400000000.0,2.629,N/A,N/A,7620000000.0,6.07,41140000000.0,N/A,12.622,N/A,1.119,12.00,81.15,15320000.0,4.76,1.39,11770000.0,underperform
7176,2004-12-10 12:24:54,1102699494.0,axp,145.33,-69.5,1188.0,5.84,-75.34,2.597,21.03,2.44,4.38,11.94,17.08,1.94,22.08,22.015,69410000000.0,102930000000.0,17.90,1.57,3.62,18.35,3.62,25870000000.0,18.35,3400000000.0,2.629,11.80,8.60,7620000000.0,6.07,41140000000.0,N/A,12.622,8090000000.0,1.141,12.00,81.14,11770000.0,3.017,1.06,12980000.0,underperform
7177,2005-04-05 11:07:39,1112713659.0,axp,135.43,-65.98,1181.390015,11.02,-77.0,2.949,18.85,2.20,4.00,12.08,17.01,1.91,22.43,22.658,64019999999.99999,101360000000.0,14.57,1.26,3.48,15.41,3.48,19250000000.0,15.41,3520000000.0,2.72,15.30,12.60,9910000000.0,7.94,47240000000.0,N/A,12.826,9140000000.0,1.124,13.00,81.93,11240000.0,2.492,1.03,10770000.0,underperform
7178,2011-11-04 15:56:14,1320436574.0,axp,49.3,10.89,1253.22998,12.68,-1.7899999999999991,366.67,12.73,2.10,3.36,16.71,21.17,3.23,28.12,24.29,101410000000.0,101410000000.0,12.21,1.06,3.53,N/A,3.53,N/A,N/A,4710000000.0,3.99,13.00,9.90,25000000000.0,21.39,66000000000.0,3.35,15.40,101410000000.0,2.00,0.16,80.60,13550000.0,1.50,1.30,17180000.0,underperform
7179,2006-06-17 17:07:34,1150578454.0,axp,45.94,21.01,1230.040039,23.81,-2.799999999999997,4.348,18.16,2.76,6.23,15.28,27.22,2.24,25.07,19.461,65290000000.00001,106010000000.0,N/A,1.38,4.42,N/A,4.42,15670000000.0,N/A,3350000000.0,2.91,7.70,11.30,5390000000.0,4.371,46110000000.0,1.817,8.601,8210000000.000001,0.93,0.23,82.70,17350000.0,3.7,1.40,14660000.0,underperform
7180,2004-07-25 05:15:21,1090746921.0,axp,127.04,13.78,1096.839966,12.05,1.7299999999999986,2.517,19.70,2.31,3.94,11.86,16.82,1.91,21.31,20.595,61480000000.0,96250000000.0,15.88,1.37,3.60,18.48,3.60,25870000000.0,18.48,3170000000.0,2.442,11.80,8.60,4820000000.0,3.77,39590000000.0,N/A,12.282,5790000000.0,1.152,12.00,80.39,14470000.0,4.241,1.29,14750000.0,outperform
7181,2012-07-30 22:27:11,1343701631.0,axp,56.74,30.68,1385.300049,21.7,8.98,315.79,13.65,2.27,3.51,17.10,22.47,3.40,27.00,25.34,104670000000.0,104670000000.0,12.32,1.16,3.57,N/A,3.57,N/A,N/A,4970000000.0,4.27,0.60,3.30,22000000000.0,19.32,60000000000.0,3.18,16.68,N/A,1.27,N/A,84.50,12650000.0,2.60,1.20,11500000.0,outperform
7182,2008-12-18 21:41:22,1229654482.0,axp,17.01,121.87,885.2800289999999,24.53,97.34,5.727,6.70,1.00,1.84,14.27,13.00,2.50,28.57,19.978,21920000000.0,79120000000.0,N/A,0.77,3.43,N/A,3.43,31560000000.0,N/A,3350000000.0,2.82,23.60,4.20,15560000000.0,13.412,71700000000.0,2.41,10.792,9280000000.0,1.43,0.19,80.30,35540000.0,1.3,3.10,25890000.0,outperform
7183,2005-12-22 23:42:49,1135312969.0,axp,45.35,17.53,1268.119995,11.25,6.280000000000001,4.456,16.98,2.17,6.56,12.98,17.41,2.76,30.84,24.227,64940000000.0,101550000000.0,N/A,1.52,3.39,N/A,3.39,19250000000.0,N/A,3970000000.0,3.08,17.20,10.50,7620000000.0,6.139,44120000000.0,1.719,7.992,9950000000.0,N/A,0.39,78.80,14780000.0,2.4,1.20,15010000.0,outperform
7184,2013-02-06 07:01:26,1360152086.0,axp,59.36,43.16,1512.119995,17.28,25.879999999999995,326.32,15.59,2.22,3.46,15.15,23.36,2.93,23.72,26.07,107030000000.0,107030000000.0,11.42,1.14,3.62,N/A,3.62,N/A,N/A,4430000000.0,3.89,46.60,2.30,22000000000.0,19.91,62000000000.0,3.07,17.20,N/A,1.01,N/A,83.90,10750000.0,1.90,1.10,7860000.0,outperform
7185,2005-03-27 12:41:41,1111945301.0,axp,132.68,-65.04,1171.420044,11.11,-76.15,2.949,18.48,2.16,3.93,12.08,17.01,1.91,22.43,22.658,62750000000.0,100090000000.0,14.28,1.25,3.44,15.22,3.44,19250000000.0,15.22,3520000000.0,2.72,15.30,12.60,9910000000.0,7.94,47240000000.0,N/A,12.826,9140000000.0,1.115,13.00,81.93,11240000.0,2.492,1.03,10770000.0,underperform
7186,2005-01-25 01:56:06,1106636166.0,symc,21.31,-22.24,1168.410034,8.24,-30.479999999999997,2.109,30.49,6.65,5.38,21.98,31.00,11.22,19.43,3.293,14240000000.0,11850000000.0,22.06,1.30,4.89,15.66,4.89,1540000000.0,15.66,533409999.99999994,0.738,49.20,32.90,2940000000.0,4.65,2.109,2.109,4.347,1100000000.0,1.436,1.21,95.00,16600000.000000002,1.567,2.66,16710000.0,underperform
7187,2004-04-23 19:52:43,1082764363.0,symc,23.29,-22.93,1140.599976,-0.27,-22.66,0.255,51.45,9.02,6.51,18.89,25.86,9.08,16.42,4.81,15150000000.0,13220000000.0,35.27,2.10,7.76,29.81,7.76,1160000000.0,29.81,321830000.0,0.946,0.00,0.00,2270000000.0,7.29,599990000.0,2.173,7.578,775390000.0,1.53,1.20,91.87,19110000.0,4.062,6.21,20160000.0,underperform
7188,2012-08-23 22:37:07,1345775827.0,symc,16.98,50.06,1402.079956,18.65,31.410000000000004,59.98,11.32,1.86,2.51,17.09,16.77,5.53,23.73,9.22,11470000000.0,11470000000.0,9.97,1.26,1.70,6.42,1.70,5650000000.0,6.42,1150000000.0,1.57,9.90,0.90,4110000000.0000005,5.85,3050000000.0,1.02,7.12,1740000000.0,0.78,0.39,93.10,8480000.0,0.80,1.10,8760000.0,outperform
7189,2004-06-21 23:54:38,1087876478.0,symc,19.46,10.48,1130.300049,7.37,3.1100000000000003,0.247,38.09,6.67,5.14,19.82,27.46,9.68,17.45,5.212,12700000000.0,10670000000.0,23.95,1.63,5.70,20.65,5.70,1540000000.0,20.65,370620000.0,1.069,0.00,0.00,2410000000.0,7.73,599990000.0,2.208,7.78,775390000.0,1.55,1.20,95.00,15290000.0,2.873,4.96,17540000.0,outperform
7190,2004-10-28 13:08:09,1098983289.0,symc,28.38,-22.48,1127.439941,6.29,-28.77,0.218,45.94,8.81,N/A,21.63,30.46,10.89,19.69,6.077,19600000000.0,17660000000.0,31.90,1.78,7.93,25.92,7.93,1540000000.0,25.92,481300000.0,1.354,49.20,32.90,2540000000.0,8.08,599920000.0,2.082,N/A,1020000000.0,1.638,1.22,93.56,15960000.0,3.778,5.13,15920000.0,underperform
7191,2013-04-25 08:14:04,1366892044.0,symc,23.37,-14.85,1585.160034,17.55,-32.4,59.66,15.41,2.46,3.26,16.61,17.34,5.67,22.97,9.63,15050000000.0,15050000000.0,12.69,1.65,2.20,8.19,2.20,5650000000.0,8.19,1140000000.0,1.58,11.70,4.40,4250000000.0,6.17,3080000000.0,1.06,7.48,1670000000.0,0.92,0.27,91.90,13270000.0,1.70,1.90,14580000.0,underperform
7192,2007-06-30 12:39:36,1183221576.0,symc,19.61,-4.49,1506.339966,-14.82,10.33,0.181,49.15,3.54,1.58,7.78,11.36,2.61,3.20,5.413,18200000000.0,17310000000.0,N/A,1.28,3.33,11.126,3.33,3980000000.0,11.126,404380000.0,0.41,39.00,10.20,2990000000.0,3.316,2100000000.0,1.227,12.899,1670000000.0,0.6,0.05,89.70,50710000.0,4.9,5.60,44290000.0,outperform
7193,2012-08-23 00:40:50,1345696850.0,symc,16.98,50.06,1402.079956,18.65,31.410000000000004,59.98,11.36,1.87,2.53,17.09,16.77,5.53,23.73,9.22,11580000000.0,11580000000.0,10.02,1.26,1.72,6.48,1.72,5650000000.0,6.48,1150000000.0,1.57,9.90,0.90,4110000000.0000005,5.85,3050000000.0,1.02,7.12,1740000000.0,0.78,0.39,93.10,8480000.0,0.80,1.10,8760000.0,outperform
7194,2011-11-01 10:44:02,1320158642.0,symc,15.71,10.69,1218.280029,15.91,-5.220000000000001,43.38,19.35,1.92,2.78,10.18,17.26,6.03,14.52,8.72,12430000000.0,12430000000.0,9.40,1.03,1.88,6.94,1.88,5140000000.0,6.94,673000000.0,0.88,33.80,13.60,2250000000.0,3.02,2009999999.9999998,0.88,6.11,12430000000.0,0.88,0.27,90.80,9910000.0,1.10,1.30,10930000.0,underperform
7195,2007-04-04 17:14:36,1175721276.0,symc,16.11,1.86,1439.369995,-4.87,6.73,0.174,38.18,3.10,1.31,8.89,12.47,2.67,3.51,5.111,15670000000.0,14830000000.0,N/A,1.47,2.92,9.522,2.92,3160000000.0,9.522,450760000.0,0.44,25.30,14.30,2980000000.0,3.221,2100000000.0,1.313,12.997,1540000000.0,0.42,0.05,90.10,40510000.0,2.6,4.50,44140000.0,outperform
7196,2009-08-09 19:58:27,1249862307.0,symc,14.6,-14.66,997.080017,13.11,-27.77,N/A,N/A,2.10,3.03,115.11,16.44,4.30,89.97,7.188,12230000000.0,12230000000.0,N/A,1.11,2.06,6.672,2.06,4920000000.0,6.672,6830000000.0,8.27,60.90,13.20,2220000000.0,2.716,1790000000.0,0.975,5.039,1630000000.0,0.99,0.29,96.20,24820000.0,1.8,3.00,30410000.0,underperform
7197,2008-05-02 18:15:26,1209766526.0,symc,18.59,-11.03,1413.900024,-38.21,27.18,0.21,51.82,2.88,1.50,5.94,11.62,2.32,2.94,6.427,16399999999.999998,16690000000.000002,N/A,1.25,2.93,11.262,2.93,3980000000.0,11.262,338360000.0,0.37,12.90,15.20,1980000000.0,2.345,2300000000.0,0.942,12.931,1710000000.0,0.42,0.22,90.20,27610000.0,2.2,3.30,32610000.0,outperform
7198,2007-01-17 17:42:19,1169073739.0,symc,17.06,-14.42,1430.619995,-6.81,-7.61,0.172,44.43,N/A,N/A,8.71,12.51,2.46,3.13,4.781,N/A,15830000000.0,N/A,1.39,3.23,10.5,3.23,3160000000.0,10.5,427770000.0,0.40,N/A,19.50,2950000000.0,3.149,2100000000.0,1.396,N/A,1620000000.0,0.32,0.22,91.90,47140000.0,3.7,5.00,42760000.0,underperform
7199,2008-01-25 16:35:49,1201296949.0,symc,15.66,-16.28,1330.609985,-36.85,20.57,0.189,47.59,2.67,1.32,5.89,10.83,2.13,2.77,6.079,14410000000.0,14770000000.0,N/A,1.16,2.69,10.433,2.69,3980000000.0,10.433,323240000.0,0.35,60.10,12.60,2020000000.0,2.324,2100000000.0,1.013,12.839,1700000000.0,1.07,0.21,90.50,29380000.0,2.5,3.40,33060000.000000004,outperform
7200,2004-08-10 13:01:24,1092157284.0,symc,22.12,-5.02,1079.040039,13.91,-18.93,0.232,36.25,6.91,5.50,21.55,30.24,10.77,19.37,5.659,14210000000.0,12470000000.0,25.18,1.51,6.07,19.96,6.07,1540000000.0,19.96,443010000.0,1.257,49.20,32.90,2340000000.0,7.5,599980000.0,2.076,8.287,902600000.0,1.595,1.20,95.00,15000000.0,2.755,4.87,15580000.0,underperform
7201,2012-01-02 04:19:42,1325495982.0,symc,,,1257.599976,-2.26,,43.38,17.80,1.75,2.54,10.18,17.26,6.03,14.52,8.72,11300000000.0,11300000000.0,8.69,0.95,1.71,6.31,1.71,5140000000.0,6.31,673000000.0,0.88,33.80,13.60,2250000000.0,3.06,2009999999.9999998,0.88,6.18,1960000000.0,0.50,0.27,90.80,11880000.0,1.80,1.60,14230000.0,underperform
7202,2008-12-22 20:15:46,1229994946.0,symc,12.15,39.34,871.6300050000001,28.27,11.070000000000004,0.188,16.68,1.81,1.00,10.37,16.25,3.62,5.79,7.365,10460000000.0,11040000000.0,N/A,0.92,1.77,6.035,1.77,4650000000.0,6.035,645040000.0,0.75,178.10,7.00,2300000000.0,2.757,2100000000.0,1.082,13.389,1800000000.0,1.44,0.28,95.00,33000000.0,1.7,4.00,27660000.0,outperform
7203,2005-04-05 10:34:06,1112711646.0,symc,20.05,-18.1,1181.390015,11.02,-29.12,2.109,28.69,6.21,4.16,21.98,31.01,11.23,19.45,3.293,15060000000.0,12120000000.0,20.81,1.21,4.99,16.01,4.99,1540000000.0,16.01,533409999.99999994,0.74,49.20,32.90,2940000000.0,4.15,2.109,2.109,5.107,1190000000.0,1.557,1.30,82.80,54270000.0,4.176,7.75,51790000.0,underperform
7204,2009-01-22 11:32:22,1232641942.0,isrg,96.01,254.49,827.5,31.93,222.56,N/A,19.10,4.56,3.21,24.34,36.44,16.66,20.44,21.529,3790000000.0,3390000000.0,N/A,0.86,4.07,10.425,4.07,414290000.0,10.425,202710000.0,5.08,40.80,50.40,408220000.0,10.437,N/A,4.437,30.256001,259010000.0,1.48,1.47,80.30,3550000.0,9.20,9.20,3430000.0,outperform
7205,2011-09-25 10:19:28,1316960368.0,isrg,368.56,40.41,1129.560059,28.98,11.429999999999996,N/A,35.14,9.31,6.30,27.74,38.91,15.38,20.38,39.43,13660000000.0,13660000000.0,27.76,1.74,8.83,21.16,8.83,1030000000.0,21.16,429300000.0,10.67,32.40,21.40,993900000.0,25.43,0.00,4.98,58.53,13660000000.0,1.79,1.17,86.90,1660000.0,2.90,N/A,1550000.0,outperform
7206,2011-09-25 16:50:55,1316983855.0,isrg,368.56,40.41,1129.560059,28.98,11.429999999999996,N/A,35.14,9.31,6.30,27.74,38.91,15.38,20.38,39.43,13660000000.0,13660000000.0,27.76,1.74,8.83,21.16,8.83,1030000000.0,21.16,429300000.0,10.67,32.40,21.40,993900000.0,25.43,0.00,4.98,58.53,13660000000.0,1.79,1.17,86.90,1660000.0,2.90,N/A,1550000.0,outperform
7207,2012-11-04 05:30:39,1352025039.0,isrg,540.96,-29.34,1427.589966,23.84,-53.18,N/A,34.95,10.41,6.54,30.63,40.14,16.01,22.35,52.11,20390000000.0,20390000000.0,30.91,2.04,9.87,23.05,9.87,1270000000.0,23.05,632900000.0,15.49,49.80,20.40,1140000000.0,28.71,0.00,4.53,82.75,810700000.0,0.95,1.15,88.20,2190000.0,6.30,5.60,2080000.0,underperform
7208,2004-09-13 23:57:49,1095134269.0,isrg,26.58,174.94,1125.819946,9.36,165.57999999999998,0.004,N/A,8.28,3.13,2.31,4.15,0.88,1.00,3.468,894760000.0,798570000.0,37.97,2.16,7.32,119.69,7.32,44030000.0,119.69,2520000.0,0.118,N/A,27.30,106410000.0,3.16,1130000.0,4.425,8.588,6110000.0,0.945,20.09,68.40,1350000.0,2.471,5.03,1400000.0,outperform
7209,2012-01-23 20:08:38,1327367318.0,isrg,444.39,16.67,1316.0,13.42,3.2500000000000018,N/A,35.90,9.94,6.60,28.17,39.54,15.93,21.15,44.83,15300000000.0,15300000000.0,26.47,1.48,8.71,20.67,8.71,1030000000.0,20.67,495100000.0,12.32,24.80,27.60,2170000000.0,55.40,0.00,6.18,67.49,N/A,1.58,1.18,87.90,1040000.0,3.50,N/A,N/A,outperform
7210,2007-10-12 18:44:13,1192229053.0,isrg,249.39,-23.56,1561.800049,-36.94,13.379999999999999,N/A,100.58,20.20,13.14,20.60,30.74,12.94,15.71,12.442,9440000000.0,9050000000.0,N/A,2.03,19.54,58.788,19.54,247840000.0,58.788,95370000.0,2.49,83.80,61.20,305890000.0,8.101,N/A,4.981,18.844,137730000.0,1.37,1.41,89.90,1970000.0,2.7,5.30,2300000.0,outperform
7211,2004-10-10 11:49:24,1097423364.0,isrg,26.57,162.06,1130.650024,5.01,157.05,0.004,N/A,8.20,3.09,2.31,4.15,0.88,1.00,3.468,885000000.0,779720000.0,37.56,2.12,7.15,116.86,7.15,44030000.0,116.86,2520000.0,0.118,N/A,27.30,106410000.0,3.16,1130000.0,4.425,8.588,6110000.0,0.941,20.09,68.37,1500000.0,2.947,5.58,1350000.0,outperform
7212,2010-04-14 12:56:21,1271264181.0,isrg,383.95,-5.37,1210.650024,8.58,-13.95,N/A,61.93,13.45,9.20,22.11,35.87,14.37,16.59,27.473,13590000000.0,13590000000.0,N/A,1.96,12.92,32.99,12.92,751050000.0,32.99,232610000.0,5.93,52.80,39.50,555430000.0,14.425,N/A,4.175,39.929001,385050000.0,1.81,1.43,89.90,2340000.0,N/A,N/A,2590000.0,underperform
7213,2007-01-12 00:21:38,1168579298.0,isrg,94.03,180.38,1430.72998,-1.51,181.89,N/A,35.36,9.69,5.92,29.48,28.93,13.69,21.19,9.117,3370000000.0,3020000000.0,N/A,1.40,9.08,24.547,9.08,153570000.0,24.547,97930000.0,2.58,16.70,57.40,201810000.0,5.462,N/A,4.628,14.716,98590000.0,3.1,13.77,82.00,3410000.0,3.9,9.40,3420000.0,outperform
7214,2013-05-13 05:21:21,1368436881.0,isrg,485.69,-24.75,1633.77002,16.14,-40.89,N/A,29.32,8.85,5.39,30.59,40.78,15.46,20.96,57.38,18710000000.0,18710000000.0,24.11,1.65,8.15,18.77,8.15,1570000000.0,18.77,702000000.0,17.04,31.60,23.50,1360000000.0,33.82,0.00,5.02,93.84,907200000.0,1.04,1.12,93.30,1890000.0,4.40,4.80,2190000.0,underperform
7215,2012-07-02 10:38:49,1341239929.0,isrg,565.97,-11.45,1365.51001,18.2,-29.65,N/A,41.85,11.79,7.51,28.67,39.68,15.67,20.72,47.44,21020000000.0,21020000000.0,31.90,1.75,11.27,26.66,11.27,1270000000.0,26.66,534500000.0,13.23,37.80,27.60,971300000.0,24.47,0.00,4.58,73.74,738700000.0,1.29,1.16,88.10,1360000.0,4.80,3.50,1010000.0,underperform
7216,2003-10-27 11:32:32,1067272352.0,isrg,16.29,52.3,1031.130005,7.75,44.55,0.012,N/A,5.63,2.17,13.28,15.76,8.55,11.22,4.267,443900000.0,403530000.0,61.59,N/A,5.11,N/A,5.11,37440000.0,N/A,10480000.0,0.574,N/A,39.40,42850000.0,1.61,2480000.0,2.071,7.68,N/A,1.098,19.83,48.91,1080000.0,13.833,5.04,1110000.0,outperform
7217,2005-08-25 15:35:07,1124998507.0,mtb,79.83,16.26,1212.369995,6.82,9.440000000000001,N/A,16.52,4.57,2.08,28.88,61.42,1.44,13.31,22.95,12180000000.0,21030000000.0,N/A,1.58,7.94,N/A,7.94,2950000000.0,N/A,764770000.0,6.48,6.80,6.40,1680000000.0,14.788,10600000000.0,N/A,51.249001,268660000.0,N/A,7.85,64.90,1880000.0,4.6,1.80,2270000.0,outperform
7218,2005-03-19 14:09:12,1111259352.0,mtb,74.9,16.82,1188.069946,9.87,6.950000000000001,N/A,16.66,5.06,2.03,31.43,N/A,1.40,12.66,19.092,11510000000.0,15000000000.0,13.65,1.51,6.53,N/A,6.53,2950000000.0,N/A,722520000.0,6.01,25.90,9.60,1330000000.0,11.6,4700000000.0,N/A,49.723999,724370000.0,0.413,36.30,64.76,1880000.0,5.411,2.57,2170000.0,outperform
7219,2013-04-22 02:24:13,1366611853.0,mtb,94.64,26.68,1562.5,20.29,6.390000000000001,N/A,12.31,3.02,1.32,26.34,43.71,1.36,11.05,32.95,14960000000.0,14960000000.0,11.20,1.57,3.59,N/A,3.59,N/A,N/A,1020000000.0,8.02,32.80,10.80,3550000000.0,27.53,5770000000.0,N/A,74.02,N/A,0.65,8.51,80.30,10240000.0,14.90,8.70,10230000.0,outperform
7220,2007-04-09 01:08:17,1176095297.0,mtb,80.98,-16.21,1444.609985,-5.47,-10.740000000000002,N/A,14.39,4.14,1.84,30.29,61.16,1.50,13.81,24.92,11630000000.0,19750000000.0,N/A,1.48,7.13,N/A,7.13,3430000000.0,N/A,839190000.0,7.37,4.10,3.00,1870000000.0,17.024,9980000000.0,N/A,56.988998,539860000.0,0.14,36.58,36.30,1860000.0,5.3,1.80,1720000.0,underperform
7221,2005-06-01 14:56:38,1117652198.0,mtb,77.25,14.72,1202.219971,6.94,7.78,N/A,16.39,4.45,2.05,28.85,60.80,1.44,13.19,22.39,11760000000.0,N/A,14.19,1.54,N/A,N/A,N/A,2950000000.0,N/A,752320000.0,6.32,18.70,4.00,1530000000.0,13.487,11160000000.0,N/A,49.823002,759590000.0,N/A,7.77,64.30,1880000.0,4.6,1.80,2270000.0,outperform
7222,2007-05-17 14:02:25,1179424945.0,mtb,86.47,-16.14,1512.75,-5.78,-10.36,N/A,15.72,4.42,1.95,29.55,60.39,1.43,13.35,24.833,12190000000.0,21820000000.0,N/A,1.53,7.94,N/A,7.94,3430000000.0,N/A,812240000.0,7.16,13.30,3.20,2029999999.9999998,18.747,11710000000.0,N/A,57.365002,843820000.0,0.08,36.58,60.00,2060000.0,3.2,2.10,1860000.0,underperform
7223,2012-03-10 05:29:41,1331375381.0,mtb,74.26,34.27,1352.630005,14.17,20.1,N/A,12.81,2.91,1.21,24.53,38.54,1.18,9.75,28.56,16160000000.0,16160000000.0,10.98,1.30,4.61,N/A,4.61,N/A,N/A,781740000.0,6.35,27.70,8.00,1940000000.0,15.38,7910000000.0,N/A,66.85,1770000000.0,0.83,8.92,72.00,4190000.0000000005,6.80,3.70,4190000.0000000005,outperform
7224,2008-01-17 18:27:12,1200612432.0,mtb,56.57,-42.53,1333.25,-36.24,-6.289999999999999,N/A,12.26,3.12,1.25,25.25,39.75,1.07,10.25,23.961,7950000000.0,22150000000.0,N/A,1.19,8.55,N/A,8.55,3430000000.0,N/A,654260000.0,5.95,69.60,20.80,2069999999.9999998,18.959,16140000000.0,N/A,59.479,N/A,0.33,12.35,67.10,2630000.0,2.8,2.70,2290000.0,underperform
7225,2011-11-04 17:58:32,1320443912.0,mtb,65.82,49.57,1253.22998,12.68,36.89,N/A,10.44,2.62,1.08,26.12,43.24,1.25,10.41,28.96,12450000000.0,12450000000.0,10.41,1.26,3.55,N/A,3.55,N/A,N/A,840960000.0,6.91,4.60,20.90,4190000000.0000005,33.31,7440000000.0,N/A,67.73,12450000000.0,1.14,9.56,70.90,4400000.0,3.80,3.90,4500000.0,outperform
7226,2011-04-30 18:21:43,1304202103.0,mtb,80.44,1.02,1355.660034,3.27,-2.25,N/A,15.54,3.59,1.40,24.71,40.37,1.08,9.14,25.21,18270000000.0,18270000000.0,11.80,1.68,6.13,N/A,6.13,N/A,N/A,675830000.0,5.69,49.40,10.10,1480000000.0,12.29,9120000000.0,N/A,63.60,18270000000.0,0.87,9.56,70.90,3780000.0,5.40,3.30,3680000.0,underperform
7227,2005-02-07 04:49:37,1107769777.0,mtb,76.08,5.15,1201.719971,4.42,0.7300000000000004,N/A,17.16,5.19,2.08,31.43,N/A,1.40,12.66,19.091,11970000000.0,15330000000.0,14.06,1.54,6.67,N/A,6.67,2680000000.0,N/A,722520000.0,6.00,18.30,25.60,1330000000.0,11.49,4700000000.0,N/A,49.485001,886570000.0,0.43,36.28,63.79,2160000.0,7.145,2.93,2270000.0,outperform
7228,2012-11-04 01:50:27,1352011827.0,mtb,98.84,9.71,1427.589966,23.84,-14.129999999999999,N/A,16.14,3.57,1.47,23.60,37.12,1.11,9.12,29.80,16200000000.0,16200000000.0,12.69,1.57,4.34,N/A,4.34,N/A,N/A,806620000.0,6.42,60.30,14.60,2560000000.0,20.10,5560000000.0,N/A,71.20,N/A,0.56,8.88,73.10,7200000.0,8.60,6.30,6790000.0,underperform
7229,2007-03-14 19:11:31,1173913891.0,mtb,87.72,-25.78,1387.170044,-5.17,-20.61,N/A,15.44,4.50,1.99,30.29,61.16,1.50,13.81,24.92,12480000000.0,20590000000.0,N/A,1.48,7.43,N/A,7.43,3430000000.0,N/A,839190000.0,7.37,4.10,3.00,1870000000.0,17.024,9980000000.0,N/A,56.988998,539860000.0,0.26,36.58,66.50,1720000.0,5.4,1.70,2120000.0,underperform
7230,2004-04-23 18:26:32,1082759192.0,mtb,61.71,19.71,1140.599976,-0.27,19.98,N/A,16.79,4.55,1.77,27.58,N/A,1.31,11.97,18.226,10040000000.0,13310000000.0,12.72,1.42,5.95,N/A,5.95,2680000000.0,N/A,616890000.0,5.024,18.30,25.60,1830000000.0,15.35,4960000000.0,N/A,48.174,1240000000.0,0.442,36.91,67.99,1740000.0,4.342,2.32,2120000.0,outperform
7231,2004-11-24 22:46:45,1101354405.0,mtb,78.13,,1181.76001,6.18,,N/A,18.50,5.50,2.16,31.12,N/A,1.36,12.28,18.425,12330000000.0,16219999999.999998,15.87,1.77,7.24,N/A,7.24,2680000000.0,N/A,697220000.0,5.739,18.30,25.60,1750000000.0,15.1,5650000000.0,N/A,49.155998,886570000.0,0.35,36.89,64.52,2290000.0,7.144,3.12,2160000.0,underperform
7232,2007-06-22 07:14:41,1182510881.0,mtb,82.71,-26.82,1502.560059,-10.96,-15.86,N/A,15.15,4.24,1.88,29.55,60.39,1.43,13.35,24.833,11750000000.0,21430000000.0,N/A,1.49,7.80,N/A,7.80,3430000000.0,N/A,812240000.0,7.16,13.30,3.20,2029999999.9999998,18.747,11710000000.0,N/A,57.365002,843820000.0,0.11,37.26,67.40,1940000.0,3.4,1.90,2060000.0,underperform
7233,2008-01-16 15:27:15,1200515235.0,mtb,58.14,-40.35,1373.199951,-38.56,-1.7899999999999991,N/A,10.01,2.79,1.22,29.26,45.08,1.38,12.96,25.208,7720000000.0,20200000000.0,N/A,1.18,7.36,N/A,7.36,3430000000.0,N/A,802660000.0,7.22,5.30,3.90,1880000000.0,17.647,14440000000.0,N/A,58.450001,506670000.0,0.33,12.35,67.10,2630000.0,2.8,2.70,2290000.0,underperform
7234,2005-12-21 19:13:02,1135210382.0,mtb,82.69,12.84,1262.790039,12.31,0.5299999999999994,N/A,16.78,4.69,2.12,29.23,61.05,1.43,13.31,22.983,12380000000.0,21750000000.0,N/A,1.64,8.26,N/A,8.26,2950000000.0,N/A,769400000.0,6.57,2.50,1.90,1620000000.0,14.414,11050000000.0,N/A,51.860001,240670000.0,N/A,7.95,64.90,1870000.0,6.6,1.80,1680000.0,outperform
7235,2004-09-24 23:35:45,1096083345.0,mtb,69.62,12.94,1110.109985,9.02,3.92,N/A,17.34,4.93,1.94,30.04,N/A,1.32,11.87,18.16,11080000000.0,14120000000.0,14.19,1.58,6.36,N/A,6.36,2680000000.0,N/A,667240000.0,5.457,18.30,25.60,1700000000.0,14.5,4860000000.0,N/A,48.261002,1270000000.0,0.368,36.88,63.59,1610000.0,4.251,2.18,1200000.0,outperform
7236,2013-05-11 23:35:54,1368329754.0,mtb,98.97,20.12,1632.689941,14.88,5.24,N/A,12.91,3.19,1.39,26.34,43.71,1.36,11.05,32.95,15510000000.0,15510000000.0,11.74,1.66,3.73,N/A,3.73,N/A,N/A,1020000000.0,8.02,32.80,10.80,3550000000.0,27.53,5770000000.0,N/A,74.02,N/A,0.63,8.51,80.30,9680000.0,11.20,8.20,10240000.0,outperform
7237,2012-09-01 10:51:04,1346511064.0,mtb,83.05,33.11,1410.48999,16.14,16.97,N/A,15.61,3.01,1.26,21.04,35.53,0.97,8.17,29.31,14890000000.0,14890000000.0,11.33,1.57,4.07,N/A,4.07,N/A,N/A,697410000.0,5.57,27.60,2.10,3220000000.0,25.44,7110000000.0,N/A,69.18,1550000000.0,0.59,8.89,74.00,4160000.0,9.00,3.60,4390000.0,outperform
7238,2007-05-18 18:49:00,1179528540.0,mtb,86.69,-14.87,1522.75,-7.49,-7.379999999999999,N/A,15.72,4.43,1.96,29.55,60.39,1.43,13.35,24.833,12190000000.0,21850000000.0,N/A,1.54,7.95,N/A,7.95,3430000000.0,N/A,812240000.0,7.16,13.30,3.20,2029999999.9999998,18.747,11710000000.0,N/A,57.365002,843820000.0,0.08,36.58,60.00,2060000.0,3.2,2.10,1860000.0,underperform
7239,2005-09-01 12:07:15,1125590835.0,mtb,80.71,15.61,1221.589966,7.32,8.29,N/A,16.46,4.58,2.08,28.88,61.42,1.44,13.31,22.95,12130000000.0,21050000000.0,N/A,1.56,7.95,N/A,7.95,2950000000.0,N/A,764770000.0,6.48,6.80,6.40,1680000000.0,14.788,10600000000.0,N/A,51.249001,268660000.0,N/A,7.85,64.90,1990000.0,7.3,1.90,1920000.0,outperform
7240,2005-02-28 19:22:12,1109636532.0,tso,16.72,64.06,1203.599976,6.4,57.660000000000004,0.926,7.82,0.22,1.82,2.91,6.48,8.16,29.03,162.704,2420000000.0,3450000000.0,10.91,0.69,0.31,4.01,0.31,637900000.0,4.01,320200000.0,4.66,N/A,24.20,208700000.0,3.14,1220000000.0,1.38,20.233999,700500000.0,1.512,1.16,77.33,3570000.0,3.095,5.44,3190000.0,outperform
7241,2004-06-28 06:13:41,1088417621.0,tso,11.92,78.69,1133.349976,6.02,72.67,1.577,16.46,0.19,1.70,1.18,4.25,2.88,11.13,136.722,1740000000.0,3230000000.0,11.47,1.17,0.36,6.09,0.36,637900000.0,6.09,106100000.0,1.61,N/A,24.20,116700000.0,1.78,1610000000.0,1.588,15.605,493400000.0,1.385,3.54,84.31,4240000.0,3.919,6.70,4550000.0,outperform
7242,2013-05-30 10:02:25,1369922545.0,tso,59.66,-6.6,1654.410034,16.27,-22.869999999999997,31.21,11.05,0.26,1.99,2.38,5.37,10.33,17.74,236.25,8010000000.0,8010000000.0,9.07,0.95,0.24,3.87,0.24,3970000000.0,3.87,780000000.0,5.54,66.10,3.90,1970000000.0,14.39,1590000000.0,1.60,30.83,1850000000.0,1.91,0.38,92.40,6080000.0,1.70,4.50,5090000.0,underperform
7243,2004-11-12 20:09:20,1100308160.0,tso,13.8,84.93,1184.170044,3.08,81.85000000000001,0.926,6.60,0.18,1.48,2.91,6.48,8.16,29.03,161.806,2049999999.9999998,3000000000.0,10.00,0.86,0.27,3.49,0.27,637900000.0,3.49,320200000.0,4.666,N/A,24.20,208700000.0,3.14,1220000000.0,1.38,20.233999,558600000.0,1.463,1.16,83.69,3380000.0,2.643,5.15,4139999.9999999995,outperform
7244,2005-01-08 02:52:36,1105170756.0,tso,13.25,122.49,1183.73999,7.58,114.91,0.926,6.22,0.18,1.47,2.91,6.48,8.16,29.03,161.806,1930000000.0,2980000000.0,9.10,0.79,0.27,3.46,0.27,637900000.0,3.46,320200000.0,4.666,N/A,24.20,208700000.0,3.14,1220000000.0,1.38,20.233999,700500000.0,1.515,1.16,83.34,2820000.0,2.683,4.30,3380000.0,outperform
7245,2007-03-25 13:22:12,1174843332.0,tso,45.58,-38.75,1434.540039,-5.9,-32.85,0.418,8.80,0.38,2.72,4.45,7.59,15.84,36.50,264.735,6880000000.0,6940000000.0,N/A,2.44,0.39,4.228,0.39,1790000000.0,4.228,801000000.0,11.46,129.00,7.90,986000000.0,14.454,1050000000.0,1.681,36.845001,1140000000.0,0.48,0.65,81.10,4340000.0,1.8,6.50,3910000.0,underperform
7246,2008-11-03 20:05:27,1225760727.0,tso,9.07,51.71,966.2999880000001,8.19,43.52,0.602,9.88,0.04,0.45,0.46,1.04,N/A,N/A,223.642,1380000000.0,3100000000.0,N/A,0.60,0.10,5.125,0.10,1610000000.0,5.125,141000000.0,1.01,451.10,47.40,24000000.0,0.174,1790000000.0,N/A,21.542999,N/A,2.07,0.06,80.90,22310000.0,16.50,16.50,16960000.0,outperform
7247,2011-11-03 19:49:50,1320364190.0,tso,26.6,28.31,1261.150024,12.14,16.169999999999998,44.80,10.34,0.15,1.08,1.54,3.30,5.72,11.10,176.12,4970000000.0,4970000000.0,6.82,0.30,0.20,4.48,0.20,2330000000.0,4.48,384000000.0,2.70,225.40,55.20,607000000.0,4.26,1720000000.0,1.40,24.92,4970000000.0,1.03,8.82,76.30,17300000.0,3.60,N/A,15790000.0,outperform
7248,2012-01-03 14:24:09,1325618649.0,tso,23.1,89.87,1277.060059,14.51,75.36,39.07,4.98,0.12,0.88,2.43,4.64,8.81,18.71,195.14,3800000000.0,3800000000.0,5.88,0.48,0.14,2.42,0.14,2330000000.0,2.42,673000000.0,4.69,516.10,53.20,1140000000.0,7.97,1600000000.0,1.47,26.64,1090000000.0,1.06,8.82,76.30,15830000.0,2.90,13.20,15390000.0,outperform
7249,2005-03-09 10:08:42,1110380922.0,tso,16.48,65.11,1207.01001,5.4,59.71,0.926,7.93,0.23,1.84,2.91,6.48,8.16,29.03,162.704,2460000000.0,3470000000.0,11.07,0.70,0.32,4.03,0.32,637900000.0,4.03,320200000.0,4.66,N/A,24.20,208700000.0,3.14,1220000000.0,1.38,20.233999,700500000.0,1.503,1.16,80.00,3570000.0,3.095,5.44,3190000.0,outperform
7250,2009-04-02 18:51:33,1238712693.0,tso,13.69,-4.6,834.380005,40.62,-45.22,N/A,7.31,0.07,0.58,0.99,1.83,4.12,8.87,204.905,3470000000.0,3470000000.0,N/A,0.63,0.12,4.408,0.12,1240000000.0,4.408,278000000.0,2.00,N/A,34.00,20000000.0,0.145,1610000000.0,1.142,23.384001,716000000.0,1.32,10.17,75.20,14580000.0,1.8,10.70,15970000.0,underperform
7251,2008-01-23 20:25:28,1201137928.0,tso,34.59,-60.02,1338.599976,-38.18,-21.840000000000003,0.493,6.65,0.26,1.61,3.96,6.71,11.60,27.55,142.541,5000000000.0,6480000000.0,N/A,0.54,0.34,4.015,0.34,1790000000.0,4.015,764000000.0,5.49,82.80,11.80,103000000.0,0.752,1540000000.0,1.093,22.804001,1510000000.0,1.77,1.65,90.30,5290000.0,1.6,3.90,7110000.0,underperform
7252,2007-03-22 01:45:54,1174542354.0,tso,45.58,-40.43,1434.540039,-7.24,-33.19,0.418,8.65,0.37,2.68,4.45,7.59,15.84,36.50,264.735,6760000000.0,6790000000.0,N/A,2.39,0.38,4.141,0.38,1790000000.0,4.141,801000000.0,11.46,129.00,7.90,986000000.0,14.454,1050000000.0,1.681,36.845001,1140000000.0,0.48,0.65,81.10,4340000.0,1.8,6.50,3910000.0,underperform
7253,2012-03-09 07:28:08,1331296088.0,tso,28.27,97.91,1370.869995,12.44,85.47,42.76,7.60,0.13,1.03,1.82,3.71,7.45,15.65,211.65,4590000000.0,4590000000.0,7.87,0.49,0.15,3.30,0.15,3300000000.0,3.30,546000000.0,3.81,N/A,40.60,900000000.0,6.47,1700000000.0,1.28,26.39,689000000.0,1.49,1.12,97.50,12040000.0,3.30,10.00,13820000.0,outperform
7254,2010-01-29 04:48:02,1264758482.0,tso,12.0,49.33,1073.869995,20.74,28.59,N/A,13.02,0.11,0.55,0.85,2.15,2.55,4.21,116.496,3110000000.0,3110000000.0,N/A,N/A,0.19,4.811,0.19,1240000000.0,4.811,136000000.0,0.98,87.30,45.80,534000000.0,3.809,1840000000.0,1.227,23.386,603000000.0,1.26,3.26,85.90,16170000.000000002,4.1,11.70,19860000.0,outperform
7255,2013-05-30 05:03:24,1369904604.0,has,42.73,23.68,1654.410034,16.27,7.41,106.38,17.62,1.47,4.13,8.09,14.91,9.61,23.21,31.57,6570000000.0,6570000000.0,13.89,1.66,1.60,8.61,1.60,2420000000.0,8.61,331910000.0,2.52,N/A,2.30,1090000000.0,8.43,1560000000.0,3.03,11.31,547510000.0,0.83,10.25,96.90,19230000.0,13.20,16.80,19800000.0,outperform
7256,2005-03-16 18:47:46,1111016866.0,has,15.91,3.46,1188.069946,9.87,-6.409999999999999,0.393,21.18,1.24,2.27,6.54,9.78,6.40,13.30,15.879,3670000000.0,3640000000.0,15.07,1.69,1.21,10.02,1.21,1750000000.0,10.02,195980000.0,0.98,N/A,11.40,725000000.0,4.08,644780000.0,1.496,9.248,535840000.00000006,0.794,9.44,88.11,4360000.0,3.844,2.71,5610000.0,underperform
7257,2007-02-22 05:18:48,1172139528.0,has,23.64,-7.32,1456.380005,-7.09,-0.23000000000000043,0.329,22.78,1.48,3.02,7.30,11.94,7.35,14.11,18.86,4680000000.0,4450000000.0,N/A,1.87,1.41,8.462,1.41,1800000000.0,8.462,230050000.0,1.29,14.90,4.10,715400000.0,4.504,505500000.0,1.897,9.72,N/A,2.15,10.23,77.40,3640000.0,2.4,2.40,3320000.0,underperform
7258,2003-12-14 15:47:09,1071434829.0,has,15.02,-5.59,1071.209961,11.9,-17.490000000000002,0.757,21.82,1.14,2.70,5.33,9.84,5.27,13.00,16.853,3460000000.0,4269999999.9999995,15.93,1.71,1.42,11.28,1.42,1720000000.0,11.28,160580000.0,0.909,385.70,1.40,155360000.0,0.89,962730000.0,1.589,7.31,N/A,0.847,10.48,86.89,5460000.0,4.522,3.49,6970000.0,underperform
7259,2011-06-01 06:17:21,1306923441.0,has,40.25,-19.23,1314.550049,-0.32,-18.91,93.71,18.39,1.55,4.07,8.90,14.18,8.85,22.24,28.76,6680000000.0,6680000000.0,12.88,1.12,1.67,9.34,1.67,2290000000.0,9.34,356010000.0,2.49,70.80,0.10,948780000.0,6.96,1430000000.0,3.29,11.19,6680000000.0,0.76,10.36,80.90,4030000.0000000005,2.90,3.30,3750000.0,underperform
7260,2011-01-09 14:53:56,1294602836.0,has,40.37,-27.52,1273.849976,0.54,-28.06,101.40,16.07,1.53,4.22,10.33,15.54,9.86,28.46,29.41,7290000000.0,7290000000.0,14.35,1.71,1.78,9.12,1.78,2390000000.0,9.12,423300000.0,2.87,3.20,2.70,519260000.0,3.81,1510000000.0,2.40,10.91,7290000000.0,0.84,10.21,83.80,2900000.0,3.10,2.70,3460000.0,underperform
7261,2007-04-10 04:27:17,1176193637.0,has,23.76,0.84,1448.390015,-6.48,7.32,0.329,22.91,1.50,3.07,7.30,11.94,7.78,14.11,18.86,4770000000.0,4520000000.0,N/A,1.84,1.44,8.302,1.44,1850000000.0,8.302,230050000.0,1.29,14.90,4.10,715400000.0,4.447,505500000.0,1.897,9.575,320650000.0,2.08,10.09,85.00,3660000.0,1.9,2.40,4050000.0,outperform
7262,2006-08-14 14:13:29,1155579209.0,has,14.78,48.78,1268.209961,12.48,36.3,0.346,18.34,0.99,2.09,6.82,9.83,6.77,13.61,17.367,3070000000.0,3050000000.0,N/A,1.60,1.00,6.404,1.00,1800000000.0,6.404,208520000.0,1.02,8.00,7.80,489710000.0,2.994,504380000.0,1.983,8.863,390190000.0,1.58,9.53,89.80,2290000.0,1.6,1.50,2660000.0,outperform
7263,2005-02-19 21:17:57,1108865877.0,has,15.46,3.49,1210.339966,6.53,-3.04,0.393,20.87,1.18,2.16,6.54,9.78,6.41,13.31,16.007,3590000000.0,3510000000.0,14.81,1.61,1.17,9.65,1.17,1850000000.0,9.65,196190000.0,0.97,N/A,11.40,725000000.0,4.1,644780000.0,1.496,9.259,535840000.00000006,0.777,9.44,87.60,5610000.0,10.063,3.50,5670000.0,underperform
7264,2011-08-18 14:14:06,1313691246.0,has,31.93,10.99,1140.650024,24.33,-13.339999999999998,96.38,13.83,1.21,3.45,8.88,13.93,9.18,24.23,30.41,5850000000.0,5850000000.0,10.38,0.78,1.40,8.02,1.40,2290000000.0,8.02,370420000.0,2.63,33.00,23.10,604900000.0,4.50,1420000000.0,2.90,10.88,5850000000.0,0.82,10.36,80.90,3740000.0,1.50,3.00,4380000.0,underperform
7265,2011-03-21 15:24:45,1300735485.0,has,41.17,-20.45,1298.380005,8.25,-28.7,87.42,17.10,1.58,3.94,9.94,14.69,9.20,24.78,28.78,6970000000.0,6970000000.0,13.15,1.48,1.74,9.50,1.74,2290000000.0,9.50,397750000.0,2.74,15.40,7.00,749560000.0,5.47,1410000000.0,3.09,11.76,6970000000.0,0.84,10.21,83.80,5010000.0,3.60,4.60,5000000.0,underperform
7266,2010-02-22 00:47:42,1266817662.0,has,30.59,29.75,1108.01001,18.72,11.030000000000001,N/A,14.42,1.21,3.10,9.22,14.47,10.41,25.12,29.164,5450000000.0,5450000000.0,N/A,1.46,1.34,7.151,1.34,2330000000.0,7.151,374930000.0,2.48,76.90,11.70,636040000.0,4.605,1150000000.0,2.507,11.546,N/A,54.31,10.16,87.30,7420000.0,4.7,6.00,6800000.0,outperform
7267,2009-01-06 09:19:00,1231251540.0,has,24.31,13.16,934.7000119999999,21.66,-8.5,0.695,13.17,1.00,3.02,8.49,13.28,10.14,25.61,28.637,4099999999.9999995,4680000000.0,N/A,1.52,1.15,6.664,1.15,2260000000.0,6.664,346920000.0,2.23,14.50,6.50,356510000.0,2.561,942370000.0,1.757,9.743,579070000.0,1.22,7.89,99.90,9110000.0,5.1,6.90,11240000.0,underperform
7268,2013-04-25 00:20:22,1366863622.0,has,45.14,18.39,1585.160034,17.55,0.8399999999999999,107.52,18.54,1.50,4.09,8.22,14.65,8.85,22.98,31.44,6540000000.0,6540000000.0,15.11,1.97,1.60,8.73,1.60,2420000000.0,8.73,336000000.0,2.55,6.30,3.40,873790000.0,6.79,1620000000.0,2.61,11.69,534799999.99999994,0.82,10.25,96.90,20640000.0,17.60,18.00,21410000.0,outperform
7269,2007-04-06 11:44:25,1175874265.0,nbl,29.09,28.98,1437.77002,-4.89,33.87,0.438,16.18,3.72,2.56,24.22,44.82,9.71,18.84,15.94,10450000000.0,12090000000.0,N/A,1.16,4.32,5.727,4.32,2240000000.0,5.727,678430000.0,3.79,25.70,1.80,153410000.0,0.9,1800000000.0,0.902,23.885,1730000000.0,1.08,3.86,90.20,5820000.0,2.9,3.40,3910000.0,outperform
7270,2008-05-19 05:52:52,1211190772.0,nbl,48.9,-43.35,1426.630005,-36.34,-7.009999999999998,0.372,18.72,5.12,3.39,28.46,45.51,9.02,20.56,19.419,17490000000.0,18560000000.0,N/A,1.36,5.58,8.006,5.58,2490000000.0,8.006,946870000.0,5.42,1.40,38.20,807000000.0,4.686,1880000000.0,0.996,29.15,2100000000.0,1.39,11.36,87.90,3710000.0,2.2,2.20,2870000.0,underperform
7271,2010-10-28 23:29:09,1288322949.0,nbl,38.83,18.23,1183.780029,8.56,9.67,40.94,25.49,4.90,2.07,20.12,31.36,4.35,8.81,15.85,15170000000.0,15170000000.0,19.32,3.16,5.50,8.06,5.50,1790000000.0,8.06,555000000.0,3.12,N/A,53.10,1020000000.0,5.82,2680000000.0,1.80,37.42,15170000000.0,0.84,1.35,94.40,5510000.0,4.10,3.20,5870000.0,outperform
7272,2006-08-27 05:24:39,1156670679.0,nbl,23.9,20.92,1296.060059,13.17,7.750000000000002,0.577,15.11,3.28,2.40,22.09,49.22,10.10,17.82,15.291,8840000000.0,10790000000.0,N/A,0.99,4.01,5.257,4.01,1610000000.0,5.257,594260000.0,3.31,N/A,57.90,181390000.0,1.027,2130000000.0,1.044,20.806999,1690000000.0,1.4,2.19,93.30,4090000.0,2.1,2.30,4090000.0,outperform
7273,2011-01-08 16:23:53,1294521833.0,nbl,41.2,16.07,1276.560059,0.35,15.72,34.66,21.47,5.02,2.15,23.63,32.27,4.70,10.56,16.52,15960000000.0,15960000000.0,18.67,2.93,5.54,7.70,5.54,1790000000.0,7.70,681000000.0,3.87,116.80,21.00,1150000000.0,6.56,2340000000.0,1.41,38.48,15960000000.0,0.83,1.35,94.40,4560000.0,3.60,2.60,4570000.0,outperform
7274,2013-05-16 15:35:44,1368732944.0,nbl,58.2,19.12,1650.469971,13.78,5.340000000000002,48.12,20.75,5.17,2.48,25.10,27.19,3.99,11.82,22.87,23340000000.0,23340000000.0,13.86,1.76,5.72,8.79,5.72,3360000000.0,8.79,948000000.0,5.69,0.80,4.40,1300000000.0,7.29,4099999999.9999995,1.03,47.56,2900000000.0,1.48,1.60,95.50,2250000.0,1.90,1.50,2460000.0,outperform
7275,2009-02-06 00:46:29,1233899189.0,nbl,26.61,40.1,868.599976,26.33,13.770000000000003,0.35,7.06,2.22,1.49,33.45,49.30,11.08,25.32,23.402,9230000000.0,10080000000.0,N/A,0.70,2.51,3.608,2.51,2490000000.0,3.608,1340000000.0,7.57,336.80,37.80,992000000.0,5.743,2100000000.0,1.358,34.710999,2560000000.0,0.84,11.72,84.30,2770000.0,1.4,1.60,2710000.0,outperform
7276,2006-07-12 23:03:24,1152759804.0,nbl,22.56,39.54,1258.599976,22.97,16.57,0.622,10.63,3.47,2.41,31.48,48.79,12.60,32.53,14.382,8359999999.999999,10370000000.0,N/A,1.86,4.29,5.706,4.29,1610000000.0,5.706,761840000.0,4.44,105.60,93.00,135950000.0,0.767,2170000000.0,0.967,19.655001,1560000000.0,1.37,2.19,89.30,3060000.0,1.70,1.70,3990000.0,outperform
7277,2003-10-27 01:59:15,1067237955.0,nbl,9.45,52.28,1031.130005,7.75,44.53,0.993,26.47,1.50,2.17,5.76,10.09,3.15,8.51,26.129,2240000000.0,3220000000.0,25.03,1.17,2.14,6.45,2.14,423260000.0,6.45,86560000.0,1.50,86.80,8.50,48730000.0,0.86,1030000000.0,0.685,18.31,N/A,0.547,5.98,90.92,1380000.0,4.104,2.59,1470000.0,outperform
7278,2004-11-14 20:14:32,1100481272.0,nbl,14.07,25.02,1173.47998,5.14,19.88,0.661,15.72,2.80,2.60,18.31,29.80,7.65,19.12,21.181,3550000000.0,4269999999.9999995,10.66,1.46,3.45,5.81,3.45,591690000.0,5.81,226720000.0,3.843,341.80,30.00,160100000.0,2.72,880190000.0,1.19,22.688999,662800000.0,0.803,0.71,89.14,1390000.0,3.425,2.38,1260000.0,outperform
7279,2007-01-20 16:31:35,1169328695.0,nbl,22.94,52.22,1430.619995,-6.81,59.03,0.405,12.07,2.99,2.06,26.37,49.63,10.58,21.46,15.826,8570000000.0,10130000000.0,N/A,1.36,3.64,4.713,3.64,1610000000.0,4.713,735360000.0,4.09,79.70,16.10,89800000.0,0.517,1660000000.0,0.911,23.329,1610000000.0,1.19,2.23,89.30,3670000.0,3.1,2.10,4000000.0,outperform
7280,2006-06-27 04:06:33,1151395593.0,nbl,20.2,45.15,1239.199951,21.56,23.59,0.622,9.27,2.98,2.07,31.48,48.79,12.60,32.53,14.382,7290000000.0,9230000000.0,N/A,1.52,3.81,5.078,3.81,1610000000.0,5.078,761840000.0,4.44,105.60,93.00,135950000.0,0.767,2170000000.0,0.967,19.655001,1560000000.0,1.4,5.04,89.30,3990000.0,3.3,2.30,3320000.0,outperform
7281,2013-05-09 21:01:37,1368147697.0,ea,21.64,62.29,1626.670044,15.48,46.81,28.29,39.56,1.64,3.31,4.42,3.87,1.78,8.29,12.46,4450000000.0,4450000000.0,19.67,1.39,1.13,11.33,1.13,2540000000.0,11.33,175000000.0,0.55,N/A,13.10,1490000000.0,4.97,554000000.0,1.04,6.51,378000000.0,1.04,4.47,100.80,16930000.0,3.40,5.60,15780000.0,outperform
7282,2012-01-13 03:10:55,1326442255.0,ea,18.04,-24.06,1289.089966,13.34,-37.4,20.83,N/A,1.67,2.53,7.52,2.77,1.35,11.20,11.64,5450000000.0,5450000000.0,15.86,1.23,1.41,75.74,1.41,2089999999.9999998,75.74,290000000.0,0.88,N/A,13.30,1500000000.0,4.52,529000000.0,1.39,7.65,117000000.0,0.87,N/A,N/A,15320000.0,2.30,5.20,14100000.0,underperform
7283,2012-03-31 04:06:25,1333181185.0,ea,16.79,5.42,1405.540039,11.64,-6.220000000000001,23.58,N/A,1.41,2.42,4.48,3.96,1.84,7.48,11.69,4210000000.0,4210000000.0,14.33,1.12,1.09,135.73,1.09,2089999999.9999998,135.73,173000000.0,0.52,N/A,0.80,1790000000.0,5.41,534000000.0,1.17,6.82,243000000.0,1.07,N/A,N/A,21720000.0,2.80,7.30,20850000.0,underperform
7284,2013-04-22 01:30:23,1366608623.0,ea,17.28,62.73,1562.5,20.29,42.44,28.29,31.24,1.28,2.60,4.42,3.87,1.78,8.29,12.46,4190000000.0000005,4190000000.0000005,15.40,1.34,1.06,10.66,1.06,2540000000.0,10.66,175000000.0,0.55,N/A,13.10,1490000000.0,4.97,554000000.0,1.04,6.51,378000000.0,1.04,4.47,100.80,15780000.0,2.80,5.20,22440000.0,outperform
7285,2013-02-06 14:17:05,1360178225.0,ea,16.88,56.75,1512.119995,17.28,39.47,28.29,30.88,1.30,2.62,4.42,5.18,2.39,8.29,12.46,4200000000.0,4200000000.0,14.82,1.22,1.06,9.30,1.06,2540000000.0,9.30,175000000.0,0.55,N/A,13.10,1490000000.0,4.91,554000000.0,1.04,6.44,378000000.0,1.10,4.16,89.90,26370000.0,4.90,8.70,23730000.0,outperform
7286,2012-06-25 18:51:20,1340664680.0,arna,9.2,-12.07,1313.719971,20.88,-32.95,195.57,N/A,164.17,40.16,N/A,703.07,22.95,156.35,0.07,1800000000.0,1800000000.0,N/A,1.17,164.13,27.10,164.13,4620000.0,27.10,98730000.0,0.66,N/A,44.20,88190000.0,0.48,87670000.0,7.55,0.25,76100000.0,0.58,0.67,28.80,39760000.0,2.00,22.20,41210000.0,underperform
7287,2006-06-23 06:22:31,1151058151.0,arna,10.98,3.01,1244.5,21.56,-18.549999999999997,0.043,N/A,17.46,2.03,203.06,219.18,13.86,26.93,0.836,522120000.0,244530000.0,N/A,N/A,7.90,4.216,7.90,23230000.0,4.216,64769999.99999999,1.75,N/A,174.30,291130000.0,6.161,13530000.0,11.032,5.636,61420000.0,1.71,5.50,101.00,5380000.0,8.2,11.60,5910000.0,underperform
7288,2013-05-07 07:34:15,1367926455.0,arna,8.34,-17.87,1625.959961,15.51,-33.38,92.31,N/A,58.90,20.32,280.06,210.70,17.23,124.20,0.13,1600000000.0,1600000000.0,N/A,6.72,57.53,32.66,57.53,23920000.0,32.66,77780000.0,0.37,N/A,8.40,136250000.0,0.63,74240000.0,16.45,0.37,N/A,0.54,0.58,45.80,62300000.0,11.80,N/A,64170000.0,underperform
7289,2006-10-28 22:31:55,1162089115.0,arna,16.3,-42.7,1382.219971,9.56,-52.260000000000005,0.045,N/A,21.14,2.90,188.26,194.62,14.11,29.09,0.868,722640000.0,467720000.0,N/A,N/A,13.46,8.257,13.46,23230000.0,8.257,67430000.0,1.68,N/A,69.40,268520000.0,5.67,13580000.0,11.625,5.353,63040000.0,1.93,5.49,99.10,6180000.0,5.4,13.40,5690000.0,underperform
7290,2009-02-13 20:19:03,1234574343.0,arna,6.51,-52.84,826.840027,29.18,-82.02000000000001,N/A,N/A,45.33,3.00,N/A,1861.43,35.51,77.45,0.161,484990000.0,388540000.0,N/A,N/A,33.27,1.898,33.27,19330000.0,1.898,217930000.0,3.01,N/A,63.20,212120000.0,2.865,71250000.0,6.785,2.385,185450000.0,0.78,21.86,81.00,12710000.0,25.5,17.40,11950000.0,underperform
7291,2004-10-14 00:44:55,1097729095.0,arna,4.54,125.77,1103.290039,7.55,118.22,18.535,N/A,9.95,0.75,N/A,N/A,24.51,29.70,0.449,120410000.0,14500000.0,N/A,N/A,1.24,N/A,1.24,12830000.0,N/A,56010000.0,2.169,N/A,33.90,130560000.0,5.1,18.535,18.535,6.002,41950000.0,2.259,31.30,70.56,N/A,4.173,2.47,N/A,outperform
7292,2003-11-20 22:54:07,1069386847.0,arna,6.51,-17.2,1033.650024,13.22,-30.42,N/A,N/A,10.63,0.86,N/A,N/A,16.99,17.76,0.635,185980000.0,40810000.0,N/A,N/A,2.32,N/A,2.32,19420000.0,N/A,41230000.0,1.489,N/A,7.50,146030000.0,5.11,N/A,N/A,7.6,N/A,2.38,31.74,70.72,N/A,3.91,1.56,N/A,underperform
7293,2012-09-03 18:11:53,1346710313.0,arna,,,1406.579956,16.58,,69.74,N/A,66.50,18.33,N/A,186.44,14.75,113.25,0.18,1890000000.0,1890000000.0,N/A,1.40,63.68,42.09,63.68,4620000.0,42.09,97920000.0,0.61,N/A,574.30,143810000.0,0.66,75160000.0,8.92,0.50,68750000.0,0.30,0.67,28.80,42760000.0,3.00,23.80,39100000.0,underperform
7294,2013-03-19 09:59:23,1363701563.0,arna,7.5,-13.07,1548.339966,20.18,-33.25,75.49,N/A,62.12,17.36,N/A,207.03,17.07,156.55,0.14,1660000000.0,1660000000.0,N/A,6.42,60.35,35.15,60.35,23920000.0,35.15,88300000.0,0.45,N/A,6.70,156090000.0,0.72,74460000.0,5.72,0.45,44050000.0,0.52,0.58,45.80,58270000.0,12.40,32.50,55320000.0,underperform
7295,2009-04-03 21:40:58,1238809258.0,arna,2.72,14.71,842.5,38.8,-24.089999999999996,N/A,N/A,22.39,1.87,N/A,2405.23,40.46,93.55,0.133,189280000.0,189280000.0,N/A,N/A,19.30,0.85,19.30,1290000.0,0.85,239490000.0,3.24,N/A,40.90,110130000.0,1.484,71630000.0,2.479,1.587,191440000.0,0.29,13.61,85.10,14970000.0,7.2,20.50,12470000.0,underperform
7296,2007-03-07 03:17:51,1173255471.0,arna,11.18,-41.68,1391.969971,-6.3,-35.38,0.09,N/A,23.07,1.93,282.14,303.65,16.47,30.41,0.654,716820000.0,353940000.0,N/A,N/A,11.58,4.478,11.58,23230000.0,4.478,88280000.0,1.89,N/A,20.00,388830000.0,6.395,37490000.0,N/A,6.022,N/A,3.12,8.24,87.80,7290000.0,15.70,15.70,6200000.0,underperform
7297,2007-12-18 03:23:28,1197966208.0,lnc,51.55,-67.64,1454.97998,-37.84,-29.799999999999997,0.396,10.47,1.43,1.29,13.81,22.61,0.84,12.36,39.416,15120000000.0,16100000000.000002,N/A,1.04,1.50,6.502,1.50,9060000000.0,6.502,1480000000.0,5.36,9.30,7.80,4040000000.0,15.017,4730000000.0,21.297,44.442001,3240000000.0,1.02,0.35,67.90,1930000.0,0.7,0.70,1800000.0,underperform
7298,2012-08-22 14:38:22,1345660702.0,lnc,23.12,89.32,1413.48999,17.22,72.1,42.44,29.77,0.63,0.47,2.29,14.39,0.47,1.84,36.55,3530000000.0,3530000000.0,5.46,0.67,0.33,2.28,0.33,4130000000.0,2.28,255000000.0,0.81,6.60,3.30,9200000000.0,32.95,6020000000.0,5.01,50.80,1010000000.0,2.02,0.35,85.50,13840000.0,4.70,4.90,14230000.0,outperform
7299,2013-05-14 08:59:56,1368536396.0,lnc,35.06,41.7,1650.339966,14.43,27.270000000000003,37.65,7.57,0.81,0.63,11.22,15.90,0.54,9.11,42.28,7760000000.0,7760000000.0,7.11,1.02,0.67,4.17,0.67,4310000000.0,4.17,1280000000.0,4.63,1.60,4.90,7190000000.0,26.80,5600000000.0,5.50,55.36,736000000.0,2.07,0.18,88.00,17380000.0,5.70,6.50,14450000.0,outperform
7300,2009-04-06 14:34:49,1239042889.0,lnc,6.05,406.45,835.47998,42.37,364.08,N/A,30.00,0.18,0.22,0.58,7.09,0.25,0.63,38.381,946310000.0,946310000.0,N/A,0.16,0.10,1.338,0.10,9880000000.0,1.338,62000000.0,0.22,N/A,N/A,8260000000.0,32.256,5550000000.0,6.164,31.176001,1260000000.0,2.2,0.38,73.60,N/A,N/A,N/A,11830000.0,outperform
7301,2011-10-29 11:46:56,1319903216.0,lnc,18.7,30.64,1242.0,13.77,16.87,44.02,6.25,0.61,0.48,10.25,16.38,0.58,8.45,34.27,7040000000.0,7040000000.0,5.31,0.48,0.65,3.97,0.65,4010000000.0,3.97,1110000000.0,3.43,27.50,7.60,5540000000.0,17.96,5980000000.0,7.55,44.06,7040000000.0,2.90,0.43,82.30,11660000.0,1.40,3.70,12170000.0,outperform
7302,2004-08-03 21:27:17,1091582837.0,lnc,36.59,17.9,1099.689941,13.22,4.679999999999998,0.277,8.56,1.40,1.28,16.55,24.16,0.89,15.84,30.997,7830000000.0,7300000000.0,10.33,0.95,1.31,N/A,1.31,5280000000.0,N/A,924600000.0,5.128,458.90,14.00,2260000000.0,12.65,1700000000.0,N/A,34.412998,774250000.0,1.234,2.02,73.46,2310000.0,3.003,1.32,2370000.0,outperform
7303,2008-10-17 15:49:33,1224272973.0,lnc,21.68,21.26,940.5499880000001,16.1,5.16,0.476,7.43,0.58,0.57,8.18,18.73,0.66,8.79,39.738,6150000000.0,6560000000.0,N/A,0.41,0.63,3.212,0.63,10590000000.0,3.212,981000000.0,3.221,66.80,3.30,4470000000.0,17.409,5000000000.0,8.928,40.880001,1020000000.0,1.46,0.37,71.70,2850000.0,0.8,1.10,2520000.0,outperform
7304,2004-10-26 05:15:31,1098782131.0,lnc,36.37,15.75,1111.089966,7.23,8.52,0.305,8.20,1.31,1.33,16.55,24.85,0.88,16.01,30.976,7390000000.0,6810000000.0,9.95,0.90,1.22,N/A,1.22,5280000000.0,N/A,924500000.0,5.124,458.90,14.00,2210000000.0,12.58,1680000000.0,N/A,31.370001,1070000000.0000001,1.207,1.98,74.19,3140000.0,5.375,1.82,2410000.0,outperform
7305,2004-12-04 14:28:12,1102188492.0,lnc,39.72,13.7,1191.369995,6.15,7.549999999999999,0.277,8.62,1.45,1.39,17.31,26.66,0.92,17.07,31.832,8289999999.999999,7980000000.0,11.42,1.00,1.39,N/A,1.39,5280000000.0,N/A,991140000.0,5.509,458.90,14.00,2000000000.0,11.43,1660000000.0,N/A,34.205002,1030000000.0,1.126,2.00,75.07,2770000.0,2.211,1.62,3220000.0,outperform
7306,2011-08-18 14:14:06,1313691246.0,lnc,19.43,19.3,1140.650024,24.33,-5.029999999999998,44.02,6.07,0.63,0.50,10.25,16.38,0.58,8.45,34.27,7230000000.0,7230000000.0,4.91,0.54,0.67,4.08,0.67,4010000000.0,4.08,1110000000.0,3.43,27.50,7.60,5540000000.0,17.96,5980000000.0,7.55,44.06,7230000000.0,2.77,0.43,82.30,9810000.0,3.10,3.10,10700000.0,underperform
7307,2006-01-04 07:44:48,1136378688.0,lnc,46.32,25.65,1273.459961,11.38,14.269999999999998,0.239,11.86,1.65,1.46,14.29,22.82,0.68,12.98,32.132,9270000000.0,5950000000.0,N/A,0.98,1.07,4.145,1.07,5370000000.0,4.145,795520000.0,4.51,14.70,9.10,4890000000.0,28.221,1500000000.0,25.453,36.277,1170000000.0,N/A,0.79,75.10,2720000.0,1.8,1.60,2340000.0,outperform
7308,2009-04-11 17:31:32,1239485492.0,lnc,8.69,249.14,825.159973,43.78,205.35999999999999,N/A,47.27,0.24,0.29,0.58,7.09,0.25,0.63,38.381,50160000.0,50160000.0,N/A,0.25,0.01,0.071,0.01,9880000000.0,0.071,62000000.0,0.22,N/A,N/A,8260000000.0,32.256,5550000000.0,6.164,31.176001,1260000000.0,2.2,0.39,73.70,N/A,N/A,N/A,11830000.0,outperform
7309,2005-05-02 07:21:39,1115032899.0,lnc,38.18,31.64,1162.160034,13.0,18.64,0.26,10.99,1.42,1.23,13.62,21.15,0.66,12.35,30.011,7840000000.0,7550000000.0,9.82,0.90,1.41,N/A,1.41,5370000000.0,N/A,731460000.0,4.09,38.10,1.70,1660000000.0,9.53,1600000000.0,N/A,35.578999,1110000000.0,1.07,0.11,73.94,2110000.0,2.382,1.21,2580000.0,outperform
7310,2005-09-07 15:51:54,1126122714.0,lnc,43.46,21.91,1236.359985,4.66,17.25,0.245,11.73,1.60,1.37,14.09,21.52,0.64,12.90,31.283,8780000000.0,5260000000.0,N/A,0.97,0.97,3.862,0.97,5370000000.0,3.862,766450000.0,4.34,5.80,1.10,5000000000.0,29.01,1560000000.0,16.184,36.917,1060000000.0,N/A,0.79,75.10,1930000.0,1.9,1.10,1630000.0,outperform
7311,2008-02-12 02:46:07,1202802367.0,bhi,59.69,-46.44,1348.859985,-38.19,-8.25,0.172,13.65,1.94,3.21,14.52,21.84,15.34,26.22,32.793,20420000000.0,20240000000.0,N/A,0.78,1.94,7.269,1.94,3580000000.0,7.269,1510000000.0,4.73,22.80,11.70,1050000000.0,3.334,1080000000.0,3.372,19.936001,N/A,2.08,0.04,87.40,9740000.0,3.6,3.10,11450000.0,underperform
7312,2012-02-27 21:17:26,1330395446.0,bhi,48.92,-10.87,1367.589966,9.46,-20.33,25.49,12.74,1.15,1.43,8.77,14.70,7.62,11.52,45.48,25780000000.0,25780000000.0,8.78,0.35,1.30,6.08,1.30,3230000000.0,6.08,1740000000.0,3.97,6.30,21.80,1050000000.0,2.40,4070000000.0000005,2.82,36.45,1520000000.0,1.62,0.31,89.50,6180000.0,0.80,1.40,7820000.0,underperform
7313,2008-12-31 20:18:16,1230772696.0,bhi,29.79,28.2,903.25,23.45,4.75,0.24,6.29,0.86,1.45,14.05,20.77,14.48,24.90,36.852,9950000000.0,10330000000.0,N/A,3.31,0.91,3.475,0.91,3580000000.0,3.475,1600000000.0,5.147,10.20,12.40,1130000000.0,3.665,1630000000.0,2.715,22.039,1650000000.0,2.02,0.10,88.80,8870000.0,1.3,2.90,8410000.0,outperform
7314,2004-01-26 00:07:48,1075093668.0,bhi,31.9,20.03,1155.369995,1.13,18.900000000000002,0.456,172.40,2.25,3.46,1.37,10.46,1.10,2.06,15.284,12010000000.0,13480000000.0,26.99,2.57,2.62,15.7,2.62,1390000000.0,15.7,70500000.0,0.208,61.40,6.70,51400000.0,0.15,1520000000.0,2.884,9.98,N/A,0.608,0.61,87.62,6640000.0,3.161,1.99,5590000.0,outperform
7315,2013-05-11 09:33:28,1368279208.0,bhi,46.4,50.24,1632.689941,14.88,35.36,29.23,17.28,0.98,1.20,5.65,9.81,4.94,7.13,48.15,24570000000.0,24570000000.0,11.48,1.31,1.16,6.64,1.16,4000000000.0,6.64,1200000000.0,2.71,29.60,2.30,1100000000.0,2.49,5090000000.0,2.41,38.98,2300000000.0,1.89,0.32,90.90,10080000.0,2.60,2.30,11220000.0,outperform
7316,2005-04-19 11:07:00,1113923220.0,bhi,40.57,68.1,1152.780029,13.63,54.46999999999999,0.298,27.96,2.44,3.80,8.65,13.45,8.21,14.83,18.19,14880000000.0,15730000000.0,18.65,1.24,2.58,13.18,2.58,1740000000.0,13.18,528200000.00000006,1.57,310.10,15.30,319000000.0,0.94,1160000000.0,2.401,11.573,783700000.0,0.64,1.00,91.86,9400000.0,3.146,2.81,10690000.0,outperform
7317,2009-09-18 06:58:39,1253271519.0,bhi,41.38,-7.95,1068.300049,5.31,-13.26,N/A,11.02,1.10,1.73,10.21,15.60,10.01,16.76,36.364,13100000000.0,13100000000.0,N/A,1.02,1.17,5.377,1.17,3910000000.0,5.377,1140000000.0,3.70,77.00,22.10,1360000000.0,4.395,1830000000.0,4.181,23.018999,1560000000.0,1.52,0.16,94.10,7450000.0,1.7,2.40,9600000.0,underperform
7318,2006-06-18 18:23:04,1150669384.0,bhi,73.37,11.65,1256.160034,21.88,-10.229999999999999,0.219,26.37,3.61,5.54,13.65,18.61,13.05,22.45,22.348,27240000000.0,27680000000.0,N/A,0.96,3.64,14.249,3.64,2240000000.0,14.249,1010000000.0,3.032,88.70,25.50,642100000.0,1.884,1080000000.0,2.995,14.537,1000000000.0,0.95,0.21,87.70,10240000.0,2.4,3.00,9850000.0,underperform
7319,2004-12-16 17:56:49,1103237809.0,bhi,38.44,44.61,1203.209961,5.33,39.28,0.306,31.65,2.48,3.97,7.76,12.52,7.24,13.18,17.526,14440000000.0,15550000000.0,23.26,1.93,2.65,14.11,2.65,1440000000.0,14.11,455000000.0,1.36,23.70,5.40,106800000.0,0.32,1120000000.0,2.466,10.909,887000000.0,0.54,1.00,92.90,10580000.0,3.537,3.18,13130000.0,outperform
7320,2008-04-20 11:40:09,1208706009.0,bhi,71.31,-59.33,1365.560059,-39.04,-20.29,0.172,17.09,2.30,3.87,14.52,21.84,15.34,26.22,32.793,25000000000.0,25030000000.0,N/A,1.02,2.40,8.942,2.40,3580000000.0,8.942,1510000000.0,4.73,22.80,11.70,1050000000.0,3.408,1080000000.0,3.372,19.992001,1470000000.0,1.83,0.09,94.10,10230000.0,1.8,3.30,9910000.0,underperform
7321,2011-12-23 11:42:42,1324658562.0,bhi,48.12,-16.48,1265.329956,13.47,-29.950000000000003,24.74,12.37,1.15,1.40,9.33,14.27,7.19,11.97,43.35,24850000000.0,24850000000.0,8.98,0.37,1.32,6.22,1.32,3230000000.0,6.22,1760000000.0,4.03,176.90,27.00,803000000.0,1.84,3900000000.0,3.12,35.62,960000000.0,1.47,0.31,90.40,9200000.0,1.50,2.10,10060000.0,underperform
7322,2011-06-08 14:09:15,1307556555.0,bhi,69.77,-44.17,1279.560059,2.77,-46.940000000000005,25.91,29.22,1.92,2.17,6.49,11.97,6.99,9.69,38.63,33990000000.000004,33990000000.000004,13.61,0.64,2.07,10.76,2.07,3230000000.0,10.76,1060000000.0,2.50,195.30,78.20,1400000000.0,3.21,3840000000.0,2.88,33.52,33990000000.000004,1.46,0.31,90.40,N/A,160.00,410.00,0.60,underperform
7323,2009-09-19 11:08:47,1253372927.0,bhi,37.49,1.31,1068.76001,5.23,-3.9200000000000004,N/A,11.90,1.13,1.77,10.21,15.60,10.01,16.76,36.364,14100000000.0,14100000000.0,N/A,1.04,1.26,5.788,1.26,3910000000.0,5.788,1140000000.0,3.70,77.00,22.10,1360000000.0,4.395,1830000000.0,4.181,23.018999,1560000000.0,1.52,0.16,94.10,7450000.0,1.7,2.40,9600000.0,underperform
7324,2013-04-22 02:10:40,1366611040.0,bhi,42.6,63.47,1562.5,20.29,43.18,29.23,16.08,0.93,1.13,5.65,9.81,4.94,7.13,48.15,23300000000.0,23300000000.0,10.40,1.25,1.10,6.29,1.10,4000000000.0,6.29,1200000000.0,2.71,29.60,2.30,1100000000.0,2.49,5090000000.0,2.41,39.32,2300000000.0,1.90,0.32,90.90,11220000.0,2.90,2.50,13270000.0,outperform
7325,2004-11-23 09:52:37,1101221557.0,bhi,39.7,33.2,1176.939941,7.53,25.67,0.306,32.10,2.49,4.00,7.76,12.52,7.24,13.18,17.526,14650000000.0,15660000000.0,23.73,1.95,2.67,14.21,2.67,1440000000.0,14.21,455000000.0,1.36,23.70,5.40,106800000.0,0.32,1120000000.0,2.466,10.909,887000000.0,0.521,0.62,92.68,10580000.0,3.537,3.17,13130000.0,outperform
7326,2006-10-23 12:26:59,1161620819.0,bhi,65.15,28.63,1377.02002,10.35,18.28,0.2,11.00,2.92,4.36,27.54,19.94,13.57,45.40,23.67,23450000000.0,22240000000.0,N/A,0.71,2.77,10.369,2.77,2240000000.0,10.369,2190000000.0,6.48,537.60,24.60,1970000000.0,5.999,1080000000.0,3.215,16.357,757500000.0,0.68,0.22,80.70,9180000.0,2.3,2.80,9720000.0,outperform
7327,2005-02-07 15:53:38,1107809618.0,bhi,39.57,65.33,1201.719971,4.42,60.91,0.306,32.24,2.53,4.05,7.76,12.52,7.24,13.18,17.526,14710000000.0,15840000000.0,23.58,1.97,2.70,14.37,2.70,1440000000.0,14.37,455000000.0,1.36,23.70,5.40,106800000.0,0.32,1120000000.0,2.466,10.909,887000000.0,0.618,1.00,92.28,10970000.0,5.228,3.30,10830000.0,outperform
7328,2011-08-08 06:06:06,1312797966.0,bhi,55.39,-15.24,1119.459961,25.18,-40.42,23.75,21.46,1.63,1.94,7.37,12.90,6.41,9.19,40.94,30820000000.0,30820000000.0,10.87,0.52,1.74,8.67,1.74,3230000000.0,8.67,1310000000.0,3.01,263.40,40.50,937000000.0,2.15,3610000000.0,3.12,34.25,30820000000.0,1.51,0.31,90.40,6450000.0,1.50,1.50,7160000.0,underperform
7329,2012-05-01 19:35:49,1335915349.0,bhi,43.3,0.76,1405.819946,12.58,-11.82,27.58,11.39,0.94,1.18,8.41,14.05,7.40,11.15,47.28,23100000000.0,23100000000.0,9.68,0.50,1.12,5.41,1.12,4570000000.0,5.41,1740000000.0,3.96,0.50,18.30,780000000.0,1.78,4520000000.0,2.63,37.32,1360000000.0,1.82,0.31,89.50,11680000.0,1.30,2.70,10920000.0,underperform
7330,2009-03-03 02:32:11,1236065531.0,bhi,25.24,87.52,696.330017,60.67,26.849999999999994,N/A,5.07,0.76,1.32,13.78,20.55,14.03,24.94,38.645,8199999999.999999,9350000000.0,N/A,13.25,0.79,3.062,0.79,3580000000.0,3.062,1640000000.0,5.29,7.90,16.30,1960000000.0,6.389,2330000000.0,2.845,22.245001,N/A,1.63,0.14,88.00,8650000.0,1.7,2.80,7720000.0,outperform
7331,2011-12-29 08:21:19,1325164879.0,bhi,46.46,-15.99,1263.02002,11.04,-27.03,24.74,11.90,1.11,1.35,9.33,14.27,7.19,11.97,43.35,24020000000.0,24020000000.0,8.65,0.36,1.27,6.01,1.27,3230000000.0,6.01,1760000000.0,4.03,176.90,27.00,803000000.0,1.84,3900000000.0,3.12,35.62,960000000.0,1.47,0.31,90.40,9200000.0,1.50,2.10,10060000.0,underperform
7332,2013-02-03 03:21:02,1359879662.0,bhi,43.86,27.13,1498.109985,16.27,10.86,28.47,15.17,0.94,1.14,6.26,10.24,5.20,7.75,47.57,23710000000.0,23710000000.0,10.57,1.52,1.13,6.46,1.13,4570000000.0,6.46,1280000000.0,2.97,31.80,3.10,1020000000.0,2.31,4920000000.0,2.66,39.24,1840000000.0,1.82,0.31,92.80,11000000.0,2.70,2.50,11600000.0,outperform
7333,2011-10-23 20:41:39,1319416899.0,bhi,51.81,-17.26,1215.390015,17.97,-35.230000000000004,23.75,18.12,1.32,1.57,7.37,12.90,6.41,9.19,40.94,26440000000.0,26440000000.0,9.48,0.40,1.49,7.43,1.49,3230000000.0,7.43,1310000000.0,3.01,263.40,40.50,937000000.0,2.15,3610000000.0,3.12,34.25,26440000000.0,1.57,0.31,90.40,9250000.0,1.50,2.10,9350000.0,underperform
7334,2004-08-16 22:53:31,1092711211.0,bhi,35.16,46.73,1079.339966,12.97,33.76,0.376,50.80,2.29,3.72,4.55,11.52,4.09,7.56,16.944,13090000000.0,14260000000.0,22.54,1.79,2.52,14.01,2.52,1440000000.0,14.01,257800000.0,0.772,23.70,5.40,47400000.0,0.14,1310000000.0,2.14,10.462,778300000.0,0.51,0.61,88.76,8740000.0,3.878,2.64,6420000.0,outperform
7335,2012-10-25 01:20:18,1351142418.0,bhi,42.29,35.9,1412.969971,24.54,11.36,30.14,13.32,0.89,1.11,6.59,12.05,6.31,8.61,48.75,23080000000.0,23080000000.0,11.57,0.85,1.08,5.67,1.08,4570000000.0,5.67,1400000000.0,3.21,60.50,1.00,1010000000.0,2.29,5140000000.0,2.49,38.80,1770000000.0,1.58,0.31,92.80,15090000.0,3.60,3.50,16850000.0,outperform
7336,2004-06-20 22:45:54,1087785954.0,ctxs,19.5,13.38,1132.050049,7.42,5.960000000000001,1.468,31.35,5.47,3.92,17.47,20.77,8.65,15.29,3.526,3290000000.0,3040000000.0,20.11,1.83,5.01,21.99,5.01,568590000.0,21.99,105940000.0,0.616,35.20,11.60,251190000.0,1.48,1.468,1.468,4.973,273990000.0,2.032,0.48,68.31,5310000.0,1.742,3.13,5690000.0,outperform
7337,2011-10-16 04:56:38,1318755398.0,ctxs,62.34,7.14,1203.660034,19.65,-12.509999999999998,N/A,35.66,5.80,4.40,16.68,18.49,6.51,13.45,10.79,10970000000.0,10970000000.0,22.83,1.51,5.42,21.22,5.42,1650000000.0,21.22,337610000.0,1.77,72.30,15.80,898420000.0,4.77,0.00,1.40,14.17,10970000000.0,1.01,0.38,92.60,5920000.0,1.90,N/A,6240000.0,underperform
7338,2005-03-29 08:33:55,1112103235.0,ctxs,23.08,54.68,1165.359985,11.8,42.879999999999995,1.247,31.45,5.41,4.36,17.75,20.48,10.76,15.72,4.242,4000000000.0,3770000000.0,19.82,1.93,5.08,23.83,5.08,714730000.0,23.83,131550000.00000001,0.75,3.60,25.90,233140000.0,1.38,1.247,1.247,5.428,265279999.99999997,2.141,2.53,78.44,3740000.0,1.5,2.26,3480000.0,outperform
7339,2006-10-23 13:29:39,1161624579.0,ctxs,29.65,40.37,1377.02002,10.35,30.019999999999996,N/A,27.46,5.07,3.45,18.53,21.60,9.20,15.23,5.807,5220000000.0,5820000000.0,N/A,1.37,5.65,18.94,5.65,850760000.0,18.94,191020000.0,1.03,66.60,30.40,620830000.0,3.378,N/A,1.915,8.244,310110000.0,1.56,0.25,83.00,4480000.0,1.4,2.40,4120000.0,outperform
7340,2006-06-23 06:23:15,1151058195.0,ctxs,37.48,-10.09,1244.5,21.56,-31.65,N/A,38.86,7.00,5.04,17.84,22.82,9.46,15.24,5.549,6760000000.0,6180000000.0,N/A,1.75,6.39,21.504,6.39,850760000.0,21.504,172460000.0,0.96,15.90,28.80,580270000.0,3.186,N/A,1.821,7.379,315080000.0,1.36,0.26,81.80,3690000.0,1.3,2.00,3030000.0,underperform
7341,2006-05-24 12:19:18,1148487558.0,ctxs,39.05,-16.82,1258.569946,19.78,-36.6,N/A,40.84,7.35,5.29,17.84,22.82,9.46,15.24,5.549,7100000000.0,6500000000.0,N/A,1.86,6.72,22.613,6.72,850760000.0,22.613,172460000.0,0.96,15.90,28.80,580270000.0,3.186,N/A,1.821,7.379,315080000.0,1.45,0.26,81.30,3030000.0,1.1,1.70,4240000.0,underperform
7342,2005-04-18 15:16:59,1113851819.0,ctxs,22.3,72.06,1145.97998,14.08,57.980000000000004,1.247,29.63,5.08,4.09,17.75,20.48,10.76,15.72,4.242,3770000000.0,3530000000.0,18.67,1.82,4.76,22.35,4.76,714730000.0,22.35,131550000.00000001,0.75,3.60,25.90,233140000.0,1.38,1.247,1.247,5.428,265279999.99999997,2.615,0.82,77.33,3740000.0,1.5,2.22,3480000.0,outperform
7343,2012-07-24 19:47:49,1343173669.0,ctxs,76.76,-12.08,1338.310059,25.98,-38.06,N/A,41.41,6.28,5.20,15.23,18.60,6.78,12.99,12.34,13610000000.0,13610000000.0,23.88,1.64,5.91,22.83,5.91,1920000000.0,22.83,351090000.0,1.85,7.10,20.10,867080000.0,4.66,0.00,1.22,14.94,762960000.0,1.80,0.46,93.80,1900000.0,1.00,1.20,1900000.0,underperform
7344,2013-02-06 14:07:32,1360177652.0,ctxs,72.65,-25.35,1512.119995,17.28,-42.63,N/A,39.41,5.35,4.43,13.63,15.11,5.51,12.05,13.67,12900000000.0,12900000000.0,20.59,1.38,4.99,21.30,4.99,1920000000.0,21.30,352550000.0,1.86,4.90,19.50,928630000.0,4.92,0.00,1.27,16.55,818530000.0,1.98,0.44,94.20,4500000.0,2.10,2.90,3330000.0,underperform
7345,2004-01-20 04:12:05,1074589925.0,ctxs,22.57,-0.53,1138.77002,4.03,-4.5600000000000005,0.534,28.18,6.09,5.42,22.47,27.16,11.04,20.83,3.378,3510000000.0,3340000000.0,26.90,2.25,5.77,19.82,5.77,508420000.0,19.82,130240000.00000001,0.759,10.80,10.80,515080000.00000006,3.14,346880000.0,1.185,3.97,N/A,1.942,0.38,70.21,5970000.0,2.574,3.65,6070000.0,underperform
7346,2005-09-07 19:55:04,1126137304.0,ctxs,24.89,24.43,1236.359985,4.66,19.77,1.497,27.71,5.21,4.29,19.30,24.34,9.75,17.12,4.802,4240000000.0,3860000000.0,N/A,1.92,4.73,16.472,4.73,714730000.0,16.472,157190000.0,0.90,11.40,18.50,390950000.0,2.295,1.497,1.497,5.814,280930000.0,N/A,0.27,81.10,3130000.0,1.5,1.80,4910000.0,outperform
7347,2013-05-16 09:02:58,1368709378.0,ctxs,66.83,-9.52,1650.469971,13.78,-23.299999999999997,N/A,35.81,4.57,3.82,12.89,13.85,5.14,11.52,14.28,11800000000.0,11800000000.0,18.51,1.26,4.42,19.68,4.42,2180000000.0,19.68,343970000.0,1.82,12.60,14.10,657940000.0,3.52,0.00,1.00,17.08,824940000.0,1.95,0.39,93.30,3490000.0,1.30,1.90,2370000.0,underperform
7348,2004-10-14 00:45:31,1097729131.0,ctxs,20.9,16.22,1103.290039,7.55,8.669999999999998,1.407,33.56,5.48,4.18,16.84,19.87,8.82,14.58,3.707,3540000000.0,3270000000.0,22.04,1.98,5.10,22.99,5.10,568590000.0,22.99,108070000.0,0.624,35.20,11.60,240360000.0,1.42,1.407,1.407,4.966,264470000.00000003,2.058,0.44,71.00,5710000.0,4.032,3.39,5910000.0,outperform
7349,2010-08-06 21:10:50,1281143450.0,ctxs,58.32,21.45,1121.640015,12.37,9.08,N/A,46.32,6.33,4.67,13.71,15.33,5.39,10.79,9.35,10090000000.0,10090000000.0,26.39,2.50,5.85,25.05,5.85,1430000000.0,25.05,236480000.0,1.26,11.80,16.70,823030000.0,4.35,0.00,1.48,12.34,10090000000.0,1.18,4.77,89.20,8490000.0,2.70,5.10,9990000.0,outperform
7350,2004-08-11 10:31:44,1092234704.0,ctxs,15.74,48.03,1075.790039,15.06,32.97,1.407,25.61,4.24,3.33,16.84,19.87,8.82,14.58,3.707,2720000000.0,2460000000.0,16.82,1.44,3.84,17.29,3.84,568590000.0,17.29,108070000.0,0.624,35.20,11.60,240360000.0,1.42,1.407,1.407,4.806,273990000.0,2.031,0.44,69.33,7090000.0,2.255,4.21,5320000.0,outperform
7351,2011-01-19 17:38:52,1295476732.0,ctxs,67.79,2.35,1281.920044,2.54,-0.18999999999999995,N/A,47.62,7.10,5.11,15.08,16.13,5.65,11.72,9.73,11850000000.0,11850000000.0,29.76,2.68,6.60,27.63,6.60,1430000000.0,27.63,270830000.0,1.43,64.30,17.80,902180000.0,4.81,0.00,1.56,13.28,11850000000.0,1.08,0.36,94.90,3560000.0,1.80,2.10,4560000.0,underperform
7352,2005-02-08 19:49:59,1107910199.0,ctxs,21.96,39.71,1202.300049,5.27,34.44,1.247,28.97,5.43,4.29,17.75,20.48,10.76,15.72,4.245,3690000000.0,3490000000.0,18.29,1.73,4.70,21.24,4.70,568590000.0,21.24,131550000.00000001,0.75,35.20,11.60,233140000.0,1.38,1.247,1.247,5.114,254110000.0,2.058,2.54,73.25,2930000.0,1.55,1.77,3120000.0,outperform
7353,2008-01-22 19:44:51,1201049091.0,ctxs,32.87,-29.08,1310.5,-35.88,6.800000000000004,N/A,29.98,4.87,3.71,15.58,16.30,6.27,13.09,7.307,6280000000.0,5680000000.0,N/A,1.36,4.33,19.548,4.33,1040000000.0,19.548,204620000.0,1.10,39.00,25.90,710990000.0,3.748,N/A,1.668,9.091,409350000.0,1.14,0.29,80.60,4940000.0,1.9,2.60,4530000.0,outperform
7354,2011-08-16 07:31:48,1313494308.0,ctxs,59.66,25.81,1192.76001,17.84,7.969999999999999,N/A,35.10,5.77,4.38,16.68,18.49,6.51,13.45,10.79,10780000000.0,10780000000.0,22.39,1.73,5.33,20.85,5.33,1650000000.0,20.85,337610000.0,1.77,72.30,15.80,898420000.0,4.77,0.00,1.40,14.17,10780000000.0,1.00,0.38,92.60,3260000.0,1.50,1.70,3440000.0,outperform
7355,2008-04-28 02:29:09,1209364149.0,ctxs,32.29,-19.98,1396.369995,-38.76,18.779999999999998,N/A,28.80,4.28,3.38,14.46,13.90,5.36,12.37,7.987,6120000000.0,5690000000.0,N/A,1.25,3.90,19.159,3.90,1250000000.0,19.159,211230000.0,1.12,8.60,22.40,430710000.0,2.267,N/A,1.175,9.735,N/A,1.23,0.34,84.60,8480000.0,2.1,4.60,8400000.0,outperform
7356,2008-10-29 19:25:53,1225322753.0,exc,39.01,-3.77,930.090027,14.62,-18.39,1.121,13.14,1.92,3.63,13.71,25.49,6.63,23.57,28.721,33729999999.999996,48730000000.0,N/A,1.73,2.58,7.586,2.58,11270000000.0,7.586,2590000000.0,3.905,10.30,3.90,182000000.0,0.277,12990000000.0,1.02,15.041,5350000000.0,0.91,0.11,66.90,5200000.0,0.9,0.80,3990000.0,underperform
7357,2008-04-18 07:46:55,1208519215.0,exc,64.68,-44.31,1390.329956,-38.72,-5.590000000000003,1.35,21.52,3.04,5.68,14.46,24.48,6.42,27.07,28.233,57590000000.0,70970000000.0,N/A,2.12,3.75,11.541,3.75,11270000000.0,11.541,2730000000.0,4.05,4.90,23.20,311000000.0,0.47,13690000000.0,0.843,15.332,4500000000.0,0.58,0.09,67.20,5670000.0,1.4,0.90,8109999.999999999,underperform
7358,2013-05-11 09:56:22,1368280582.0,exc,33.65,6.39,1632.689941,14.88,-8.490000000000002,94.01,32.03,1.22,1.44,3.84,12.79,2.55,4.48,29.15,49720000000.0,49720000000.0,15.34,4.18,2.00,6.74,2.00,5370000000.0,6.74,956000000.0,1.12,N/A,29.80,772000000.0,0.90,20050000000.0,1.12,24.67,6000000000.0,0.57,0.07,62.40,19130000.0,3.30,2.20,18380000.0,underperform
7359,2013-04-22 02:24:22,1366611862.0,exc,34.56,1.94,1562.5,20.29,-18.349999999999998,90.61,25.83,1.33,1.45,4.94,14.05,3.09,6.48,28.79,49570000000.0,49570000000.0,15.88,2.21,2.11,6.84,2.11,5370000000.0,6.84,1160000000.0,1.42,37.60,44.20,1490000000.0,1.74,19690000000.0,1.30,25.07,6130000000.0,0.56,0.07,62.40,18380000.0,3.20,2.20,18330000.0,underperform
7360,2009-01-06 16:48:50,1231278530.0,exc,43.64,-12.19,934.7000119999999,21.66,-33.85,1.121,14.73,1.99,3.26,13.71,25.49,6.63,23.57,28.721,37840000000.0,50530000000.0,N/A,1.63,2.67,7.866,2.67,11270000000.0,7.866,2590000000.0,3.905,10.30,3.90,182000000.0,0.277,12990000000.0,1.02,17.611,5350000000.0,0.8,0.10,66.60,5650000.0,1.4,0.90,5210000.0,underperform
7361,2011-09-27 04:55:09,1317113709.0,exc,37.09,-12.59,1175.380005,21.95,-34.54,96.73,10.61,1.45,1.99,13.68,23.84,5.72,19.46,29.34,41210000000.0,41210000000.0,14.37,15.91,2.12,6.10,2.12,7610000000.0,6.10,2660000000.0,4.01,39.30,4.30,562000000.0,0.85,13650000000.0,1.17,21.30,41210000000.0,0.61,0.12,62.40,23000000.0,3.00,4.00,20660000.0,underperform
7362,2008-01-11 13:53:05,1200077585.0,exc,62.05,-32.38,1401.02002,-35.29,2.9099999999999966,1.317,20.90,3.11,5.40,15.31,26.97,6.97,27.39,26.861,56220000000.0,69510000000.0,N/A,2.27,3.85,10.831,3.85,10420000000.0,10.831,2760000000.0,4.08,N/A,14.30,440000000.0,0.667,13730000000.0,0.938,15.789,4800000000.0,0.4,0.10,68.80,12880000.0,4.1,2.00,14630000.0,outperform
7363,2010-01-31 09:32:11,1264948331.0,exc,36.41,-2.8,1084.530029,18.59,-21.39,N/A,11.16,1.75,2.40,15.63,28.65,6.39,22.85,26.279,40780000000.0,40780000000.0,N/A,7.74,2.36,5.393,2.36,12280000000.0,5.393,2710000000.0,4.09,17.80,8.40,2009999999.9999998,3.045,12680000000.0,1.284,19.152,6090000000.0,0.62,0.10,66.00,12040000.0,1.80,1.80,11040000.0,underperform
7364,2009-11-04 02:54:08,1257321248.0,exc,36.48,-7.24,1046.5,16.68,-23.92,N/A,10.75,1.73,2.45,16.01,29.75,6.95,23.36,26.861,41260000000.0,41260000000.0,N/A,2.54,2.33,5.924,2.33,N/A,5.924,2810000000.0,4.29,8.10,17.00,2370000000.0,3.6,13020000000.0,1.327,18.941999,6810000000.0,0.6,0.10,66.80,8359999.999999999,2.5,1.30,8180000.0,underperform
7365,2005-02-05 05:41:05,1107600065.0,exc,30.55,28.74,1193.189941,6.51,22.229999999999997,1.483,17.40,2.04,3.14,11.85,23.07,4.17,19.86,22.101,30310000000.0,43590000000.0,14.16,2.48,2.96,9.36,2.96,9440000000.0,9.36,1750000000.0,2.63,37.20,5.70,584000000.0,0.88,14160000000.0,0.9,14.408,3990000000.0,0.081,0.91,62.75,7650000.0,2.341,1.17,7960000.0,outperform
7366,2012-01-15 01:23:18,1326608598.0,exc,35.14,-22.42,1295.5,13.52,-35.94,101.53,10.94,1.37,1.86,12.42,23.03,5.32,17.05,29.32,39860000000.0,39860000000.0,13.12,23.60,2.05,5.98,2.05,7610000000.0,5.98,2410000000.0,3.63,28.90,0.10,1070000000.0000001,1.62,14580000000.0,1.26,21.65,4050000000.0,0.50,0.09,65.90,38260000.0,7.50,N/A,37430000.0,underperform
7367,2003-12-15 21:55:23,1071543323.0,exc,20.67,41.27,1068.040039,12.67,28.6,1.868,22.35,1.30,2.49,5.74,15.19,2.38,11.18,48.914,20570000000.0,35690000000.0,11.68,2.48,2.24,9.94,2.24,9690000000.0,9.94,915500000.0,2.814,0.80,1.20,604000000.0,1.85,15560000000.0,0.725,25.46,N/A,0.068,0.56,62.57,2280000.0,2.012,0.70,3550000.0,outperform
7368,2013-05-08 22:20:39,1368066039.0,esrx,61.32,9.33,1632.689941,14.88,-5.550000000000001,61.14,36.11,0.46,2.12,1.32,3.66,6.56,11.11,132.31,62780000000.0,62780000000.0,12.44,0.82,0.58,10.10,0.58,7330000000.0,10.10,1450000000.0,1.70,39.30,114.80,1990000000.0,2.43,14450000000.0,0.76,28.89,5210000000.0,1.27,0.62,86.90,10340000.0,2.20,1.30,10350000.0,underperform
7369,2009-08-23 03:09:49,1251011389.0,esrx,69.74,-34.56,1007.3699949999999,5.96,-40.52,N/A,21.90,0.87,6.21,3.73,6.35,11.67,43.98,87.635,18670000000.0,18670000000.0,N/A,1.18,0.85,12.553,0.85,2040000000.0,12.553,816200000.0,3.24,1.10,0.50,4860000000.0,17.721,4090000000.0,2.213,11.239,1130000000.0,0.95,0.27,83.70,8420000.0,3.3,3.10,8390000.0,underperform
7370,2007-01-28 02:06:11,1169967971.0,esrx,34.94,82.2,1423.900024,-4.91,87.11,1.68,23.04,0.53,9.75,2.47,4.37,11.28,38.04,124.741,9470000000.0,11030000000.0,N/A,1.24,0.62,12.386,0.62,1200000000.0,12.386,438200000.0,3.04,12.80,12.50,68100000.0,0.503,1630000000.0,0.743,7.167,614500000.0,0.48,18.19,89.50,4050000.0,1.4,3.00,4760000.0,outperform
7371,2013-04-22 02:32:58,1366612378.0,esrx,55.43,28.02,1562.5,20.29,7.73,68.03,31.57,0.49,1.95,1.40,3.77,6.00,10.50,128.34,58430000000.0,58430000000.0,11.27,0.74,0.62,11.08,0.62,7330000000.0,11.08,1340000000.0,1.75,73.60,126.50,2790000000.0,3.41,15920000000.0,0.82,28.58,4780000000.0,1.26,0.62,86.90,10350000.0,2.00,1.30,11450000.0,outperform
7372,2012-03-12 11:06:46,1331564806.0,esrx,53.43,11.21,1371.089966,13.23,-2.0199999999999996,326.49,21.42,0.57,10.61,2.77,5.15,11.34,41.97,92.09,28720000000.0,28720000000.0,13.12,0.98,0.62,11.04,0.62,3210000000.0,11.04,1280000000.0,2.53,11.90,7.10,5620000000.0,11.59,8080000000.0,1.48,5.11,2190000000.0,1.30,0.19,107.60,93480000.0,10.20,19.40,92670000.0,underperform
7373,2007-04-09 15:21:47,1176146507.0,esrx,42.94,54.29,1444.609985,-5.47,59.76,1.289,25.74,0.66,10.35,2.69,4.67,9.94,36.64,126.323,11660000000.0,12960000000.0,N/A,1.13,0.73,13.733,0.73,1500000000.0,13.733,474400000.0,3.34,32.50,1.10,131000000.0,0.966,1450000000.0,0.729,8.293,658600000.0,0.3,0.33,86.90,6510000.0,1.9,4.80,9290000.0,outperform
7374,2004-09-19 12:15:32,1095610532.0,esrx,15.96,90.23,1123.5,9.57,80.66,0.318,18.75,0.35,3.76,1.89,3.42,7.77,21.90,179.182,4930000000.0,5230000000.0,13.81,0.85,0.37,9.6,0.37,866340000.0,9.6,267360000.0,3.388,23.10,8.40,117710000.0,1.52,419650000.0,0.826,16.992001,490640000.0,0.159,15.45,83.83,3180000.0,1.814,4.84,2860000.0,outperform
7375,2007-05-27 21:41:53,1180316513.0,esrx,,,1507.51001,-8.73,,1.056,27.42,0.76,10.52,2.83,5.02,10.73,34.66,129.951,13510000000.0,14660000000.0,N/A,1.25,0.82,14.463,0.82,1500000000.0,14.463,503400000.0,3.62,27.70,3.60,207200000.0,1.521,1360000000.0,0.77,9.456,773200000.0,0.68,0.33,84.80,4720000.0,1.9,3.50,6510000.0,underperform
7376,2006-06-18 07:31:37,1150630297.0,esrx,33.33,51.52,1256.160034,21.88,29.640000000000004,0.91,24.18,0.58,6.06,2.49,4.08,9.39,28.69,114.928,10010000000.0,10970000000.0,N/A,1.19,0.65,14.13,0.65,1200000000.0,14.13,419400000.0,2.82,22.70,15.80,509400000.0,3.465,1470000000.0,0.998,10.995,695800000.0,0.36,16.76,87.20,4300000.0,1.8,2.90,4139999.9999999995,outperform
7377,2012-06-29 23:23:44,1341026624.0,esrx,55.83,9.94,1362.160034,17.7,-7.76,415.68,22.58,0.94,9.59,2.58,5.12,9.95,36.12,96.26,46090000000.0,46090000000.0,12.78,0.87,0.98,17.44,0.98,N/A,17.44,1220000000.0,2.47,18.00,9.40,9580000000.0,11.89,11540000000.0,2.14,5.71,2480000000.0,1.21,0.63,66.20,12850000.0,2.30,1.60,35370000.0,underperform
7378,2007-03-22 02:06:12,1174543572.0,esrx,41.86,44.03,1434.540039,-7.24,51.27,1.289,25.02,0.64,10.12,2.69,4.67,9.94,36.64,126.323,11340000000.0,12700000000.0,N/A,1.18,0.72,13.46,0.72,1500000000.0,13.46,474400000.0,3.34,32.50,1.10,131000000.0,0.966,1450000000.0,0.729,8.293,658600000.0,0.28,0.33,86.80,9290000.0,6.90,6.90,4050000.0,outperform
7379,2004-05-18 10:01:38,1084888898.0,esrx,19.21,22.23,1091.48999,8.62,13.610000000000001,0.473,23.29,0.44,4.68,1.90,3.42,7.67,22.28,172.737,5980000000.0,6280000000.0,16.45,0.98,0.46,11.98,0.46,866340000.0,11.98,260940000.0,3.292,23.10,8.40,300860000.0,3.86,605030000.0,0.91,16.402,461270000.0,0.278,21.60,86.63,2730000.0,2.644,4.47,4650000.0,outperform
7380,2013-02-06 16:20:12,1360185612.0,esrx,54.7,35.25,1512.119995,17.28,17.97,75.29,32.93,0.58,1.98,1.39,3.95,5.72,8.82,121.78,61330000000.0,61330000000.0,13.10,0.85,0.78,13.78,0.78,N/A,13.78,1100000000.0,1.67,20.50,133.30,1250000000.0,1.53,17120000000.000002,0.80,28.09,2580000000.0,1.30,0.61,84.00,10400000.0,2.10,1.30,10880000.0,outperform
7381,2011-09-26 05:04:32,1317027872.0,esrx,39.32,59.87,1162.949951,23.96,35.91,223.66,15.86,0.43,10.55,2.87,5.07,13.13,47.40,86.08,22700000000.0,22700000000.0,10.05,0.71,0.50,9.04,0.50,2960000000.0,9.04,1300000000.0,2.44,15.30,0.60,291000000.0,0.60,4090000000.0,0.57,3.74,22700000000.0,0.86,0.52,92.10,65410000.0,6.10,12.50,60530000.0,outperform
7382,2007-03-20 18:29:44,1174429784.0,esrx,41.97,45.18,1410.939941,-7.97,53.15,1.68,27.83,0.65,10.20,2.47,4.37,11.28,38.04,124.741,11460000000.0,11320000000.0,N/A,1.14,0.64,12.711,0.64,1200000000.0,12.711,438200000.0,3.04,12.80,12.50,68100000.0,0.503,1630000000.0,0.743,8.293,614500000.0,0.44,23.62,91.60,4050000.0,1.4,3.00,4760000.0,outperform
7383,2005-02-19 21:29:46,1108866586.0,esrx,19.31,142.15,1210.339966,6.53,135.62,0.345,22.72,0.40,4.58,1.81,3.24,7.54,21.21,187.448,5840000000.0,6120000000.0,16.82,1.07,0.42,11.32,0.42,866340000.0,11.32,264730000.00000003,3.38,23.10,8.40,161160000.0,2.12,439660000.0,0.828,16.752001,479800000.0,0.088,15.38,85.10,3740000.0,5.093,5.82,4780000.0,outperform
7384,2004-06-23 01:21:26,1087968086.0,esrx,19.1,34.03,1144.060059,4.95,29.080000000000002,0.473,23.56,0.44,4.69,1.90,3.42,7.67,22.28,172.737,6040000000.0,6290000000.0,16.61,0.99,0.46,N/A,0.46,866340000.0,524409999.99999994,260940000.0,3.292,23.10,8.40,300860000.0,3.86,605030000.0,0.91,16.402,461270000.0,0.292,21.60,85.10,2540000.0,2.474,4.16,2730000.0,outperform
7385,2011-11-08 07:13:44,1320754424.0,esrx,48.32,13.72,1275.920044,9.3,4.42,184.28,18.54,0.49,10.16,2.90,5.19,13.96,48.84,88.58,25840000000.0,25840000000.0,12.97,0.88,0.57,10.01,0.57,2960000000.0,10.01,1320000000.0,2.54,7.70,2.80,1060000000.0,2.18,3990000000.0,0.64,4.45,25840000000.0,1.09,0.52,92.10,75500000.0,7.20,14.40,69160000.0,outperform
7386,2005-09-13 05:33:10,1126603990.0,esrx,30.15,38.51,1231.199951,7.06,31.45,0.263,27.78,0.58,6.33,2.13,3.73,9.73,24.14,103.722,9000000000.0,8950000000.0,N/A,1.50,0.58,13.75,0.58,944190000.0,13.75,330100000.0,2.18,55.90,4.40,417250000.0,2.807,373010000.0,0.906,9.532,659320000.0,N/A,0.71,88.70,4240000.0,3.5,2.90,3440000.0,outperform
7387,2007-06-11 03:11:55,1181545915.0,esrx,48.72,38.26,1509.119995,-9.98,48.239999999999995,1.056,27.06,0.74,10.22,2.83,5.02,10.73,34.66,129.951,13340000000.0,14490000000.0,N/A,1.23,0.81,14.29,0.81,1500000000.0,14.29,503400000.0,3.62,27.70,3.60,207200000.0,1.521,1360000000.0,0.77,9.456,773200000.0,0.72,0.33,98.30,4880000.0,2.2,3.60,4720000.0,outperform
7388,2012-03-24 15:06:18,1332615978.0,esrx,53.56,8.92,1402.890015,10.19,-1.2699999999999996,326.49,20.83,0.56,10.39,2.77,5.15,11.34,41.97,92.09,28010000000.0,28010000000.0,12.64,0.98,0.61,10.77,0.61,3210000000.0,10.77,1280000000.0,2.53,11.90,7.10,5620000000.0,11.59,8080000000.0,1.48,5.11,2190000000.0,1.30,0.19,107.60,93480000.0,10.20,19.40,92670000.0,underperform
7389,2005-04-27 12:58:19,1114621099.0,esrx,22.43,70.49,1156.380005,13.26,57.23,0.29,22.12,0.42,5.25,1.92,3.29,8.08,23.03,200.144,6300000000.0,6430000000.0,15.95,1.11,0.42,11.11,0.42,944190000.0,11.11,293520000.0,3.84,11.50,13.70,255120000.0,3.44,378560000.0,0.845,16.197001,496230000.0,0.04,17.09,87.01,2100000.0,1.897,3.41,3190000.0,outperform
7390,2005-11-15 04:46:38,1132047998.0,esrx,38.75,-9.68,1229.01001,13.63,-23.310000000000002,0.276,31.38,0.73,8.49,2.38,3.91,10.34,28.39,105.305,11250000000.0,11290000000.0,N/A,1.70,0.73,16.46,0.73,944190000.0,16.46,369880000.0,2.46,64.20,2.10,405030000.0,2.781,367510000.0,0.862,9.154,724020000.0,N/A,0.73,88.70,5720000.0,3.8,3.90,4540000.0,underperform
7391,2012-01-28 15:17:58,1327781878.0,beam,51.27,17.77,1326.060059,12.73,5.039999999999999,43.37,9.11,1.19,1.29,13.28,11.40,4.05,4.43,44.43,10470000000.0,10470000000.0,22.84,2.16,1.53,10.29,1.53,3450000000.0,10.29,256300000.0,5.79,302.60,7.40,475900000.0,3.06,2740000000.0,2.20,40.59,598900000.0,1.78,0.43,76.80,1130000.0,1.70,0.80,1060000.0,outperform
7392,2012-01-12 14:14:46,1326395686.0,beam,49.94,17.56,1295.5,13.63,3.929999999999998,43.37,8.86,1.17,1.27,13.28,11.40,4.05,4.43,44.43,10250000000.0,10250000000.0,22.23,2.42,1.50,10.07,1.50,3450000000.0,10.07,256300000.0,5.79,302.60,7.40,475900000.0,3.06,2740000000.0,2.20,40.59,598900000.0,1.78,0.43,76.80,1550000.0,2.80,1.10,1930000.0,outperform
7393,2011-12-28 19:37:15,1325119035.0,beam,49.37,21.39,1249.640015,13.48,7.91,43.37,8.80,1.16,1.26,13.28,11.40,4.05,4.43,44.43,10190000000.0,10190000000.0,21.88,2.39,1.49,10.02,1.49,3450000000.0,10.02,256300000.0,5.79,302.60,7.40,475900000.0,3.06,2740000000.0,2.20,40.59,598900000.0,1.77,N/A,N/A,1930000.0,2.60,1.40,1980000.0,outperform
7394,2012-01-09 17:29:42,1326148182.0,beam,49.26,21.17,1280.699951,13.78,7.390000000000002,43.37,8.79,1.15,1.25,13.28,11.40,4.05,4.43,44.43,10130000000.0,10130000000.0,21.85,2.39,1.48,9.95,1.48,3450000000.0,9.95,256300000.0,5.79,302.60,7.40,475900000.0,3.06,2740000000.0,2.20,40.59,598900000.0,1.78,0.43,76.80,1550000.0,2.80,1.10,1930000.0,outperform
7395,2013-05-23 18:30:59,1369348259.0,beam,66.75,,1650.51001,15.15,,47.34,26.00,4.34,2.33,16.65,26.20,5.17,9.69,15.77,13240000000.0,13240000000.0,22.87,2.21,5.28,17.13,5.28,1440000000.0,17.13,435400000.0,2.60,44.80,8.20,65700000.0,0.41,2210000000.0,3.29,29.08,370300000.0,1.00,0.40,79.70,1750000.0,2.00,1.30,1210000.0,underperform
7396,2012-01-28 06:09:43,1327748983.0,beam,51.27,17.77,1326.060059,12.73,5.039999999999999,43.37,9.11,1.19,1.29,13.28,11.40,4.05,4.43,44.43,10470000000.0,10470000000.0,22.84,2.16,1.53,10.29,1.53,3450000000.0,10.29,256300000.0,5.79,302.60,7.40,475900000.0,3.06,2740000000.0,2.20,40.59,598900000.0,1.78,0.43,76.80,1130000.0,1.70,0.80,1060000.0,outperform
7397,2012-01-11 05:53:41,1326279221.0,beam,49.79,19.02,1292.47998,13.9,5.119999999999999,43.37,8.84,1.15,1.25,13.28,11.40,4.05,4.43,44.43,10160000000.0,10160000000.0,22.17,2.40,1.49,9.99,1.49,3450000000.0,9.99,256300000.0,5.79,302.60,7.40,475900000.0,3.06,2740000000.0,2.20,40.59,598900000.0,1.78,0.43,76.80,1550000.0,2.80,1.10,1930000.0,outperform
7398,2009-08-19 05:32:50,1250674370.0,urbn,27.96,18.6,996.4600220000001,7.95,10.650000000000002,N/A,26.70,2.50,3.99,9.82,15.20,12.81,16.98,10.926,4440000000.0,4440000000.0,N/A,1.23,2.43,12.268,2.43,713480000.0,12.268,179650000.0,1.05,14.00,1.00,288760000.0,1.717,N/A,3.647,6.826,N/A,1.06,23.22,77.10,19220000.0,5.2,14.80,20070000.0,outperform
7399,2004-08-16 21:44:35,1092707075.0,urbn,14.37,97.49,1079.339966,12.97,84.52,2.677,33.96,3.27,6.57,10.30,17.26,19.05,24.11,8.216,2320000000.0,2120000000.0,23.94,0.92,3.12,14.84,3.12,213470000.0,14.84,69890000.0,0.846,76.50,29.70,102290000.0,1.26,2.677,2.677,4.178,92840000.0,1.535,38.81,58.20,15550000.0,3.997,31.41,6750000.0,outperform
7400,2007-04-13 00:23:56,1176438236.0,urbn,26.2,16.07,1452.849976,-6.77,22.84,N/A,38.81,3.60,6.52,9.49,13.39,12.29,18.80,7.437,4410000000.0,4250000000.0,N/A,0.90,3.47,19.337,3.47,451920000.0,19.337,116210000.0,0.69,0.40,13.20,159280000.0,0.965,N/A,2.708,4.093,187120000.0,2.51,29.50,73.10,18280000.0,6.5,16.50,18710000.0,outperform
7401,2012-06-10 10:03:27,1339337007.0,urbn,27.33,54.67,1314.98999,24.93,29.740000000000002,N/A,23.05,1.57,3.56,7.17,11.07,10.72,14.90,16.84,3750000000.0,3750000000.0,15.27,1.11,1.49,9.93,1.49,860540000.0,9.93,180580000.0,1.20,12.10,8.60,247520000.0,1.71,0.00,2.65,7.68,N/A,1.14,24.61,81.30,10170000.0,4.30,11.20,10610000.0,outperform
7402,2005-09-04 18:49:08,1125874148.0,urbn,26.3,,1221.589966,7.32,,3.401,41.00,4.53,9.05,11.67,18.90,21.02,27.27,11.715,4430000000.0,4260000000.0,N/A,1.05,4.47,19.796,4.47,338750000.0,19.796,111150000.0,1.32,49.20,33.70,165040000.0,2.013,3.401,3.401,5.81,130039999.99999999,N/A,33.81,57.20,4380000.0,3.8,7.90,4800000.0,underperform
7403,2010-04-10 16:15:59,1270930559.0,urbn,38.29,-19.04,1182.449951,12.78,-31.82,N/A,30.03,3.34,4.98,11.35,17.49,14.29,18.71,11.531,6010000000.0,6010000000.0,N/A,1.14,3.10,14.139,3.10,786150000.0,14.139,219890000.0,1.28,91.60,15.80,501540000.0,2.97,N/A,4.276,7.693,325390000.0,1.08,21.46,79.00,9970000.0,3.8,N/A,9270000.0,underperform
7404,2010-09-01 04:18:34,1283329114.0,urbn,31.19,-16.64,1080.290039,11.49,-28.130000000000003,N/A,19.73,2.43,3.76,12.45,18.98,15.90,20.99,12.61,4570000000.0,4570000000.0,15.08,0.92,2.15,9.26,2.15,786140000.0,9.26,264680000.0,1.54,46.20,20.40,591060000.0,3.52,0.00,4.85,8.17,4570000000.0,0.97,26.23,76.40,16190000.000000002,4.80,11.40,17090000.0,underperform
7405,2012-08-29 02:32:56,1346221976.0,urbn,37.77,12.5,1410.48999,16.14,-3.6400000000000006,N/A,29.62,2.07,4.56,7.16,11.09,10.86,14.94,17.69,5080000000.0,5080000000.0,19.48,1.35,1.96,13.00,1.96,860540000.0,13.00,185180000.0,1.25,8.10,11.00,271370000.0,1.87,0.00,3.04,8.11,N/A,1.06,24.61,81.30,9440000.0,4.20,10.40,9950000.0,underperform
7406,2011-09-25 17:07:21,1316984841.0,urbn,22.87,68.04,1129.560059,28.98,39.06,N/A,15.85,1.48,2.76,10.26,15.66,13.55,18.20,14.60,3320000000.0,3320000000.0,13.15,0.84,1.40,7.08,1.40,936620000.0,7.08,243660000.0,1.48,20.90,10.30,285730000.0,1.86,0.00,3.06,8.28,3320000000.0,1.00,21.93,84.30,16110000.0,3.00,11.90,18350000.0,outperform
7407,2007-05-27 21:42:58,1180316578.0,urbn,,,1507.51001,-8.73,,N/A,33.99,3.23,5.76,9.87,13.27,12.13,19.31,7.704,4179999999.9999995,4010000000.0,N/A,0.85,3.16,17.531,3.16,451920000.0,17.531,125270000.0,0.74,44.70,16.50,164680000.0,0.995,N/A,2.904,4.299,181600000.0,2.14,29.50,75.80,17690000.0,15.40,15.40,18280000.0,underperform
7408,2013-05-23 15:07:01,1369336021.0,urbn,42.3,-23.07,1650.51001,15.15,-38.22,N/A,26.06,2.24,4.61,8.49,13.39,14.26,19.61,19.24,6040000000.0,6040000000.0,18.84,1.48,2.16,12.38,2.16,1030000000.0,12.38,237310000.0,1.62,110.30,17.30,473810000.0,3.24,0.00,3.49,9.28,395680000.0,0.96,23.86,78.00,3530000.0,2.10,3.30,4440000.0,underperform
7409,2005-04-27 12:42:24,1114620144.0,urbn,22.77,1.71,1156.380005,13.26,-11.55,2.929,42.23,4.51,9.24,10.93,17.92,20.20,26.41,9.895,3740000000.0,3580000000.0,24.15,0.96,4.32,19.86,4.32,338750000.0,19.86,90490000.0,1.08,87.10,50.90,155680000.0,1.9,2.929,2.929,4.939,150000000.0,1.102,41.34,55.95,4260000.0,3.193,8.88,3990000.0,underperform
7410,2007-01-15 17:16:11,1168899371.0,urbn,,,1430.72998,-3.48,,N/A,37.69,3.57,6.66,9.82,14.25,13.37,20.17,7.188,4260000000.0,4139999999.9999995,N/A,1.19,3.50,18.925,3.50,448610000.0,18.925,116070000.0,0.69,7.10,6.80,126590000.0,0.769,N/A,2.393,3.854,191810000.0,2.44,38.51,74.20,23800000.0,7.6,21.60,22530000.0,underperform
7411,2006-08-22 22:38:45,1156300725.0,urbn,16.54,39.54,1298.819946,12.72,26.82,N/A,23.63,2.35,4.45,10.21,15.80,15.55,21.74,7.071,2740000000.0,2590000000.0,N/A,0.73,2.22,11.265,2.22,448610000.0,11.265,118720000.0,0.70,16.10,12.70,152530000.0,0.921,N/A,2.498,3.714,169860000.0,2.33,38.38,71.00,18620000.0,6.8,16.70,18200000.0,outperform
7412,2011-12-31 21:00:25,1325383225.0,urbn,27.22,41.84,1249.640015,13.48,28.360000000000003,N/A,20.32,1.64,3.83,9.17,14.12,13.30,18.80,15.17,3840000000.0,3840000000.0,17.12,1.23,1.59,8.76,1.59,936620000.0,8.76,221230000.0,1.36,30.70,6.30,130020000.00000001,0.90,0.00,2.30,7.17,273170000.0,0.83,21.93,84.30,17290000.0,4.70,12.80,17850000.0,outperform
7413,2004-06-23 02:27:41,1087972061.0,fdx,75.87,1.21,1144.060059,4.95,-3.74,0.518,33.69,0.99,3.07,3.00,5.31,4.40,9.63,77.491,23430000000.0,26760000000.0,18.37,1.37,1.14,10.3,1.14,9200000000.0,10.3,706000000.0,2.328,16.90,9.10,475000000.0,1.59,3940000000.0,0.77,25.421,2700000000.0,0.589,7.54,74.00,3360000.0,2.977,1.22,3580000.0,underperform
7414,2012-06-21 23:11:28,1340334688.0,fdx,89.42,7.08,1325.51001,20.14,-13.06,11.32,14.14,0.68,1.97,4.76,7.78,7.24,13.57,134.64,27780000000.0,27780000000.0,10.66,0.89,0.65,5.11,0.65,25040000000.0,5.11,2029999999.9999998,6.41,1.40,4.30,2840000000.0,8.97,1670000000.0,1.69,46.46,4840000000.0,1.55,6.56,78.00,6320000.0,3.40,2.10,4430000.0,underperform
7415,2008-01-24 15:47:45,1201207665.0,fdx,84.88,-38.51,1352.069946,-38.47,-0.03999999999999915,0.155,13.66,0.76,2.00,5.50,8.93,8.28,15.22,117.968,27190000000.0,28840000000.0,N/A,0.95,0.79,5.636,0.79,9770000000.0,5.636,2000000000.0,6.43,6.30,5.90,830000000.0,2.682,2130000000.0,1.293,44.530998,3490000000.0,0.77,6.56,73.80,6060000.0,2.4,2.10,5460000.0,underperform
7416,2005-08-30 23:25:37,1125458737.0,fdx,77.36,23.98,1208.410034,8.02,15.96,0.292,17.24,0.85,2.59,4.94,8.45,7.84,16.44,97.551,24630000000.0,26630000000.0,N/A,0.97,0.91,6.755,0.91,9830000000.0,6.755,1450000000.0,4.72,8.70,9.60,1040000000.0,3.433,2800000000.0,1.113,31.747999,3120000000.0,0.538,6.84,73.20,3870000.0,1.40,1.40,4210000.0,outperform
7417,2007-03-28 17:42:58,1175118178.0,fdx,102.96,-14.47,1417.22998,-6.45,-8.02,0.251,17.13,0.98,2.61,5.71,9.23,8.79,16.50,113.116,33420000000.0,35370000000.0,N/A,1.08,1.02,7.144,1.02,9050000000.0,7.144,1970000000.0,6.337,1.90,7.40,1770000000.0,5.75,3260000000.0,1.173,42.240002,3560000000.0,0.96,6.68,72.60,4090000.0,2.3,1.40,3650000.0,underperform
7418,2007-02-20 06:13:02,1171969982.0,fdx,113.03,-23.69,1459.680054,-6.83,-16.86,0.256,18.40,1.06,2.87,5.84,9.61,8.88,17.26,111.188,35950000000.0,37310000000.0,N/A,1.16,1.10,7.636,1.10,9050000000.0,7.636,1980000000.0,6.36,8.50,10.30,1860000000.0,6.04,3220000000.0,1.145,40.905998,3890000000.0,1.06,6.68,73.60,3650000.0,1.7,1.30,3660000.0,underperform
7419,2013-04-23 04:25:44,1366705544.0,fdx,92.34,47.07,1578.780029,18.79,28.28,13.92,16.20,0.67,1.82,4.12,7.08,6.40,11.06,139.57,28150000000.0,28150000000.0,12.24,1.20,0.64,5.20,0.64,26920000000.0,5.20,1800000000.0,5.71,30.70,3.70,3370000000.0,10.64,2240000000.0,1.91,50.85,4790000000.0,1.25,6.47,78.20,3600000.0,1.30,1.20,4890000.0,outperform
7420,2005-01-09 06:06:34,1105268794.0,fdx,90.36,8.49,1187.890015,8.61,-0.11999999999999922,0.4,22.19,1.05,3.26,4.75,8.16,7.00,16.19,90.023,28600000000.0,31170000000.0,17.58,1.22,1.14,8.51,1.14,8570000000.0,8.51,1300000000.0,4.278,1.00,9.90,939000000.0,3.12,3520000000.0,1.045,29.223,3000000000.0,0.59,7.54,76.06,4460000.0,3.013,1.60,5190000.0,underperform
7421,2005-04-05 00:22:23,1112674943.0,fdx,88.24,27.15,1181.390015,11.02,16.13,0.374,20.09,0.97,3.06,4.93,8.42,7.26,16.84,93.832,28060000000.0,30230000000.0,16.86,1.17,1.05,7.81,1.05,8570000000.0,7.81,1410000000.0,4.62,1.00,9.90,1080000000.0,3.59,3410000000.0,1.018,30.205,3250000000.0,0.568,7.54,74.01,4139999.9999999995,3.214,1.48,3760000.0,outperform
7422,2008-02-10 00:47:11,1202622431.0,fdx,86.46,-37.93,1336.910034,-34.93,-3.0,0.155,13.69,0.77,2.02,5.50,8.93,8.28,15.22,117.968,27230000000.0,28540000000.0,N/A,0.94,0.78,5.576,0.78,9770000000.0,5.576,2000000000.0,6.43,6.30,5.90,830000000.0,2.682,2130000000.0,1.293,44.530998,3490000000.0,0.46,6.56,71.30,6060000.0,2.4,2.10,5460000.0,underperform
7423,2012-03-22 22:20:56,1332469256.0,fdx,91.12,7.11,1392.780029,11.78,-4.669999999999999,10.55,16.82,0.73,1.89,4.24,6.95,6.58,11.48,130.77,29920000000.0,29920000000.0,12.43,1.09,0.72,6.12,0.72,25040000000.0,6.12,1750000000.0,5.50,75.60,9.90,1900000000.0,6.03,1680000000.0,1.52,50.61,4200000000.0,1.63,6.55,77.60,5360000.0,2.50,1.80,5020000.0,underperform
7424,2012-11-23 07:48:03,1353674883.0,fdx,86.84,54.04,1409.150024,26.41,27.63,15.70,13.69,0.64,1.83,4.72,7.59,6.96,13.19,136.46,27150000000.0,27150000000.0,11.18,1.15,0.63,4.99,0.63,26920000000.0,4.99,2020000000.0,6.40,1.10,2.60,2740000000.0,8.73,2360000000.0,1.85,47.83,4880000000.0,1.36,6.52,78.70,5400000.0,2.20,1.80,5690000.0,outperform
7425,2008-04-17 09:41:01,1208439661.0,fdx,91.17,-43.5,1365.560059,-36.32,-7.18,0.143,15.31,0.81,2.12,5.31,8.73,8.20,14.53,120.414,30090000000.0,31100000000.0,N/A,1.39,0.84,6.026,0.84,9770000000.0,6.026,1980000000.0,6.34,6.40,9.80,1010000000.0,3.261,2020000000.0,1.394,45.780998,3650000000.0,0.46,6.71,76.60,9300000.0,2.7,3.20,9130000.0,underperform
7426,2003-11-03 18:52:49,1067903569.0,fdx,72.09,19.7,1059.02002,6.76,12.94,0.286,28.91,0.99,3.08,3.52,6.11,5.39,11.36,75.013,22770000000.0,23990000000.0,19.58,1.63,1.06,8.77,1.06,9200000000.0,8.77,800000000.0,2.64,16.90,9.10,706000000.0,2.37,2100000000.0,1.263,24.56,N/A,0.805,7.54,73.78,4560000.0,3.127,1.65,3910000.0,outperform
7427,2012-11-16 18:58:41,1353110321.0,fdx,85.12,57.99,1359.880005,31.04,26.950000000000003,15.70,13.44,0.63,1.81,4.72,7.59,6.96,13.19,136.46,26800000000.0,26800000000.0,10.97,1.13,0.62,4.93,0.62,26920000000.0,4.93,2020000000.0,6.40,1.10,2.60,2740000000.0,8.73,2360000000.0,1.85,47.83,4880000000.0,1.36,6.52,78.70,5400000.0,2.20,1.80,5690000.0,outperform
7428,2004-04-23 18:38:24,1082759904.0,fdx,70.21,13.23,1140.599976,-0.27,13.5,0.518,31.90,0.96,2.97,3.00,5.31,4.40,9.63,77.491,22190000000.0,25980000000.0,17.94,1.29,1.11,N/A,1.11,9200000000.0,2600000000.0,706000000.0,2.328,16.90,9.10,475000000.0,1.59,3940000000.0,0.77,25.421,1990000000.0,0.638,7.54,73.10,3580000.0,1.902,1.30,2680000.0,outperform
7429,2011-11-03 10:49:35,1320331775.0,fdx,80.87,13.21,1261.150024,12.14,1.0700000000000003,10.62,16.68,0.63,1.63,3.81,6.55,6.23,10.27,127.95,25330000000.0,25330000000.0,10.96,0.85,0.63,5.45,0.63,25040000000.0,5.45,1540000000.0,4.83,22.10,11.30,1960000000.0,6.16,1670000000.0,1.60,49.42,25330000000.0,1.51,6.51,77.20,6320000.0,1.70,2.10,6180000.0,outperform
7430,2007-07-03 02:24:44,1183443884.0,fdx,106.25,-32.41,1524.869995,-17.27,-15.139999999999997,0.209,17.09,0.97,2.70,5.73,9.30,8.77,16.68,113.228,34100000000.0,35230000000.0,N/A,1.01,1.00,7.021,1.00,9050000000.0,7.021,2020000000.0,6.48,7.40,7.70,1570000000.0,5.097,2650000000.0,1.221,41.091,3560000000.0,0.93,6.66,73.60,5600000.0,2.4,1.90,5850000.0,underperform
7431,2011-09-02 15:22:28,1314991348.0,fdx,73.43,17.74,1173.969971,20.15,-2.41,11.07,16.54,0.63,1.63,3.69,6.45,6.06,10.00,124.78,24170000000.0,24170000000.0,9.78,0.74,0.62,5.36,0.62,25040000000.0,5.36,1450000000.0,4.57,33.20,11.90,2330000000.0,7.32,1680000000.0,1.70,47.86,24170000000.0,1.29,6.51,77.20,5540000.0,1.50,1.90,4210000.0,underperform
7432,2005-03-20 10:15:31,1111331731.0,fdx,91.99,18.12,1190.209961,9.65,8.47,0.374,20.79,1.02,3.27,4.93,8.42,7.26,16.84,93.832,28970000000.0,31370000000.0,17.77,1.21,1.09,8.1,1.09,8570000000.0,8.1,1410000000.0,4.62,1.00,9.90,1080000000.0,3.59,3410000000.0,1.018,29.617001,3000000000.0,0.568,7.54,74.56,3760000.0,1.644,1.35,3640000.0,outperform
7433,2009-02-06 21:40:58,1233974458.0,fdx,53.3,49.79,868.599976,26.33,23.46,0.13,16.78,0.42,1.06,2.65,7.15,6.84,7.04,125.197,17210000000.0,16829999999.999998,N/A,0.90,0.43,3.545,0.43,10200000000.0,3.545,1030000000.0,3.29,2.90,0.90,1540000000.0,4.954,2009999999.9999998,1.237,49.778,3680000000.0,0.76,6.67,76.70,7290000.0,2.50,2.50,6840000.0,outperform
7434,2013-05-09 10:56:41,1368111401.0,fdx,99.54,37.62,1626.670044,15.48,22.139999999999997,13.92,17.85,0.74,2.00,4.12,7.08,6.40,11.06,139.57,28820000000.0,28820000000.0,13.56,1.19,0.66,5.33,0.66,26920000000.0,5.33,1800000000.0,5.71,30.70,3.70,3370000000.0,10.64,2240000000.0,1.91,50.85,4790000000.0,1.25,6.47,78.20,3560000.0,1.10,1.20,3600000.0,outperform
7435,2012-09-18 09:12:56,1347973976.0,fdx,85.53,35.1,1459.319946,18.24,16.860000000000003,11.32,13.93,0.66,1.92,4.76,7.62,7.10,13.57,135.49,27130000000.0,27130000000.0,10.81,0.96,0.64,5.05,0.64,26920000000.0,5.05,2029999999.9999998,6.41,1.40,4.30,2840000000.0,8.97,1670000000.0,1.69,46.46,4840000000.0,1.45,6.56,78.00,7040000.0,4.40,2.40,6400000.0,outperform
7436,2007-04-12 12:22:40,1176394960.0,fdx,103.81,-14.08,1447.800049,-7.94,-6.14,0.256,16.85,0.95,2.54,5.84,9.61,8.88,17.26,111.188,33000000000.0,36750000000.0,N/A,1.14,1.08,7.521,1.08,9050000000.0,7.521,1980000000.0,6.36,8.50,10.30,1860000000.0,6.04,3220000000.0,1.145,42.240002,3890000000.0,1.06,6.70,76.60,3650000.0,1.7,1.30,3660000.0,underperform
7437,2012-01-03 14:32:28,1325619148.0,fdx,83.78,11.35,1277.060059,14.51,-3.16,10.55,15.19,0.64,1.65,4.24,6.95,6.58,11.48,130.77,26050000000.0,26050000000.0,11.27,0.80,0.63,5.32,0.63,25040000000.0,5.32,1750000000.0,5.50,75.60,9.90,1900000000.0,6.03,1680000000.0,1.52,50.61,4200000000.0,1.66,6.51,77.20,3950000.0,1.40,1.30,4500000.0,underperform
7438,2004-08-03 14:18:06,1091557086.0,fdx,77.54,3.79,1099.689941,13.22,-9.43,0.446,29.95,1.00,3.08,3.39,5.83,4.96,11.12,81.484,24830000000.0,27280000000.0,16.82,1.19,1.10,9.69,1.10,8570000000.0,9.69,838000000.0,2.764,1.00,9.90,1050000000.0,3.49,3590000000.0,1.05,26.787001,3020000000.0,0.623,7.53,73.74,4320000.0,3.403,1.56,3780000.0,underperform
7439,2005-05-01 07:04:47,1114945487.0,viab,,,1143.219971,14.17,,0.231,N/A,2.51,1.36,66.74,57.57,17.56,25.42,13.066,56350000000.0,65370000000.00001,17.31,1.43,2.90,N/A,2.90,10330000000.0,N/A,15060000000.0,9.02,N/A,N/A,928200000.0,0.57,9720000000.0,1.089,25.542,N/A,1.346,12.17,64.98,12340000.0,1.68,0.86,13940000.0,underperform
7440,2005-01-21 02:11:30,1106291490.0,viab,,,1167.869995,9.42,,0.152,24.06,2.83,1.04,12.31,21.52,3.14,4.36,13.216,65230000000.00001,72370000000.0,21.74,1.95,3.15,12.48,3.15,N/A,12.48,2770000000.0,1.59,N/A,N/A,2450000000.0,1.44,9670000000.0,1.236,36.766998,N/A,1.236,11.94,69.47,14500000.0,1.938,0.97,17610000.0,underperform
7441,2004-10-15 12:12:25,1097856745.0,viab,,,1108.199951,6.27,,0.153,33.19,2.11,0.91,5.82,14.24,1.79,2.79,15.885,58500000000.0,66569999999.99999,18.63,1.61,2.40,13.37,2.40,N/A,13.37,1780000000.0,1.016,N/A,N/A,1710000000.0,0.99,9780000000.0,1.143,37.101002,N/A,1.322,10.72,65.80,13040000.0,2.848,0.84,11440000.0,underperform
7442,2013-05-07 08:34:37,1367930077.0,viab,66.17,24.8,1625.959961,15.51,9.290000000000001,126.85,16.28,2.51,4.77,16.33,27.56,10.02,28.78,25.74,40380000000.0,40380000000.0,12.42,1.06,3.09,10.55,3.09,N/A,10.55,2120000000.0,4.14,18.30,5.90,1260000000.0,2.60,8930000000.0,1.50,14.16,2290000000.0,1.14,0.50,90.40,7910000.0,2.70,1.80,6430000.0,outperform
7443,2004-11-27 22:18:08,1101611888.0,viab,,,1181.76001,58.93,,0.152,22.19,2.60,0.96,12.31,21.52,3.14,4.36,13.216,60170000000.0,67390000000.0,20.05,1.71,2.93,11.63,2.93,N/A,11.63,2770000000.0,1.59,N/A,N/A,2450000000.0,1.44,9670000000.0,1.236,36.766998,N/A,1.343,11.94,69.50,17610000.0,1.889,1.17,72900000.0,underperform
7444,2004-06-20 02:31:57,1087713117.0,viab,,,1132.050049,7.42,,0.155,38.73,2.33,1.00,5.56,13.98,1.68,2.65,15.577,64160000000.0,72920000000.0,19.91,1.66,2.67,15.1,2.67,N/A,15.1,1680000000.0,0.956,N/A,N/A,1060000000.0,0.61,9820000000.0,1.04,36.754002,N/A,1.348,10.72,66.60,15280000.0,N/A,0.99,41150000.0,underperform
7445,2004-04-02 01:11:02,1080886262.0,viab,,,1141.810059,3.47,,0.156,48.10,2.56,1.08,4.75,13.64,1.40,2.27,15.13,67830000000.0,77210000000.0,21.32,1.61,2.90,16.69,2.90,N/A,16.69,1440000000.0,0.811,N/A,N/A,850700000.0,0.49,9880000000.0,1.02,36.438,N/A,1.311,10.71,66.52,13310000.0,1.784,0.86,13100000.0,underperform
7446,2013-04-22 06:14:23,1366625663.0,viab,64.99,28.25,1562.5,20.29,7.960000000000001,114.43,15.54,2.43,4.51,16.90,27.79,10.27,29.27,25.56,40470000000.0,40470000000.0,12.26,1.07,3.06,10.34,3.06,N/A,10.34,2230000000.0,4.26,121.70,16.10,671000000.0,1.36,8390000000.000001,1.24,14.44,2440000000.0,1.14,0.50,90.40,6430000.0,2.30,1.50,7340000.0,outperform
7447,2004-11-23 03:40:08,1101199208.0,tss,19.7,-16.35,1176.939941,7.53,-23.880000000000003,0.007,34.38,4.41,6.21,10.64,17.02,12.13,19.35,5.87,5050000000.0,4990000000.0,28.82,2.66,4.31,16.42,4.31,726900000.0,16.42,147010000.0,0.746,12.10,10.30,114880000.0,0.58,5810000.0,1.622,4.175,276330000.0,0.619,84.46,6.66,1940000.0,17.477,6.34,2440000.0,underperform
7448,2005-03-22 13:42:31,1111516951.0,tss,19.3,-19.53,1171.709961,11.38,-30.910000000000004,0.007,32.96,4.17,5.72,10.71,17.04,11.65,18.94,6.018,4960000000.0,4730000000.0,23.53,1.83,3.99,15.22,3.99,825480000.0,15.22,150560000.0,0.76,6.80,12.70,231810000.0,1.18,6340000.0,1.613,4.392,332040000.0,0.665,83.44,6.65,1480000.0,19.747,4.54,1460000.0,underperform
7449,2005-02-17 23:00:16,1108699216.0,tss,18.81,-18.77,1200.75,7.2,-25.97,0.007,32.64,4.12,5.81,10.64,17.02,12.13,19.35,5.87,4790000000.0,4660000000.0,22.76,1.80,4.03,15.34,4.03,726900000.0,15.34,147010000.0,0.75,12.10,10.30,114880000.0,0.58,5810000.0,1.622,4.175,276330000.0,0.672,84.46,6.47,1630000.0,20.111,5.32,1750000.0,underperform
7450,2008-01-23 12:26:23,1201109183.0,tss,18.78,-37.01,1338.599976,-38.18,1.1700000000000017,0.057,14.39,2.18,2.89,15.06,21.76,15.04,22.07,9.418,4030000000.0000005,3520000000.0,N/A,1.25,1.90,6.152,1.90,912180000.0,6.152,278820000.0,1.42,26.70,3.60,592830000.0,2.995,79680000.0,3.819,7.037,402830000.0,1.24,14.67,9.60,3280000.0,4.6,0.90,2200000.0,outperform
7451,2005-01-08 02:52:40,1105170760.0,tss,18.04,-11.53,1183.73999,7.58,-19.11,0.007,31.47,4.02,5.67,10.64,17.02,12.13,19.35,5.87,4620000000.0,4550000000.0,26.09,2.43,3.93,14.96,3.93,726900000.0,14.96,147010000.0,0.746,12.10,10.30,114880000.0,0.58,5810000.0,1.622,4.175,276330000.0,0.656,84.46,6.68,1750000.0,22.139,5.72,1940000.0,underperform
7452,2005-12-10 11:45:08,1134233108.0,tss,17.46,17.24,1257.369995,11.92,5.3199999999999985,0.005,23.08,2.94,4.50,12.61,18.63,14.34,20.92,7.559,4330000000.0,4139999999.9999995,N/A,1.53,2.78,9.719,2.78,825480000.0,9.719,187790000.0,0.95,22.80,38.40,199360000.0,1.011,5140000.0,2.148,4.937,276290000.0,N/A,2.83,6.50,1210000.0,7.1,0.60,N/A,outperform
7453,2013-04-25 01:02:19,1366866139.0,tss,22.89,28.92,1585.160034,17.55,11.370000000000001,15.67,18.20,2.42,3.18,13.06,19.18,11.56,17.82,9.98,4450000000.0,4450000000.0,14.07,1.51,2.38,9.50,2.38,608660000.0,9.50,243480000.0,1.29,1.60,1.50,247610000.0,1.33,232640000.0,2.49,7.62,455750000.0,1.05,3.63,69.50,4210000.0,2.90,2.30,4520000.0,outperform
7454,2006-09-02 12:05:46,1157213146.0,tss,17.6,25.11,1305.369995,11.66,13.45,0.004,21.56,2.60,3.98,12.21,17.91,13.95,20.13,8.542,4410000000.0,4120000000.0,N/A,1.73,2.45,8.631,2.45,827570000.0,8.631,205550000.0,1.04,13.40,4.60,295480000.0,1.503,4580000.0,2.529,5.596,329750000.0,0.49,4.91,6.90,1080000.0,6.5,0.60,1050000.0,outperform
7455,2009-01-14 02:29:10,1231918150.0,bks,15.44,11.01,842.6199949999999,36.3,-25.29,0.148,9.52,0.19,1.17,2.05,4.05,4.31,11.92,94.171,1000000000.0,1120000000.0,N/A,1.41,0.21,2.866,0.21,1640000000.0,2.866,109810000.0,1.91,N/A,4.40,16830000.0,0.304,126500000.0,1.173,15.64,352300000.0,1.33,41.26,74.60,8560000.0,8.1,23.00,8289999.999999999,underperform
7456,2006-10-23 12:28:51,1161620931.0,bks,34.67,-4.1,1377.02002,10.35,-14.45,0.039,18.26,0.50,2.44,2.94,5.38,6.08,14.17,77.654,2560000000.0,2570000000.0,N/A,1.20,0.50,5.682,0.50,1570000000.0,5.682,149880000.0,2.14,23.10,1.30,21780000.0,0.332,41000000.0,1.261,16.021999,348530000.0,1.51,22.51,73.10,2340000.0,4.50,4.50,2790000.0,underperform
7457,2007-06-08 15:39:27,1181331567.0,bks,34.95,-26.44,1507.670044,-8.65,-17.79,N/A,19.97,0.50,2.31,2.62,4.45,5.38,12.70,81.316,2650000000.0,2510000000.0,N/A,1.78,0.48,5.912,0.48,1640000000.0,5.912,138870000.0,2.04,N/A,2.80,120680000.0,1.859,N/A,1.318,17.537001,N/A,1.07,0.51,71.10,3190000.0,5.7,6.20,3390000.0,underperform
7458,2013-05-14 10:14:45,1368540885.0,bks,20.49,-20.79,1650.339966,14.43,-35.22,11.96,N/A,0.18,1.69,1.52,1.63,1.67,9.13,119.65,1320000000.0,1320000000.0,N/A,0.07,0.19,11.26,0.19,1910000000.0,11.26,122950000.0,2.12,N/A,8.80,213640000.0,3.62,155800000.0,1.11,12.48,62970000.0,0.45,37.04,57.10,11150000.0,11.20,27.50,12780000.0,underperform
7459,2004-12-14 03:38:28,1103013508.0,bks,25.76,37.27,1203.380005,5.76,31.510000000000005,0.185,15.15,0.33,1.60,2.79,5.15,5.24,12.60,89.278,2170000000.0,2190000000.0,14.80,1.12,0.34,4.22,0.34,1630000000.0,4.22,158040000.0,2.032,51.90,12.90,190870000.0,2.71,245000000.0,1.356,18.959,524880000.0,0.728,18.99,72.68,2120000.0,2.59,3.72,2880000.0,outperform
7460,2009-10-31 21:01:46,1257037306.0,bks,15.37,-4.55,1042.630005,13.54,-18.09,N/A,12.94,0.19,1.00,1.44,3.08,3.32,8.89,91.446,771120000.0,771120000.0,N/A,2.31,0.15,2.306,0.15,1580000000.0,2.306,79630000.0,1.28,20.40,5.30,157740000.0,2.821,N/A,1.17,16.871,446050000.0,12.02,45.33,58.70,10650000.0,7.3,27.10,9790000.0,underperform
7461,2005-03-31 23:13:15,1112328795.0,bks,28.61,35.58,1180.589966,9.68,25.9,0.21,20.29,0.49,2.04,2.56,5.01,3.61,9.73,64.384,2420000000.0,2089999999.9999998,15.75,1.18,0.43,4.9,0.43,1630000000.0,4.9,123380000.0,1.70,51.90,12.90,535650000.0,7.62,245000000.0,1.484,16.593,531710000.00000006,0.777,19.02,71.48,2450000.0,4.825,4.31,2740000.0,outperform
7462,2012-05-16 01:30:15,1337146215.0,bks,18.36,8.01,1324.800049,24.58,-16.57,25.01,N/A,0.15,1.33,0.99,0.80,0.87,7.51,124.57,1300000000.0,1300000000.0,N/A,0.10,0.18,7.43,0.18,1790000000.0,7.43,78210000.0,1.37,14.10,5.00,27400000.0,0.47,251600000.0,1.00,14.18,186670000.0,0.91,50.38,43.40,19770000.0,6.50,69.60,19070000.0,underperform
7463,2006-06-21 14:03:46,1150913026.0,bks,30.38,13.46,1252.199951,21.56,-8.099999999999998,N/A,16.75,0.45,2.16,2.87,5.27,5.65,13.51,76.925,2290000000.0,2260000000.0,N/A,1.06,0.44,5.099,0.44,1570000000.0,5.099,146770000.0,2.07,0.90,1.60,57620000.0,0.872,N/A,1.221,16.051001,410610000.0,1.48,22.35,71.60,3050000.0,8.2,6.00,3130000.0,underperform
7464,2008-10-16 20:45:15,1224204315.0,bks,18.31,2.18,946.429993,14.92,-12.74,0.136,9.66,0.21,1.26,2.45,4.14,4.61,13.03,91.625,1140000000.0,1220000000.0,N/A,1.49,0.23,3.081,0.23,1640000000.0,3.081,132600000.0,2.146,14.60,1.60,26270000.0,0.478,119000000.0,1.196,16.190001,337060000.0,1.16,44.72,64.70,9330000.0,8.9,25.20,10460000.0,underperform
7465,2012-04-03 12:57:37,1333472257.0,bks,12.87,23.93,1413.380005,9.93,14.0,25.01,N/A,0.11,0.93,0.99,0.80,0.87,7.51,124.57,994350000.0,994350000.0,N/A,0.07,0.14,5.70,0.14,1790000000.0,5.70,78210000.0,1.37,14.10,5.00,27400000.0,0.47,251600000.0,1.00,14.18,186670000.0,1.23,50.38,43.40,19200000.0,15.60,67.60,18310000.0,outperform
7466,2007-12-19 22:33:00,1198121580.0,bks,30.32,-56.79,1453.0,-39.07,-17.72,0.025,16.29,0.40,2.20,2.71,4.26,4.57,14.58,84.176,2170000000.0,2210000000.0,N/A,1.85,0.41,5.415,0.41,1640000000.0,5.415,147490000.0,2.16,N/A,5.70,20220000.0,0.328,24600000.0,1.178,16.232,408210000.0,1.71,22.50,68.10,2720000.0,4.1,5.80,2550000.0,underperform
7467,2007-02-26 19:33:31,1172536411.0,bks,35.41,-25.7,1449.369995,-4.7,-21.0,0.033,19.73,0.53,2.64,2.86,5.24,5.41,14.64,78.673,2710000000.0,2750000000.0,N/A,1.34,0.54,6.207,0.54,1570000000.0,6.207,146780000.0,2.12,N/A,2.80,19890000.0,0.306,34100000.0,1.208,15.913,N/A,1.47,0.52,69.20,1860000.0,2.8,3.60,1950000.0,underperform
7468,2013-08-07 10:10:37,1375884637.0,bks,17.78,22.33,1690.910034,12.93,9.399999999999999,19.93,N/A,0.16,1.49,2.31,2.89,3.29,13.53,117.41,1160000000.0,1160000000.0,N/A,0.10,0.17,39.21,0.17,1680000000.0,39.21,175840000.0,3.02,N/A,7.40,160470000.0,2.70,256890000.0,1.19,12.16,117390000.0,0.19,37.67,62.20,7460000.0,4.10,N/A,6930000.0,outperform
7469,2012-07-14 20:21:23,1342311683.0,bks,15.06,12.95,1341.449951,24.87,-11.920000000000002,50.45,N/A,0.12,1.16,0.97,0.70,0.84,7.83,124.34,1310000000.0,1310000000.0,N/A,0.10,0.18,7.18,0.18,1910000000.0,7.18,80810000.0,1.41,N/A,0.40,54130000.0,0.92,474200000.0,1.09,12.97,24110000.0,1.08,62.77,51.40,14210000.0,11.10,50.10,16020000.0,underperform
7470,2006-08-14 14:12:29,1155579149.0,bks,29.05,-3.86,1268.209961,12.48,-16.34,N/A,16.36,0.43,2.08,2.87,5.27,5.65,13.51,76.925,2230000000.0,2150000000.0,N/A,1.02,0.42,4.853,0.42,1570000000.0,4.853,146770000.0,2.07,0.90,1.60,57620000.0,0.872,N/A,1.221,16.051001,410610000.0,1.52,22.35,69.90,3190000.0,4.7,6.20,2930000.0,underperform
7471,2007-02-27 09:31:12,1172586672.0,bks,34.47,-23.85,1399.040039,-1.36,-22.490000000000002,0.033,19.73,0.53,2.62,2.86,5.24,5.41,14.64,78.673,2710000000.0,2730000000.0,N/A,1.34,0.53,6.163,0.53,1570000000.0,6.163,146780000.0,2.12,N/A,2.80,19890000.0,0.306,34100000.0,1.208,15.913,N/A,1.47,0.52,69.20,1860000.0,2.8,3.60,1950000.0,underperform
7472,2005-12-25 21:46:40,1135565200.0,bks,35.72,-4.28,1268.119995,11.25,-15.530000000000001,0.064,23.04,0.56,2.88,2.77,5.07,4.67,11.87,73.12,2820000000.0,2860000000.0,N/A,1.36,0.57,6.648,0.57,1490000000.0,6.648,136000000.0,1.86,95.70,3.80,23040000.0,0.35,62000000.0,1.184,14.848,510870000.0,N/A,21.40,72.90,4580000.0,7.2,8.90,3700000.0,underperform
7473,2011-12-29 03:09:35,1325146175.0,bks,14.29,4.76,1263.02002,11.04,-6.279999999999999,44.62,N/A,0.12,1.09,0.89,0.65,0.70,6.99,122.81,1240000000.0,1240000000.0,472.33,0.27,0.18,6.77,0.18,1790000000.0,6.77,65379999.99999999,1.14,N/A,0.60,23630000.0,0.41,424900000.0,1.04,13.27,189520000.0,0.88,49.09,41.70,13880000.0,8.00,48.90,11360000.0,underperform
7474,2004-12-13 23:45:38,1102999538.0,mwv,22.22,-9.63,1198.680054,5.74,-15.370000000000001,0.865,32.76,0.82,1.38,2.51,2.93,1.60,4.26,39.767,6610000000.0,10230000000.0,16.98,5.83,1.28,8.26,1.28,996000000.0,8.26,201000000.0,0.995,N/A,4.30,524000000.0,2.59,4139999999.9999995,1.675,23.656,883000000.0,1.016,0.32,74.30,3130000.0,3.496,1.55,3330000.0,underperform
7475,2007-02-21 20:19:41,1172107181.0,mwv,23.52,-16.03,1457.630005,-7.9,-8.13,0.731,62.28,0.89,1.64,1.42,3.46,1.55,2.65,36.117,5790000000.0,8210000000.000001,N/A,2.25,1.26,11.242,1.26,1080000000.0,11.242,93000000.0,0.51,33.90,9.10,156000000.0,0.861,2580000000.0,1.419,19.506001,N/A,1.44,0.26,75.70,2110000.0,2.4,1.20,2920000.0,underperform
7476,2013-04-25 13:59:17,1366912757.0,mwv,32.19,16.34,1585.160034,17.55,-1.2100000000000009,74.04,30.14,1.13,1.83,3.76,8.66,3.34,6.54,31.41,7880000000.0,7880000000.0,16.97,2.07,1.44,9.33,1.44,1130000000.0,9.33,212000000.0,1.16,N/A,3.60,663000000.0,3.77,2500000000.0,1.87,19.15,438000000.0,1.23,0.78,86.50,2350000.0,2.10,1.80,2590000.0,underperform
7477,2004-05-17 09:26:06,1084800366.0,mwv,17.36,15.67,1084.099976,8.27,7.4,0.901,77.96,0.69,1.13,0.88,1.00,0.54,1.44,38.307,5330000000.0,9300000000.0,15.64,18.73,1.21,8.58,1.21,996000000.0,8.58,68000000.0,0.339,N/A,4.30,271000000.0,1.34,4240000000.0,1.641,23.372,462000000.0,1.036,0.31,73.25,2520000.0,3.772,1.25,2069999.9999999998,outperform
7478,2012-05-19 12:28:40,1337444920.0,nwsa,,,1324.800049,24.58,,53.22,14.42,1.37,1.70,9.96,16.17,5.71,13.38,13.44,51440000000.0,51440000000.0,11.40,0.73,1.50,7.60,1.50,33400000000.0,7.60,3670000000.0,1.34,46.60,1.80,10690000000.0,4.41,15460000000.0,2.08,11.41,4710000000.0,1.30,1.01,94.50,31170000.0,2.20,1.70,30250000.0,underperform
7479,2011-05-29 05:10:20,1306660220.0,nwsa,,,1325.689941,-0.59,,52.99,16.05,1.42,1.63,9.00,15.53,5.47,11.20,12.41,50930000000.0,50930000000.0,13.42,1.24,1.57,8.23,1.57,32780000000.0,8.23,2930000000.0,1.12,23.80,6.00,11780000000.0,4.49,15490000000.0,2.30,10.82,50930000000.0,1.66,0.74,84.90,17630000.0,1.30,1.00,20720000.0,underperform
7480,2011-07-29 11:12:26,1311952346.0,nwsa,,,1292.280029,3.53,,52.99,14.38,1.30,1.49,9.00,15.53,5.47,11.20,12.41,46840000000.0,46840000000.0,12.02,1.06,1.44,7.57,1.44,32780000000.0,7.57,2930000000.0,1.12,23.80,6.00,11780000000.0,4.49,15490000000.0,2.30,10.82,46840000000.0,1.63,0.74,84.90,21720000.0,1.40,1.20,21070000.0,underperform
7481,2011-11-07 22:36:54,1320723414.0,nwsa,,,1261.119995,13.26,,54.97,16.63,1.32,1.50,7.96,15.36,5.63,11.28,12.95,47900000000.0,47900000000.0,10.03,0.69,1.41,7.46,1.41,33400000000.0,7.46,2960000000.0,1.02,4.80,7.20,11430000000.0,4.38,15450000000.0,2.16,11.23,47900000000.0,1.73,0.74,84.90,51790000.0,2.00,2.90,56940000.0,underperform
7482,2010-02-09 03:53:17,1265705597.0,nwsa,,,1070.52002,23.39,,N/A,9.88,1.10,1.39,10.83,11.42,4.15,15.09,11.822,41960000000.0,41960000000.0,N/A,1.43,1.36,8.953,1.36,10860000000.0,8.953,3350000000.0,1.28,N/A,10.30,7270000000.0,2.773,15280000000.0,1.638,9.313,3210000000.0,1.59,1.02,86.60,16350000.000000002,N/A,N/A,18100000.0,underperform
7483,2013-04-22 02:54:05,1366613645.0,nwsa,,,1562.5,20.29,,55.50,18.71,2.06,2.52,11.65,16.54,5.79,14.60,14.32,81220000000.0,81220000000.0,15.92,1.15,2.37,11.84,2.37,33710000000.0,11.84,4000000000.0,1.67,125.30,5.00,7810000000.0,3.36,16460000000.0,1.92,12.07,4160000000.0,1.18,0.01,92.90,37400000.0,2.80,2.40,37230000.0,underperform
7484,2012-03-28 03:53:10,1332921190.0,nwsa,,,1405.540039,11.64,,54.16,16.93,1.46,1.83,9.13,16.18,5.92,12.61,13.18,55970000000.0,55970000000.0,11.98,0.86,1.64,8.31,1.64,33400000000.0,8.31,3370000000.0,1.20,64.60,2.40,9430000000.0,3.81,15450000000.0,2.14,11.06,4410000000.0,1.47,1.01,94.50,24220000.0,1.30,1.30,23180000.0,underperform
7485,2013-05-12 11:58:30,1368374310.0,nwsa,,,1626.670044,16.6,,48.60,13.32,2.19,2.58,16.68,16.15,5.54,19.56,15.02,85910000000.0,85910000000.0,17.24,1.33,2.42,12.32,2.42,33710000000.0,12.32,5920000000.0,2.50,204.60,13.50,9320000000.0,3.94,16469999999.999998,1.88,12.90,3830000000.0,1.17,0.01,92.90,48490000.0,3.70,3.20,40490000.0,underperform
7486,2003-12-15 20:48:44,1071539324.0,dnr,3.27,99.69,1068.040039,12.67,87.02,0.797,13.46,2.17,1.76,16.28,24.50,5.71,14.24,6.006,712590000.0,1020000000.0,14.66,N/A,3.08,5.12,3.08,200660000.0,5.12,54020000.0,0.979,17.30,0.00,28110000.0,0.52,327150000.0,0.976,7.59,N/A,0.388,35.08,50.96,N/A,2.93,2.85,1130000.0,outperform
7487,2010-03-09 05:53:23,1268132003.0,dnr,15.16,50.73,1140.449951,15.75,34.98,N/A,N/A,4.29,N/A,8.54,26.19,N/A,N/A,3.564,3820000000.0,3820000000.0,N/A,24.02,4.34,671.587,4.34,990180000.0,671.587,75160000.0,0.30,92.00,21.10,N/A,N/A,N/A,N/A,N/A,N/A,1.12,2.52,99.30,26840000.0,5.2,13.30,23210000.0,outperform
7488,2013-05-14 02:00:40,1368511240.0,dnr,18.01,-6.39,1650.339966,14.43,-20.82,61.42,13.78,2.81,1.30,21.02,42.60,N/A,N/A,6.24,9720000000.0,9720000000.0,13.82,19.63,4.09,6.37,4.09,1900000000.0,6.37,499460000.0,1.29,22.80,9.40,98510000.0,0.27,3140000000.0,N/A,13.74,N/A,2.22,2.03,93.40,16960000.0,3.40,5.20,20480000.0,underperform
7489,2011-01-20 13:11:54,1295547114.0,dnr,18.52,-6.1,1280.26001,2.74,-8.84,64.06,24.36,4.90,1.76,16.95,36.98,5.26,8.62,4.68,10360000000.0,10360000000.0,23.35,2.85,6.63,10.66,6.63,551710000.0,10.66,264860000.0,0.79,8.30,106.90,86350000.0,0.22,2790000000.0,0.89,10.89,10360000000.0,1.16,1.90,96.10,18440000.0,6.40,4.70,22710000.0,underperform
7490,2005-03-16 21:11:54,1111025514.0,dnr,8.29,69.6,1188.069946,9.87,59.73,0.446,25.47,5.16,3.78,20.50,30.07,7.46,16.66,6.47,1900000000.0,1990000000.0,15.94,1.38,5.43,8.58,5.43,227050000.0,8.58,75180000.0,1.33,20.90,16.80,125100000.0,2.22,223350000.0,1.488,8.88,202750000.0,0.377,2.94,90.47,1990000.0,4.241,3.64,1040000.0,outperform
7491,2005-01-06 11:51:53,1105030313.0,dnr,6.16,96.27,1187.890015,8.21,88.06,0.446,18.76,3.97,2.91,20.50,30.06,7.46,16.66,6.47,1400000000.0,1500000000.0,12.70,1.72,4.09,6.47,4.09,227050000.0,6.47,75180000.0,1.327,20.90,16.80,125100000.0,2.22,223350000.0,1.488,8.88,202750000.0,0.399,35.06,89.98,1500000.0,4.55,4.09,1460000.0,outperform
7492,2008-12-01 17:51:18,1228171878.0,dnr,8.54,55.39,816.210022,35.85,19.54,0.437,4.99,1.61,1.32,30.87,55.81,16.58,29.27,6.004,2190000000.0,2960000000.0,N/A,0.35,2.03,2.869,2.03,687710000.0,2.869,450580000.0,1.777,131.70,61.10,175310000.0,0.71,780920000.0,1.39,7.24,838170000.0,1.74,2.82,90.80,6340000.0,1.9,2.60,5450000.0,outperform
7493,2004-04-13 12:59:00,1081875540.0,dnr,4.39,80.87,1129.439941,3.93,76.94,0.708,18.65,2.97,2.33,16.20,23.99,5.56,13.76,6.005,988450000.0,1260000000.0,14.52,0.57,3.79,6.38,3.79,200660000.0,6.38,53940000.0,0.973,17.30,0.00,24190000.0,0.44,298200000.0,0.854,7.774,202460000.0,0.276,35.00,68.92,N/A,2.975,2.64,N/A,outperform
7494,2010-01-15 13:19:38,1263579578.0,dnr,15.13,25.51,1136.030029,13.2,12.310000000000002,N/A,N/A,4.75,2.21,4.18,5.43,0.77,1.95,3.389,5140000000.0,5140000000.0,N/A,N/A,6.16,10.085,6.16,990180000.0,10.085,34860000.0,0.14,82.90,44.50,21690000.0,0.087,1200000000.0,0.598,7.168,548180000.0,1.1,2.60,93.70,23340000.0,5.6,11.50,23920000.0,outperform
7495,2008-06-21 06:37:31,1214044651.0,dnr,38.95,-62.88,1337.810059,-31.35,-31.53,0.43,30.74,8.50,6.32,27.88,49.12,13.11,23.58,4.602,9250000000.0,9820000000.0,N/A,0.66,8.84,13.089,8.84,687710000.0,13.089,309530000.0,1.22,339.30,83.50,74040000.0,0.301,641920000.0,0.899,6.067,683130000.0,1.29,2.78,87.70,7780000.0,3.1,3.20,6060000.0,underperform
7496,2011-08-15 20:39:52,1313455192.0,dnr,15.72,-3.63,1204.48999,16.56,-20.189999999999998,49.41,22.54,2.96,1.33,13.60,34.15,4.68,5.91,5.27,8279999999.999999,8279999999.999999,10.88,0.53,3.96,7.23,3.96,1330000000.0,7.23,284520000.0,0.71,91.50,21.10,210010000.0,0.53,2300000000.0,1.10,11.66,8279999999.999999,1.32,1.89,95.30,13610000.0,3.70,3.90,10020000.0,underperform
7497,2004-10-10 12:41:31,1097426491.0,dnr,6.48,65.59,1130.650024,5.01,60.580000000000005,0.645,20.73,4.00,3.04,19.86,29.44,7.22,16.86,6.456,1460000000.0,1740000000.0,16.29,1.86,4.80,7.54,4.80,227050000.0,7.54,72050000.0,1.281,20.90,16.80,27940000.0,0.51,308300000.0,1.064,8.681,207770000.0,0.264,35.14,90.98,1770000.0,4.194,4.96,2069999.9999999998,outperform
7498,2013-03-17 08:49:10,1363524550.0,dnr,18.46,-14.52,1563.22998,18.91,-33.43,61.42,13.79,2.87,1.37,21.56,42.26,6.04,10.59,6.33,9970000000.0,9970000000.0,13.89,15.49,4.09,6.48,4.09,1900000000.0,6.48,525360000.0,1.35,118.00,1.50,98510000.0,0.27,3140000000.0,2.50,13.74,1410000000.0,2.31,2.03,93.40,19880000.0,4.80,6.00,19390000.0,underperform
7499,2006-06-21 13:06:30,1150909590.0,dnr,13.21,39.14,1252.199951,21.56,17.580000000000002,0.607,17.41,4.99,3.81,28.97,52.71,14.91,26.30,5.538,3100000000.0,3650000000.0,N/A,0.64,5.88,8.282,5.88,445560000.0,8.282,180180000.0,1.50,45.60,57.50,29980000.0,0.252,479950000.0,0.983,6.849,396840000.0,1.32,4.58,87.70,1980000.0,2.1,1.70,2950000.0,outperform
7500,2004-08-11 17:13:18,1092258798.0,dnr,4.94,130.16,1075.790039,15.06,115.1,N/A,15.71,3.01,N/A,19.86,29.43,7.37,17.37,6.455,1100000000.0,1090000000.0,16.10,1.52,3.01,4.73,3.01,227050000.0,4.73,72050000.0,1.281,20.90,16.80,N/A,N/A,N/A,N/A,N/A,215100000.0,0.203,35.07,91.57,1210000.0,2.347,3.41,1120000.0,outperform
7501,2005-02-20 13:59:54,1108925994.0,mnst,2.55,,1200.75,7.2,,0.084,46.45,4.05,4.52,8.79,13.52,5.21,10.97,7.042,3450000000.0,3310000000.0,24.95,1.33,3.92,27.12,3.92,356440000.0,27.12,74310000.0,0.62,N/A,39.00,198110000.0,1.66,63240000.0,0.883,6.365,107730000.0,3.044,15.52,87.38,9660000.0,4.389,9.60,11400000.0,underperform
7502,2004-08-31 09:20:32,1093958432.0,mnst,1.48,319.59,1104.23999,10.51,309.08,0.145,43.49,3.29,3.92,7.34,11.49,4.76,11.10,6.325,2390000000.0,2400000000.0,24.61,1.62,3.24,27.13,3.24,356440000.0,27.13,54470000.0,0.464,N/A,39.00,82200000.0,0.69,90000000.0,0.82,5.244,93000000.0,3.073,15.52,94.28,12950000.0,7.15,12.92,12460000.0,outperform
7503,2007-04-13 13:32:30,1176485550.0,mnst,19.3,-5.96,1452.849976,-6.77,0.8099999999999996,0.021,150.18,4.95,4.92,3.33,20.59,8.00,15.04,8.719,5520000000.0,4950000000.0,N/A,1.03,4.43,18.105,4.43,704830000.0,18.105,153590000.0,0.28,8.10,33.40,596570000.0,4.591,23660000.0,1.36,8.631,268770000.0,2.67,5.77,87.30,3660000.0,3.00,3.00,3160000.0,outperform
7504,2007-02-21 00:19:01,1172035141.0,mnst,18.94,10.4,1457.630005,-7.9,18.3,0.021,191.94,6.29,6.33,3.33,20.59,7.63,15.04,8.719,6980000000.0,6450000000.0,N/A,1.37,5.78,24.572,5.78,547450000.0,24.572,153590000.0,0.28,43.50,10.50,596570000.0,4.643,23660000.0,2.902,8.637,268770000.0,2.37,5.83,85.60,3160000.0,3.1,2.60,3700000.0,outperform
7505,2013-05-11 09:27:48,1368278868.0,mnst,56.97,16.06,1632.689941,14.88,1.179999999999998,N/A,29.16,4.34,13.90,16.50,26.52,28.40,41.89,11.86,9190000000.0,9190000000.0,21.69,1.35,4.46,16.20,4.46,1070000000.0000001,16.20,340020000.0,1.86,5.30,15.00,319560000.0,1.93,0.00,2.89,3.89,287680000.0,0.05,14.79,74.90,6160000.0,2.80,4.30,4580000.0,outperform
7506,2012-01-28 12:10:07,1327770607.0,mnst,54.24,-12.85,1326.060059,12.73,-25.58,0.11,37.07,5.75,9.98,16.80,26.85,24.10,31.96,18.21,8660000000.0,8660000000.0,28.91,2.39,5.38,19.33,5.38,680240000.0,19.33,270820000.0,2.90,23.90,24.40,699410000.0,8.03,0.11,6.26,10.67,291230000.0,0.26,N/A,N/A,1210000.0,1.60,1.60,1140000.0,underperform
7507,2007-10-12 11:49:00,1192204140.0,mnst,32.44,-58.94,1561.800049,-36.94,-22.0,0.002,204.97,3.86,3.78,1.88,18.80,7.36,12.51,9.62,4800000000.0,4080000000.0,N/A,1.07,3.28,14.878,3.28,704830000.0,14.878,148960000.0,0.18,27.80,20.30,721450000.0,5.451,1970000.0,1.694,9.6,256140000.0,1.96,5.45,93.60,4620000.0,2.3,3.60,4900000.0,underperform
7508,2007-04-15 00:58:43,1176613123.0,mnst,19.2,-10.52,1447.800049,-8.25,-2.2699999999999996,0.021,155.09,4.95,4.92,3.33,20.59,8.00,15.04,8.719,5700000000.0,5130000000.0,N/A,1.08,4.59,18.765,4.59,704830000.0,18.765,153590000.0,0.28,8.10,33.40,596570000.0,4.591,23660000.0,1.36,8.631,268770000.0,2.67,5.77,87.30,3660000.0,3.00,3.00,3160000.0,underperform
7509,2008-01-24 12:32:39,1201195959.0,mnst,21.05,-21.71,1352.069946,-38.47,16.759999999999998,0.002,25.23,2.65,2.92,10.84,18.16,7.70,12.86,10.004,3440000000.0,2810000000.0,N/A,0.77,2.17,10.062,2.17,704830000.0,10.062,142100000.0,1.07,N/A,17.90,628960000.0,4.917,1950000.0,1.543,9.19,250120000.0,2.15,4.83,98.40,4460000.0,3.60,3.60,4400000.0,outperform
7510,2007-05-16 21:19:58,1179364798.0,mnst,19.23,-22.57,1514.140015,-5.98,-16.59,0.006,183.75,5.18,5.08,2.89,19.78,7.80,14.29,9.229,6230000000.0,5480000000.0,N/A,1.26,4.61,19.661,4.61,704830000.0,19.661,158900000.0,0.26,6.60,18.80,681000000.0,5.241,7470000.0,1.507,9.314,265709999.99999997,2.15,5.95,89.30,3440000.0,1.9,2.80,3660000.0,underperform
7511,2005-03-19 20:22:45,1111281765.0,mnst,3.47,309.51,1188.069946,9.87,299.64,0.101,45.70,4.27,4.59,8.79,13.52,5.21,10.97,7.042,3570000000.0,3450000000.0,24.54,1.44,4.08,28.25,4.08,449290000.0,28.25,74310000.0,0.62,N/A,24.40,198110000.0,1.58,76180000.0,0.963,6.268,92540000.0,3.024,15.36,88.86,10410000.0,5.468,9.80,9660000.0,outperform
7512,2004-01-05 02:19:58,1073287198.0,mnst,0.52,323.08,1122.219971,5.87,317.21,0.015,N/A,3.65,5.77,5.11,4.00,2.93,6.80,6.013,2510000000.0,2400000000.0,37.86,2.38,3.54,N/A,3.54,475240000.0,N/A,34070000.0,0.31,875.00,23.00,118120000.0,1.05,6300000.0,0.86,3.81,N/A,3.415,15.76,95.00,12910000.0,5.724,13.59,12390000.0,outperform
7513,2008-10-29 04:05:50,1225267550.0,mnst,11.96,54.26,930.090027,14.62,39.64,1.22,11.22,0.90,1.12,9.24,18.14,7.77,10.03,11.451,1460000000.0,855610000.0,N/A,0.42,0.60,2.747,0.60,821730000.0,2.747,119430000.0,1.05,7.70,9.40,434030000.0,3.501,1.22,1.22,9.305,286060000.0,2.04,13.24,98.90,6950000.0,2.2,5.90,9280000.0,outperform
7514,2004-06-21 01:06:13,1087794373.0,mnst,1.5,258.0,1130.300049,7.37,250.63,0.13,57.60,4.10,5.27,6.94,10.85,4.49,11.04,6.074,2840000000.0,2760000000.0,29.94,1.98,3.94,35.16,3.94,356440000.0,35.16,48460000.0,0.421,N/A,39.00,155890000.0,1.33,69560000.0,0.949,4.63,59400000.0,3.151,15.61,95.00,12570000.0,6.925,12.71,13470000.0,outperform
7515,2006-11-01 13:23:15,1162405395.0,mnst,15.03,117.17,1367.810059,10.28,106.89,N/A,153.45,4.78,N/A,3.17,20.66,N/A,N/A,8.565,5200000000.0,5200000000.0,N/A,1.38,4.78,19.689,4.78,559690000.0,19.689,148310000.0,0.26,N/A,14.70,N/A,N/A,N/A,N/A,N/A,N/A,1.46,25.96,90.60,3680000.0,2.1,3.00,3430000.0,outperform
7516,2005-01-27 15:54:46,1106859286.0,mnst,2.46,375.61,1174.550049,9.29,366.32,0.136,58.95,4.42,5.43,7.59,11.90,4.86,10.72,6.775,3610000000.0,3530000000.0,35.23,1.96,4.39,34.66,4.39,356440000.0,34.66,61130000.0,0.514,N/A,39.00,117210000.0,0.98,88920000.0,0.889,5.513,107730000.0,2.995,15.52,94.76,11400000.0,6.231,11.33,11700000.0,outperform
7517,2004-03-21 04:29:00,1079861340.0,mnst,0.84,300.0,1122.319946,5.48,294.52,0.086,405.34,4.21,5.74,1.08,3.65,0.69,1.76,5.958,2830000000.0,2470000000.0,30.53,1.70,3.64,90.88,3.64,356440000.0,90.88,7320000.0,0.058,875.00,23.00,142260000.0,1.18,40380000.0,0.886,4.141,5810000.0,3.192,15.49,95.00,12960000.0,7.053,12.73,13410000.0,outperform
7518,2008-01-23 23:44:14,1201149854.0,adsk,40.75,-60.42,1338.599976,-38.18,-22.240000000000002,N/A,27.80,4.47,7.86,17.20,21.73,15.66,32.68,8.982,9410000000.0,8390000000.000001,N/A,1.31,4.05,16.507,4.05,1620000000.0,16.507,356100000.0,1.47,46.20,17.90,872600000.0,3.779,N/A,2.171,5.105,680300000.0,1.65,0.56,89.70,7940000.0,3.6,3.50,7600000.0,underperform
7519,2012-06-10 06:28:33,1339324113.0,adsk,32.65,10.17,1314.98999,24.93,-14.76,N/A,25.79,3.30,3.67,12.96,16.24,7.43,15.54,10.00,6020000000.0,6020000000.0,13.77,1.06,2.65,12.29,2.65,1990000000.0,12.29,294900000.0,1.27,13.90,11.40,1510000000.0,6.58,0.00,2.18,8.90,584400000.0,1.99,0.19,94.70,3270000.0,1.50,1.40,3490000.0,underperform
7520,2005-02-25 15:10:44,1109362244.0,adsk,29.92,21.36,1211.369995,6.71,14.649999999999999,1.637,33.40,5.54,10.47,17.95,19.04,20.97,34.17,4.985,6850000000.0,6300000000.0,24.25,1.62,5.11,21.98,5.11,803520000.0,21.98,221510000.0,0.89,N/A,N/A,532690000.00000006,2.32,1.637,1.637,2.845,N/A,1.15,2.18,95.00,4810000.0,1.11,2.14,3680000.0,outperform
7521,2008-03-02 21:47:36,1204512456.0,adsk,33.11,-64.18,1367.680054,-48.76,-15.420000000000009,N/A,21.12,3.51,6.19,16.40,20.77,14.07,30.37,9.431,7150000000.0,6200000000.0,N/A,0.90,2.86,12.103,2.86,1620000000.0,12.103,356200000.0,1.47,0.10,20.40,949300000.0,4.127,N/A,1.985,5.35,708500000.0,1.62,0.62,92.00,8279999.999999999,2.2,3.60,7200000.0,underperform
7522,2013-05-14 02:47:26,1368514046.0,adsk,39.42,21.94,1650.339966,14.43,7.510000000000002,36.49,36.36,3.85,4.35,10.70,15.13,5.80,12.60,10.21,7690000000.0,7690000000.0,15.88,1.26,3.33,16.10,3.33,2069999999.9999998,16.10,247400000.0,1.07,3.50,2.40,1950000000.0,8.73,745600000.0,2.45,9.14,559100000.0,2.15,0.12,91.80,3810000.0,1.50,1.70,3160000.0,outperform
7523,2013-02-06 12:50:17,1360173017.0,adsk,38.71,31.65,1512.119995,17.28,14.369999999999997,5.45,36.85,3.82,4.35,10.66,15.22,6.80,12.74,10.13,7560000000.0,7560000000.0,18.42,1.18,3.29,15.97,3.29,1990000000.0,15.97,244900000.0,1.06,59.60,0.10,1330000000.0,5.92,110000000.0,1.75,8.98,578700000.0,2.13,0.16,95.30,3620000.0,1.60,1.60,3860000.0,outperform
7524,2007-03-11 12:08:50,1173629330.0,adsk,38.53,-18.12,1401.890015,-9.17,-8.950000000000001,N/A,31.51,5.57,10.53,18.78,22.15,17.97,38.70,6.985,8930000000.0,8539999999.999999,N/A,1.24,5.33,20.352,5.33,1350000000.0,20.352,301300000.0,1.22,36.30,22.80,385800000.0,1.665,N/A,1.513,3.659,442100000.0,2.11,0.10,90.70,5310000.0,2.2,2.30,6110000.0,underperform
7525,2007-03-09 02:37:05,1173425825.0,adsk,38.54,-18.24,1402.839966,-4.93,-13.309999999999999,N/A,31.50,5.62,10.64,18.78,22.15,17.97,38.70,6.985,8930000000.0,8640000000.0,N/A,1.26,5.38,20.573,5.38,1350000000.0,20.573,301300000.0,1.22,36.30,22.80,385800000.0,1.665,N/A,1.513,3.659,442100000.0,2.11,0.10,90.90,5310000.0,2.2,2.30,6110000.0,underperform
7526,2005-04-19 09:08:08,1113916088.0,adsk,32.25,34.29,1152.780029,13.63,20.659999999999997,1.637,35.49,5.86,11.13,17.95,19.04,20.97,34.17,4.985,7230000000.0,6690000000.0,24.76,1.65,5.42,23.33,5.42,1060000000.0,23.33,221510000.0,0.89,84.10,29.60,532690000.00000006,2.34,1.637,1.637,2.847,373130000.0,1.315,2.15,87.25,4150000.0000000005,1.359,1.86,5620000.0,outperform
7527,2012-08-28 20:58:45,1346201925.0,adsk,31.23,18.16,1409.300049,16.01,2.1499999999999986,N/A,24.96,3.02,3.39,12.54,16.05,7.26,15.01,10.11,5550000000.0,5550000000.0,14.20,1.04,2.42,11.37,2.42,1990000000.0,11.37,288300000.0,1.25,9.30,4.10,1430000000.0,6.25,0.00,2.11,9.01,559300000.0,1.97,0.19,94.70,3780000.0,1.80,1.60,5700000.0,outperform
7528,2012-11-07 12:09:30,1352308170.0,adsk,31.57,32.28,1394.530029,25.29,6.990000000000002,N/A,25.91,3.20,3.58,12.54,16.05,7.26,15.01,10.11,5830000000.0,5830000000.0,14.80,1.03,2.54,11.93,2.54,1990000000.0,11.93,288300000.0,1.25,9.30,4.10,1430000000.0,6.31,0.00,2.11,9.04,559300000.0,2.01,0.16,95.30,6010000.0,2.20,2.60,5770000.0,outperform
7529,2004-06-20 07:36:21,1087731381.0,adsk,19.52,89.6,1132.050049,7.42,82.17999999999999,1.614,31.62,4.27,6.97,14.95,14.74,16.10,25.50,8.332,4470000000.0,4120000000.0,23.04,1.53,3.96,26.8,3.96,803520000.0,26.8,155310000.0,1.246,277.10,15.40,353930000.0,3.12,1.614,1.614,5.614,257959999.99999997,1.032,4.76,87.77,3210000.0,1.783,2.97,3270000.0,outperform
7530,2009-06-18 19:51:54,1245369114.0,adsk,20.72,41.12,918.3699949999999,21.68,19.439999999999998,N/A,83.09,2.24,3.61,2.66,15.81,9.60,4.62,9.49,3830000000.0,3830000000.0,N/A,3.70,1.79,8.699,1.79,2100000000.0,8.699,56900000.0,0.25,N/A,28.90,958900000.0,4.198,2100000.0,1.91,5.816,435800000.0,2.28,0.58,91.40,8430000.0,1.9,3.70,9200000.0,outperform
7531,2003-10-03 16:48:40,1065214120.0,adsk,9.05,172.6,1029.849976,8.25,164.35,N/A,45.68,2.40,3.34,5.28,1.73,4.74,7.39,7.109,2060000000.0,1680000000.0,21.43,1.78,2.08,119.81,2.08,684780000.0,119.81,42610000.0,N/A,64.70,12.90,262350000.00000003,2.35,N/A,1.49,5.2,N/A,1.06,4.75,91.78,2220000.0,1.68,2.09,2220000.0,outperform
7532,2004-08-03 23:39:21,1091590761.0,adsk,19.96,80.56,1099.689941,13.22,67.34,1.614,32.07,4.31,7.03,14.95,14.74,16.10,25.50,8.332,4540000000.0,4130000000.0,23.37,1.54,3.97,26.86,3.97,803520000.0,26.86,155310000.0,1.246,277.10,15.40,353930000.0,3.12,1.614,1.614,5.614,257959999.99999997,1.06,4.76,88.88,4580000.0,2.112,4.24,4820000.0,outperform
7533,2007-05-29 18:50:01,1180479001.0,adsk,44.9,-11.58,1518.109985,-8.38,-3.1999999999999993,N/A,36.41,6.50,12.29,18.78,22.15,17.97,38.70,6.985,10320000000.0,10030000000.0,N/A,1.19,6.26,23.901,6.26,1350000000.0,23.901,301300000.0,1.22,36.30,22.80,385800000.0,1.665,N/A,1.513,3.659,442100000.0,2.37,0.10,89.00,5980000.0,2.4,2.60,6470000.0,underperform
7534,2007-04-07 14:32:35,1175970755.0,adsk,38.87,-13.84,1439.369995,-4.87,-8.969999999999999,N/A,32.34,5.61,10.62,18.78,22.15,17.97,38.70,6.985,9160000000.0,8780000000.0,N/A,1.27,5.47,20.91,5.47,1350000000.0,20.91,301300000.0,1.22,36.30,22.80,385800000.0,1.665,N/A,1.513,3.659,442100000.0,2.26,0.10,90.70,6470000.0,1.9,2.80,5310000.0,underperform
7535,2007-12-24 21:50:49,1198551049.0,adsk,51.02,-64.05,1496.449951,-42.32,-21.729999999999997,N/A,34.80,5.69,9.99,17.20,21.73,15.66,32.68,8.982,11780000000.0,10900000000.0,N/A,1.67,5.27,21.45,5.27,1620000000.0,21.45,356100000.0,1.47,46.20,17.90,872600000.0,3.779,N/A,2.171,5.105,680300000.0,1.86,0.56,91.10,7600000.0,2.9,3.30,5860000.0,underperform
7536,2007-04-06 22:29:13,1175912953.0,sjm,41.53,-4.6,1437.77002,-4.89,0.29000000000000004,0.243,20.85,1.43,1.76,6.98,11.92,6.09,8.60,38.059,3100000000.0,3380000000.0,N/A,2.35,1.57,10.341,1.57,692850000.0,10.341,150420000.0,2.63,29.10,2.50,152170000.0,2.688,426380000.0,2.351,31.035999,285740000.0,0.35,10.82,53.20,1770000.0,5.8,3.40,1530000.0,outperform
7537,2006-06-25 23:14:53,1151291693.0,sjm,32.88,41.61,1245.599976,20.24,21.37,0.265,18.03,1.20,1.49,6.65,11.91,6.07,8.39,37.238,2570000000.0,2950000000.0,N/A,1.89,1.37,8.965,1.37,657420000.0,8.965,143350000.0,2.45,61.50,2.10,86840000.0,1.492,457220000.0,2.427,29.695,N/A,0.32,5.51,48.70,3.4,3.4,1.40,N/A,outperform
7538,2013-05-17 14:04:15,1368813855.0,sjm,99.67,-1.7,1667.469971,13.26,-14.959999999999999,39.32,21.87,1.87,2.13,8.76,16.37,6.57,9.73,54.29,12740000000.0,12740000000.0,17.99,2.30,2.15,10.53,2.15,1850000000.0,10.53,513539999.99999994,4.71,31.90,6.30,438810000.0,4.09,2069999999.9999998,2.94,48.49,945330000.0,0.49,4.39,74.40,2280000.0,4.90,2.10,2000000.0,underperform
7539,2011-08-14 16:04:08,1313352248.0,sjm,69.11,7.71,1172.640015,19.74,-12.029999999999998,24.64,18.46,1.76,1.60,9.94,19.02,7.04,9.03,41.24,9520000000.0,9520000000.0,13.41,2.04,1.97,8.62,1.97,1800000000.0,8.62,474790000.0,4.05,21.30,11.00,343870000.0,3.01,1300000000.0,3.39,46.35,9520000000.0,0.60,3.40,73.10,1850000.0,3.00,1.70,1770000.0,underperform
7540,2006-11-01 07:23:18,1162383798.0,sjm,36.3,8.21,1367.810059,10.28,-2.0699999999999985,0.273,19.98,1.29,1.60,6.55,11.94,5.99,8.27,37.779,2810000000.0,3190000000.0,N/A,1.83,1.47,9.669,1.47,692850000.0,9.669,142180000.0,2.45,3.90,3.20,101110000.0,1.762,476470000.0,2.334,30.487,238900000.0,0.37,N/A,50.60,3.1,3.1,1.40,N/A,underperform
7541,2009-11-27 07:49:37,1259326177.0,sjm,52.08,10.52,1091.48999,9.79,0.7300000000000004,N/A,16.80,1.52,1.35,8.96,17.32,8.39,12.34,39.208,8039999999.999999,8039999999.999999,N/A,1.77,1.76,8.307,1.76,1250000000.0,8.307,410260000.0,3.50,172.10,51.70,409710000.0,3.444,1460000000.0,1.474,43.169998,622300000.0,0.72,3.86,75.70,2670000.0,3.8,2.40,3000000.0,outperform
7542,2005-08-29 23:43:21,1125373401.0,sjm,34.4,5.09,1212.280029,7.59,-2.5,0.285,21.15,1.35,1.63,6.32,12.33,7.29,8.99,35.803,2780000000.0,3160000000.0,N/A,1.94,1.55,10.271,1.55,657420000.0,10.271,130460000.00000001,2.24,0.30,57.30,75820000.0,1.292,481940000.0,1.803,28.882999,148400000.0,0.002,5.46,57.00,2470000.0,12.6,4.60,2580000.0,underperform
7543,2004-08-04 00:03:56,1091592236.0,sjm,30.8,12.92,1098.630005,12.49,0.4299999999999997,0.112,19.46,1.75,1.77,7.86,12.61,6.73,9.53,28.117,2500000000.0,2490000000.0,14.29,1.61,1.76,11.41,1.76,492780000.0,11.41,111350000.0,2.21,15.60,8.00,121680000.0,2.09,135000000.0,2.432,24.129999,125940000.0,0.044,7.08,49.83,N/A,2.189,1.75,3010000.0,outperform
7544,2005-03-29 07:11:58,1112098318.0,sjm,35.81,-18.21,1165.359985,11.8,-30.01,0.301,22.14,1.52,1.70,6.70,11.17,5.42,8.52,33.724,2890000000.0,3300000000.0,17.08,1.72,1.76,12.81,1.76,492780000.0,12.81,125850000.0,2.24,15.60,8.00,63140000.0,1.08,505690000.0,1.54,28.813999,104530000.0,0.089,7.04,52.17,2550000.0,9.043,4.70,2190000.0,underperform
7545,2012-02-21 17:31:24,1329863484.0,sjm,68.31,29.79,1362.209961,10.99,18.799999999999997,38.63,18.10,1.59,1.55,8.95,17.64,6.46,8.57,45.49,9860000000.0,9860000000.0,13.84,2.09,1.90,8.91,1.90,1800000000.0,8.91,461010000.0,4.03,15.00,18.40,496290000.0,4.38,2069999999.9999998,4.03,47.11,431950000.0,0.61,4.11,74.90,1180000.0,2.40,1.10,1130000.0,outperform
7546,2006-01-09 04:19:50,1136798390.0,sjm,33.66,6.8,1290.150024,9.45,-2.6499999999999995,0.272,20.03,1.25,1.56,6.24,12.12,5.86,8.14,37.099,2670000000.0,3080000000.0,N/A,1.82,1.43,9.386,1.43,657420000.0,9.386,138650000.0,2.29,22.20,2.90,62240000.0,1.066,469870000.0,1.811,29.610001,197540000.0,N/A,5.50,57.00,3.7,3.7,1.70,1140000.0,underperform
7547,2007-07-12 01:00:46,1184216446.0,sjm,48.08,-29.72,1547.699951,-19.91,-9.809999999999999,0.237,22.84,1.64,1.96,7.32,12.53,6.56,8.92,38.063,3580000000.0,3760000000.0,N/A,2.39,1.75,11.076,1.75,702060000.0,11.076,157220000.0,2.76,19.00,1.60,200120000.0,3.516,425640000.0,2.704,31.625,273420000.0,0.34,10.82,55.50,1030000.0,4.4,2.00,1260000.0,underperform
7548,2006-09-23 08:59:28,1159016368.0,sjm,35.82,15.55,1325.180054,14.61,0.9400000000000013,0.273,19.60,1.27,1.57,6.55,11.94,5.99,8.27,37.779,2760000000.0,3130000000.0,N/A,1.80,1.44,9.507,1.44,692850000.0,9.507,142180000.0,2.45,3.90,3.20,101110000.0,1.762,476470000.0,2.334,30.487,238900000.0,0.34,N/A,50.00,2.6,2.6,1.30,N/A,outperform
7549,2012-04-22 17:04:48,1335128688.0,sjm,74.74,33.32,1376.920044,13.48,19.84,38.47,20.30,1.66,1.67,8.41,16.66,6.34,8.38,47.33,10660000000.0,10660000000.0,15.23,2.41,1.99,9.81,1.99,1800000000.0,9.81,446200000.0,3.94,11.50,11.80,370430000.0,3.31,2069999999.9999998,3.65,47.54,466420000.0,0.45,4.11,74.90,2240000.0,2.80,2.00,1830000.0,outperform
7550,2005-05-02 01:06:01,1115010361.0,sjm,35.67,-17.66,1162.160034,13.0,-30.66,0.301,22.17,1.53,1.70,6.70,11.17,5.42,8.52,33.724,2900000000.0,3310000000.0,17.11,1.75,1.76,12.84,1.76,492780000.0,12.84,125850000.0,2.24,15.60,8.00,63140000.0,1.08,505690000.0,1.54,28.813999,145250000.0,0.071,7.04,52.34,2580000.0,12.895,4.75,2550000.0,underperform
7551,2008-06-07 09:31:28,1212845488.0,sjm,41.85,-9.73,1377.199951,-31.57,21.84,0.427,16.92,1.23,1.63,7.24,12.34,6.44,9.75,42.902,2890000000.0,3360000000.0,N/A,1.97,1.38,9.29,1.38,702060000.0,9.29,175830000.0,3.08,4.90,27.20,327660000.0,5.895,790420000.0,3.502,33.105,239800000.0,0.43,7.22,54.70,1.10,1.10,1.10,N/A,outperform
7552,2004-11-30 18:56:16,1101858976.0,sjm,32.55,1.97,1173.819946,6.45,-4.48,0.316,20.12,1.57,1.58,7.23,11.90,5.72,8.84,31.385,2650000000.0,3150000000.0,15.63,1.63,1.87,15.72,1.87,492780000.0,15.72,121650000.0,2.253,15.60,8.00,32509999.999999996,0.56,531030000.0,1.353,28.802999,65930000.00000001,0.099,7.13,49.68,1710000.0,8.28,3.16,1620000.0,underperform
7553,2007-05-17 06:45:00,1179398700.0,ati,98.86,-27.09,1512.75,-5.78,-21.31,0.321,17.53,2.22,6.90,12.59,19.56,19.80,51.18,52.485,11600000000.0,11620000000.0,N/A,0.97,2.21,10.386,2.21,1190000000.0,10.386,663200000.0,6.48,85.70,31.90,518000000.0,5.071,542800000.0,2.884,16.563999,347200000.0,2.94,4.48,71.00,5000000.0,2.3,5.20,4139999.9999999995,underperform
7554,2012-02-28 21:23:56,1330482236.0,ati,41.25,-28.41,1372.180054,10.48,-38.89,58.58,22.27,0.90,1.89,4.14,8.32,5.11,9.48,50.57,5810000000.0,5810000000.0,10.80,0.43,1.12,9.60,1.12,490300000.0,9.60,214300000.0,1.97,109.90,20.60,380600000.0,3.58,1510000000.0,2.98,23.31,296800000.0,1.92,6.42,80.40,4480000.0,2.20,4.60,5290000.0,underperform
7555,2007-06-18 21:13:43,1182215623.0,ati,95.79,-39.84,1531.050049,-11.76,-28.080000000000005,0.321,16.85,2.14,6.65,12.59,19.56,19.80,51.18,52.485,11150000000.0,11280000000.0,N/A,0.93,2.14,10.08,2.14,1190000000.0,10.08,663200000.0,6.476,85.70,31.90,518000000.0,5.071,542800000.0,2.884,16.563999,347200000.0,2.78,4.48,69.20,4720000.0,1.9,4.90,5000000.0,underperform
7556,2005-03-06 07:26:21,1110111981.0,ati,21.43,121.37,1210.469971,5.6,115.77000000000001,1.368,198.85,0.87,5.60,0.72,1.90,0.94,7.75,30.511,2500000000.0,2830000000.0,13.93,1.43,1.04,22.09,1.04,63800000.0,22.09,19800000.0,0.13,N/A,1.60,250800000.0,2.62,582700000.0,2.354,4.447,38400000.0,2.099,20.43,68.96,3780000.0,2.914,4.95,4560000.0,outperform
7557,2011-11-08 00:58:58,1320731938.0,ati,46.73,-43.91,1275.920044,9.3,-53.209999999999994,57.31,26.38,1.06,1.92,3.98,8.01,4.69,8.30,49.40,6480000000.0,6480000000.0,13.48,0.42,1.30,11.55,1.30,490300000.0,11.55,197700000.0,1.88,130.00,27.70,431500000.0,4.06,1630000000.0,2.75,25.83,6480000000.0,1.95,6.11,79.10,6090000.0,2.00,6.20,5950000.0,underperform
7558,2012-09-18 18:14:10,1348006450.0,ati,32.74,-4.7,1459.319946,18.24,-22.939999999999998,56.12,18.31,0.71,1.46,3.89,7.57,4.15,7.90,50.32,5040000000.0,5040000000.0,10.94,1.14,0.95,8.51,0.95,813200000.0,8.51,206600000.0,1.85,11.90,0.40,210300000.0,1.96,1500000000.0,3.07,24.03,428600000.0,2.10,1.30,75.90,3750000.0,2.80,3.60,3730000.0,underperform
7559,2008-01-23 22:50:36,1201146636.0,ati,58.89,-67.74,1338.599976,-38.18,-29.559999999999995,0.255,9.06,1.25,3.36,13.61,21.28,19.94,45.90,55.01,6840000000.0,6830000000.0,N/A,0.50,1.23,5.318,1.23,1190000000.0,5.318,759100000.0,7.38,21.00,3.60,663600000.0,6.489,529500000.0,3.337,20.274,607700000.0,2.73,11.85,75.20,3610000.0,1.6,3.60,3020000.0,underperform
7560,2004-08-20 21:58:02,1093053482.0,ati,15.9,61.76,1098.349976,11.1,50.66,3.925,N/A,0.80,10.01,13.02,8.66,14.14,118.97,26.83,1770000000.0,2280000000.0,19.76,N/A,1.04,N/A,1.04,63800000.0,N/A,285300000.0,3.555,N/A,1.60,64000000.0,0.67,587500000.0,1.798,1.839,86500000.0,1.857,22.76,51.37,2890000.0,3.041,3.93,3760000.0,outperform
7561,2008-12-31 23:18:51,1230783531.0,ati,22.83,79.59,903.25,23.45,56.14,0.218,4.29,0.42,0.99,11.04,16.96,14.10,27.22,54.399,2460000000.0,2570000000.0,N/A,0.75,0.47,2.463,0.47,1450000000.0,2.463,603900000.0,5.96,25.70,4.30,272600000.0,2.831,515900000.0,2.684,24.304001,523600000.0,1.94,13.66,76.80,11300000.0,4.1,12.70,10160000.0,outperform
7562,2008-01-27 18:21:07,1201476067.0,ati,58.59,-66.05,1352.069946,-38.13,-27.919999999999995,0.238,9.09,1.24,3.04,13.70,21.14,19.53,40.21,53.614,6710000000.0,6610000000.0,N/A,0.53,1.21,5.265,1.21,1190000000.0,5.265,747100000.0,7.26,10.90,8.80,623300000.0,6.135,528200000.00000006,3.194,21.885,709800000.0,2.73,11.85,74.80,3610000.0,1.6,3.60,3020000.0,underperform
7563,2009-05-01 02:46:09,1241160369.0,ati,30.14,61.38,877.5200199999999,35.76,25.620000000000005,N/A,7.53,0.64,1.58,8.96,13.52,9.76,20.29,48.844,3070000000.0,3070000000.0,N/A,N/A,0.64,4.054,0.64,1150000000.0,4.054,429800000.0,4.35,95.80,38.10,506000000.0,5.163,503500000.0,3.2,19.908001,857400000.0,1.58,9.84,75.70,11080000.0,6.3,12.10,11350000.0,outperform
7564,2006-06-16 09:27:04,1150464424.0,ati,56.59,66.8,1251.540039,21.1,45.699999999999996,0.621,16.27,1.74,7.15,10.84,12.67,10.96,56.57,38.143,6450000000.0,6650000000.0,N/A,0.66,1.80,12.156,1.80,650200000.0,12.156,403300000.0,3.95,68.00,18.30,359100000.0,3.581,558900000.0,2.491,8.996,262500000.0,4.42,6.12,73.30,5460000.0,2.2,5.80,5690000.0,outperform
7565,2013-05-14 22:40:19,1368585619.0,ati,28.12,47.33,1650.339966,14.43,32.9,56.96,28.16,0.65,1.26,2.31,4.95,2.45,4.65,45.72,4490000000.0,4490000000.0,11.97,2.13,0.92,10.32,0.92,693200000.0,10.32,112200000.0,1.03,82.20,12.80,138000000.0,1.28,1480000000.0,3.01,23.04,388300000.0,1.90,1.29,74.20,5350000.0,2.60,5.00,5230000.0,outperform
7566,2007-10-24 03:58:00,1193212680.0,ati,86.57,-78.57,1515.880005,-40.09,-38.47999999999999,0.287,13.26,1.75,5.15,13.12,20.67,20.70,49.10,54.793,9570000000.0,9700000000.0,N/A,0.91,1.75,7.85,1.75,1190000000.0,7.85,725400000.0,7.06,43.10,21.50,529600000.0,5.181,540700000.0,3.084,18.410999,464100000.0,2.87,6.19,70.40,3130000.0,1.3,3.10,2900000.0,underperform
7567,2011-12-29 01:38:25,1325140705.0,ati,45.12,-37.85,1263.02002,11.04,-48.89,57.31,25.15,1.04,1.88,3.98,8.01,4.69,8.30,49.40,6370000000.0,6370000000.0,12.87,0.43,1.28,11.36,1.28,490300000.0,11.36,197700000.0,1.88,130.00,27.70,431500000.0,4.06,1630000000.0,2.75,25.84,198500000.0,1.94,6.11,79.10,6360000.0,3.20,6.50,6390000.0,underperform
7568,2004-03-31 13:01:30,1080756090.0,etn,23.25,17.38,1126.209961,4.83,12.549999999999999,0.627,22.15,1.08,2.77,4.79,7.32,5.06,14.25,53.526,8680000000.0,9770000000.0,13.69,1.56,1.21,9.93,1.21,1940000000.0,9.93,386000000.0,2.546,66.30,1.20,865000000.0,5.62,1950000000.0,1.455,20.372999,774000000.0,0.675,9.33,74.81,2340000.0,2.516,1.68,2000000.0,outperform
7569,2008-02-02 08:39:18,1201959558.0,etn,35.02,-43.75,1355.810059,-37.67,-6.079999999999998,0.661,13.01,0.93,2.35,7.63,9.03,5.92,20.67,88.479,12660000000.0,15430000000.0,N/A,0.83,1.18,9.435,1.18,3320000000.0,9.435,959000000.0,6.61,6.20,8.80,646000000.0,4.389,3420000000.0,1.303,35.136002,N/A,1.42,0.52,77.60,1490000.0,1.3,1.00,1870000.0,underperform
7570,2008-01-24 09:15:20,1201184120.0,etn,34.88,-43.41,1352.069946,-38.47,-4.939999999999998,0.654,12.60,0.93,2.52,7.61,9.28,6.22,21.01,87.132,11950000000.0,14320000000.0,N/A,0.81,1.11,8.676,1.11,3320000000.0,8.676,959000000.0,6.51,4.00,7.00,739000000.0,5.069,3100000000.0,1.531,32.530998,1150000000.0,1.23,0.52,78.00,1490000.0,1.3,1.00,1870000.0,underperform
7571,2012-07-15 20:05:22,1342397122.0,etn,34.85,89.44,1334.76001,26.05,63.39,47.22,9.49,0.77,1.57,8.48,10.37,5.95,17.45,48.07,15760000000.0,15760000000.0,7.56,0.84,0.97,7.04,0.97,4790000000.0,7.04,1370000000.0,4.01,8.40,4.10,811000000.0,2.41,3760000000.0,1.65,23.58,1450000000.0,1.76,0.45,79.50,23240000.0,3.90,7.30,18890000.0,outperform
7572,2013-05-12 10:24:52,1368368692.0,etn,62.68,15.7,1626.670044,16.6,-0.9000000000000021,66.59,19.51,1.73,2.01,7.27,9.14,3.81,11.13,46.24,39810000000.0,39810000000.0,12.53,1.38,2.25,17.18,2.25,4860000000.0,17.18,1280000000.0,3.33,21.50,34.10,1040000000.0,2.20,10130000000.0,1.67,32.14,1860000000.0,1.74,0.31,65.40,5790000.0,1.50,1.20,7130000.0,underperform
7573,2012-04-03 21:34:07,1333503247.0,etn,46.0,23.85,1413.380005,9.93,13.920000000000002,50.39,12.57,1.04,2.24,8.41,10.18,5.81,18.15,47.44,19460000000.0,19460000000.0,9.61,0.93,1.21,8.89,1.21,4790000000.0,8.89,1350000000.0,3.93,29.30,10.10,1080000000.0,3.24,3780000000.0,1.60,22.34,1250000000.0,1.76,0.44,79.60,4730000.0,1.40,1.50,4630000.0,outperform
7574,2008-02-04 04:08:37,1202116117.0,etn,36.49,-48.86,1380.819946,-39.27,-9.589999999999996,0.661,13.01,0.93,2.35,7.63,9.03,5.92,20.67,88.479,12660000000.0,15430000000.0,N/A,0.83,1.18,9.435,1.18,3320000000.0,9.435,959000000.0,6.61,6.20,8.80,646000000.0,4.389,3420000000.0,1.303,35.136002,N/A,1.42,0.52,77.10,1490000.0,1.3,1.00,1870000.0,underperform
7575,2011-11-15 09:22:41,1321366961.0,etn,42.92,7.81,1257.810059,7.77,0.040000000000000036,48.74,12.48,0.98,1.99,8.09,10.17,5.76,16.99,46.22,18370000000.0,18370000000.0,10.29,1.05,1.17,8.54,1.17,4080000000.0,8.54,1270000000.0,3.69,36.20,15.50,814000000.0,2.44,3780000000.0,1.52,23.11,18370000000.0,1.52,0.46,85.00,4340000.0,0.90,1.30,4430000.0,outperform
7576,2013-03-24 17:23:29,1364160209.0,etn,60.21,19.05,1545.800049,20.16,-1.1099999999999994,71.62,18.29,1.81,1.95,7.46,9.45,3.59,10.79,46.90,39540000000.0,39540000000.0,12.17,1.44,2.42,18.48,2.42,4860000000.0,18.48,1220000000.0,3.46,50.60,7.40,1110000000.0,2.35,10840000000.0,1.44,32.05,1660000000.0,1.78,0.31,65.40,7250000.0,1.90,N/A,6460000.0,underperform
7577,2007-04-09 12:40:35,1176136835.0,etn,36.44,-4.12,1444.609985,-5.47,1.3499999999999996,0.63,13.75,1.01,3.04,7.68,9.76,6.97,23.14,82.357,12490000000.0,14290000000.0,N/A,1.25,1.16,8.71,1.16,3320000000.0,8.71,912000000.0,6.21,14.80,10.10,785000000.0,5.369,2590000000.0,1.294,28.066,1430000000.0,1.56,6.45,71.60,2760000.0,2.2,1.90,2330000.0,outperform
7578,2005-09-08 06:37:24,1126175844.0,etn,26.99,4.37,1231.670044,5.46,-1.0899999999999999,0.634,13.67,0.89,2.78,7.02,9.76,7.20,22.45,69.951,9650000000.0,11420000000.0,N/A,1.01,1.07,7.92,1.07,2740000000.0,7.92,749000000.0,4.79,29.80,17.90,445000000.0,3.019,2210000000.0,1.383,23.291,896000000.0,N/A,0.81,78.20,1690000.0,1.20,1.20,1800000.0,underperform
7579,2011-10-30 07:05:59,1319972759.0,etn,42.96,,1284.589966,9.91,,48.74,12.72,1.00,2.04,8.09,10.22,5.78,16.99,46.22,18840000000.0,18840000000.0,10.51,1.10,1.20,8.71,1.20,4080000000.0,8.71,1270000000.0,3.69,36.20,15.50,814000000.0,2.41,3780000000.0,1.52,22.84,18840000000.0,1.39,0.46,85.00,4430000.0,0.90,N/A,4590000.0,underperform
7580,2005-04-12 11:30:14,1113319814.0,etn,26.53,17.9,1187.76001,8.45,9.45,0.492,15.30,0.98,2.69,6.60,8.88,7.55,19.88,62.529,9670000000.0,11140000000.0,10.47,1.11,1.14,8.76,1.14,2740000000.0,8.76,649000000.0,4.13,67.90,21.80,296000000.0,1.94,1770000000.0,1.407,23.523001,838000000.0,0.816,5.95,77.79,1520000.0,1.74,1.06,1560000.0,outperform
7581,2004-06-20 22:05:38,1087783538.0,etn,25.27,0.91,1132.050049,7.42,-6.51,0.645,21.29,1.10,3.02,5.35,7.88,5.71,15.68,54.438,9300000000.0,10680000000.0,12.60,1.55,1.28,10.12,1.28,2160000000.0,10.12,448000000.0,2.90,37.40,11.80,579000000.0,3.84,1960000000.0,1.383,20.205999,905000000.0,0.595,9.30,74.69,2550000.0,2.241,1.86,2100000.0,underperform
7582,2008-12-18 05:29:07,1229596147.0,etn,19.16,46.71,885.2800289999999,24.53,22.18,0.625,6.12,0.46,1.02,7.54,9.46,6.08,19.52,98.076,7340000000.0,10980000000.0,N/A,0.63,0.72,5.481,0.72,3650000000.0,5.481,1140000000.0,7.27,22.10,24.70,463000000.0,2.808,4360000000.0,1.241,42.323002,1220000000.0,1.32,0.54,83.30,3240000.0,1.1,2.00,2990000.0,outperform
7583,2011-03-11 06:29:14,1299842954.0,etn,46.67,-2.7,1304.280029,3.71,-6.41,46.71,18.77,N/A,N/A,6.77,8.83,4.51,13.18,40.88,N/A,20590000000.0,11.51,1.35,1.50,11.68,1.50,4080000000.0,11.68,929000000.0,2.73,32.70,17.00,1170000000.0,3.44,3460000000.0,1.70,0.00,N/A,1.45,0.46,82.40,2140000.0,1.40,1.30,1590000.0,underperform
7584,2012-01-28 06:10:38,1327749038.0,xyl,25.39,6.89,1326.060059,12.73,-5.840000000000001,61.87,14.71,1.28,2.45,8.68,13.01,N/A,N/A,20.24,5810000000.0,5810000000.0,13.58,2.62,1.56,9.45,1.56,N/A,9.45,324000000.0,1.76,15.40,16.50,184000000.0,1.00,1210000000.0,2.21,10.57,421000000.0,N/A,N/A,N/A,5470000.0,4.10,N/A,4500000.0,underperform
7585,2012-01-28 15:19:15,1327781955.0,xyl,25.39,6.89,1326.060059,12.73,-5.840000000000001,61.87,14.71,1.28,2.45,8.68,13.01,N/A,N/A,20.24,5790000000.0,5790000000.0,13.58,2.62,1.55,9.41,1.55,N/A,9.41,324000000.0,1.76,15.40,16.50,184000000.0,1.00,1210000000.0,2.21,10.57,421000000.0,N/A,N/A,N/A,5470000.0,4.10,N/A,4500000.0,underperform
7586,2011-12-22 04:55:37,1324547737.0,xyl,23.7,9.49,1254.0,14.05,-4.5600000000000005,61.87,14.20,1.20,2.30,8.68,13.01,N/A,N/A,20.24,5510000000.0,5510000000.0,12.98,2.49,1.48,8.96,1.48,N/A,8.96,324000000.0,1.76,15.40,16.50,184000000.0,1.00,1210000000.0,2.21,10.57,421000000.0,N/A,N/A,N/A,4400000.0,1.80,N/A,3480000.0,underperform
7587,2011-12-30 00:44:33,1325223873.0,xyl,24.52,5.91,1257.599976,12.9,-6.99,61.87,14.79,1.26,2.42,8.68,13.01,N/A,N/A,20.24,5740000000.0,5740000000.0,13.59,2.54,1.54,9.33,1.54,N/A,9.33,324000000.0,1.76,15.40,16.50,184000000.0,1.00,1210000000.0,2.21,10.57,421000000.0,N/A,N/A,N/A,4400000.0,1.80,N/A,3480000.0,underperform
7588,2013-05-11 12:20:05,1368289205.0,xyl,27.37,34.86,1632.689941,14.88,19.979999999999997,59.07,18.91,1.38,2.53,7.34,12.20,6.28,13.79,20.15,6040000000.0,6040000000.0,13.30,2.11,1.61,10.03,1.61,1500000000.0,10.03,275000000.0,1.47,34.90,5.00,375000000.0,2.02,1200000000.0,2.44,11.01,355000000.0,0.93,0.30,87.90,3440000.0,3.50,2.10,3430000.0,outperform
7589,2006-01-04 07:40:27,1136378427.0,bmy,15.35,23.26,1273.459961,11.38,11.88,0.548,17.37,2.32,3.99,13.65,21.81,10.15,24.00,9.923,45470000000.0,47270000000.0,N/A,16.40,2.44,8.636,2.44,13390000000.0,8.636,2630000000.0,1.34,27.20,0.20,3780000000.0,1.933,6170000000.0,1.532,5.758,2190000000.0,N/A,0.12,68.00,14190000.0,1.8,0.70,12500000.0,outperform
7590,2007-05-20 18:00:32,1179698432.0,bmy,21.63,-23.62,1512.75,-5.69,-17.93,0.719,38.30,3.36,5.78,8.81,14.23,7.31,14.31,9.032,59930000000.0,63290000000.0,N/A,1.55,3.57,15.627,3.57,11960000000.0,15.627,1560000000.0,0.80,3.40,4.30,4010000000.0,2.039,7370000000.0,1.674,5.227,2770000000.0,1.16,0.04,74.80,18750000.0,2.5,1.00,24210000.0,underperform
7591,2007-02-08 05:04:56,1170929096.0,bmy,20.34,-16.32,1448.310059,-8.08,-8.24,0.731,35.76,3.16,4.88,8.85,15.67,N/A,13.91,9.14,56760000000.0,59510000000.0,N/A,2.11,3.32,14.151,3.32,13280000000.0,14.151,1590000000.0,0.81,N/A,16.10,5510000000.0,2.799,8470000000.000001,N/A,5.892,N/A,1.12,0.15,75.80,18460000.0,2.7,0.90,22710000.0,underperform
7592,2006-10-23 12:30:20,1161621020.0,bmy,17.23,20.78,1377.02002,10.35,10.430000000000001,0.72,17.08,2.49,4.11,14.71,20.46,10.46,25.27,9.881,48160000000.0,51700000000.0,N/A,3.60,2.67,9.715,2.67,13280000000.0,9.715,2840000000.0,1.43,33.60,0.40,5360000000.0,2.724,8430000000.0,2.025,5.954,1990000000.0,1.02,0.15,78.00,22120000.0,1.6,1.10,40630000.0,outperform
7593,2011-12-04 01:29:01,1322980141.0,bmy,29.52,3.29,1244.579956,13.25,-9.96,34.19,16.90,2.67,3.36,15.98,33.04,13.51,30.17,12.27,52960000000.0,52960000000.0,16.30,342.50,2.53,6.94,2.53,14210000000.0,6.94,3330000000.0,1.94,2.10,11.40,8189999999.999999,4.84,5620000000.0,2.03,9.78,52960000000.0,0.46,0.07,69.30,28620000.0,2.40,1.70,32590000.000000004,underperform
7594,2008-03-02 16:51:44,1204494704.0,bmy,16.9,-17.99,1367.680054,-48.76,30.77,0.594,20.69,2.34,4.29,11.19,20.06,9.38,19.15,9.821,44750000000.0,48800000000.0,N/A,1.10,2.52,10.363,2.52,13130000000.0,10.363,1970000000.0,1.09,N/A,N/A,2230000000.0,1.124,6270000000.0,1.197,5.337,3150000000.0,1.22,0.06,75.90,16510000.000000002,0.80,0.80,16200000.0,outperform
7595,2006-06-17 14:21:38,1150568498.0,bmy,16.97,25.87,1230.040039,23.81,2.0600000000000023,0.737,15.69,2.57,4.30,16.44,20.74,9.85,28.88,9.903,49510000000.0,52740000000.0,N/A,3.85,2.73,9.929,2.73,13280000000.0,9.929,3170000000.0,1.61,34.00,3.20,5280000000.0,2.686,8510000000.0,1.931,5.875,1140000000.0,0.92,0.15,71.20,23140000.0,3.9,1.20,19890000.0,outperform
7596,2004-10-27 23:09:25,1098932965.0,bmy,15.34,-5.35,1125.400024,4.75,-10.1,0.9,16.22,2.09,4.35,15.58,20.92,12.26,29.01,11.003,46610000000.0,47860000000.0,17.11,14.50,2.21,8.51,2.21,13300000000.0,8.51,2900000000.0,1.477,50.30,15.30,6840000000.0,3.52,9380000000.0,1.56,5.362,4110000000.0000005,0.45,0.86,63.24,17280000.0,3.519,0.90,17010000.0,underperform
7597,2007-03-31 22:01:59,1175392919.0,bmy,19.58,-19.77,1417.22998,-6.45,-13.32,0.744,34.40,3.15,5.48,8.85,14.63,7.46,14.95,9.14,56060000000.0,59480000000.0,N/A,1.91,3.32,14.389,3.32,11960000000.0,14.389,1590000000.0,0.81,N/A,16.10,4010000000.0,1.987,7440000000.0,1.586,5.092,2080000000.0,1.23,0.04,71.40,24210000.0,3.2,1.20,21680000.0,underperform
7598,2007-06-08 15:38:38,1181331518.0,bmy,20.96,-23.04,1507.670044,-8.65,-14.389999999999999,0.719,36.75,3.24,5.58,8.81,14.23,7.31,14.31,9.032,57510000000.0,60770000000.0,N/A,1.56,3.43,15.005,3.43,11960000000.0,15.005,1560000000.0,0.80,3.40,4.30,4010000000.0,2.039,7370000000.0,1.674,5.227,2770000000.0,1.19,0.04,74.70,23860000.0,2.2,1.20,18750000.0,underperform
7599,2012-04-24 09:58:55,1335275935.0,bmy,31.09,26.86,1371.969971,15.07,11.79,34.61,15.71,2.70,3.59,17.46,32.89,13.64,33.39,12.50,54050000000.0,54050000000.0,17.49,N/A,2.54,7.02,2.54,N/A,7.02,3700000000.0,2.16,76.40,6.70,8730000000.0,5.17,5490000000.0,1.97,9.44,4840000000.0,0.07,0.08,68.50,25590000.0,2.60,1.50,23960000.0,outperform
7600,2008-12-20 19:23:45,1229819025.0,bmy,17.33,21.29,904.419983,21.19,0.09999999999999787,0.483,11.58,2.10,3.50,18.15,23.64,11.67,16.54,10.911,45150000000.0,43980000000.0,N/A,1.27,2.04,7.362,2.04,13130000000.0,7.362,1990000000.0,1.97,200.50,14.20,7430000000.0,3.754,6260000000.0,2.126,6.536,3970000000.0,0.57,0.06,73.30,25320000.0,1.2,1.30,20230000.0,outperform
7601,2008-06-03 11:13:36,1212506016.0,bmy,16.36,-3.18,1377.650024,-32.37,29.189999999999998,0.61,20.41,2.15,4.12,10.57,21.61,10.42,19.46,10.243,43510000000.0,47320000000.0,N/A,1.17,2.34,9.047,2.34,13130000000.0,9.047,2029999999.9999998,1.08,4.20,20.00,2640000000.0,1.332,6440000000.0,1.253,5.334,3170000000.0,1.29,0.04,73.90,12470000.0,0.9,0.60,13740000.0,outperform
7602,2013-04-22 01:17:53,1366607873.0,bmy,39.89,25.19,1562.5,20.29,4.900000000000002,54.22,35.47,3.77,4.88,11.12,26.54,8.49,16.95,10.55,71940000000.0,71940000000.0,19.14,2.58,4.08,12.70,4.08,13010000000.0,12.70,1960000000.0,1.16,8.60,23.20,2830000000.0,1.73,7390000000.0,1.15,8.32,6940000000.0,0.13,0.15,67.60,35150000.0,3.30,2.10,38790000.0,outperform
7603,2012-02-06 16:28:57,1328563737.0,bmy,29.11,18.31,1344.329956,12.42,5.889999999999999,34.19,14.92,2.57,3.30,17.46,32.75,N/A,32.80,12.50,52090000000.0,52090000000.0,16.58,328.00,2.45,6.72,2.45,14210000000.0,6.72,3710000000.0,2.16,76.40,6.70,8189999999.999999,4.84,5620000000.0,N/A,9.78,N/A,0.38,0.08,68.50,29730000.0,2.90,1.70,30790000.0,outperform
7604,2013-03-11 19:39:05,1363045145.0,bmy,35.39,53.43,1556.219971,20.01,33.42,54.22,32.35,3.48,4.50,11.12,26.54,8.49,16.95,10.55,65800000000.0,65800000000.0,17.29,3.51,3.73,11.62,3.73,13010000000.0,11.62,1960000000.0,1.16,8.60,23.20,2830000000.0,1.73,7390000000.0,1.15,8.32,6940000000.0,0.14,0.15,67.60,40840000.0,3.90,2.40,38450000.0,outperform
7605,2007-06-21 20:16:52,1182471412.0,bmy,22.93,-36.15,1522.189941,-13.42,-22.729999999999997,0.719,40.25,3.47,5.97,8.81,14.23,7.31,14.31,9.032,62980000000.0,64819999999.99999,N/A,1.61,3.66,16.006,3.66,11960000000.0,16.006,1560000000.0,0.80,3.40,4.30,4010000000.0,2.039,7370000000.0,1.674,5.227,2770000000.0,1.19,0.04,74.90,23860000.0,2.2,1.20,18750000.0,underperform
7606,2004-12-16 11:56:43,1103216203.0,bmy,16.36,-9.84,1203.209961,5.33,-15.17,0.956,17.94,2.18,4.44,15.05,19.90,11.54,26.86,10.987,48700000000.0,51640000000.0,N/A,N/A,2.38,9.4,2.38,13300000000.0,9.4,2760000000.0,1.395,50.30,15.30,7250000000.0,3.73,10190000000.0,1.528,5.481,3740000000.0,0.396,0.86,66.90,16190000.000000002,2.638,0.84,17280000.0,underperform
7607,2004-09-24 11:39:26,1096040366.0,bmy,15.31,5.09,1110.109985,9.02,-3.9299999999999997,0.9,16.18,2.15,4.46,15.58,20.92,12.26,29.01,11.003,46490000000.0,49030000000.0,17.07,10.13,2.26,8.71,2.26,13300000000.0,8.71,2900000000.0,1.477,50.30,15.30,6840000000.0,3.52,9380000000.0,1.56,5.362,4110000000.0000005,0.453,0.86,63.26,16180000.0,2.76,0.84,18100000.0,underperform
7608,2013-05-09 07:06:47,1368097607.0,bmy,37.99,31.96,1626.670044,15.48,16.48,57.63,44.94,4.02,4.77,9.06,21.57,6.39,10.97,9.77,70540000000.0,70540000000.0,18.46,2.49,4.35,15.26,4.35,13010000000.0,15.26,1470000000.0,0.88,44.70,27.00,2530000000.0,1.54,7890000000.0,1.20,8.32,6130000000.0,0.12,0.15,67.60,32060000.000000004,3.10,2.00,35150000.0,outperform
7609,2007-05-29 18:48:34,1180478914.0,bmy,21.55,-23.29,1518.109985,-8.38,-14.909999999999998,0.719,37.82,3.34,5.75,8.81,14.23,7.31,14.31,9.032,59180000000.0,62500000000.0,N/A,1.55,3.53,15.432,3.53,11960000000.0,15.432,1560000000.0,0.80,3.40,4.30,4010000000.0,2.039,7370000000.0,1.674,5.227,2770000000.0,1.16,0.04,74.80,18750000.0,2.5,1.00,24210000.0,underperform
7610,2012-06-29 03:34:55,1340955295.0,bmy,32.9,34.38,1362.160034,17.7,16.680000000000003,33.33,15.74,2.76,3.63,17.80,33.39,14.18,33.44,12.67,59660000000.0,59660000000.0,18.46,12.16,2.78,7.56,2.78,15650000000.0,7.56,3820000000.0,2.23,11.70,4.80,5030000000.0,2.98,5420000000.0,1.63,9.67,4750000000.0,0.23,0.15,68.10,37640000.0,3.70,2.20,40620000.0,outperform
7611,2012-06-27 02:35:05,1340778905.0,bmy,32.11,37.18,1331.849976,21.12,16.06,33.33,15.49,2.68,3.53,17.80,33.39,14.18,33.44,12.67,58030000000.0,58030000000.0,17.98,16.58,2.70,7.36,2.70,15650000000.0,7.36,3820000000.0,2.23,11.70,4.80,5030000000.0,2.98,5420000000.0,1.63,9.67,4750000000.0,0.23,0.15,68.10,40620000.0,4.80,2.40,30480000.0,outperform
7612,2004-05-04 11:48:00,1083685680.0,bmy,16.13,7.44,1119.550049,5.01,2.4300000000000006,0.884,15.27,2.33,5.08,16.84,22.47,13.60,34.29,10.909,49710000000.0,52900000000.0,16.85,4.69,2.48,9.18,2.48,13300000000.0,9.18,3280000000.0,1.677,50.30,15.30,5460000000.0,2.81,8650000000.0,1.583,5.044,3510000000.0,0.437,0.86,63.70,16550000.0,2.194,0.86,15980000.0,outperform
7613,2007-04-01 23:02:04,1175482924.0,bmy,19.78,-20.58,1422.530029,-7.02,-13.559999999999999,0.731,34.40,3.15,5.48,8.85,15.67,N/A,13.91,9.14,56060000000.0,59720000000.0,N/A,2.02,3.33,14.203,3.33,13280000000.0,14.203,1590000000.0,0.81,N/A,16.10,5510000000.0,2.799,8470000000.000001,N/A,5.092,N/A,1.12,0.15,75.80,18460000.0,2.7,0.90,22710000.0,underperform
7614,2007-01-15 16:35:18,1168896918.0,bmy,,,1430.72998,-3.48,,0.731,23.44,2.79,4.50,11.85,18.36,9.30,19.41,9.561,51630000000.0,54590000000.0,N/A,2.52,2.92,11.225,2.92,13280000000.0,11.225,2220000000.0,1.12,64.90,12.90,5510000000.0,2.799,8470000000.000001,1.889,5.892,2170000000.0,1.06,0.15,N/A,22710000.0,3.7,1.20,18120000.0,underperform
7615,2011-09-30 00:18:51,1317356331.0,bmy,27.87,11.59,1131.420044,26.68,-15.09,34.22,16.13,2.58,3.22,16.31,32.74,13.25,30.38,11.92,50460000000.0,50460000000.0,15.11,685.00,2.48,6.86,2.48,14210000000.0,6.86,3310000000.0,1.93,2.70,14.00,7670000000.0,4.50,5520000000.0,1.99,9.59,50460000000.0,0.46,0.07,69.30,45750000.0,3.60,2.70,42350000.0,underperform
7616,2007-04-10 04:47:37,1176194857.0,bmy,19.9,-19.1,1448.390015,-6.48,-12.620000000000001,0.731,34.28,3.14,5.46,8.85,15.67,N/A,13.91,9.14,55860000000.0,59720000000.0,N/A,2.02,3.33,14.203,3.33,13280000000.0,14.203,1590000000.0,0.81,N/A,16.10,5510000000.0,2.799,8470000000.000001,N/A,5.092,N/A,1.12,0.15,75.80,18460000.0,2.7,0.90,22710000.0,underperform
7617,2007-03-14 19:10:49,1173913849.0,bmy,19.15,-17.49,1387.170044,-5.17,-12.319999999999999,0.731,33.47,3.02,5.26,8.85,15.67,N/A,13.91,9.14,54550000000.0,59720000000.0,N/A,2.02,3.33,14.203,3.33,13280000000.0,14.203,1590000000.0,0.81,N/A,16.10,5510000000.0,2.799,8470000000.000001,N/A,5.092,N/A,1.12,0.15,75.80,18460000.0,2.7,0.90,22710000.0,underperform
7618,2007-04-20 11:04:28,1177081468.0,bmy,20.53,-19.87,1484.349976,-8.06,-11.81,0.744,35.22,3.20,5.58,8.85,14.63,7.46,14.95,9.14,57390000000.0,60820000000.0,N/A,1.62,3.40,14.711,3.40,11960000000.0,14.711,1590000000.0,0.81,N/A,16.10,4010000000.0,1.987,7440000000.0,1.586,5.092,2080000000.0,1.08,0.04,73.40,24210000.0,3.2,1.20,21680000.0,underperform
7619,2008-06-16 16:50:22,1213649422.0,petm,21.38,-11.27,1360.140015,-32.95,21.680000000000003,0.58,15.28,0.60,2.85,4.05,7.44,10.02,18.48,37.359,2820000000.0,3370000000.0,N/A,0.97,0.71,6.077,0.71,1440000000.0,6.077,193190000.0,1.48,61.40,9.10,55710000.0,0.445,578740000.0,1.283,7.977,N/A,0.88,0.50,90.90,8140000.000000001,3.8,6.50,8140000.000000001,outperform
7620,2007-05-28 00:27:38,1180326458.0,petm,,,1515.72998,-8.6,,0.416,18.48,1.04,4.12,5.77,7.55,10.49,24.01,32.15,4520000000.0,4700000000.0,N/A,1.02,1.08,9.299,1.08,1310000000.0,9.299,250010000.0,1.81,155.50,9.90,283040000.0,2.088,454960000.0,1.789,8.074,N/A,1.79,0.73,82.40,6550000.0,6.5,4.90,4830000.0,underperform
7621,2007-12-31 20:52:28,1199152348.0,petm,21.84,-23.17,1468.359985,-39.34,16.17,0.666,12.27,0.92,3.65,5.77,7.76,10.55,28.10,34.297,3320000000.0,3610000000.0,N/A,0.85,0.80,6.737,0.80,1310000000.0,6.737,260230000.00000003,1.93,7.20,7.80,57490000.0,0.447,602360000.0,1.431,6.521,309960000.0,1.23,0.57,95.00,7670000.0,5.9,6.00,6670000.0,outperform
7622,2004-04-05 03:56:52,1081151812.0,petm,25.18,2.78,1150.569946,2.68,0.09999999999999964,0.203,29.24,1.31,4.66,4.66,8.14,11.13,18.41,20.385,3960000000.0,3800000000.0,19.78,0.99,1.27,11.19,1.27,788040000.0,11.19,139550000.0,0.947,124.60,7.80,327810000.0,2.29,170700000.0,2.079,5.885,206930000.0,1.356,1.28,80.00,5280000.0,2.763,3.74,4830000.0,outperform
7623,2013-05-11 21:37:03,1368322623.0,petm,68.55,-5.92,1632.689941,14.88,-20.8,48.26,19.86,1.06,6.54,5.76,9.64,16.02,34.21,62.68,7130000000.0,7130000000.0,15.70,1.16,1.06,8.02,1.06,2060000000.0,8.02,389530000.0,3.55,31.40,14.70,346880000.0,3.38,542260000.0,1.75,10.67,653010000.0,0.39,1.45,92.50,6650000.0,5.00,N/A,5990000.0,underperform
7624,2012-11-04 22:46:22,1352087182.0,petm,65.65,8.39,1427.589966,23.84,-15.45,47.53,22.52,1.14,6.38,5.19,8.79,14.14,28.91,58.19,7470000000.0,7470000000.0,17.55,1.13,1.17,9.35,1.17,1800000000.0,9.35,331360000.0,2.97,28.30,8.90,307230000.0,2.84,540250000.0,1.84,10.51,623540000.0,0.63,1.50,92.90,3220000.0,1.50,3.00,2530000.0,underperform
7625,2005-03-08 20:48:12,1110332892.0,petm,26.28,-2.13,1219.430054,4.84,-6.97,0.228,26.10,1.26,4.36,4.99,8.25,11.34,18.75,21.918,4170000000.0,3990000000.0,18.78,0.95,1.22,10.62,1.22,909930000.0,10.62,163050000.0,1.09,57.10,11.20,346480000.0,2.37,213950000.0,1.997,6.473,300210000.0,1.039,1.16,90.77,4710000.0,2.479,3.27,5030000.0,underperform
7626,2004-06-28 14:25:26,1088447126.0,petm,30.5,-7.21,1133.349976,6.02,-13.23,0.211,32.84,1.56,5.59,4.87,8.46,11.52,18.98,20.905,4830000000.0,4650000000.0,23.36,1.17,1.50,12.86,1.50,909930000.0,12.86,150780000.0,1.017,57.10,11.20,367230000.0,2.54,182230000.0,2.032,5.985,299180000.0,1.355,1.31,87.53,7000000.0,5.718,4.91,6120000.0,underperform
7627,2013-04-22 03:15:35,1366614935.0,petm,65.58,2.79,1562.5,20.29,-17.5,48.26,18.86,1.00,6.16,5.76,9.64,16.02,34.21,62.68,7070000000.0,7070000000.0,14.94,1.10,1.05,7.94,1.05,2060000000.0,7.94,389530000.0,3.55,31.40,14.70,346880000.0,3.38,542260000.0,1.75,10.67,653010000.0,0.39,1.45,92.50,5990000.0,2.80,5.60,6350000.0,underperform
7628,2008-12-01 18:21:56,1228173716.0,petm,14.67,68.71,816.210022,35.85,32.85999999999999,0.603,10.87,0.44,2.10,3.77,7.12,10.00,19.30,40.325,2060000000.0,2820000000.0,N/A,0.88,0.56,4.888,0.56,1440000000.0,4.888,189680000.0,1.49,21.60,12.10,54320000.0,0.427,639390000.0,1.339,8.343,394920000.0,1.21,0.46,86.80,6280000.0,1.9,5.00,7230000.0,outperform
7629,2011-06-23 05:19:55,1308820795.0,petm,43.38,48.87,1283.5,4.01,44.86,49.15,20.72,0.88,4.45,4.41,7.72,11.63,22.41,50.04,5420000000.0,5420000000.0,15.91,1.25,0.94,7.93,0.94,1650000000.0,7.93,255180000.0,2.16,27.50,6.80,237860000.0,2.10,562320000.0,2.03,10.09,5420000000.0,0.75,0.50,91.60,3130000.0,3.00,2.80,3240000.0,outperform
7630,2009-03-18 14:15:29,1237400129.0,petm,19.06,57.08,794.349976,46.77,10.309999999999995,N/A,12.99,0.48,2.13,3.80,7.30,10.22,18.09,40.737,2890000000.0,2890000000.0,N/A,1.01,0.57,4.89,0.57,1440000000.0,4.89,192670000.0,1.52,4.00,2.30,126310000.0,1.015,585990000.0,1.83,9.194,N/A,0.9,0.32,87.00,6200000.0,3.6,4.90,6040000.0,outperform
7631,2007-04-04 17:14:44,1175721284.0,petm,30.66,-33.95,1439.369995,-4.87,-29.080000000000002,0.505,24.98,1.06,4.50,4.37,7.68,10.99,19.06,31.169,4490000000.0,4840000000.0,N/A,0.99,1.14,9.658,1.14,1310000000.0,9.658,185070000.0,1.33,8.50,11.10,168000000.0,1.24,504960000.0,1.627,7.388,289290000.0,1.85,0.73,81.70,4830000.0,3.60,3.60,3990000.0,underperform
7632,2008-12-22 23:10:34,1230005434.0,xlnx,14.66,51.5,871.6300050000001,28.27,23.23,0.641,13.36,2.47,3.04,19.03,25.28,9.62,21.51,6.75,4670000000.0,4440000000.0,N/A,1.00,2.31,7.94,2.31,1150000000.0,7.94,365830000.0,1.27,8.80,8.70,1300000000.0,4.75,999560000.0,5.714,5.695,562810000.0,1.21,0.11,100.70,17210000.0,1.7,6.30,16579999.999999998,outperform
7633,2003-10-26 20:51:40,1067219500.0,xlnx,23.14,1.56,1033.77002,5.9,-4.34,N/A,68.06,8.08,4.61,12.21,14.32,6.08,7.50,3.5,9810000000.0,9070000000.0,32.77,1.41,7.45,48.11,7.45,682430000.0,48.11,148630000.0,0.423,N/A,13.80,745140000.0,2.19,N/A,3.57,6.26,N/A,2.622,1.63,82.40,13020000.0,1.522,3.88,11120000.0,underperform
7634,2013-01-17 02:36:57,1358408217.0,xlnx,34.71,32.67,1480.939941,24.16,8.510000000000002,33.26,19.57,4.24,3.39,22.88,27.89,8.69,19.17,8.37,8529999999.999999,8529999999.999999,17.75,2.28,3.88,12.41,3.88,1450000000.0,12.41,502690000.0,1.85,2.30,2.00,1710000000.0,6.54,915110000.0,6.57,10.55,749780000.0,1.28,0.13,96.10,9430000.0,4.50,3.60,9500000.0,outperform
7635,2012-10-23 01:49:23,1350971363.0,xlnx,31.28,39.13,1413.109985,23.58,15.550000000000004,33.26,17.91,3.92,3.13,22.88,27.89,8.69,19.17,8.37,7820000000.0,7820000000.0,16.24,2.14,3.56,11.38,3.56,1450000000.0,11.38,502690000.0,1.85,2.30,2.00,1710000000.0,6.55,915110000.0,6.57,10.56,N/A,1.30,0.13,96.10,9380000.0,3.80,3.60,9260000.0,outperform
7636,2006-07-19 02:32:22,1153290742.0,xlnx,17.89,33.37,1259.810059,23.28,10.089999999999996,N/A,21.61,4.25,2.68,20.52,24.31,8.45,13.11,4.946,7400000000.0,6310000000.0,N/A,0.92,3.66,12.9,3.66,1070000000.0000001,12.9,354150000.0,1.00,64.80,20.80,1020000000.0,2.976,N/A,4.777,7.965,489420000.0,2.45,0.27,87.80,18090000.0,2.6,5.30,15640000.0,outperform
7637,2013-05-11 18:40:59,1368312059.0,xlnx,36.96,23.27,1632.689941,14.88,8.389999999999999,31.14,21.54,4.67,3.42,22.48,26.78,7.90,17.19,8.29,9250000000.0,9250000000.0,16.84,2.09,4.26,14.13,4.26,1450000000.0,14.13,487540000.0,1.79,6.70,4.80,1710000000.0,6.52,922670000.0,5.94,11.27,N/A,1.28,0.13,96.00,7860000.0,2.90,3.00,8460000.0,outperform
7638,2004-12-09 07:32:20,1102595540.0,xlnx,23.96,-9.43,1189.23999,5.9,-15.33,3.311,28.88,6.82,4.25,23.92,26.38,13.33,16.01,4.45,10700000000.0,10220000000.0,28.45,1.58,6.40,23.93,6.40,867880000.0,23.93,381800000.0,1.064,141.00,20.90,669330000.0,1.92,3.311,3.311,7.355,464980000.0,2.414,0.12,87.61,12950000.0,1.883,3.72,12430000.0,underperform
7639,2005-03-16 22:27:32,1111030052.0,xlnx,23.96,-11.98,1188.069946,9.87,-21.85,3.333,28.31,6.60,4.02,23.74,25.33,12.83,15.19,4.415,10340000000.0,9780000000.0,31.23,1.71,6.17,N/A,6.17,867880000.0,407420000.0,376410000.0,1.05,141.00,20.90,693230000.0,1.99,3.333,3.333,7.479,371520000.0,2.562,0.12,82.63,16270000.0,2.189,4.67,14820000.0,underperform
7640,2013-04-22 04:07:12,1366618032.0,xlnx,34.41,49.35,1562.5,20.29,29.060000000000002,32.63,20.18,4.24,3.30,21.83,27.17,8.32,17.83,8.38,8520000000.0,8520000000.0,17.93,2.18,3.88,12.70,3.88,1450000000.0,12.70,479320000.0,1.76,18.40,0.30,1690000000.0,6.45,918880000.0,6.75,10.78,691380000.0,1.29,0.13,96.00,8460000.0,2.70,3.20,7630000.0,outperform
7641,2005-05-06 01:05:06,1115355906.0,xlnx,21.74,7.31,1171.349976,11.68,-4.37,4.984,30.85,5.94,3.53,19.88,23.45,10.48,12.20,4.389,9390000000.0,8480000000.0,22.82,1.23,5.39,22.58,5.39,867880000.0,22.58,312720000.0,0.87,141.00,20.90,861560000.0,2.47,4.984,4.984,7.604,371520000.0,2.735,0.12,83.31,12940000.0,2.148,3.72,13260000.0,underperform
7642,2008-12-18 00:52:29,1229579549.0,xlnx,14.74,48.17,885.2800289999999,24.53,23.64,0.641,13.99,2.58,3.18,19.03,25.28,9.62,21.51,6.75,4890000000.0,4660000000.0,N/A,1.00,2.43,8.342,2.43,1150000000.0,8.342,365830000.0,1.27,8.80,8.70,1300000000.0,4.75,999560000.0,5.714,5.695,562810000.0,1.21,0.11,100.70,17210000.0,1.7,6.30,16579999.999999998,outperform
7643,2004-10-10 14:08:16,1097431696.0,xlnx,23.29,-20.65,1130.650024,5.01,-25.659999999999997,2.923,28.11,6.66,4.01,23.34,25.78,12.71,15.45,4.218,9590000000.0,8940000000.0,23.22,1.25,5.93,22.57,5.93,867880000.0,22.57,352000000.0,0.983,141.00,20.90,646020000.0,1.86,2.923,2.923,7.217,451670000.0,2.431,1.66,83.60,15020000.0,2.19,4.40,12360000.0,underperform
7644,2011-07-18 07:07:55,1310987275.0,xlnx,30.54,-4.91,1305.439941,4.46,-9.370000000000001,36.90,14.01,3.75,3.67,27.09,34.01,13.75,28.31,8.97,7860000000.0,7860000000.0,13.34,1.26,3.32,9.09,3.32,1550000000.0,9.09,641880000.0,2.39,7.80,11.10,1930000000.0,7.25,890980000.0,7.12,9.13,7860000000.0,0.90,0.10,102.30,24630000.0,5.70,10.50,25860000.0,underperform
7645,2012-03-10 23:33:57,1331440437.0,xlnx,33.74,8.86,1352.630005,15.05,-6.190000000000001,35.26,17.37,4.20,3.72,25.01,29.56,10.22,23.98,8.62,8680000000.0,8680000000.0,18.50,2.21,3.83,11.73,3.83,1550000000.0,11.73,567730000.0,2.10,16.60,9.90,1760000000.0,6.72,903060000.0,6.15,9.79,863220000.0,1.15,0.10,99.50,11570000.0,3.00,4.90,11130000.0,underperform
7646,2005-05-28 01:34:58,1117258498.0,xlnx,22.67,-5.69,1190.01001,6.96,-12.65,4.984,32.22,6.31,3.75,19.88,24.11,7.92,12.16,4.523,9800000000.0,9070000000.0,23.64,1.33,5.77,20.545,5.77,867880000.0,20.545,312720000.0,0.87,48.70,3.10,861560000.0,2.472,4.984,4.984,7.604,N/A,2.74,0.07,82.40,12940000.0,2.4,3.70,13260000.0,underperform
7647,2011-12-29 07:06:50,1325160410.0,dds,42.48,88.51,1263.02002,11.04,77.47,51.43,6.03,0.36,1.14,6.78,6.44,5.44,20.82,112.89,3220000000.0,3220000000.0,9.51,1.95,0.51,4.79,0.51,2280000000.0,4.79,431990000.0,7.52,486.60,3.20,106380000.0,2.12,1050000000.0,1.52,40.49,489560000.0,2.18,61.01,60.40,6460000.0,4.70,17.10,6480000.0,outperform
7648,2004-10-28 07:10:10,1098961810.0,dds,18.15,-4.74,1127.439941,6.29,-11.030000000000001,0.949,27.55,0.21,0.73,0.80,1.28,0.96,2.82,93.513,1730000000.0,3800000000.0,21.93,4.22,0.49,6.98,0.49,2690000000.0,6.98,63070000.0,0.748,N/A,4.50,82790000.0,0.99,2150000000.0,2.349,26.979,490940000.0,0.367,32.04,84.74,4099999.9999999995,7.883,7.18,3560000.0,underperform
7649,2007-02-13 00:07:00,1171343220.0,dds,31.27,-49.06,1444.26001,-5.33,-43.730000000000004,0.572,14.64,0.36,1.15,2.45,4.43,3.70,8.09,97.214,2770000000.0,N/A,N/A,2.77,N/A,N/A,N/A,2690000000.0,N/A,189120000.0,2.37,N/A,2.30,95040000.0,1.186,1390000000.0,1.589,30.552999,355570000.0,0.77,18.00,95.10,6480000.0,5.5,8.80,8369999.999999999,underperform
7650,2006-05-31 04:41:04,1149064864.0,dds,23.98,34.03,1270.089966,20.51,13.52,0.623,14.76,0.27,0.89,1.87,3.80,3.24,6.09,96.052,2100000000.0,3310000000.0,N/A,2.48,0.43,5.463,0.43,2690000000.0,5.463,144790000.0,1.80,61.10,2.20,301700000.0,3.809,1490000000.0,1.792,30.278,N/A,0.99,19.07,90.70,6390000.0,9.4,8.30,7010000.0,outperform
7651,2004-06-02 01:07:35,1086152855.0,dds,17.99,20.29,1124.98999,7.05,13.239999999999998,0.955,44.79,0.21,0.73,0.49,0.79,0.58,1.73,94.195,1700000000.0,3790000000.0,16.57,2.96,0.48,7.17,0.48,2690000000.0,7.17,38800000.0,0.455,N/A,4.50,67099999.99999999,0.8,2180000000.0,2.264,27.402,432110000.0,0.348,31.97,82.43,5760000.0,8.66,10.14,6210000.0,outperform
7652,2007-04-06 11:35:55,1175873755.0,dds,29.41,-36.04,1437.77002,-4.89,-31.15,0.498,10.88,0.34,1.02,3.13,4.64,4.17,9.97,98.611,2660000000.0,3730000000.0,N/A,2.38,0.48,5.65,0.48,2690000000.0,5.65,245600000.0,3.05,57.40,3.90,194000000.0,2.425,1290000000.0,2.096,32.338001,N/A,0.95,18.97,102.70,6160000.0,5.1,8.40,5750000.0,underperform
7653,2013-05-10 01:45:27,1368164727.0,dds,86.83,8.7,1633.699951,14.97,-6.270000000000001,41.83,12.54,0.61,2.10,4.98,7.98,8.06,16.70,140.29,4690000000.0,4690000000.0,11.19,2.15,0.69,5.87,0.69,2500000000.0,5.87,335960000.0,6.87,14.10,7.10,124060000.0,2.62,824020000.0,1.94,41.24,522700000.00000006,1.26,11.31,91.20,1650000.0,4.30,6.00,1840000.0,underperform
7654,2004-08-20 21:58:14,1093053494.0,dds,18.21,-1.32,1098.349976,11.1,-12.42,0.949,27.95,0.22,0.77,0.81,1.28,0.97,2.82,93.524,1750000000.0,3810000000.0,20.11,4.12,0.49,6.99,0.49,2690000000.0,6.99,63100000.0,0.748,N/A,4.50,82800000.0,0.99,2150000000.0,2.348,27.143,628950000.0,0.404,31.99,84.10,4500000.0,3.44,7.92,5620000.0,underperform
7655,2005-03-06 08:01:53,1110114113.0,dds,20.81,2.45,1210.469971,5.6,-3.1499999999999995,0.813,33.65,0.25,0.89,0.78,1.23,0.92,2.69,92.847,1970000000.0,3710000000.0,24.48,4.90,0.48,6.89,0.48,2690000000.0,6.89,60220000.0,0.71,N/A,4.50,56480000.0,0.69,1790000000.0,1.564,26.878,528690000.00000006,0.471,40.09,86.39,4800000.0,4.543,9.76,4420000.0,underperform
7656,2003-10-27 03:19:23,1067242763.0,dds,13.95,23.94,1031.130005,7.75,16.19,0.983,32.98,0.17,0.61,0.51,0.81,0.60,1.85,95.364,1310000000.0,3330000000.0,27.83,5.45,0.41,6.11,0.41,2980000000.0,6.11,41150000.0,0.477,654.90,1.80,150450000.0,1.81,2170000000.0,3.371,26.56,N/A,0.28,32.05,78.24,3730000.0,7.03,6.58,3360000.0,outperform
7657,2005-01-29 02:52:54,1106985174.0,dds,22.34,1.7,1174.069946,8.5,-6.8,0.813,36.34,0.27,0.96,0.78,1.23,0.92,2.69,92.847,2130000000.0,3850000000.0,28.16,5.56,0.50,7.16,0.50,2690000000.0,7.16,60220000.0,0.713,N/A,4.50,56480000.0,0.69,1790000000.0,1.564,26.878,528690000.00000006,0.482,40.09,86.59,4420000.0,6.074,8.99,4870000.0,underperform
7658,2006-10-23 12:59:08,1161622748.0,dds,27.57,-31.59,1377.02002,10.35,-41.94,0.576,14.12,0.31,1.00,2.24,4.12,3.72,7.29,96.911,2430000000.0,3660000000.0,N/A,2.78,0.47,5.84,0.47,2690000000.0,5.84,172830000.0,2.16,N/A,0.20,145350000.0,1.827,1390000000.0,1.979,30.458,439220000.0,0.95,19.02,91.70,8960000.0,6.8,12.30,9100000.0,underperform
7659,2008-01-11 16:55:29,1200088529.0,dds,14.34,-70.57,1401.02002,-35.29,-35.279999999999994,0.615,8.29,0.17,0.51,2.17,2.69,2.10,6.57,93.491,1250000000.0,2710000000.0,N/A,4.25,0.36,5.359,0.36,2780000000.0,5.359,161410000.0,2.002,N/A,5.00,73040000.0,0.972,1530000000.0,1.428,32.986,305700000.0,0.72,37.65,85.20,13370000.0,6.8,19.60,13820000.0,underperform
7660,2011-10-08 05:35:10,1318066510.0,dds,40.41,73.6,1144.030029,27.74,45.86,49.62,12.30,0.36,1.17,3.45,6.24,5.74,10.63,105.65,3040000000.0,3040000000.0,9.72,2.01,0.48,4.62,0.48,2280000000.0,4.62,218200000.0,3.59,157.20,3.80,179520000.0,3.49,958050000.0,1.95,37.52,3040000000.0,2.72,61.01,60.40,7020000.0,4.90,18.60,7030000.0,outperform
7661,2004-04-12 23:00:20,1081825220.0,fmc,10.35,21.06,1145.199951,3.72,17.34,1.785,38.79,0.79,2.58,2.07,10.50,1.38,8.13,54.133,1530000000.0,2510000000.0,12.99,2.00,1.31,7.69,1.31,493000000.0,7.69,39800000.0,1.118,N/A,4.60,57000000.0,1.62,1050000000.0,1.388,16.684,213900000.0,1.383,17.47,88.40,N/A,3.017,3.00,N/A,outperform
7662,2009-11-17 15:28:52,1258489732.0,fmc,27.74,31.04,1110.319946,6.15,24.89,N/A,19.61,1.40,3.72,7.49,16.60,9.87,21.02,39.435,4670000000.0,4670000000.0,N/A,1.67,1.64,7.849,1.64,980900000.0,7.849,233700000.0,2.899,65.00,13.10,59900000.0,0.828,613600000.0,1.875,14.791,271400000.0,1.07,9.86,73.70,1250000.0,1.70,1.70,1590000.0,outperform
7663,2005-02-08 00:39:00,1107841140.0,fmc,11.36,23.59,1202.300049,5.27,18.32,1.054,10.31,0.87,2.52,8.56,10.50,6.12,25.76,54.752,1760000000.0,2480000000.0,10.14,2.29,1.21,11.52,1.21,520900000.0,11.52,175600000.0,4.63,59.70,3.70,212400000.0,5.76,923200000.0,1.312,19.052999,150500000.0,1.339,1.32,88.35,N/A,3.868,1.69,N/A,outperform
7664,2008-02-20 00:20:07,1203484807.0,fmc,26.95,-20.52,1360.030029,-42.73,22.209999999999997,0.512,32.57,1.57,3.89,5.03,14.92,8.98,15.04,34.919,4160000000.0,4610000000.0,N/A,1.77,1.75,8.748,1.75,710500000.0,8.748,156700000.0,1.71,217.10,14.60,75500000.0,1.009,545200000.0,1.589,14.229,269600000.0,1.22,6.29,75.00,1080000.0,1.7,1.40,N/A,outperform
7665,2008-06-22 13:01:41,1214154101.0,fmc,37.58,-40.98,1342.829956,-33.5,-7.479999999999997,0.535,33.58,2.16,5.09,6.66,15.81,9.45,18.27,36.101,5870000000.0,6420000000.0,N/A,1.93,2.37,11.495,2.37,802800000.0,11.495,201900000.0,2.34,105.00,11.30,70400000.0,0.941,615000000.0,1.805,15.371,261399999.99999997,1.14,26.99,62.60,1920000.0,2.9,2.60,2029999.9999999998,underperform
7666,2008-12-08 11:10:29,1228752629.0,fmc,20.21,33.35,909.7000119999999,20.03,13.32,0.501,10.03,0.95,2.53,9.80,15.69,10.56,29.42,41.035,2900000000.0,3380000000.0,N/A,1.02,1.11,5.582,1.11,802800000.0,5.582,324300000.0,3.91,115.60,31.00,95000000.0,1.283,576000000.0,1.883,15.531,348500000.0,1.2,0.72,85.50,1110000.0,0.6,1.50,N/A,outperform
7667,2012-10-01 16:38:33,1349123913.0,fmc,55.23,27.77,1444.48999,17.34,10.43,61.77,20.42,2.10,5.76,10.75,18.70,11.46,31.19,25.93,8390000000.000001,8390000000.000001,14.14,1.51,2.32,10.39,2.32,1170000000.0,10.39,417300000.0,2.76,2.10,11.50,75500000.0,0.55,856500000.0,1.96,9.61,484500000.0,1.14,0.49,91.90,2140000.0,3.20,1.80,2210000.0,outperform
7668,2007-02-21 20:19:10,1172107150.0,fmc,18.71,43.03,1457.630005,-7.9,50.93,0.618,23.43,1.25,2.88,5.62,14.01,7.56,14.64,61.279,3000000000.0,3400000000.0,N/A,1.55,1.45,7.34,1.45,644700000.0,7.34,144800000.0,3.34,49.00,12.70,165500000.0,4.314,629700000.0,1.52,26.573,264000000.0,0.82,0.58,84.90,2.1,2.1,1.20,N/A,outperform
7669,2013-05-15 01:20:53,1368595253.0,fmc,62.05,15.66,1658.780029,12.78,2.880000000000001,86.10,20.31,2.18,5.75,11.27,19.92,11.40,34.07,27.64,9630000000.0,9630000000.0,13.61,1.34,2.54,10.75,2.54,1340000000.0,10.75,454100000.0,3.10,9.90,5.30,82600000.0,0.61,1280000000.0,2.31,10.55,302800000.0,1.01,0.46,90.80,3100000.0,3.40,2.50,2400000.0,outperform
7670,2009-01-06 21:23:59,1231295039.0,itw,31.6,35.03,934.7000119999999,21.66,13.370000000000001,0.395,11.15,1.07,2.04,10.09,15.63,10.66,20.21,33.055,18880000000.0,21270000000.0,N/A,1.30,1.22,6.23,1.22,5720000000.0,6.23,1870000000.0,3.31,7.70,10.80,867620000.0,1.697,3600000000.0,1.392,17.795,2430000000.0,1.1,1.03,82.30,13050000.0,2.6,2.60,13310000.0,outperform
7671,2007-02-21 21:31:25,1172111485.0,itw,43.67,-7.95,1457.630005,-7.9,-0.04999999999999982,0.158,17.73,2.14,3.34,12.22,17.23,11.95,20.74,24.848,30140000000.0,30910000000.0,N/A,1.22,2.20,10.927,2.20,4560000000.0,10.927,1720000000.0,3.01,9.70,10.50,590210000.0,1.046,1420000000.0,1.975,15.949,N/A,0.93,0.03,79.90,11760000.0,4.9,2.10,11620000.0,underperform
7672,2013-06-04 15:35:34,1370374534.0,itw,67.52,27.06,1631.380005,18.17,8.889999999999997,48.76,11.94,1.82,3.11,15.58,16.02,9.22,24.40,38.02,33939999999.999996,33939999999.999996,15.08,2.11,1.93,9.92,1.93,6470000000.0,9.92,2490000000.0,5.89,27.20,8.00,2660000000.0,5.91,5010000000.0,2.89,22.81,2120000000.0,1.29,0.74,80.30,10370000.0,4.10,2.90,8780000.0,outperform
7673,2013-08-12 11:38:26,1376321906.0,itw,71.27,17.97,1689.469971,14.46,3.509999999999998,49.58,14.52,1.89,3.21,13.40,15.92,9.05,23.95,37.97,35130000000.0,35130000000.0,15.80,1.54,2.03,10.48,2.03,6470000000.0,10.48,2440000000.0,5.05,47.20,5.50,2770000000.0,6.18,5070000000.0,2.21,22.83,2250000000.0,1.26,0.71,80.30,6710000.0,3.70,N/A,7480000.0,outperform
7674,2006-01-17 03:47:27,1137487647.0,itw,36.05,7.88,1282.930054,11.51,-3.63,0.185,17.95,2.00,3.50,11.46,17.43,12.21,19.61,43.879,25120000000.0,26110000000.0,N/A,1.39,2.06,10.155,2.06,4139999999.9999995,10.155,1450000000.0,4.99,23.70,9.80,351350000.0,1.253,1340000000.0,2.006,25.747,1740000000.0,N/A,7.93,80.70,4840000.0,1.80,1.80,4820000.0,underperform
7675,2008-04-24 10:16:11,1209046571.0,itw,43.44,-32.64,1388.819946,-37.63,4.990000000000002,0.3,15.94,1.62,2.91,10.67,16.12,11.01,18.93,30.538,26950000000.0,28790000000.0,N/A,1.26,1.74,9.026,1.74,5720000000.0,9.026,1740000000.0,3.23,24.60,10.10,927440000.0,1.774,2780000000.0,1.639,17.688999,2560000000.0,0.73,0.90,83.70,13480000.0,4.6,2.60,14500000.0,outperform
7676,2011-03-14 14:52:41,1300128761.0,itw,49.32,7.28,1296.390015,7.68,-0.39999999999999947,30.16,17.91,1.72,2.90,9.62,14.86,9.12,16.78,31.69,28860000000.0,28860000000.0,12.31,1.06,1.82,9.93,1.82,5630000000.0,9.93,1530000000.0,3.03,N/A,N/A,1190000000.0,2.39,2830000000.0,1.93,18.83,28860000000.0,1.13,0.68,81.20,9550000.0,3.30,N/A,10030000.0,underperform
7677,2009-02-16 13:49:23,1234810163.0,itw,,,826.840027,32.42,,N/A,12.06,1.09,2.26,9.57,14.73,9.51,18.61,30.6,17530000000.0,20460000000.0,N/A,1.93,1.29,6.641,1.29,5720000000.0,6.641,1580000000.0,2.91,50.30,13.30,742950000.0,1.489,3680000000.0,1.215,15.355,N/A,1.12,0.94,83.60,12880000.0,3.6,2.60,14250000.0,underperform
7678,2009-02-01 22:46:09,1233546369.0,dal,7.93,57.5,845.1400150000001,28.88,28.62,4.24,N/A,0.11,1.03,39.31,0.50,N/A,142.71,48.498,2130000000.0,9190000000.0,N/A,N/A,0.41,7.054,0.41,3840000000.0,7.054,8920000000.0,19.06,N/A,43.30,3080000000.0,9.986,10140000000.0,N/A,7.749,N/A,0.44,15.21,39.80,30310000.0,3.1,10.00,32170000.0,outperform
7679,2013-04-22 02:53:15,1366613595.0,dal,14.97,132.53,1562.5,20.29,112.24000000000001,N/A,12.82,0.35,N/A,2.75,7.09,3.69,N/A,43.40,22770000000.0,22770000000.0,5.05,0.22,0.62,5.57,0.62,15010000000.0,5.57,1010000000.0,1.19,98.60,2.40,3370000000.0,3.99,13240000000.0,0.62,2.52,2480000000.0,0.66,0.44,81.50,9610000.0,0.80,1.10,15330000.0,outperform
7680,2011-08-14 02:54:48,1313304888.0,dal,6.89,32.95,1172.640015,19.74,13.210000000000004,876.31,22.34,0.18,7.51,0.78,6.39,3.07,53.25,40.21,16800000000.0,16800000000.0,3.81,2.50,0.50,4.69,0.50,14400000000.0,4.69,262000000.0,0.31,57.60,12.10,3820000000.0,4.52,14730000000.0,0.63,0.93,16800000000.0,0.70,6.08,75.90,20450000.0,1.30,N/A,18930000.0,outperform
7681,2004-04-12 05:21:26,1081761686.0,dal,,,1145.199951,3.72,,N/A,N/A,0.08,N/A,5.81,5.98,3.05,206.27,106.262,1010000000.0,10860000000.0,N/A,N/A,0.82,26.67,0.82,1510000000.0,26.67,790000000.0,6.459,N/A,4.10,2710000000.0,21.85,12560000000.0,0.75,5.334,578000000.0,1.879,0.66,81.34,30940000.0,7.2,25.12,26190000.0,underperform
7682,2012-01-01 17:41:35,1325457695.0,dal,8.0,46.75,1263.02002,12.92,33.83,195.83,15.26,0.20,5.55,1.30,5.23,2.62,46.26,41.23,18130000000.0,18130000000.0,3.55,2.04,0.53,5.58,0.53,14400000000.0,5.58,448000000.0,0.53,51.20,9.70,3260000000.0,3.90,14610000000.0,0.61,1.46,1990000000.0,1.56,6.08,75.90,11940000.0,0.90,1.40,14630000.0,outperform
7683,2004-09-16 01:00:25,1095310825.0,dal,,,1123.5,10.18,,N/A,N/A,0.04,N/A,20.30,7.67,11.12,N/A,112.811,515000000.0,11100000000.0,N/A,N/A,0.79,79.89,0.79,2810000000.0,79.89,2860000000.0,22.958,N/A,0.00,1970000000.0,15.65,12550000000.0,0.627,24.597,59000000.0,2.044,0.72,95.00,61610000.0,12.718,49.40,58550000.0,underperform
7684,2004-11-01 17:27:08,1099348028.0,dal,,,1130.51001,6.39,,N/A,N/A,0.05,N/A,23.05,7.67,13.01,N/A,115.844,702160000.0,11270000000.0,N/A,N/A,0.78,81.08,0.78,2810000000.0,81.08,3330000000.0,26.756,N/A,0.00,1970000000.0,15.65,12550000000.0,0.627,24.597,59000000.0,2.037,0.72,95.00,67140000.0,13.061,53.84,65140000.0,underperform
7685,2004-06-27 16:04:47,1088366687.0,dal,,,1140.650024,4.39,,N/A,N/A,0.06,N/A,5.13,4.84,2.69,N/A,107.245,823080000.0,11220000000.0,N/A,N/A,0.83,20.17,0.83,2810000000.0,20.17,707000000.0,5.773,N/A,0.00,2180000000.0,17.51,12570000000.0,0.687,9.396,338000000.0,1.929,0.66,89.63,56680000.0,7.695,45.82,54380000.0,underperform
7686,2005-01-12 14:20:38,1105557638.0,dal,,,1187.699951,8.28,,N/A,N/A,0.06,N/A,22.49,9.85,13.22,N/A,118.496,825640000.0,12150000000.0,N/A,N/A,0.82,N/A,0.82,2810000000.0,N/A,3340000000.0,26.757,N/A,0.00,1450000000.0,11.17,12770000000.0,0.559,28.996,603000000.0,2.239,0.16,95.00,50460000.0,7.697,39.05,58830000.0,underperform
7687,2008-03-24 00:25:08,1206332708.0,dal,9.9,-45.56,1349.880005,-40.28,-5.280000000000001,0.919,2.45,0.16,0.30,8.42,5.73,2.64,N/A,58.307,2920000000.0,9430000000.0,N/A,1.17,0.49,4.171,0.49,3840000000.0,4.171,1610000000.0,4.09,N/A,10.30,2790000000.0,9.534,9300000000.0,0.793,34.606998,1360000000.0,N/A,15.14,72.70,17600000.0,5.5,6.00,23190000.0,underperform
7688,2008-04-26 02:59:43,1209193183.0,dal,6.49,21.88,1379.930054,-38.26,60.14,0.919,1.71,0.11,0.21,8.42,5.73,2.64,N/A,58.307,2049999999.9999998,8630000000.0,N/A,N/A,0.45,3.817,0.45,3840000000.0,3.817,1610000000.0,4.09,N/A,10.30,2790000000.0,9.534,9300000000.0,0.793,34.606998,1360000000.0,N/A,26.43,70.20,17820000.0,2.5,6.10,16530000.000000002,outperform
7689,2013-04-25 19:59:10,1366934350.0,dal,16.11,122.97,1585.160034,17.55,105.42,N/A,15.62,0.38,N/A,2.43,6.95,N/A,N/A,43.44,13940000000.0,13940000000.0,5.42,0.22,0.38,3.46,0.38,15010000000.0,3.46,892000000.0,1.05,94.40,1.00,N/A,N/A,N/A,N/A,2.52,N/A,0.66,0.44,81.50,9610000.0,0.80,1.10,15330000.0,outperform
7690,2008-12-19 16:59:05,1229723945.0,dal,10.45,10.24,887.8800050000001,24.92,-14.680000000000001,4.24,N/A,0.16,1.42,36.55,1.07,0.48,124.46,52.249,3280000000.0,10460000000.0,N/A,N/A,0.51,7.457,0.51,3840000000.0,7.457,7550000000.0,19.64,N/A,9.40,3080000000.0,9.986,10140000000.0,0.808,7.749,814000000.0,1.12,6.07,47.80,29750000.0,2.2,9.80,29390000.0,underperform
7691,2012-01-12 23:22:23,1326428543.0,tsn,19.36,3.31,1295.5,13.63,-10.32,38.38,10.13,0.23,1.29,2.32,3.98,7.36,13.39,86.50,8770000000.0,8770000000.0,8.53,1.29,0.27,4.89,0.27,2200000000.0,4.89,750000000.0,1.97,54.50,12.90,716000000.0,1.94,2180000000.0,2.01,15.29,1050000000.0,0.71,1.81,89.50,12040000.0,3.20,4.10,13070000.0,underperform
7692,2011-12-15 23:35:00,1324010100.0,tsn,19.92,-2.91,1215.75,16.27,-19.18,38.38,10.42,0.23,1.30,2.32,3.98,7.36,13.39,86.50,8840000000.0,8840000000.0,8.59,1.31,0.27,4.93,0.27,2200000000.0,4.93,750000000.0,1.97,54.50,12.90,716000000.0,1.94,2180000000.0,2.01,15.29,1050000000.0,0.71,2.08,69.60,13070000.0,3.90,4.40,13960000.0,underperform
7693,2012-01-05 23:29:15,1325824155.0,tsn,19.67,1.78,1281.060059,14.47,-12.690000000000001,38.38,10.29,0.23,1.33,2.32,3.98,7.36,13.39,86.50,9000000000.0,9000000000.0,8.52,1.36,0.28,5.02,0.28,2200000000.0,5.02,750000000.0,1.97,54.50,12.90,716000000.0,1.94,2180000000.0,2.01,15.29,1050000000.0,0.71,2.08,69.60,12040000.0,3.20,4.10,13070000.0,underperform
7694,2005-03-31 08:54:01,1112277241.0,tsn,15.13,-17.25,1180.589966,9.68,-26.93,0.707,15.12,0.22,1.37,1.49,3.38,3.79,9.38,73.968,5930000000.0,8950000000.0,11.73,1.38,0.34,6.44,0.34,1890000000.0,6.44,395000000.0,1.11,19.60,7.70,41000000.0,0.12,3070000000.0,1.377,12.266,1090000000.0,0.413,44.75,46.45,7810000.0,5.519,4.00,7130000.0,underperform
7695,2013-04-23 21:04:47,1366765487.0,tsn,24.3,77.0,1578.780029,18.79,58.21,40.05,15.04,0.26,1.42,1.80,3.81,6.87,9.91,92.64,10070000000.0,10070000000.0,10.31,1.34,0.30,5.66,0.30,2160000000.0,5.66,600000000.0,1.64,10.90,0.90,951000000.0,2.68,2430000000.0,1.89,17.02,1040000000.0,0.61,1.86,91.50,11210000.0,3.00,4.00,11880000.0,outperform
7696,2011-12-24 07:54:39,1324731279.0,tsn,20.26,-4.29,1243.719971,16.08,-20.369999999999997,38.38,10.61,0.24,1.36,2.32,3.98,7.36,13.39,86.50,9170000000.0,9170000000.0,8.79,1.36,0.28,5.12,0.28,2200000000.0,5.12,750000000.0,1.97,54.50,12.90,716000000.0,1.94,2180000000.0,2.01,15.29,1050000000.0,0.71,2.08,69.60,13070000.0,3.90,4.40,13960000.0,underperform
7697,2005-12-29 18:48:30,1135900110.0,tsn,15.71,-3.82,1254.420044,13.06,-16.88,0.644,17.43,0.24,1.32,1.36,3.02,4.69,7.89,75.403,6110000000.0,9060000000.0,N/A,1.51,0.35,7.041,0.35,1740000000.0,7.041,353000000.0,0.99,48.50,9.10,45000000.0,0.127,3000000000.0,1.616,13.104,999000000.0,N/A,30.92,45.50,9230000.0,6.3,2.70,8490000.0,underperform
7698,2004-01-18 06:25:01,1074425101.0,tsn,12.13,,1132.050049,4.63,,0.911,14.35,0.19,1.21,1.37,3.41,3.21,8.94,69.643,4840000000.0,8420000000.0,11.18,1.33,0.34,6.5,0.34,1740000000.0,6.5,337000000.0,0.956,12.00,5.10,25000000.0,0.07,3600000000.0,1.362,11.2,N/A,0.334,36.65,41.07,4560000.0,4.001,2.04,4920000.0,underperform
7699,2006-12-09 13:31:13,1165689073.0,tsn,15.28,-6.81,1412.900024,6.68,-13.489999999999998,0.896,N/A,0.23,1.33,0.77,0.30,0.45,4.19,74.084,5910000000.0,9090000000.0,N/A,3.20,0.36,20.65,0.36,1740000000.0,20.65,191000000.0,0.57,N/A,0.40,798000000.0,2.249,3980000000.0,1.471,12.507,291000000.0,0.55,33.33,60.10,14210000.0,6.3,4.10,13490000.0,underperform
7700,2012-01-01 18:26:08,1325460368.0,tsn,20.24,-5.63,1263.02002,12.92,-18.55,38.38,10.48,0.24,1.36,2.32,3.98,7.36,13.39,86.50,9100000000.0,9100000000.0,8.67,1.36,0.28,5.08,0.28,2200000000.0,5.08,750000000.0,1.97,54.50,12.90,716000000.0,1.94,2180000000.0,2.01,15.29,1050000000.0,0.71,2.08,69.60,12040000.0,3.20,4.10,13070000.0,underperform
7701,2011-04-29 17:11:24,1304111484.0,tsn,19.18,-9.49,1363.609985,1.99,-11.48,45.94,8.22,0.25,1.37,3.12,5.89,9.82,17.67,78.79,8890000000.0,8890000000.0,9.70,1.31,0.30,3.98,0.30,2510000000.0,3.98,918000000.0,2.42,86.30,14.80,1120000000.0,2.97,2550000000.0,1.87,14.42,8890000000.0,1.24,2.08,69.60,15460000.0,4.80,5.20,15090000.0,underperform
7702,2013-05-13 08:04:24,1368446664.0,tsn,24.27,64.32,1633.77002,16.14,48.17999999999999,39.52,16.98,0.26,1.45,1.58,3.58,6.52,8.76,93.71,10390000000.0,10390000000.0,9.86,1.41,0.31,6.12,0.31,2160000000.0,6.12,529000000.0,1.46,42.80,1.80,809000000.0,2.28,2420000000.0,1.94,17.12,963000000.0,0.60,1.86,91.50,13580000.0,3.60,4.80,12580000.0,outperform
7703,2005-04-19 22:08:40,1113962920.0,tsn,14.87,-18.63,1152.780029,13.63,-32.26,0.707,14.77,0.22,1.34,1.49,3.38,3.79,9.38,73.968,5790000000.0,8830000000.0,11.80,1.39,0.33,6.35,0.33,1890000000.0,6.35,395000000.0,1.11,19.60,7.70,41000000.0,0.12,3070000000.0,1.377,12.266,1090000000.0,0.396,44.75,46.51,7810000.0,5.519,4.00,7130000.0,underperform
7704,2011-12-29 22:30:32,1325215832.0,tsn,20.24,-6.72,1263.02002,11.04,-17.759999999999998,38.38,10.59,0.24,1.36,2.32,3.98,7.36,13.39,86.50,9160000000.0,9160000000.0,8.76,1.36,0.28,5.12,0.28,2200000000.0,5.12,750000000.0,1.97,54.50,12.90,716000000.0,1.94,2180000000.0,2.01,15.29,1050000000.0,0.71,2.08,69.60,13070000.0,3.90,4.40,13960000.0,underperform
7705,2004-06-23 13:30:16,1088011816.0,tsn,18.4,-10.82,1144.060059,4.95,-15.77,0.817,18.07,0.28,1.74,1.57,3.65,3.85,10.22,72.203,7220000000.0,10540000000.0,13.77,1.66,0.41,7.52,0.41,1740000000.0,7.52,402000000.0,1.135,12.00,5.10,70000000.0,0.2,3380000000.0,1.458,11.773,1080000000.0,0.377,36.69,50.02,12770000.0,6.802,5.73,14090000.0,underperform
7706,2007-04-07 23:45:06,1176003906.0,tsn,18.29,-16.51,1439.369995,-4.87,-11.64,0.656,N/A,0.28,1.57,0.69,0.13,0.20,3.75,74.278,6990000000.0,9910000000.0,N/A,2.75,0.39,17.914,0.39,928000000.0,17.914,173000000.0,0.52,46.20,1.60,47000000.0,0.132,2960000000.0,1.667,12.671,418000000.0,0.84,3.14,71.80,12190000.0,5.4,3.50,15150000.0,underperform
7707,2008-12-20 23:31:33,1229833893.0,tsn,7.43,56.39,904.419983,21.19,35.2,0.578,33.47,0.11,0.58,0.32,1.45,2.31,1.77,76.53,3060000000.0,5700000000.0,N/A,1.21,0.21,6.527,0.21,1250000000.0,6.527,86000000.0,0.24,N/A,N/A,250000000.0,0.662,2900000000.0,2.074,13.3,288000000.0,1.45,2.72,88.10,11530000.0,1.2,3.10,9470000.0,outperform
7708,2008-03-08 14:45:59,1205005559.0,tsn,15.04,-52.39,1333.699951,-48.82,-3.5700000000000003,0.569,22.95,0.21,1.22,0.90,2.07,3.42,5.29,77.785,5620000000.0,8270000000.0,N/A,7.21,0.31,7.71,0.31,1430000000.0,7.71,245000000.0,0.69,40.40,3.20,55000000.0,0.155,2710000000.0,1.712,13.348,539000000.0,0.28,9.24,76.90,7180000.0,2.5,2.10,6780000.0,underperform
7709,2004-08-10 14:24:31,1092162271.0,tsn,16.5,-2.73,1079.040039,13.91,-16.64,0.781,13.47,0.25,1.50,1.87,4.08,4.62,11.98,72.703,6470000000.0,9660000000.0,12.21,1.40,0.37,6.3,0.37,1740000000.0,6.3,484000000.0,1.36,12.00,5.10,51000000.0,0.14,3320000000.0,1.345,12.023,1080000000.0,0.382,36.63,48.39,12690000.0,9.955,5.67,12770000.0,underperform
7710,2006-06-16 07:28:25,1150457305.0,tsn,13.26,52.56,1251.540039,21.1,31.46,0.871,31.97,0.20,1.14,0.62,2.06,3.08,3.56,74.987,5170000000.0,8369999999.999999,N/A,N/A,0.32,8.079,0.32,1740000000.0,8.079,160000000.0,0.46,N/A,1.70,790000000.0,2.226,3990000000.0,1.505,12.893,715000000.0,0.2,30.95,57.20,13430000.0,3.9,3.90,13180000.0,outperform
7711,2011-12-22 01:41:32,1324536092.0,qep,29.55,2.13,1254.0,14.05,-11.920000000000002,47.58,15.63,1.84,1.58,11.86,21.86,5.47,10.49,15.91,6750000000.0,6750000000.0,13.47,0.64,2.41,4.86,2.41,2040000000.0,4.86,332500000.0,1.87,42.80,51.00,N/A,N/A,1580000000.0,1.22,18.51,1190000000.0,N/A,N/A,N/A,3460000.0,1.90,2.00,3910000.0,underperform
7712,2011-06-24 08:47:32,1308919652.0,qep,40.17,-34.06,1268.449951,6.88,-40.940000000000005,51.69,23.57,3.12,2.32,13.27,23.87,4.96,9.09,12.88,8600000000.0,8600000000.0,18.83,1.80,3.80,6.75,3.80,2040000000.0,6.75,278100000.0,1.69,26.30,2.80,N/A,N/A,1600000000.0,1.22,17.20,8600000000.0,N/A,N/A,N/A,3670000.0,3.20,2.10,3580000.0,underperform
7713,2012-01-28 06:09:26,1327748966.0,qep,29.78,-1.28,1326.060059,12.73,-14.01,47.58,15.62,1.83,1.56,11.86,21.86,5.47,10.49,15.91,6710000000.0,6710000000.0,14.32,0.70,2.39,4.83,2.39,2040000000.0,4.83,332500000.0,1.87,42.80,51.00,N/A,N/A,1580000000.0,1.22,18.51,1190000000.0,N/A,0.34,80.80,4000000.0,2.60,2.30,3120000.0,underperform
7714,2011-02-21 04:28:37,1298280517.0,qep,,,1343.01001,1.43,,44.14,18.16,2.81,2.29,15.34,28.89,6.95,13.73,14.01,8260000000.0,8260000000.0,26.41,1.86,3.36,5.75,3.36,1560000000.0,5.75,393300000.0,2.15,22.70,15.70,2200000.0,0.01,1360000000.0,1.18,17.18,8260000000.0,N/A,N/A,N/A,3420000.0,3.20,N/A,2700000.0,underperform
7715,2011-12-29 14:53:23,1325188403.0,qep,29.01,1.62,1263.02002,11.04,-9.419999999999998,47.58,15.52,1.84,1.57,11.86,21.86,5.47,10.49,15.91,6730000000.0,6730000000.0,13.51,0.66,2.40,4.84,2.40,2040000000.0,4.84,332500000.0,1.87,42.80,51.00,N/A,N/A,1580000000.0,1.22,18.51,1190000000.0,N/A,N/A,N/A,3460000.0,1.90,2.00,3910000.0,underperform
7716,2012-01-28 15:17:37,1327781857.0,qep,29.78,-1.28,1326.060059,12.73,-14.01,47.58,15.62,1.83,1.56,11.86,21.86,5.47,10.49,15.91,6750000000.0,6750000000.0,14.47,0.71,2.41,4.86,2.41,2040000000.0,4.86,332500000.0,1.87,42.80,51.00,N/A,N/A,1580000000.0,1.22,18.51,1190000000.0,N/A,0.34,80.80,4000000.0,2.60,2.30,3120000.0,underperform
7717,2013-07-05 14:15:42,1373048142.0,qep,29.21,16.23,1631.890015,21.0,-4.77,102.60,N/A,2.10,1.58,1.28,8.35,1.53,0.82,13.75,8350000000.0,8350000000.0,16.01,1.53,3.42,6.47,3.42,1280000000.0,6.47,31200000.0,0.18,N/A,15.50,N/A,N/A,3370000000.0,0.91,18.08,1140000000.0,2.01,0.85,82.60,6580000.0,4.10,3.70,7450000.0,underperform
7718,2011-05-05 22:33:41,1304649221.0,har,44.68,-1.03,1335.099976,2.55,-3.58,29.32,14.10,1.28,2.55,6.68,4.91,4.03,9.79,49.31,4130000000.0,4130000000.0,15.68,0.74,1.19,14.24,1.19,885160000.0,14.24,113800000.0,3.28,229.50,3.00,733130000.0,7.70,374540000.0,2.11,18.33,4130000000.0,1.92,0.32,97.70,1400000.0,2.60,2.00,1140000.0,underperform
7719,2013-07-01 01:24:02,1372656242.0,har,54.8,101.2,1614.959961,22.19,79.01,17.95,20.41,0.87,2.22,4.43,6.76,5.47,11.30,60.57,3540000000.0,3540000000.0,14.69,1.40,0.84,8.68,0.84,1180000000.0,8.68,186180000.0,2.66,79.80,3.10,434240000.0,6.39,294370000.0,1.96,24.13,198330000.0,2.14,0.41,101.60,2810000.0,4.60,4.20,2720000.0,outperform
7720,2004-04-13 04:16:56,1081844216.0,har,78.94,7.5,1129.439941,3.93,3.57,0.621,44.56,2.20,7.04,5.24,8.22,7.67,19.74,35.982,5540000000.0,5680000000.0,31.82,1.40,2.30,19.08,2.30,651150000.0,19.08,129270000.00000001,1.885,83.30,22.00,217930000.0,3.31,477850000.0,1.936,11.674,345060000.0,1.29,11.07,91.17,1810000.0,2.429,3.08,1190000.0,outperform
7721,2004-08-20 20:37:26,1093048646.0,har,90.2,-12.51,1098.349976,11.1,-23.61,0.451,41.36,2.28,7.27,5.82,9.38,8.56,20.76,39.069,6200000000.0,5940000000.0,27.94,1.13,2.19,23.35,2.19,651150000.0,23.35,157880000.0,2.27,83.30,22.00,377710000.0,5.72,394920000.0,1.818,12.337,458300000.0,1.318,10.96,91.50,1500000.0,3.026,2.54,1760000.0,underperform
7722,2006-05-27 08:16:23,1148732183.0,har,79.48,,1258.569946,19.78,,0.27,22.32,1.73,4.57,8.16,12.50,11.06,22.85,48.162,5680000000.0,5610000000.0,N/A,0.94,1.76,10.81,1.76,1030000000.0,10.81,260760000.0,3.81,0.80,7.90,397100000.0,5.935,326820000.0,1.419,18.091999,428870000.0,2.25,10.92,96.80,1.20,1.20,1.20,1160000.0,underperform
7723,2007-08-07 22:55:13,1186541713.0,har,111.61,-64.44,1476.709961,-12.7,-51.739999999999995,0.117,28.32,2.15,5.52,7.83,12.04,11.48,21.28,53.265,7560000000.0,7590000000.0,N/A,1.25,2.17,13.339,2.17,1150000000.0,13.339,273810000.0,4.10,11.00,10.10,96960000.0,1.488,159560000.0,1.571,20.934999,197900000.0,1.69,N/A,84.90,1210000.0,1.7,2.00,1350000.0,underperform
7724,2004-07-04 07:52:11,1088941931.0,har,86.69,,1128.939941,5.8,,0.587,43.76,2.29,7.32,5.47,8.61,8.08,20.20,37.742,5960000000.0,6110000000.0,33.15,1.49,2.35,18.53,2.35,651150000.0,18.53,142320000.0,2.061,83.30,22.00,327610000.0,4.96,478420000.0,1.964,12.337,458300000.0,1.246,10.96,92.10,1760000.0,3.593,2.99,1360000.0,underperform
7725,2007-04-06 18:34:34,1175898874.0,har,94.88,-54.91,1437.77002,-4.89,-50.019999999999996,0.107,25.13,1.92,4.93,7.81,12.15,11.58,22.30,51.795,6520000000.0,N/A,N/A,1.06,N/A,N/A,N/A,1150000000.0,N/A,266790000.00000003,3.96,12.20,11.90,171110000.0,2.622,142370000.0,1.496,20.274,N/A,1.73,5.11,99.40,2.5,2.5,1.50,N/A,underperform
7726,2008-02-12 08:12:52,1202821972.0,har,39.71,-69.93,1348.859985,-38.19,-31.74000000000001,0.469,10.60,0.65,1.99,6.71,8.16,7.72,19.92,59.077,2570000000.0,2890000000.0,N/A,0.69,0.76,6.491,0.76,1210000000.0,6.491,255380000.0,3.90,47.30,14.40,159270000.0,2.567,581040000.0,1.947,19.962,N/A,2.19,4.86,97.50,1800000.0,3.2,3.20,2210000.0,underperform
7727,2004-03-27 08:39:56,1080394796.0,har,72.24,16.74,1091.329956,7.34,9.399999999999999,0.621,40.05,2.04,6.56,5.24,8.22,7.67,19.74,35.982,4970000000.0,5300000000.0,28.60,1.28,2.15,17.83,2.15,651150000.0,17.83,129270000.00000001,1.885,83.30,22.00,217930000.0,3.31,477850000.0,1.936,11.674,345060000.0,1.253,11.07,91.78,1810000.0,2.429,3.08,1190000.0,outperform
7728,2012-07-20 08:43:57,1342788237.0,har,38.39,40.17,1362.660034,23.36,16.810000000000002,23.72,9.63,0.65,1.70,6.95,6.20,5.36,19.89,60.33,2440000000.0,2440000000.0,10.45,0.43,0.57,6.23,0.57,987350000.0,6.23,299150000.0,4.14,371.70,15.60,769660000.0,10.92,392660000.0,1.59,23.50,229680000.0,2.13,0.45,101.30,4250000.0,2.70,6.10,3720000.0,outperform
7729,2011-12-29 22:18:51,1325215131.0,har,36.78,15.42,1263.02002,11.04,4.380000000000001,27.13,17.40,0.66,1.86,3.94,5.70,4.95,11.90,56.02,2330000000.0,2330000000.0,10.03,0.42,0.58,6.58,0.58,987350000.0,6.58,156900000.0,2.18,76.60,25.50,691680000.0,9.87,384490000.0,2.06,20.22,251560000.0,2.24,0.32,97.70,1950000.0,2.80,2.80,1940000.0,outperform
7730,2004-08-04 01:20:41,1091596841.0,har,81.04,0.95,1098.630005,12.49,-11.540000000000001,0.587,41.53,2.20,7.02,5.47,8.61,8.08,20.20,37.742,5650000000.0,5870000000.0,31.47,1.43,2.25,17.81,2.25,651150000.0,17.81,142320000.0,2.061,83.30,22.00,327610000.0,4.96,478420000.0,1.964,12.337,458300000.0,1.305,10.96,92.58,1500000.0,3.026,2.54,1760000.0,underperform
7731,2011-07-12 10:26:41,1310480801.0,har,44.32,-16.45,1313.640015,2.12,-18.57,28.02,13.15,0.90,2.39,6.99,5.15,4.33,11.28,50.72,2850000000.0,2850000000.0,15.69,0.70,0.79,9.42,0.79,885160000.0,9.42,135480000.0,3.52,100.40,13.30,769270000.0,11.01,379140000.0,2.04,19.36,2850000000.0,1.97,0.32,97.70,1410000.0,2.30,2.10,1540000.0,underperform
7732,2004-11-02 14:00:23,1099422023.0,har,120.76,-20.4,1130.560059,7.45,-27.849999999999998,0.373,48.80,2.83,8.56,6.12,10.09,9.03,21.07,40.208,7950000000.0,7960000000.0,32.21,1.44,2.84,28.1,2.84,888590000.0,28.1,171780000.0,2.462,49.80,21.70,342590000.0,5.18,346310000.0,1.816,14.043,482450000.0,1.318,11.01,91.62,1680000.0,2.951,2.86,2069999.9999999998,underperform
7733,2013-04-23 03:57:16,1366703836.0,bbt,28.8,30.42,1578.780029,18.79,11.630000000000003,N/A,12.51,2.38,1.09,20.43,39.03,1.03,9.40,12.51,38510000000.0,38510000000.0,9.54,1.21,4.40,N/A,4.40,N/A,N/A,1700000000.0,2.38,44.30,6.50,3840000000.0,5.48,21560000000.0,N/A,27.20,N/A,1.13,0.35,56.50,10270000.0,2.30,1.50,10580000.0,outperform
7734,2005-01-28 05:58:25,1106909905.0,bbt,27.16,4.68,1171.359985,7.97,-3.29,N/A,13.96,4.74,1.98,34.28,N/A,1.58,14.52,8.148,21540000000.0,37870000000.0,11.47,1.25,8.33,N/A,8.33,102140000.0,N/A,1560000000.0,2.792,112.90,7.50,1780000000.0,3.23,18110000000.0,N/A,19.698,2570000000.0,0.384,0.39,27.56,7220000.0,7.172,1.31,7700000.0,underperform
7735,2004-08-10 05:57:38,1092131858.0,bbt,26.27,10.93,1079.040039,13.91,-2.9800000000000004,N/A,18.19,4.66,1.98,25.81,N/A,1.27,11.78,8.045,20950000000.0,35720000000.0,12.11,1.33,8.02,N/A,8.02,5490000000.0,N/A,1150000000.0,2.077,18.30,1.90,1970000000.0,3.55,16760000000.000002,N/A,18.952,2800000000.0,0.359,12.49,26.87,6200000.0,5.51,1.28,7460000.0,underperform
7736,2004-10-20 17:20:06,1098307206.0,bbt,27.31,7.03,1103.660034,6.72,0.3100000000000005,N/A,19.02,4.95,2.10,25.81,N/A,1.27,11.78,8.045,21910000000.0,36840000000.0,12.54,1.41,8.27,N/A,8.27,5490000000.0,N/A,1150000000.0,2.077,18.30,1.90,1970000000.0,3.55,16760000000.000002,N/A,18.952,4700000000.0,0.331,12.49,27.01,7260000.0,8.571,1.50,6530000.0,outperform
7737,2008-12-18 03:42:43,1229589763.0,bbt,23.53,-4.29,885.2800289999999,24.53,-28.82,N/A,10.25,2.66,1.27,26.33,38.73,1.21,12.83,11.269,16710000000.0,44880000000.0,N/A,2.09,7.27,N/A,7.27,8050000000.000001,N/A,1630000000.0,2.95,19.40,2.10,2940000000.0,5.321,31410000000.0,N/A,23.422001,1820000000.0,0.31,0.63,41.50,61700000.0,5.7,11.20,52190000.0,underperform
7738,2007-03-01 01:57:27,1172732247.0,bbt,31.65,-22.24,1403.170044,-5.17,-17.07,N/A,15.11,3.83,1.95,25.52,100.00,1.33,13.36,11.108,22960000000.0,41890000000.0,N/A,1.41,6.99,N/A,6.99,6580000000.0,N/A,1530000000.0,2.81,41.60,2.50,5040000000.0,9.319,23990000000.0,N/A,21.723,N/A,0.28,0.45,28.40,7010000.0,5.2,1.30,7820000.0,underperform
7739,2004-06-20 17:26:50,1087766810.0,bbt,25.1,12.71,1132.050049,7.42,5.290000000000001,N/A,18.35,4.68,1.94,24.33,N/A,1.22,11.62,8.216,20600000000.0,35110000000.0,12.06,1.35,8.01,N/A,8.01,5490000000.0,N/A,1070000000.0000001,2.024,18.30,1.90,1870000000.0,3.37,16370000000.000002,N/A,19.025999,2800000000.0,0.356,12.49,27.00,6320000.0,4.941,1.30,7370000.0,outperform
7740,2008-10-28 23:38:18,1225251498.0,bbt,29.9,-26.96,940.51001,10.86,-37.82,N/A,12.20,2.88,1.37,26.33,39.83,1.21,12.83,11.269,19880000000.0,45900000000.0,N/A,1.96,7.44,N/A,7.44,8050000000.000001,N/A,1630000000.0,2.949,19.40,2.10,3300000000.0,5.966,31410000000.0,N/A,23.422001,N/A,0.01,0.64,42.40,59590000.0,3.9,10.90,91820000.0,underperform
7741,2008-01-04 23:17:32,1199506652.0,bbt,21.27,7.29,1411.630005,-36.01,43.3,N/A,9.57,2.58,1.29,25.41,43.28,1.26,13.04,11.356,15030000000.0,41650000000.0,N/A,1.06,6.72,N/A,6.72,7350000000.0,N/A,1570000000.0,2.86,6.50,0.80,4059999999.9999995,7.38,29710000000.0,N/A,22.576,85000000.0,0.61,0.44,30.50,13160000.0,3.3,2.40,9980000.0,outperform
7742,2013-05-09 08:11:25,1368101485.0,bbt,30.35,22.31,1626.670044,15.48,6.829999999999998,N/A,13.25,2.53,1.16,20.43,39.03,1.03,9.40,12.51,39420000000.0,39420000000.0,10.17,1.27,4.50,N/A,4.50,N/A,N/A,1700000000.0,2.38,44.30,6.50,3840000000.0,5.47,21560000000.0,N/A,27.16,N/A,1.13,0.35,56.50,9380000.0,2.30,1.30,10270000.0,outperform
7743,2008-12-30 16:39:31,1230673171.0,bbt,22.1,2.04,890.6400150000001,26.47,-24.43,N/A,8.81,2.31,1.10,26.33,38.73,1.21,12.83,11.269,14360000000.0,42700000000.0,N/A,1.82,6.92,N/A,6.92,8050000000.000001,N/A,1630000000.0,2.949,19.40,2.10,2940000000.0,5.321,31410000000.0,N/A,23.422001,1820000000.0,0.31,0.63,41.60,61700000.0,5.7,11.20,52190000.0,underperform
7744,2008-05-03 20:17:03,1209860223.0,bbt,27.49,-26.05,1385.589966,-37.01,10.959999999999997,N/A,11.57,3.22,1.57,27.88,43.04,1.35,14.22,11.39,19950000000.0,47550000000.0,N/A,1.77,7.61,N/A,7.61,8050000000.000001,N/A,1740000000.0,3.15,1.70,0.70,3560000000.0,6.501,31150000000.0,N/A,23.486,N/A,0.23,0.59,34.50,43850000.0,9.1,8.10,36830000.0,outperform
7745,2011-11-04 13:19:52,1320427192.0,bbt,21.6,26.99,1253.22998,12.68,14.309999999999999,N/A,15.29,2.38,0.95,15.84,33.32,0.71,6.69,10.03,37900000000.0,37900000000.0,10.06,0.91,5.43,N/A,5.43,N/A,N/A,1110000000.0,1.56,74.30,12.20,4830000000.0,6.93,26110000000.0,N/A,25.07,37900000000.0,1.50,0.68,53.20,17340000.0,1.90,2.50,21800000.0,outperform
7746,2012-03-10 10:30:23,1331393423.0,bbt,26.73,11.9,1352.630005,14.17,-2.2699999999999996,N/A,16.10,2.73,1.16,17.35,37.11,0.80,7.84,10.67,41250000000.0,41250000000.0,10.23,1.21,5.55,N/A,5.55,N/A,N/A,1290000000.0,1.83,88.00,27.20,6170000000.0,8.84,26880000000.0,N/A,24.99,4560000000.0,1.29,0.44,55.90,17430000.0,2.50,2.50,13400000.0,underperform
7747,2011-04-30 20:49:54,1304210994.0,bbt,23.89,27.29,1355.660034,3.27,24.02,N/A,23.21,2.73,1.13,12.04,32.69,0.53,5.22,9.79,43510000000.0,43510000000.0,10.60,2.04,6.42,N/A,6.42,N/A,N/A,816000000.0,1.16,12.40,3.70,3590000000.0,5.17,28400000000.0,N/A,23.67,43510000000.0,1.11,0.68,53.20,19070000.0,3.60,2.80,22160000.0,outperform
7748,2011-08-22 07:33:31,1314012811.0,bbt,17.6,69.43,1123.819946,25.75,43.68000000000001,N/A,14.27,1.98,0.79,14.01,31.91,0.63,5.90,9.76,38330000000.0,38330000000.0,7.71,0.81,5.66,N/A,5.66,N/A,N/A,950000000.0,1.35,46.20,3.70,4290000000.0,6.16,29190000000.0,N/A,24.37,38330000000.0,1.00,0.68,53.20,13170000.0,2.60,1.90,16059999.999999998,outperform
7749,2012-02-24 05:13:09,1330078389.0,brcm,35.4,-5.4,1365.73999,10.71,-16.11,18.34,22.42,2.87,3.16,12.91,12.67,6.70,15.02,13.33,17280000000.0,17280000000.0,11.90,0.96,2.41,15.68,2.41,3760000000.0,15.68,927000000.0,1.65,4.50,6.60,4530000000.0,8.31,1200000000.0,5.23,11.97,1840000000.0,1.17,0.16,85.40,6760000.0,0.60,1.40,10550000.0,underperform
7750,2012-08-06 04:29:11,1344241751.0,brcm,32.75,-19.94,1394.22998,21.74,-41.68,16.76,24.90,2.54,2.62,10.47,11.38,5.92,11.87,13.50,18440000000.0,18440000000.0,11.01,0.79,2.50,16.24,2.50,3760000000.0,16.24,772000000.0,1.37,8.60,10.30,1770000000.0,3.17,1200000000.0,2.53,12.76,1730000000.0,1.29,0.18,85.40,7550000.0,1.10,1.50,7800000.0,underperform
7751,2012-07-31 01:19:16,1343711956.0,brcm,32.73,-17.6,1379.319946,22.21,-39.81,16.76,24.74,2.56,2.64,10.47,11.38,5.92,11.87,13.50,18280000000.0,18280000000.0,10.90,0.78,2.48,16.10,2.48,3760000000.0,16.10,772000000.0,1.37,8.60,10.30,1770000000.0,3.17,1200000000.0,2.53,12.76,1730000000.0,1.33,0.18,85.40,7550000.0,1.10,1.50,7800000.0,underperform
7752,2008-01-25 16:41:33,1201297293.0,brcm,21.7,-27.1,1330.609985,-36.85,9.75,N/A,81.52,3.31,3.01,4.58,1.60,0.77,4.16,6.749,12740000000.0,9810000000.0,N/A,0.80,2.67,76.336,2.67,1870000000.0,76.336,168080000.0,0.29,74.80,5.20,2350000000.0,4.338,N/A,4.072,7.479,899780000.0,2.37,0.14,84.60,14590000.0,1.8,3.10,15910000.0,outperform
7753,2013-04-25 07:54:54,1366890894.0,brcm,33.67,-12.47,1585.160034,17.55,-30.020000000000003,21.60,28.07,2.55,2.55,9.19,9.45,4.56,10.01,14.01,17460000000.0,17460000000.0,11.47,0.77,2.23,14.75,2.23,3980000000.0,14.75,719000000.0,1.25,1.20,15.10,2370000000.0,4.17,1690000000.0,2.25,13.78,1930000000.0,1.06,0.31,84.40,6930000.0,1.00,1.30,8100000.0,underperform
7754,2008-12-19 18:58:50,1229731130.0,brcm,16.57,80.39,887.8800050000001,24.92,55.47,N/A,20.80,1.94,2.20,10.19,8.84,5.14,11.54,8.711,9110000000.0,6570000000.0,N/A,0.84,1.44,13.33,1.44,1940000000.0,13.33,464340000.0,0.86,494.00,36.70,2250000000.0,4.401,N/A,3.634,7.843,991720000.0,1.48,0.20,83.60,23550000.0,1.7,5.30,22380000.0,outperform
7755,2007-04-08 10:13:00,1176041580.0,brcm,31.07,-37.3,1443.76001,-4.93,-32.37,N/A,51.21,4.91,4.30,10.33,6.79,10.39,10.34,6.721,18080000000.0,15400000000.0,N/A,1.03,4.20,19.817,4.20,1870000000.0,19.817,379040000.0,0.64,75.90,12.50,2680000000.0,4.889,N/A,4.939,7.645,891660000.0,3.94,13.27,85.10,17750000.0,1.3,3.70,17110000.0,underperform
7756,2011-12-23 17:38:47,1324679927.0,brcm,28.6,12.69,1265.329956,13.47,-0.7800000000000011,11.32,17.99,2.20,2.60,12.85,12.65,7.93,16.88,13.68,13690000000.0,13690000000.0,10.83,0.69,1.87,12.31,1.87,3530000000.0,12.31,939000000.0,1.66,17.70,8.60,3060000000.0,5.68,698000000.0,3.65,11.44,1810000000.0,1.11,0.29,88.70,9120000.0,1.10,1.90,5430000.0,underperform
7757,2005-01-25 16:39:15,1106689155.0,brcm,19.34,88.57,1168.410034,8.24,80.33,2.639,69.77,4.22,4.45,6.57,8.57,6.69,8.92,6.817,10130000000.0,8870000000.0,28.23,1.11,3.79,43.66,3.79,770320000.0,43.66,153680000.0,0.441,N/A,48.70,1010000000.0,3.08,2.639,2.639,6.747,376760000.0,3.877,16.19,58.70,11800000.0,1.184,4.28,11920000.0,outperform
7758,2004-08-10 12:39:54,1092155994.0,brcm,20.65,27.51,1079.040039,13.91,13.600000000000001,2.36,110.54,4.82,5.34,4.88,5.40,4.92,6.79,6.408,10210000000.0,9360000000.0,20.83,0.94,4.42,80.66,4.42,770320000.0,80.66,103490000.0,0.294,N/A,48.70,843780000.0,2.69,2.36,2.36,6.084,89890000.0,4.063,17.54,58.72,11030000.0,1.068,4.26,12360000.0,outperform
7759,2013-02-06 17:08:49,1360188529.0,brcm,31.53,-7.96,1512.119995,17.28,-25.240000000000002,21.60,26.09,2.37,2.37,9.19,9.45,4.56,10.01,14.01,17870000000.0,17870000000.0,10.52,0.89,2.29,15.10,2.29,3980000000.0,15.10,719000000.0,1.25,1.20,15.10,2370000000.0,4.17,1690000000.0,2.25,13.78,1930000000.0,1.11,0.20,84.40,6450000.0,1.20,1.30,6150000.0,underperform
7760,2007-10-18 05:32:01,1192699921.0,brcm,39.94,-66.85,1540.079956,-38.93,-27.919999999999995,N/A,97.34,6.30,5.76,6.91,2.94,1.45,6.42,6.637,22670000000.0,20260000000.0,N/A,1.66,5.59,118.577,5.59,1870000000.0,118.577,250500000.0,0.43,67.70,4.60,2410000000.0,4.478,N/A,4.508,7.364,917800000.0,2.25,5.33,81.50,13190000.0,1.6,2.80,12890000.0,underperform
7761,2012-05-29 12:47:25,1338310045.0,brcm,31.68,11.17,1332.420044,23.71,-12.540000000000001,17.38,22.69,2.43,2.54,10.94,11.91,6.19,12.44,13.29,16980000000.0,16980000000.0,9.93,0.73,2.36,15.63,2.36,3760000000.0,15.63,787000000.0,1.40,61.40,0.60,1680000000.0,3.04,1200000000.0,2.57,12.49,1870000000.0,1.32,0.18,85.40,7700000.0,0.90,1.60,10440000.0,underperform
7762,2007-06-25 14:16:38,1182795398.0,brcm,28.07,-8.09,1497.73999,-12.25,4.16,N/A,54.93,4.50,4.19,8.79,4.88,9.06,8.48,6.695,16399999999.999998,14020000000.0,N/A,1.09,3.82,19.542,3.82,1870000000.0,19.542,322330000.0,0.55,48.20,0.10,2490000000.0,4.601,N/A,4.166,7.285,881900000.0,3.41,13.44,82.70,13830000.0,1.3,3.00,17850000.0,outperform
7763,2007-06-23 01:57:52,1182578272.0,brcm,28.21,-9.11,1512.839966,-11.24,2.130000000000001,N/A,55.29,4.52,4.21,8.79,4.88,9.06,8.48,6.695,16510000000.000002,14090000000.0,N/A,1.04,3.84,19.64,3.84,1870000000.0,19.64,322330000.0,0.55,48.20,0.10,2490000000.0,4.601,N/A,4.166,7.285,881900000.0,3.41,13.44,82.70,13830000.0,1.3,3.00,17850000.0,outperform
7764,2005-03-02 12:12:12,1109783532.0,brcm,20.08,129.13,1210.079956,6.53,122.6,3.187,52.08,4.46,4.52,9.11,11.33,8.76,11.35,6.878,10700000000.0,9560000000.0,23.90,1.24,3.98,34.67,3.98,770320000.0,34.67,218750000.0,0.62,N/A,48.70,1180000000.0,3.58,3.187,3.187,7.19,376760000.0,3.956,15.74,68.08,13510000.0,1.352,4.85,13490000.0,outperform
7765,2004-01-11 03:50:44,1073811044.0,brcm,22.65,-8.96,1131.920044,5.15,-14.110000000000001,0.02,N/A,7.66,8.16,N/A,N/A,113.67,150.12,5.016,11140000000.0,10660000000.0,50.80,2.67,7.47,N/A,7.47,478550000.0,N/A,2720000000.0,9.749,N/A,12.60,505280000.0,1.67,27300000.0,1.595,4.42,N/A,4.025,20.09,54.30,11870000.0,1.472,4.91,16440000.000000002,underperform
7766,2008-12-18 08:59:44,1229608784.0,brcm,16.28,82.56,885.2800289999999,24.53,58.03,N/A,22.03,2.12,2.41,10.19,8.84,5.14,11.54,8.711,9650000000.0,7400000000.0,N/A,0.90,1.62,15.007,1.62,1940000000.0,15.007,464340000.0,0.86,494.00,36.70,2250000000.0,4.401,N/A,3.634,7.843,991720000.0,1.48,0.20,83.60,23550000.0,1.7,5.30,22380000.0,outperform
7767,2007-06-05 01:35:01,1181021701.0,brcm,29.28,-9.6,1530.949951,-10.04,0.4399999999999995,N/A,55.51,4.52,4.20,8.79,4.88,9.06,8.48,6.695,16579999999.999998,14080000000.0,N/A,1.01,3.84,19.617,3.84,1870000000.0,19.617,322330000.0,0.55,48.20,0.10,2490000000.0,4.601,N/A,4.166,7.285,881900000.0,3.41,13.44,82.60,13830000.0,1.3,3.00,17850000.0,outperform
7768,2007-05-27 21:40:05,1180316405.0,brcm,,,1507.51001,-8.73,,N/A,55.29,4.45,4.15,8.79,4.88,9.06,8.48,6.695,16510000000.000002,14020000000.0,N/A,1.00,3.82,19.542,3.82,1870000000.0,19.542,322330000.0,0.55,48.20,0.10,2490000000.0,4.601,N/A,4.166,7.285,881900000.0,3.68,13.44,84.20,17850000.0,1.5,3.80,17750000.0,underperform
7769,2012-10-09 03:13:03,1349766783.0,brcm,32.15,-20.09,1441.47998,14.91,-35.0,16.76,24.90,2.60,2.69,10.47,11.38,5.92,11.87,13.50,18440000000.0,18440000000.0,11.01,0.79,2.50,16.24,2.50,3760000000.0,16.24,772000000.0,1.37,8.60,10.30,1770000000.0,3.17,1200000000.0,2.53,12.76,1730000000.0,1.28,0.20,84.40,6400000.0,1.10,1.30,5770000.0,underperform
7770,2007-03-16 03:43:14,1174030994.0,brcm,32.14,-48.2,1386.949951,-5.64,-42.56,N/A,38.69,5.09,4.45,14.61,11.38,10.57,15.12,6.613,18750000000.0,15990000000.0,N/A,0.98,4.49,21.252,4.49,1400000000.0,21.252,520710000.00000006,0.88,9.10,29.90,2380000000.0,4.335,N/A,5.16,7.645,740610000.0,4.22,7.02,72.00,23530000.0,2.2,5.00,24290000.0,underperform
7771,2011-09-25 19:48:58,1316994538.0,brcm,32.7,5.6,1129.560059,28.98,-23.380000000000003,11.86,19.48,2.55,3.11,13.93,13.12,8.71,19.30,13.56,16540000000.0,16540000000.0,11.03,0.75,2.31,14.92,2.31,N/A,14.92,996800000.0,1.77,37.10,12.30,2630000000.0,4.91,697000000.0,3.77,10.99,16540000000.0,1.14,0.29,88.70,8590000.0,0.90,1.80,7570000.0,underperform
7772,2007-06-26 18:56:22,1182898582.0,brcm,28.01,-6.46,1492.890015,-11.45,4.989999999999999,N/A,53.89,4.39,4.09,8.79,4.88,9.06,8.48,6.695,16090000000.0,13630000000.0,N/A,1.09,3.72,18.999,3.72,1870000000.0,18.999,322330000.0,0.55,48.20,0.10,2490000000.0,4.601,N/A,4.166,7.285,881900000.0,3.41,13.44,82.70,13830000.0,1.3,3.00,17850000.0,outperform
7773,2008-11-02 19:13:30,1225671210.0,brcm,16.7,48.8,954.090027,9.31,39.489999999999995,N/A,19.91,1.99,2.26,10.19,8.84,5.14,11.54,8.711,8720000000.0,6470000000.0,N/A,0.66,1.42,13.123,1.42,1940000000.0,13.123,464340000.0,0.86,494.00,36.70,2250000000.0,4.401,N/A,3.634,7.843,991720000.0,1.51,0.20,86.20,13990000.0,0.9,3.10,18960000.0,outperform
7774,2013-04-23 04:18:15,1366705095.0,brcm,32.16,-6.34,1578.780029,18.79,-25.13,21.60,26.08,2.32,2.31,9.19,9.45,4.56,10.01,14.01,17460000000.0,17460000000.0,10.65,0.77,2.23,14.75,2.23,3980000000.0,14.75,719000000.0,1.25,1.20,15.10,2370000000.0,4.17,1690000000.0,2.25,13.78,1930000000.0,1.06,0.31,84.40,6930000.0,1.00,1.30,8100000.0,underperform
7775,2007-04-10 06:19:08,1176200348.0,mro,214.02,-6.01,1448.390015,-6.48,0.47000000000000064,0.242,7.03,0.59,2.45,8.74,14.04,18.73,37.68,167.408,35250000000.0,36200000000.0,N/A,1.15,0.60,3.479,0.60,17059999999.999998,3.479,4960000000.0,14.50,14.70,20.90,2590000000.0,7.474,3530000000.0,1.252,42.001999,5490000000.0,1.14,0.06,82.00,5720000.0,1.8,1.70,4940000.0,outperform
7776,2008-01-09 19:48:44,1199926124.0,mro,243.28,-47.33,1409.130005,-35.44,-11.89,0.366,8.97,0.76,2.39,7.93,12.40,12.78,28.00,80.047,40170000000.0,44430000000.0,N/A,0.68,0.81,5.28,0.81,17059999999.999998,5.28,4360000000.0,6.303,37.10,1.40,3270000000.0,4.602,6100000000.0,1.526,24.492001,4690000000.0,1.67,0.16,80.30,7090000.0,1.4,1.00,6650000.0,underperform
7777,2010-01-15 12:15:13,1263575713.0,mro,139.07,30.51,1136.030029,13.2,17.310000000000002,N/A,21.30,0.48,1.03,2.26,8.03,5.04,4.91,66.82,29980000000.0,29980000000.0,N/A,2.26,0.63,4.645,0.63,17550000000.0,4.645,1080000000.0,1.50,80.00,39.60,1370000000.0,1.932,8690000000.0,1.168,31.158001,4880000000.0,1.19,0.17,80.80,8130000.000000001,1.6,1.20,7880000.0,outperform
7778,2008-12-05 13:55:53,1228503353.0,mro,96.22,47.91,876.070007,26.62,21.289999999999996,0.385,3.63,0.20,0.70,5.58,8.75,9.79,21.95,107.036,15290000000.0,22270000000.0,N/A,0.67,0.29,2.585,0.29,9970000000.0,2.585,4240000000.0,5.94,102.20,41.70,1480000000.0,2.086,8449999999.999999,1.008,30.927,8380000000.000001,1.5,0.15,81.60,6210000.0,0.7,0.90,6210000.0,outperform
7779,2009-11-25 14:18:12,1259176692.0,mro,147.38,,1110.630005,7.85,,N/A,21.99,0.49,1.06,2.26,8.03,5.04,4.91,66.82,30710000000.0,30710000000.0,N/A,N/A,0.65,4.758,0.65,17550000000.0,4.758,1080000000.0,1.50,80.00,39.60,1370000000.0,1.932,8690000000.0,1.168,31.158001,4880000000.0,1.24,0.17,80.30,8230000.0,1.3,1.20,9910000.0,underperform
7780,2012-02-26 16:41:19,1330292479.0,mro,33.14,-3.23,1363.459961,9.12,-12.35,30.10,8.49,1.67,1.46,20.02,30.97,N/A,8.42,20.73,24820000000.0,24820000000.0,7.99,1.04,1.69,3.63,1.69,14960000000.0,3.63,1710000000.0,4.13,22.20,79.90,4860000000.0,6.90,5040000000.0,N/A,23.79,N/A,1.34,0.21,1.70,16920000.0,2.30,2.40,17520000.0,underperform
7781,2012-08-21 01:30:55,1345527055.0,mro,26.03,23.97,1413.170044,16.25,7.719999999999999,29.52,10.95,1.28,1.07,11.86,33.01,9.78,10.23,21.06,23770000000.0,23770000000.0,8.38,101.10,1.60,3.20,1.60,8189999999.999999,3.20,1760000000.0,2.48,60.50,1.40,583000000.0,0.83,5250000000.0,0.69,25.23,3860000000.0,1.40,0.20,1.70,7130000.0,1.00,1.00,8289999.999999999,outperform
7782,2012-05-01 17:36:31,1335908191.0,mro,28.72,8.11,1405.819946,12.58,-4.470000000000001,28.06,7.39,1.40,1.20,20.02,28.87,6.52,8.34,20.73,24830000000.0,24830000000.0,6.96,0.84,1.69,3.81,1.69,8189999999.999999,3.81,1710000000.0,4.13,22.20,8.40,639000000.0,0.91,4820000000.0,0.73,24.36,6520000000.0,1.32,0.21,1.70,12780000.0,2.20,1.80,12620000.0,underperform
7783,2007-06-26 08:43:54,1182861834.0,mro,255.87,-12.28,1492.890015,-11.45,-0.8300000000000001,0.238,8.55,0.76,2.88,9.17,14.63,18.43,36.38,79.873,42600000000.0,43780000000.0,N/A,1.45,0.78,4.274,0.78,17059999999.999998,4.274,4900000000.0,7.26,8.50,23.50,2350000000.0,3.421,3530000000.0,1.168,21.566,6270000000.0,1.27,0.06,82.10,11250000.0,1.5,1.60,10660000.0,underperform
7784,2013-05-11 21:27:22,1368322042.0,mro,33.8,5.06,1632.689941,14.88,-9.82,37.72,15.40,1.57,1.34,10.06,37.11,10.94,8.93,22.27,29940000000.0,29940000000.0,10.90,2.25,1.90,3.36,1.90,10220000000.0,3.36,1580000000.0,2.23,41.30,12.50,686000000.0,0.97,6900000000.0,0.74,25.86,4019999999.9999995,1.50,0.21,1.60,7420000.0,1.60,1.10,8039999.999999999,underperform
7785,2004-10-13 08:15:13,1097669713.0,mro,81.65,53.55,1113.650024,5.67,47.879999999999995,0.54,12.05,0.32,1.88,2.43,5.18,5.46,16.91,139.883,14070000000.0,15930000000.0,10.54,1.34,0.36,4.53,0.36,8790000000.0,4.53,1080000000.0,3.376,156.00,30.00,2210000000.0,6.4,4070000000.0000005,1.75,21.799999,2910000000.0,0.534,0.54,80.55,3480000.0,1.664,1.01,2230000.0,outperform
7786,2004-09-30 15:35:53,1096572953.0,mro,85.74,68.26,1114.579956,10.25,58.010000000000005,0.54,12.27,0.32,1.87,2.43,5.18,5.46,16.91,139.883,14330000000.0,15990000000.0,11.10,1.41,0.36,4.55,0.36,8790000000.0,4.55,1080000000.0,3.376,156.00,30.00,2210000000.0,6.4,4070000000.0000005,1.75,21.799999,2910000000.0,0.534,0.54,80.55,3480000.0,1.664,1.01,2230000.0,outperform
7787,2008-04-17 00:20:05,1208406005.0,mro,207.39,-37.24,1365.560059,-36.32,-0.9200000000000017,0.375,8.37,0.55,1.69,6.66,10.08,10.17,23.34,86.071,33799999999.999996,38540000000.0,N/A,0.71,0.65,5.072,0.65,9970000000.0,5.072,3950000000.0,5.69,38.10,34.30,1200000000.0,1.691,7220000000.0,0.94,27.075001,6520000000.0,1.85,0.16,85.10,8580000.0,1.1,1.20,10300000.0,underperform
7788,2013-04-14 18:21:41,1365978101.0,mro,32.91,7.41,1593.369995,14.89,-7.48,37.72,14.59,1.52,1.31,10.06,37.11,10.94,8.93,22.27,29240000000.0,29240000000.0,10.20,6.17,1.86,3.28,1.86,10220000000.0,3.28,1580000000.0,2.23,41.30,12.50,686000000.0,0.97,6900000000.0,0.74,25.86,4019999999.9999995,1.51,0.21,1.60,8039999.999999999,1.70,1.10,7240000.0,underperform
7789,2007-08-23 00:09:32,1187842172.0,mro,216.88,-11.09,1462.5,-11.64,0.5500000000000007,0.295,7.33,0.64,2.21,9.06,14.95,17.00,33.86,78.846,35380000000.0,37190000000.0,N/A,1.17,0.68,3.628,0.68,17059999999.999998,3.628,4960000000.0,7.09,11.30,8.70,2330000000.0,3.422,4660000000.0,1.327,23.214001,5560000000.0,1.48,N/A,80.90,9720000.0,1.7,1.40,11660000.0,outperform
7790,2011-11-28 20:16:11,1322529371.0,mro,24.59,22.29,1192.550049,17.31,4.98,30.10,5.96,0.25,1.04,4.44,6.77,7.51,11.31,98.13,17540000000.0,17540000000.0,7.51,1.80,0.25,2.06,0.25,16890000000.0,2.06,2270000000.0,4.34,41.80,27.30,4860000000.0,6.90,5040000000.0,1.73,23.79,17540000000.0,1.26,0.20,80.50,11550000.0,1.40,1.60,11030000.0,outperform
7791,2011-09-27 02:39:55,1317105595.0,mro,21.8,30.69,1175.380005,21.95,8.740000000000002,30.08,4.88,0.23,0.94,4.91,6.52,7.22,11.78,97.13,15840000000.0,15840000000.0,5.94,0.91,0.23,1.91,0.23,16890000000.0,1.91,2330000000.0,4.76,40.50,31.70,4940000000.0,6.91,5020000000.0,1.76,23.40,15840000000.0,1.23,0.20,80.50,14520000.0,1.10,N/A,15050000.0,outperform
7792,2005-02-05 14:43:23,1107632603.0,mro,83.27,84.1,1193.189941,6.51,77.58999999999999,0.531,13.01,0.30,1.83,2.20,4.72,5.01,14.98,141.995,14040000000.0,15660000000.0,11.44,1.47,0.34,4.62,0.34,8790000000.0,4.62,1030000000.0,3.11,156.00,30.00,2490000000.0,7.19,4080000000.0,1.731,22.194,2990000000.0,0.594,0.54,79.33,4330000.0,2.084,1.26,3400000.0,outperform
7793,2012-07-02 07:47:45,1341229665.0,mro,24.23,39.7,1365.51001,18.2,21.500000000000004,27.17,7.70,1.22,1.03,15.97,28.54,6.32,7.91,20.92,22140000000.0,22140000000.0,6.64,0.82,1.49,3.16,1.49,8189999999.999999,3.16,1670000000.0,3.32,58.10,3.00,655000000.0,0.93,4760000000.0,0.74,24.81,4900000000.0,1.38,0.20,1.70,8430000.0,1.10,1.20,10400000.0,outperform
7794,2006-08-13 13:32:02,1155490322.0,mro,191.6,18.64,1271.810059,14.24,4.4,0.273,7.19,0.51,2.43,7.10,11.06,16.27,36.81,176.74,32000000000.0,32659999999.999996,N/A,0.75,0.51,3.633,0.51,13020000000.0,3.633,4320000000.0,12.423,159.70,14.00,3030000000.0,8.449,3680000000.0,1.288,37.460999,5520000000.0,1.31,0.27,79.30,6130000.0,1.70,1.70,5060000.0,outperform
7795,2004-12-15 01:44:21,1103093061.0,nke,19.92,4.72,1205.719971,5.41,-0.6900000000000004,0.159,23.13,1.79,4.55,7.91,12.16,13.33,22.03,47.318,22710000000.0,22350000000.0,18.26,1.44,1.75,11.9,1.75,5250000000.0,11.9,1010000000.0,3.741,99.50,14.50,1300000000.0,4.94,796300000.0,2.946,19.132,1530000000.0,0.803,47.54,60.35,5290000.0,3.971,3.84,4420000.0,underperform
7796,2012-11-14 09:35:52,1352903752.0,nke,44.05,75.82,1355.48999,32.1,43.71999999999999,3.62,19.90,1.67,4.10,8.68,11.81,12.20,21.51,54.09,38310000000.0,38310000000.0,15.35,2.18,1.55,11.47,1.55,10470000000.0,11.47,2140000000.0000002,4.60,12.10,9.70,3270000000.0,7.25,364000000.0,2.95,22.30,2350000000.0,0.79,0.27,85.40,3090000.0,1.30,1.10,3090000.0,outperform
7797,2007-01-15 03:11:14,1168848674.0,nke,,,1430.72998,-3.48,,0.072,18.94,1.61,3.85,8.71,12.80,13.80,21.58,61.31,25140000000.0,23710000000.0,N/A,1.16,1.52,9.946,1.52,6590000000.0,9.946,1360000000.0,5.267,8.10,10.00,1910000000.0,7.569,473300000.0,3.155,25.945,1470000000.0,1.05,34.64,61.80,4230000.0,3.4,2.30,4770000.0,underperform
7798,2013-09-05 17:16:45,1378415805.0,nke,64.39,27.04,1655.079956,21.31,5.73,12.44,24.16,2.29,5.22,9.82,12.86,12.31,22.88,28.21,51940000000.0,51940000000.0,18.94,1.88,2.05,14.02,2.05,11030000000.0,14.02,2460000000.0,2.71,21.70,7.40,5960000000.0,6.70,1390000000.0,3.47,12.48,3030000000.0,0.61,0.24,83.60,6370000.0,2.00,1.10,5820000.0,outperform
7799,2007-12-14 05:13:16,1197627196.0,nke,30.12,-20.85,1467.949951,-38.74,17.89,0.077,19.63,1.91,4.37,10.03,13.25,13.51,24.81,33.42,32400000000.0,29920000000.0,N/A,1.34,1.78,11.988,1.78,7160000000.0,11.988,1680000000.0,3.31,51.00,11.00,2790000000.0,5.597,566900000.0,3.189,14.748,1970000000.0,0.74,29.29,82.50,6810000.0,2.5,1.70,6720000.0,outperform
7800,2012-05-19 11:51:53,1337442713.0,nke,51.85,21.58,1324.800049,24.58,-3.0,3.63,22.00,2.04,4.70,9.68,12.98,12.99,22.59,50.62,45500000000.0,45500000000.0,18.21,1.64,1.94,13.15,1.94,9510000000.0,13.15,2270000000.0,4.79,7.10,15.10,3200000000.0,6.98,369000000.0,3.21,22.20,1770000000.0,0.99,0.26,83.80,4600000.0,2.00,1.50,3970000.0,underperform
7801,2012-11-18 22:20:36,1353295236.0,nke,44.16,75.25,1353.329956,32.38,42.87,3.62,20.14,1.66,4.07,8.68,11.81,12.20,21.51,54.09,38810000000.0,38810000000.0,15.54,2.17,1.57,11.62,1.57,10470000000.0,11.62,2140000000.0000002,4.60,12.10,9.70,3270000000.0,7.25,364000000.0,2.95,22.30,2350000000.0,0.79,0.27,85.40,3090000.0,1.30,1.10,3090000.0,outperform
7802,2005-12-06 22:28:49,1133926129.0,nke,20.24,12.94,1263.699951,11.81,1.129999999999999,0.126,17.86,1.62,3.81,9.38,14.43,14.75,23.98,53.557,22690000000.0,21600000000.0,N/A,1.16,1.54,9.305,1.54,6120000000.0,9.305,1320000000.0,4.88,32.30,8.40,1890000000.0,7.27,748700000.0,2.985,22.902,1460000000.0,N/A,25.50,62.90,4040000.0,2.7,2.10,3300000.0,outperform
7803,2005-02-04 08:29:21,1107523761.0,nke,20.2,-4.36,1203.030029,6.6,-10.96,0.159,21.43,1.75,4.29,8.35,12.85,13.85,22.72,48.397,22870000000.0,22060000000.0,17.57,1.35,1.68,11.08,1.68,5250000000.0,11.08,1090000000.0,4.04,99.50,14.50,1660000000.0,6.28,849900000.0,3.021,20.231001,1500000000.0,0.802,47.44,59.26,3360000.0,2.825,2.42,3890000.0,underperform
7804,2007-10-29 03:36:56,1193643416.0,nke,30.49,-19.02,1540.97998,-38.97,19.95,0.077,19.52,1.90,4.33,10.03,13.25,13.51,24.81,33.42,32220000000.0,30000000000.0,N/A,1.32,1.79,12.02,1.79,7160000000.0,12.02,1680000000.0,3.31,51.00,11.00,2790000000.0,5.597,566900000.0,3.189,14.748,1970000000.0,0.76,28.58,75.50,5920000.0,2.4,1.50,6840000.0,outperform
7805,2004-11-26 19:01:01,1101513661.0,nke,19.74,3.19,1182.650024,7.01,-3.82,0.159,22.75,1.75,4.47,7.91,12.16,13.33,22.03,47.318,22330000000.0,21920000000.0,17.95,1.46,1.71,11.68,1.71,5250000000.0,11.68,1010000000.0,3.741,99.50,14.50,1300000000.0,4.94,796300000.0,2.946,19.132,1530000000.0,0.77,47.54,60.39,5290000.0,3.971,3.84,4420000.0,underperform
7806,2013-04-22 06:41:32,1366627292.0,nke,60.03,22.74,1562.5,20.29,2.4499999999999993,3.01,23.75,2.10,5.04,9.22,11.95,12.60,21.89,28.40,50720000000.0,50720000000.0,19.91,2.03,1.98,14.45,1.98,10470000000.0,14.45,2280000000.0,2.57,54.60,9.40,4040000000.0,4.52,321000000.0,3.37,11.94,2640000000.0,0.77,0.26,82.40,5950000.0,1.20,1.00,5900000.0,outperform
7807,2011-11-08 00:32:00,1320730320.0,nke,46.07,-0.11,1275.920044,9.3,-9.41,5.23,20.37,2.01,4.42,10.19,13.43,12.67,22.69,46.13,40580000000.0,40580000000.0,16.40,1.66,1.86,12.18,1.86,9510000000.0,12.18,2220000000.0,4.61,15.40,17.50,3700000000.0,7.98,518000000.0,2.94,21.35,40580000000.0,1.05,0.21,72.20,5030000.0,1.40,1.70,5470000.0,underperform
7808,2007-04-06 11:37:41,1175873861.0,nke,24.79,28.64,1437.77002,-4.89,33.53,0.08,19.79,1.69,3.94,8.69,12.58,12.71,21.15,31.471,26950000000.0,25290000000.0,N/A,1.24,1.59,11.167,1.59,6590000000.0,11.167,1390000000.0,2.70,7.70,8.70,2270000000.0,4.503,546000000.0,3.304,13.587,N/A,26.04,8.28,82.30,3790000.0,2.4,2.00,3670000.0,outperform
7809,2011-12-23 16:47:09,1324676829.0,nke,46.87,1.66,1265.329956,13.47,-11.81,5.23,20.84,2.02,4.44,10.19,13.43,12.67,22.69,46.13,40780000000.0,40780000000.0,16.51,1.75,1.87,12.24,1.87,9510000000.0,12.24,2220000000.0,4.61,15.40,17.50,3700000000.0,7.98,518000000.0,2.94,21.35,1690000000.0,1.05,0.21,72.20,3560000.0,1.50,1.20,3490000.0,underperform
7810,2007-02-18 04:12:26,1171789946.0,nke,24.57,,1456.810059,-7.33,,0.072,20.18,1.70,4.07,8.71,12.80,13.80,21.58,61.31,26790000000.0,25350000000.0,N/A,1.21,1.62,10.637,1.62,6590000000.0,10.637,1360000000.0,5.27,8.10,10.00,1910000000.0,7.569,473300000.0,3.155,25.945,1470000000.0,1.04,6.18,60.20,4000000.0,2.4,2.10,4230000.0,underperform
7811,2004-06-27 23:13:23,1088392403.0,nke,16.79,18.64,1140.650024,4.39,14.25,0.19,21.44,1.56,4.19,7.72,11.53,13.15,22.07,45.478,19880000000.0,19830000000.0,16.59,1.38,1.62,11.6,1.62,4380000000.0,11.6,945600000.0,3.512,28.50,8.10,914700000.0,3.46,865700000.0,2.674,17.285,1460000000.0,0.711,47.50,61.37,3180000.0,2.526,2.29,2450000.0,outperform
7812,2011-09-28 02:00:17,1317189617.0,nke,42.72,9.27,1151.060059,25.72,-16.45,6.74,20.63,2.03,4.25,10.22,13.49,11.96,21.77,43.87,38530000000.0,38530000000.0,16.18,1.45,1.85,12.14,1.85,9510000000.0,12.14,2130000000.0,4.39,13.80,13.60,4540000000.0,9.56,663000000.0,2.85,21.03,38530000000.0,0.91,0.21,72.20,5650000.0,1.50,1.90,4650000.0,underperform
7813,2007-03-13 13:28:15,1173806895.0,nke,24.37,15.06,1377.949951,-5.02,20.08,0.072,20.05,1.70,4.07,8.71,12.80,13.80,21.58,61.31,26610000000.0,25240000000.0,N/A,1.22,1.61,10.589,1.61,6590000000.0,10.589,1360000000.0,5.27,8.10,10.00,1910000000.0,7.569,473300000.0,3.155,25.945,1470000000.0,0.88,8.28,82.40,3670000.0,2.2,2.00,4000000.0,outperform
7814,2007-07-03 02:28:59,1183444139.0,nke,27.53,-0.84,1524.869995,-17.27,16.43,0.077,19.97,1.80,4.19,9.14,13.06,12.96,22.41,32.406,29520000000.0,27160000000.0,N/A,1.28,1.66,11.283,1.66,6590000000.0,11.283,1490000000.0,2.93,31.60,9.40,2850000000.0,5.632,541200000.0,3.126,13.898,N/A,0.85,4.01,83.20,7550000.0,2.1,2.00,6310000.0,outperform
7815,2003-10-02 19:20:42,1065136842.0,nke,14.45,28.24,1020.23999,10.91,17.33,0.231,21.04,1.49,3.86,7.18,10.89,11.97,20.12,40.901,16390000000.0,16290000000.0,16.63,1.34,1.49,13.22,1.49,4380000000.0,13.22,784100000.0,N/A,28.50,8.10,997800000.0,3.78,975500000.0,2.481,16.04,N/A,0.722,50.29,55.17,7560000.0,7.787,5.77,6840000.0,outperform
7816,2007-02-10 05:06:11,1171101971.0,nke,23.96,18.78,1450.02002,-7.8,26.580000000000002,0.072,19.67,1.67,3.98,8.71,12.80,13.80,21.58,61.31,26110000000.0,24500000000.0,N/A,1.19,1.57,10.277,1.57,6590000000.0,10.277,1360000000.0,5.27,8.10,10.00,1910000000.0,7.569,473300000.0,3.155,25.945,1470000000.0,1.04,34.46,62.10,4000000.0,2.4,2.20,4230000.0,outperform
7817,2013-01-23 19:36:07,1358987767.0,nke,51.74,38.87,1494.810059,22.32,16.549999999999997,3.28,23.91,1.91,4.78,8.20,11.82,12.49,22.04,27.65,44710000000.0,44710000000.0,17.66,1.95,1.78,13.16,1.78,10470000000.0,13.16,2190000000.0,2.22,18.10,7.40,3520000000.0,3.94,328000000.0,3.01,11.18,2550000000.0,0.79,0.27,85.40,6810000.0,1.50,1.20,3800000.0,outperform
7818,2012-07-18 03:30:22,1342596622.0,nke,45.93,35.31,1372.780029,23.06,12.250000000000004,3.71,19.61,1.77,4.10,9.21,12.60,12.47,21.98,52.45,39240000000.0,39240000000.0,15.70,1.52,1.63,11.32,1.63,9510000000.0,11.32,2220000000.0,4.73,7.60,12.20,3760000000.0,8.20,385000000.0,2.98,22.66,N/A,0.85,0.26,85.40,4430000.0,1.20,1.50,5300000.0,outperform
7819,2013-05-13 14:53:58,1368471238.0,nke,63.25,16.87,1633.77002,16.14,0.7300000000000004,3.01,25.19,2.26,5.43,9.22,11.95,12.60,21.89,28.40,54150000000.0,54150000000.0,21.11,2.14,2.11,15.43,2.11,10470000000.0,15.43,2280000000.0,2.57,54.60,9.40,4040000000.0,4.52,321000000.0,3.37,11.94,2640000000.0,0.78,0.26,82.40,6410000.0,1.90,1.10,5410000.0,outperform
7820,2009-02-24 18:53:24,1235519604.0,nke,20.27,52.69,773.1400150000001,42.95,9.739999999999995,N/A,11.38,1.02,2.48,9.44,12.71,12.97,23.78,40.185,20570000000.0,18210000000.0,N/A,0.86,0.93,6.436,0.93,8390000000.000001,6.436,1860000000.0,3.735,8.80,5.80,2730000000.0,5.639,793900000.0,2.888,16.766001,1620000000.0,0.76,7.33,90.90,11490000.0,3.2,3.00,12320000.0,outperform
7821,2004-10-24 04:46:23,1098607583.0,lh,42.71,14.84,1106.48999,8.4,6.4399999999999995,0.449,17.13,1.96,3.03,11.67,19.41,10.33,18.72,21.494,6000000000.0,6660000000.0,15.14,1.28,2.18,10.5,2.18,1220000000.0,10.5,355800000.0,2.51,26.10,17.20,233700000.0,1.67,886800000.0,1.289,14.117,600400000.0,0.155,0.32,90.37,2710000.0,4.34,1.94,2290000.0,outperform
7822,2013-05-07 09:00:10,1367931610.0,lh,93.25,5.87,1625.959961,15.51,-9.64,82.98,15.82,1.53,3.12,10.00,19.34,10.83,21.06,60.12,10760000000.0,10760000000.0,12.17,1.30,1.89,8.36,1.89,2250000000.0,8.36,568700000.0,5.92,8.90,1.20,185800000.0,2.00,2320000000.0,1.61,29.94,842500000.0,0.71,0.25,98.50,7960000.0,9.30,8.60,7450000.0,underperform
7823,2005-03-12 01:14:27,1110608067.0,lh,45.86,24.33,1207.01001,5.4,18.93,0.446,18.09,2.03,3.15,11.77,19.40,10.37,18.67,21.62,6220000000.0,6940000000.0,14.91,1.39,2.25,10.82,2.25,1290000000.0,10.82,363000000.0,2.55,26.10,17.20,206800000.0,1.53,892300000.0,2.46,14.679,575700000.0,0.113,0.33,91.67,2760000.0,4.243,2.05,3290000.0,outperform
7824,2011-08-16 03:42:04,1313480524.0,lh,84.14,5.18,1192.76001,17.84,-12.66,77.01,16.84,1.58,3.26,9.77,19.57,11.75,22.18,52.80,10300000000.0,10300000000.0,11.87,1.08,1.93,8.36,1.93,2100000000.0,8.36,521799999.99999994,5.03,20.00,13.30,118900000.0,1.17,2000000000.0,1.06,25.44,10300000000.0,0.55,0.27,2.60,3560000.0,4.10,3.60,3990000.0,underperform
7825,2012-06-02 21:18:05,1338686285.0,lh,85.27,17.42,1313.319946,25.97,-8.549999999999997,81.03,14.96,1.44,3.11,9.90,19.31,10.96,22.40,56.41,9960000000.0,9960000000.0,10.87,0.98,1.78,7.80,1.78,2270000000.0,7.80,554200000.0,5.51,27.10,4.00,129900000.0,1.34,2120000000.0,1.41,26.75,837400000.0,0.55,0.32,99.50,6350000.0,7.90,6.60,6110000.0,underperform
7826,2006-08-22 04:57:16,1156237036.0,lh,68.84,10.17,1298.819946,12.72,-2.5500000000000007,0.574,23.64,2.46,4.24,11.62,19.17,11.68,19.47,26.906,8610000000.0,9560000000.0,N/A,1.64,2.77,10.724,2.77,1390000000.0,10.724,401900000.0,2.91,9.80,5.90,202300000.0,1.616,1150000000.0,0.958,16.068001,640400000.0,1.08,0.42,89.30,2390000.0,2.4,1.90,2590000.0,underperform
7827,2013-03-31 20:31:28,1364776288.0,lh,90.2,8.88,1569.189941,19.32,-10.44,96.97,15.06,1.46,3.07,10.28,19.65,10.79,22.23,59.26,10590000000.0,10590000000.0,11.81,1.25,1.87,8.12,1.87,2250000000.0,8.12,583100000.0,5.99,11.20,2.90,466800000.0,5.01,2660000000.0,1.35,29.06,841400000.0,0.71,0.25,98.50,7200000.0,10.80,N/A,7090000.0,underperform
7828,2005-01-27 04:06:35,1106816795.0,lh,48.23,20.73,1174.550049,9.29,11.440000000000001,0.451,18.93,2.13,3.28,11.67,19.41,10.33,18.72,21.495,6570000000.0,7150000000.0,16.73,1.48,2.34,11.28,2.34,1220000000.0,11.28,355800000.0,2.51,26.10,17.20,233700000.0,1.69,890100000.0,3.024,14.294,575700000.0,0.131,0.31,90.47,3290000.0,4.968,2.39,3530000.0,outperform
7829,2004-08-16 21:16:39,1092705399.0,lh,39.19,25.34,1079.339966,12.97,12.37,0.462,16.17,1.79,2.81,11.47,19.02,10.16,18.66,21.119,5470000000.0,6100000000.0,13.85,1.07,2.02,9.92,2.02,1220000000.0,9.92,346300000.0,2.424,26.10,17.20,182200000.0,1.3,888100000.0,0.909,13.774,576900000.0,0.174,0.32,91.65,2860000.0,3.996,2.05,3290000.0,outperform
7830,2005-03-07 03:47:21,1110185241.0,gww,55.65,12.47,1225.310059,4.13,8.34,0.005,20.71,1.14,2.77,5.68,8.70,10.49,14.68,55.005,5870000000.0,5450000000.0,16.81,1.51,1.08,10.13,1.08,1640000000.0,10.13,286920000.0,3.13,7.30,0.50,429250000.0,4.73,9490000.0,2.649,22.826,466330000.0,0.83,15.40,70.72,N/A,1.818,0.97,N/A,outperform
7831,2005-05-08 16:05:40,1115582740.0,gww,47.62,44.27,1172.630005,12.96,31.310000000000002,0.004,17.44,0.98,2.38,5.76,8.68,10.77,14.94,56.071,5110000000.0,4750000000.0,14.71,1.33,0.92,8.7,0.92,1910000000.0,8.7,297160000.0,3.23,26.40,8.20,369500000.0,4.07,9490000.0,2.754,23.396999,406490000.0,0.669,15.64,69.50,N/A,1.102,0.61,N/A,outperform
7832,2012-05-19 12:27:18,1337444838.0,gww,185.15,36.86,1324.800049,24.58,12.280000000000001,18.22,19.68,1.58,4.75,8.20,13.14,15.87,26.43,120.05,13250000000.0,13250000000.0,15.15,1.27,1.58,10.71,1.58,3510000000.0,10.71,675280000.0,9.47,18.70,16.40,338760000.0,4.83,523690000.00000006,2.20,39.65,733960000.0,0.80,14.68,70.20,2650000.0,4.40,4.50,1530000.0,outperform
7833,2013-05-21 08:34:50,1369139690.0,gww,262.1,-4.56,1669.160034,13.11,-17.669999999999998,17.20,26.62,2.03,5.85,7.90,13.38,15.48,23.77,129.71,18380000000.0,18380000000.0,19.26,1.52,2.03,13.57,2.03,3920000000.0,13.57,701570000.0,9.89,13.00,4.00,485520000.0,6.98,553440000.0,2.96,44.99,886370000.0,0.99,12.83,71.60,1270000.0,2.80,2.10,1230000.0,underperform
7834,2003-10-13 03:12:40,1066029160.0,gww,40.93,18.37,1045.349976,7.32,11.05,0.083,19.85,0.97,2.57,4.98,8.48,9.38,13.72,49.974,4460000000.0,4420000000.0,17.34,1.97,0.95,9.05,0.95,1600000000.0,9.05,230930000.0,2.49,21.20,2.30,186700000.0,2.04,145620000.0,2.688,19.26,N/A,0.63,29.04,76.06,1650000.0,3.882,2.54,1680000.0,outperform
7835,2005-01-31 15:05:19,1107201919.0,gww,51.89,17.61,1181.27002,8.36,9.25,0.005,21.41,1.10,2.77,5.18,8.30,9.65,13.66,54.745,5460000000.0,5040000000.0,15.74,1.76,1.00,9.86,1.00,1640000000.0,9.86,259430000.0,2.831,7.30,0.50,393660000.0,4.37,9480000.0,2.612,21.733999,466330000.0,0.805,15.41,68.80,N/A,1.809,1.21,N/A,outperform
7836,2005-02-20 04:20:58,1108891258.0,gww,52.6,,1200.75,7.2,,0.005,21.68,1.11,2.85,5.18,8.30,9.65,13.66,54.745,5530000000.0,5150000000.0,15.94,1.43,1.03,10.07,1.03,1640000000.0,10.07,259430000.0,2.83,7.30,0.50,393660000.0,4.37,9490000.0,2.612,21.733999,466330000.0,0.83,15.41,68.08,N/A,1.809,1.21,N/A,underperform
7837,2008-01-24 15:58:51,1201208331.0,gww,71.78,-9.39,1352.069946,-38.47,29.08,0.077,16.71,0.99,3.12,6.62,10.39,13.25,19.46,74.751,6340000000.0,6240000000.0,N/A,1.17,1.00,8.013,1.00,2350000000.0,8.013,414660000.0,4.79,4.50,9.20,109200000.0,1.378,153700000.0,2.027,25.040001,461520000.0,1.23,16.09,74.70,3070000.0,4.70,4.70,3230000.0,outperform
7838,2009-06-19 16:23:15,1245442995.0,gww,74.09,35.75,921.2299800000001,20.99,14.760000000000002,N/A,13.92,0.91,3.04,6.88,11.36,14.71,23.01,87.947,6310000000.0,6310000000.0,N/A,1.51,0.95,7.213,0.95,2810000000.0,7.213,457560000.0,5.887,15.60,11.80,257570000.0,3.518,530309999.99999994,3.336,27.139,559270000.0,0.96,15.26,80.90,7400000.0,10.4,12.10,7410000.0,outperform
7839,2007-05-02 16:40:29,1178138429.0,gww,74.11,5.76,1495.920044,-5.79,11.55,0.004,18.91,1.16,3.16,6.64,10.09,12.89,17.47,69.555,7080000000.0,6670000000.0,N/A,1.34,1.11,8.742,1.11,2350000000.0,8.742,398950000.0,4.48,18.00,9.00,325470000.0,3.895,9480000.0,2.706,26.489,482960000.0,1.69,16.10,63.70,1580000.0,4.1,2.20,1780000.0,outperform
7840,2011-12-30 08:07:48,1325250468.0,gww,179.43,7.87,1257.599976,12.9,-5.03,23.08,21.40,1.69,5.21,8.20,13.37,15.68,27.11,112.61,13420000000.0,13420000000.0,18.52,1.38,1.71,11.50,1.71,3010000000.0,11.50,628990000.0,8.86,21.10,11.30,360660000.0,5.17,607430000.0,1.88,36.40,664450000.0,0.90,15.13,74.60,2500000.0,5.20,4.00,2710000.0,underperform
7841,2008-01-20 06:38:30,1200829110.0,gww,65.11,,1333.25,-36.24,,0.077,15.00,0.93,2.93,6.62,10.39,13.25,19.46,74.751,5700000000.0,5740000000.0,N/A,1.08,0.92,7.367,0.92,2350000000.0,7.367,414660000.0,4.79,4.50,9.20,109200000.0,1.378,153700000.0,2.027,25.040001,461520000.0,1.23,16.09,74.70,3070000.0,4.70,4.70,3230000.0,underperform
7842,2007-02-20 18:34:07,1172014447.0,gww,70.16,-4.72,1459.680054,-6.83,2.1100000000000003,0.004,18.66,1.12,3.04,6.52,9.82,11.82,17.17,67.18,6660000000.0,6270000000.0,N/A,1.29,1.07,8.958,1.07,2160000000.0,8.958,383400000.0,4.25,4.70,5.10,361300000.0,4.298,9480000.0,2.68,25.899,441970000.0,1.48,15.72,66.40,2390000.0,3.30,3.30,2350000.0,outperform
7843,2006-05-28 06:56:46,1148813806.0,gww,61.87,,1272.880005,19.08,,0.004,18.37,1.14,2.72,6.41,9.63,11.33,16.08,62.776,6480000000.0,5990000000.0,N/A,1.32,1.07,9.17,1.07,2160000000.0,9.17,359770000.0,3.93,18.50,6.30,493880000.0,5.502,9480000.0,2.887,26.212,446730000.0,0.79,21.57,68.50,1.4,1.4,0.90,1050000.0,underperform
7844,2005-05-27 23:18:43,1117250323.0,gww,46.78,32.9,1198.780029,4.99,27.909999999999997,0.004,16.95,0.96,2.33,5.76,8.67,10.09,14.93,57.139,4970000000.0,4580000000.0,14.30,1.29,0.89,8.391,0.89,1910000000.0,8.391,297160000.0,3.23,16.40,8.70,369500000.0,4.075,9480000.0,2.754,23.396999,326120000.0,0.614,16.41,68.90,0.8,0.8,0.90,N/A,outperform
7845,2012-11-26 15:34:40,1353962080.0,cl,51.9,24.49,1406.290039,28.19,-3.700000000000003,194.51,21.16,3.01,20.35,14.52,23.18,18.77,94.13,35.44,55470000000.0,55470000000.0,18.35,2.42,3.27,12.73,3.27,9590000000.0,12.73,2460000000.0,5.10,1.70,1.20,995000000.0,2.11,5250000000.0,1.29,5.31,2970000000.0,0.36,0.29,74.40,4510000.0,2.80,0.90,5370000.0,underperform
7846,2007-04-06 08:41:05,1175863265.0,cl,29.63,18.97,1437.77002,-4.89,23.86,2.602,27.11,2.78,28.55,11.06,20.43,18.57,98.04,23.753,34210000000.0,37380000000.0,N/A,1.96,3.06,12.675,3.06,6700000000.0,12.675,1320000000.0,2.46,11.10,10.50,489500000.0,0.953,3670000000.0,0.952,2.318,1820000000.0,0.83,0.58,69.50,2800000.0,1.4,0.60,2450000.0,outperform
7847,2008-10-17 13:33:21,1224264801.0,cl,28.35,28.15,940.5499880000001,16.1,12.049999999999997,1.399,18.83,2.13,12.77,12.09,20.64,18.46,80.91,29.174,31660000000.0,34940000000.0,N/A,1.55,2.35,10.248,2.35,7750000000.0,10.248,1770000000.0,3.325,18.80,16.40,643500000.0,1.272,3730000000.0,1.282,4.903,2330000000.0,0.28,1.56,72.30,5140000.0,1.3,1.00,6510000.0,outperform
7848,2005-09-08 07:02:29,1126177349.0,cl,23.59,15.01,1231.670044,5.46,9.55,3.255,24.21,2.51,29.94,11.35,19.75,16.06,112.99,21.05,28080000000.0,31840000000.0,N/A,2.03,2.87,12.584,2.87,5840000000.0,12.584,1230000000.0,2.23,8.30,10.30,392100000.0,0.755,3890000000.0,1.188,1.787,1840000000.0,N/A,1.52,65.90,2850000.0,1.3,0.60,3100000.0,outperform
7849,2004-11-30 20:18:36,1101863916.0,cl,20.15,19.85,1173.819946,6.45,13.400000000000002,2.955,18.60,2.36,25.12,13.65,20.29,17.98,206.03,18.101,24370000000.0,27980000000.0,17.61,1.91,2.70,11.01,2.70,5450000000.0,11.01,1390000000.0,2.47,10.30,6.60,370600000.0,0.7,3680000000.0,1.07,1.831,1720000000.0,0.274,1.17,66.67,2760000.0,0.737,0.53,2360000.0,outperform
7850,2004-08-18 11:38:00,1092843480.0,cl,22.78,2.28,1095.170044,11.31,-9.030000000000001,3.842,20.46,2.69,36.53,14.24,20.60,18.96,254.30,17.72,27410000000.0,31420000000.0,17.74,1.82,3.09,12.39,3.09,5450000000.0,12.39,1420000000.0,2.523,10.30,6.60,417300000.0,0.79,3960000000.0,1.073,1.413,1770000000.0,0.457,1.18,69.96,2930000.0,2.38,0.56,3370000.0,underperform
7851,2013-04-26 19:52:42,1367020362.0,cl,57.58,13.16,1582.23999,18.53,-5.370000000000001,218.83,23.16,3.27,25.52,14.47,23.37,19.11,106.71,35.89,60410000000.0,60410000000.0,18.87,2.13,3.54,13.68,3.54,9930000000.0,13.68,2470000000.0,5.15,1.40,2.70,1000000000.0,2.15,5230000000.0,1.22,4.68,3200000000.0,0.32,0.28,73.40,4250000.0,2.50,1.00,5600000.0,underperform
7852,2003-11-12 16:36:07,1068672967.0,cl,22.89,-9.31,1058.530029,10.86,-20.17,3.865,21.85,2.88,53.13,14.26,20.47,19.26,698.62,16.799,28120000000.0,31200000000.0,19.31,1.93,3.20,12.82,3.20,5070000000.0,12.82,1370000000.0,2.395,12.40,1.40,256100000.00000003,0.48,3240000000.0,1.023,0.99,N/A,0.425,1.20,71.59,8770000.0,5.007,1.65,7760000.0,underperform
7853,2006-08-18 17:32:10,1155936730.0,cl,26.34,11.16,1302.300049,8.02,3.1400000000000006,2.265,24.75,2.60,22.45,11.25,20.46,17.22,94.36,22.646,30470000000.0,33900000000.0,N/A,2.08,2.90,12.306,2.90,6210000000.0,12.306,1290000000.0,2.38,17.30,6.20,430400000.0,0.833,3610000000.0,1.173,2.629,1750000000.0,0.32,1.43,68.30,4970000.0,2.3,1.00,5600000.0,outperform
7854,2007-04-12 12:23:02,1176394982.0,cl,29.77,18.78,1447.800049,-7.94,26.720000000000002,2.602,26.81,2.76,28.43,11.06,20.43,18.57,98.04,23.753,33830000000.0,37230000000.0,N/A,1.95,3.04,12.624,3.04,6700000000.0,12.624,1320000000.0,2.46,11.10,10.50,489500000.0,0.953,3670000000.0,0.952,2.318,1820000000.0,0.83,0.58,69.60,2800000.0,1.4,0.60,2450000.0,outperform
7855,2005-03-16 07:02:27,1110974547.0,cl,22.93,9.73,1188.069946,9.87,-0.1399999999999988,2.951,22.58,2.61,28.50,12.54,18.92,16.36,170.80,18.587,27630000000.0,31250000000.0,18.01,2.00,2.95,12.75,2.95,5840000000.0,12.75,1300000000.0,2.33,6.60,6.90,319600000.0,0.61,3680000000.0,1.003,1.845,1750000000.0,0.2,1.15,64.23,3780000.0,1.249,0.73,2250000.0,underperform
7856,2005-04-13 06:13:23,1113387203.0,cl,23.69,6.12,1173.790039,9.83,-3.71,2.951,23.16,2.67,29.11,12.54,18.92,16.36,170.80,18.587,28340000000.0,31840000000.0,18.48,2.04,3.01,N/A,3.01,5840000000.0,2450000000.0,1300000000.0,2.33,6.60,6.90,319600000.0,0.61,3680000000.0,1.003,1.845,1750000000.0,0.153,1.77,65.24,3160000.0,1.614,0.61,3780000.0,underperform
7857,2006-10-23 12:25:11,1161620711.0,cl,27.0,22.33,1377.02002,10.35,11.979999999999999,2.265,25.48,2.68,23.10,11.25,20.46,17.22,94.36,22.646,31370000000.0,34620000000.0,N/A,2.10,2.96,12.569,2.96,6210000000.0,12.569,1290000000.0,2.38,17.30,6.20,430400000.0,0.833,3610000000.0,1.173,2.629,1750000000.0,0.36,1.43,70.20,4410000.0,2.7,0.90,3550000.0,outperform
7858,2012-07-25 01:23:13,1343193793.0,cl,49.06,18.3,1337.890015,26.34,-8.04,199.00,20.38,2.90,21.42,14.45,22.98,19.32,101.44,34.93,53090000000.0,53090000000.0,17.36,2.24,3.13,12.29,3.13,9590000000.0,12.29,2450000000.0,5.01,3.00,5.20,1130000000.0,2.36,4970000000.0,1.18,4.80,2880000000.0,0.34,0.27,73.70,8020000.0,4.20,1.70,8140000.000000001,underperform
7859,2007-03-12 17:06:35,1173733595.0,cl,29.89,15.89,1406.599976,-6.11,22.0,2.602,27.05,2.80,28.74,11.06,20.43,18.57,98.04,23.753,34140000000.0,37610000000.0,N/A,1.97,3.07,12.753,3.07,6700000000.0,12.753,1320000000.0,2.46,11.10,10.50,489500000.0,0.953,3670000000.0,0.952,2.318,1820000000.0,0.83,0.58,69.70,2450000.0,1.2,0.50,3000000.0,outperform
7860,2005-02-25 15:49:50,1109364590.0,cl,23.1,4.94,1211.369995,6.71,-1.7699999999999996,2.951,22.52,2.65,22.43,12.54,18.92,16.36,160.14,18.587,27820000000.0,31380000000.0,17.97,1.99,2.96,12.81,2.96,5450000000.0,12.81,1310000000.0,2.33,N/A,N/A,319600000.0,0.6,3680000000.0,1.277,2.356,N/A,0.217,1.17,66.62,3780000.0,1.249,0.72,2250000.0,underperform
7861,2011-04-14 19:30:10,1302823810.0,psa,97.82,28.83,1314.52002,4.24,24.589999999999996,6.52,43.34,11.09,3.45,40.58,44.30,4.75,7.74,9.81,22170000000.0,22170000000.0,18.29,3.64,13.39,20.39,13.39,1120000000.0,20.39,422540000.0,2.53,1.40,3.20,456250000.0,2.68,568420000.0,2.80,31.20,22170000000.0,0.95,17.30,77.60,4490000.0,5.00,N/A,4590000.0,outperform
7862,2013-05-25 07:42:02,1369482122.0,psa,155.02,7.71,1655.349976,14.33,-6.62,1.63,39.53,14.43,5.32,49.56,49.66,6.39,10.95,11.16,32049999999.999996,32049999999.999996,21.31,3.78,16.82,24.50,16.82,1290000000.0,24.50,693650000.0,4.11,2.60,7.50,398250000.0,2.32,142420000.0,2.99,30.10,1320000000.0,0.77,16.10,79.40,2490000.0,4.80,1.70,2510000.0,underperform
7863,2006-11-09 04:34:58,1163064898.0,psa,67.17,-11.12,1378.329956,5.47,-16.59,0.171,60.13,9.74,4.83,36.23,41.16,3.89,6.64,9.33,11160000000.0,19160000000.0,N/A,2.99,15.51,27.261,15.51,682330000.0,27.261,190120000.0,1.45,36.70,36.10,124120000.0,0.734,1460000000.0,0.353,18.004,N/A,0.82,0.02,60.80,2780000.0,3.8,3.30,4280000.0,underperform
7864,2009-01-26 17:46:24,1233009984.0,psa,53.24,26.24,836.570007,30.55,-4.310000000000002,0.072,16.19,5.95,1.99,52.67,38.15,4.14,10.73,10.718,11080000000.0,14130000000.0,N/A,1.91,7.82,12.507,7.82,1160000000.0,12.507,686550000.0,4.068,10.10,6.00,789290000.0,4.691,646060000.0,5.102,32.106998,1060000000.0,0.8,19.31,69.80,8760000.0,2.8,6.60,9700000.0,underperform
7865,2008-01-22 07:29:24,1201004964.0,psa,59.58,-7.18,1310.5,-35.88,28.700000000000003,0.115,734.90,6.78,2.33,15.53,19.72,2.06,3.27,10.625,12200000000.0,13040000000.0,N/A,1.70,7.25,12.157,7.25,N/A,12.157,19940000.0,0.10,88.20,26.30,168590000.0,0.995,1000000000.0,0.836,30.874001,961140000.0,1.32,15.18,61.90,6370000.0,6.8,5.10,6880000.0,outperform
7866,2011-08-06 17:15:21,1312665321.0,psa,105.34,31.2,1260.339966,8.3,22.9,5.27,36.61,11.24,3.53,44.82,44.53,4.88,8.76,9.95,22670000000.0,22670000000.0,18.08,3.38,13.47,20.48,13.47,1120000000.0,20.48,505870000.0,3.01,66.30,6.70,145100000.0,0.85,461880000.0,4.27,31.40,22670000000.0,0.96,17.30,77.60,3990000.0,5.10,2.80,3660000.0,outperform
7867,2008-06-01 18:21:50,1212358910.0,psa,70.63,-20.4,1398.26001,-32.57,12.170000000000002,0.072,23.06,7.98,2.69,49.33,30.32,3.35,10.32,10.905,14810000000.0,18250000000.0,N/A,2.04,9.89,16.181,9.89,1160000000.0,16.181,649240000.0,3.82,757.10,6.30,726930000.0,4.327,644790000.0,5.94,32.547001,1050000000.0,0.73,15.33,65.60,8940000.0,7.5,7.10,9140000.0,outperform
7868,2004-08-03 23:31:26,1091590286.0,psa,34.87,40.69,1099.689941,13.22,27.47,0.011,40.52,6.82,2.59,42.66,39.93,7.83,6.37,7.009,6160000000.0,7830000000.0,14.78,2.73,8.79,14.4,8.79,556570000.0,14.4,149230000.0,1.182,5.60,4.00,319640000.0,2.49,49310000.0,N/A,18.264,594440000.0,0.108,20.03,48.16,1530000.0,4.866,1.49,1750000.0,outperform
7869,2007-04-10 20:13:58,1176250438.0,psa,75.83,-4.91,1448.390015,-6.48,1.5700000000000003,0.213,296.47,11.76,3.04,22.53,29.98,3.14,4.62,9.761,16469999999.999998,20500000000.0,N/A,2.65,14.71,23.864,14.71,881100000.0,23.864,44700000.0,0.33,N/A,57.20,555580000.0,3.261,1810000000.0,0.859,31.646,791700000.0,1.25,0.02,60.40,3760000.0,3.1,3.00,4750000.0,outperform
7870,2012-11-05 11:23:59,1352132639.0,psa,131.06,21.86,1417.26001,24.39,-2.530000000000001,4.30,44.46,13.02,4.72,44.11,48.18,6.03,9.52,10.86,27530000000.0,27530000000.0,20.16,4.66,14.89,22.08,14.89,1210000000.0,22.08,537160000.0,3.16,4.00,4.30,438480000.0,2.56,368730000.0,3.33,29.70,1230000000.0,0.84,16.11,77.70,1540000.0,2.50,1.10,1650000.0,underperform
7871,2003-10-27 03:53:29,1067244809.0,bdx,29.75,45.11,1031.130005,7.75,37.36,0.477,18.34,2.06,3.18,11.68,16.28,10.01,19.81,16.782,9110000000.0,10080000000.0,15.08,1.43,2.28,9.5,2.28,1950000000.0,9.5,514690000.00000006,1.957,19.50,7.40,455220000.0,1.79,1380000000.0,2.327,11.27,N/A,0.019,1.98,88.95,1610000.0,1.483,0.65,1990000.0,outperform
7872,2013-06-08 07:41:31,1370691691.0,bdx,94.62,24.94,1608.900024,20.61,4.330000000000002,90.86,13.14,2.42,4.14,19.33,20.88,8.98,24.98,39.63,20910000000.0,20910000000.0,15.69,1.91,2.66,9.70,2.66,3950000000.0,9.70,1130000000.0,7.51,5.30,3.70,2420000000.0,12.46,4170000000.0,2.93,23.62,1600000000.0,0.83,0.35,81.50,7920000.0,7.00,4.10,8590000.0,outperform
7873,2004-10-24 20:51:27,1098665487.0,bdx,42.19,4.29,1106.48999,8.4,-4.11,0.375,23.68,2.58,4.15,11.44,15.39,9.96,18.75,18.609,12630000000.0,13160000000.0,18.13,1.78,2.68,11.82,2.68,2190000000.0,11.82,559150000.0,2.129,14.00,12.30,659510000.0,2.63,1160000000.0,2.495,12.16,1140000000.0,0.113,2.02,88.63,1720000.0,1.748,0.70,1760000.0,underperform
7874,2011-09-06 06:11:03,1315303863.0,bdx,73.1,0.42,1165.23999,20.44,-20.02,51.43,13.20,2.29,3.30,17.88,22.73,11.06,24.04,34.03,17860000000.0,17860000000.0,12.64,1.38,2.34,7.99,2.34,3830000000.0,7.99,1260000000.0,5.95,11.80,10.00,1930000000.0,8.87,2720000000.0,3.06,24.37,17860000000.0,0.63,0.39,82.30,5720000.0,3.00,2.50,4910000.0,underperform
7875,2007-01-25 03:46:23,1169714783.0,bdx,64.31,17.62,1423.900024,-6.55,24.17,0.361,25.63,3.11,4.73,12.89,19.71,12.14,21.22,23.616,18450000000.0,18420000000.0,N/A,1.58,3.16,11.073,3.16,2950000000.0,11.073,755590000.0,2.93,16.70,7.80,1110000000.0,4.507,1380000000.0,2.021,15.628,1080000000.0,1.41,1.07,84.10,1870000.0,2.2,0.80,1930000.0,outperform
7876,2008-01-06 21:02:51,1199671371.0,bdx,77.03,-20.43,1447.160034,-35.91,15.479999999999997,0.267,25.12,3.38,4.93,14.00,22.76,12.78,20.89,25.966,21400000000.0,21900000000.0,N/A,1.56,3.44,11.594,3.44,3290000000.0,11.594,856170000.0,3.49,49.30,12.90,669520000.0,2.745,1160000000.0,2.117,17.889,1240000000.0,0.92,5.81,84.50,0.4,0.4,0.20,N/A,outperform
7877,2013-04-22 01:26:50,1366608410.0,bdx,92.43,22.41,1562.5,20.29,2.120000000000001,93.30,12.64,2.34,4.06,19.70,20.81,8.78,24.60,38.69,20000000000.0,20000000000.0,15.15,2.01,2.57,9.41,2.57,3950000000.0,9.41,1130000000.0,7.48,137.80,3.70,2510000000.0,12.96,4170000000.0,2.73,23.04,1680000000.0,0.83,0.35,81.50,8920000.0,7.70,4.60,8340000.0,outperform
7878,2008-10-28 23:38:55,1225251535.0,bdx,57.81,3.68,940.51001,10.86,-7.18,0.228,15.02,2.23,3.07,15.85,21.48,12.27,23.50,28.534,15960000000.0,15760000000.0,N/A,1.08,2.26,8.006,2.26,3290000000.0,8.006,1090000000.0,4.363,21.40,14.50,968400000.0,3.976,1160000000.0,2.489,20.832001,1580000000.0,0.63,5.85,86.80,1240000.0,0.7,0.50,1570000.0,underperform
7879,2012-01-10 22:05:52,1326251152.0,bdx,69.96,12.59,1292.079956,13.08,-0.4900000000000002,56.33,13.21,2.01,3.26,16.24,22.60,11.01,24.65,35.40,16910000000.0,16910000000.0,11.62,1.40,2.16,7.44,2.16,4090000000.0,7.44,1260000000.0,5.62,24.40,9.50,1570000000.0,7.30,2720000000.0,2.56,22.48,1720000000.0,0.57,0.39,82.30,6380000.0,3.80,3.00,6530000.0,underperform
7880,2009-02-04 10:52:06,1233762726.0,bdx,65.51,3.11,832.22998,27.74,-24.63,0.234,15.89,2.50,3.63,16.25,22.43,N/A,N/A,29.459,17940000000.0,18070000000.0,N/A,1.19,2.52,8.633,2.52,3660000000.0,8.633,1170000000.0,4.64,14.90,1.60,1030000000.0,4.238,1150000000.0,N/A,20.305,N/A,0.58,0.49,86.50,1530000.0,1.1,0.60,1460000.0,underperform
7881,2012-07-28 09:56:10,1343483770.0,bdx,70.34,43.69,1337.890015,26.34,17.349999999999998,93.17,13.84,1.90,3.37,15.07,21.19,9.77,24.92,37.10,17450000000.0,17450000000.0,12.33,2.02,2.20,7.90,2.20,4090000000.0,7.90,1190000000.0,5.49,6.70,3.60,2120000000.0,10.44,4170000000.0,3.27,22.08,1620000000.0,0.69,0.38,80.70,7940000.0,7.70,3.70,7760000.0,outperform
7882,2009-01-20 19:09:27,1232496567.0,bdx,62.93,10.33,805.219971,41.33,-31.0,0.234,16.14,2.46,3.57,15.75,21.69,12.73,24.26,29.289,17500000000.0,17750000000.0,N/A,1.19,2.48,8.748,2.48,3660000000.0,8.748,1130000000.0,4.46,8.60,11.20,1030000000.0,4.238,1150000000.0,2.552,20.305,1690000000.0,0.72,0.49,86.50,1060000.0,0.6,0.40,N/A,underperform
7883,2012-11-12 05:53:54,1352717634.0,etr,58.32,3.19,1380.030029,28.09,-24.9,136.54,16.34,1.12,1.26,6.80,16.18,2.58,7.52,58.53,24030000000.0,24030000000.0,12.65,5.06,2.32,7.40,2.32,4050000000.0,7.40,704540000.0,3.97,46.30,12.70,749720000.0,4.22,12930000000.0,0.97,51.73,3220000000.0,0.34,0.37,81.90,3690000.0,5.20,2.10,3420000.0,underperform
7884,2006-06-23 01:44:59,1151041499.0,etr,49.52,56.28,1244.5,21.56,34.72,1.159,16.18,1.38,1.82,8.97,17.76,3.98,12.37,50.657,14550000000.0,23690000000.0,N/A,2.03,2.24,8.696,2.24,5250000000.0,8.696,965630000.0,4.33,13.10,21.70,752390000.0,3.618,9320000000.0,1.452,38.66,1980000000.0,0.23,0.30,77.80,3600000.0,3.6,1.70,3600000.0,outperform
7885,2004-12-04 17:43:23,1102200203.0,etr,43.91,12.43,1191.369995,6.15,6.279999999999999,0.88,20.99,1.46,1.63,7.59,15.15,2.59,8.20,42.269,14520000000.0,22340000000.0,13.85,3.42,2.28,9.46,2.28,5350000000.0,9.46,720960000.0,3.095,52.50,10.70,587840000.0,2.63,8070000000.0,1.288,39.249001,2540000000.0,0.048,0.02,78.97,4330000.0,3.445,1.94,4560000.0,outperform
7886,2013-05-14 09:04:10,1368536650.0,etr,63.41,14.63,1650.339966,14.43,0.20000000000000107,141.90,10.33,1.14,1.30,11.02,16.64,2.62,12.41,59.27,25540000000.0,25540000000.0,13.54,N/A,2.43,7.60,2.43,3720000000.0,7.60,1160000000.0,6.51,N/A,9.40,262930000.0,1.48,13470000000.0,0.85,51.73,2880000000.0,0.29,0.30,83.70,3760000.0,2.20,2.10,3800000.0,outperform
7887,2006-12-08 14:58:20,1165607900.0,etr,65.64,37.32,1409.839966,5.33,31.990000000000002,1.057,20.32,1.71,2.23,8.86,16.55,3.81,12.27,53.411,18960000000.0,27580000000.0,N/A,2.45,2.48,10.138,2.48,5250000000.0,10.138,978220000.0,4.51,11.00,12.30,745030000.0,3.602,9040000000.0,1.491,41.033001,2620000000.0,0.48,0.30,83.90,3950000.0,2.9,1.90,4130000.0,outperform
7888,2005-03-06 08:14:48,1110114888.0,etr,47.77,2.95,1210.469971,5.6,-2.6499999999999995,0.88,23.00,1.59,1.78,7.59,15.15,2.59,8.20,42.272,15920000000.0,23730000000.0,14.02,2.49,2.42,10.05,2.42,5350000000.0,10.05,720960000.0,3.10,52.50,10.70,587840000.0,2.63,8070000000.0,1.288,39.249001,2540000000.0,0.017,0.02,75.18,4130000.0,4.163,1.85,3720000.0,underperform
7889,2003-11-20 22:05:33,1069383933.0,etr,34.46,28.99,1033.650024,13.22,15.769999999999998,0.941,13.39,1.34,1.41,10.29,17.25,3.33,10.92,39.484,11950000000.0,20000000000.0,12.48,2.03,2.23,8.34,2.23,5210000000.0,8.34,899250000.0,3.916,17.00,13.70,596360000.0,2.61,8570000000.0,1.293,37.28,N/A,0.043,10.23,77.76,3660000.0,3.9,1.78,3840000.0,outperform
7890,2006-01-03 19:14:04,1136333644.0,etr,49.26,35.81,1268.800049,11.65,24.160000000000004,1.126,15.82,1.37,1.81,9.53,16.66,3.62,11.84,48.545,14480000000.0,22840000000.0,N/A,2.23,2.20,8.869,2.20,5320000000.0,8.869,963030000.0,4.41,23.70,5.60,598030000.0,2.882,8850000000.0,1.267,37.887001,2320000000.0,N/A,0.06,78.90,3060000.0,3.4,1.50,3390000.0,outperform
7891,2013-02-22 16:04:02,1361567042.0,etr,57.1,9.26,1515.599976,20.66,-11.4,142.16,13.02,1.06,1.19,8.22,16.08,2.47,9.05,58.10,24190000000.0,24190000000.0,12.94,5.08,2.35,7.46,2.35,4050000000.0,7.46,846670000.0,4.76,92.20,2.10,532570000.00000006,3.00,13470000000.0,0.90,51.73,2940000000.0,0.31,0.37,81.90,3090000.0,3.20,N/A,2890000.0,underperform
7892,2006-05-31 15:50:05,1149105005.0,etr,49.79,64.81,1270.089966,20.51,44.3,1.159,16.22,1.37,1.80,8.97,17.76,3.98,12.37,50.657,14590000000.0,23550000000.0,N/A,2.00,2.23,8.644,2.23,5250000000.0,8.644,965630000.0,4.33,13.10,21.70,752390000.0,3.618,9320000000.0,1.452,38.66,1980000000.0,0.45,0.30,77.70,3600000.0,3.6,1.70,3600000.0,outperform
7893,2007-05-28 00:30:33,1180326633.0,etr,,,1515.72998,-8.6,,1.259,20.25,2.00,2.80,10.50,16.80,3.93,14.48,53.313,21880000000.0,30660000000.0,N/A,2.49,2.80,10.783,2.80,5480000000.0,10.783,1150000000.0,5.48,9.60,1.30,1080000000.0,5.475,9870000000.0,1.578,39.626999,2880000000.0,0.18,1.49,79.10,4560000.0,3.1,2.30,4070000.0000000005,underperform
7894,2012-06-29 13:05:24,1340989524.0,etr,60.22,8.7,1362.160034,17.7,-9.0,137.24,12.70,1.08,1.34,8.55,16.27,2.83,10.49,62.57,24220000000.0,24220000000.0,12.56,12.75,2.19,7.16,2.19,4050000000.0,7.16,946090000.0,5.32,N/A,6.20,685000000.0,3.87,12620000000.0,1.19,50.32,3410000000.0,0.37,0.34,80.20,2730000.0,2.50,1.60,2600000.0,underperform
7895,2009-05-01 13:15:48,1241198148.0,etr,51.32,24.28,877.5200199999999,35.76,-11.479999999999997,N/A,10.46,0.94,1.54,9.32,17.44,4.06,15.42,68.58,22940000000.0,22940000000.0,N/A,1.01,1.75,6.922,1.75,6610000000.0,6.922,1220000000.0,6.20,12.00,9.80,1920000000.0,10.137,12280000000.0,1.37,42.070999,3320000000.0,0.81,0.10,78.50,2340000.0,1.7,1.20,2470000.0,underperform
7896,2007-08-07 17:29:35,1186522175.0,etr,75.88,2.79,1476.709961,-12.7,15.489999999999998,1.259,19.01,1.83,2.61,10.15,16.43,N/A,N/A,55.193,20490000000.0,29220000000.0,N/A,2.01,2.61,10.174,2.61,5480000000.0,10.174,1150000000.0,5.46,7.60,5.40,1080000000.0,5.475,9870000000.0,N/A,39.626999,N/A,0.49,N/A,81.30,4080000.0,2.6,2.10,4720000.0,outperform
7897,2011-04-29 02:50:18,1304059818.0,fhn,10.5,-16.19,1363.609985,1.99,-18.18,N/A,257.62,1.90,1.21,6.89,14.11,0.45,3.84,6.15,6040000000.0,6040000000.0,14.05,3.55,4.04,N/A,4.04,N/A,N/A,8890000.0,0.04,N/A,0.10,2089999999.9999998,7.95,5290000000.0,N/A,8.90,6040000000.0,0.65,0.43,79.70,16700000.0,6.30,6.40,17330000.0,underperform
7898,2008-12-25 22:38:52,1230262732.0,fhn,,,871.6300050000001,28.27,,N/A,N/A,1.68,0.79,31.92,44.72,1.11,15.60,7.419,1990000000.0,13640000000.0,N/A,N/A,11.31,N/A,11.31,2530000000.0,N/A,389900000.0,2.37,N/A,52.70,3340000000.0,16.249,14980000000.0,N/A,12.556,2890000000.0,0.26,1.08,79.20,33430000.0,5.4,16.50,30410000.0,underperform
7899,2010-04-01 19:12:24,1270163544.0,fhn,13.67,-20.12,1178.099976,13.1,-33.22,N/A,N/A,2.84,1.43,24.22,26.67,0.90,8.18,4.982,8050000000.000001,8050000000.000001,N/A,N/A,7.23,N/A,7.23,N/A,N/A,316580000.0,1.473,N/A,13.90,1960000000.0,8.693,6850000000.0,N/A,9.807,784270000.0,0.35,0.77,76.70,22180000.0,9.5,9.90,22760000.0,underperform
7900,2007-04-05 11:20:33,1175786433.0,fhn,8.55,-63.86,1443.76001,-5.08,-58.78,N/A,11.03,2.40,2.02,22.25,40.14,0.67,10.43,16.719,5000000000.0,13380000000.0,N/A,1.85,6.43,N/A,6.43,2850000000.0,N/A,250800000.0,3.62,27.80,3.10,4430000000.0,35.33,12810000000.0,N/A,19.719999,1630000000.0,0.4,0.24,52.20,8240000.0,7.7,6.70,7190000.0,underperform
7901,2012-10-10 18:42:47,1349908967.0,fhn,9.37,16.97,1432.560059,18.15,-1.1799999999999997,N/A,N/A,1.72,1.09,1.66,0.92,0.06,0.61,5.47,5000000000.0,5000000000.0,11.26,N/A,3.58,N/A,3.58,N/A,N/A,27330000.0,0.09,N/A,11.30,3040000000.0,12.23,5630000000.0,N/A,8.92,30170000.0,1.80,0.80,79.10,15130000.0,3.50,6.00,12320000.0,underperform
7902,2010-11-01 01:07:02,1288588022.0,fhn,9.01,-30.3,1184.380005,2.86,-33.160000000000004,N/A,N/A,1.57,1.06,1.35,12.69,0.04,0.37,6.40,5750000000.0,5750000000.0,24.61,142.57,3.88,N/A,3.88,N/A,N/A,71100000.0,0.34,N/A,29.40,2420000000.0,10.37,5820000000.0,N/A,9.45,5750000000.0,0.56,0.76,75.00,26310000.0,6.00,11.40,26480000.0,underperform
7903,2005-05-17 17:03:18,1116363798.0,fhn,8.17,0.49,1173.800049,8.22,-7.73,N/A,11.81,3.93,2.44,34.24,N/A,1.51,22.32,10.136,5090000000.0,11600000000.0,10.59,1.16,8.94,N/A,8.94,2340000000.0,N/A,444350000.0,3.47,4.00,6.30,773420000.0,6.23,7270000000.0,N/A,16.858999,318080000.0,0.348,1.39,48.36,5380000.0,6.492,4.40,5390000.0,underperform
7904,2008-04-27 11:44:05,1209311045.0,fhn,2.65,306.79,1388.819946,-38.26,345.05,N/A,N/A,1.00,0.70,15.72,14.71,0.63,10.29,11.813,1360000000.0,15020000000.0,N/A,3.19,10.14,N/A,10.14,2530000000.0,N/A,238150000.0,1.86,88.80,11.20,3350000000.0,26.422,17000000000.0,N/A,16.66,N/A,0.44,1.44,57.40,21510000.0,7.1,17.30,18390000.0,outperform
7905,2007-07-12 08:29:20,1184243360.0,fhn,8.37,-81.36,1547.699951,-19.91,-61.45,N/A,15.29,2.23,1.90,14.83,42.98,0.84,12.93,17.259,4790000000.0,11290000000.0,N/A,2.16,5.26,N/A,5.26,2850000000.0,N/A,317700000.0,2.49,67.20,15.60,5110000000.0,40.658,11610000000.0,N/A,19.997999,398420000.0,0.21,0.24,56.50,9910000.0,10.1,8.00,9080000.0,underperform
7906,2004-08-25 20:14:40,1093479280.0,fhn,8.51,-6.46,1104.959961,9.72,-16.18,N/A,12.20,5.16,2.85,44.58,N/A,1.79,25.26,8.18,5490000000.0,11900000000.0,10.75,1.17,11.20,N/A,11.20,2550000000.0,N/A,473580000.0,3.647,25.70,4.20,834550000.0,6.76,7250000000.0,N/A,15.553,3050000000.0,0.576,1.70,44.64,6000000.0,9.44,4.95,6650000.0,underperform
7907,2011-11-04 13:48:09,1320428889.0,fhn,6.82,31.82,1253.22998,12.68,19.14,N/A,38.36,1.28,0.77,7.49,18.59,0.44,3.72,5.78,4990000000.0,4990000000.0,10.64,2.23,3.37,N/A,3.37,N/A,N/A,37920000.0,0.18,17.10,5.30,2640000000.0,10.02,5740000000.0,N/A,9.29,4990000000.0,1.45,0.43,79.70,6590000.0,1.20,2.50,8700000.0,outperform
7908,2008-01-23 09:11:03,1201097463.0,fhn,4.24,95.52,1338.599976,-38.18,133.7,N/A,13.36,1.07,0.96,8.10,13.90,0.40,6.25,15.244,2049999999.9999998,13670000000.0,N/A,N/A,7.15,N/A,7.15,2850000000.0,N/A,154170000.0,1.21,N/A,69.70,4070000000.0000005,32.191,15690000000.0,N/A,16.9,1370000000.0,0.81,0.91,55.50,13270000.0,5.4,10.70,11810000.0,outperform
7909,2004-11-06 12:31:42,1099762302.0,fhn,8.36,-8.73,1143.199951,6.71,-15.440000000000001,N/A,11.91,5.13,2.84,44.58,N/A,1.79,25.26,8.18,5370000000.0,11870000000.0,11.40,1.22,11.17,N/A,11.17,2550000000.0,N/A,473580000.0,3.647,25.70,4.20,834550000.0,6.76,7250000000.0,N/A,15.553,3050000000.0,0.545,1.70,44.10,4400000.0,6.872,3.62,4680000.0,underperform
7910,2013-05-15 12:12:56,1368634376.0,fhn,10.97,1.0,1658.780029,12.78,-11.78,N/A,N/A,2.23,1.23,1.32,1.54,0.02,0.22,4.97,4380000000.0,4380000000.0,12.51,1.68,3.60,N/A,3.60,N/A,N/A,18330000.0,0.07,38.10,17.30,3140000000.0,13.04,4900000000.0,N/A,9.16,N/A,1.70,0.80,85.30,14260000.0,5.10,6.00,14140000.0,underperform
7911,2008-12-04 01:05:35,1228370735.0,fhn,9.63,41.12,845.2199710000001,30.85,10.269999999999996,N/A,N/A,1.66,0.78,31.92,44.72,1.11,15.60,7.556,2100000000.0,13650000000.0,N/A,N/A,11.32,N/A,11.32,2530000000.0,N/A,389900000.0,2.41,N/A,52.70,3340000000.0,16.547,14980000000.0,N/A,12.786,2890000000.0,0.26,1.10,80.40,29860000.0,7.2,15.00,29950000.0,outperform
7912,2005-01-31 16:20:06,1107206406.0,fhn,8.3,-7.35,1181.27002,8.36,-15.709999999999999,N/A,11.69,4.80,2.63,43.16,N/A,1.77,24.51,8.409,5220000000.0,9450000000.0,10.79,1.50,8.70,N/A,8.70,2550000000.0,N/A,468900000.0,3.63,25.70,4.20,810540000.0,6.58,5050000000.0,N/A,16.103001,258779999.99999997,0.533,1.73,42.27,4650000.0,5.14,3.84,4730000.0,underperform
7913,2012-03-09 14:15:49,1331320549.0,fhn,9.71,8.24,1370.869995,12.44,-4.199999999999999,N/A,19.20,1.72,1.04,9.14,18.56,0.54,5.00,5.51,4780000000.0,4780000000.0,10.98,1.49,3.33,N/A,3.33,N/A,N/A,122580000.0,0.50,141.50,2.20,2440000000.0,9.54,4750000000.0,N/A,9.28,43970000.0,1.74,0.74,79.30,7890000.0,1.60,3.00,8440000.0,underperform
7914,2011-12-29 07:00:56,1325160056.0,lo,34.31,2.04,1263.02002,11.04,-9.0,N/A,15.40,3.54,N/A,24.49,43.97,35.91,N/A,30.42,16280000000.000002,16280000000.000002,13.39,1.45,3.74,8.36,3.74,2120000000.0,8.36,1060000000.0,7.43,2.60,3.70,1700000000.0,12.63,2590000000.0,1.93,8.70,1100000000.0,0.30,0.03,96.80,6060000.0,3.90,4.70,6560000.0,underperform
7915,2012-01-28 15:15:33,1327781733.0,lo,34.16,5.5,1326.060059,12.73,-7.23,N/A,14.48,3.46,N/A,24.49,43.97,35.91,N/A,30.42,15400000000.0,15400000000.0,12.59,1.44,3.54,7.90,3.54,2120000000.0,7.90,1060000000.0,7.43,2.60,3.70,1700000000.0,12.63,2590000000.0,1.93,8.70,1100000000.0,0.29,0.03,97.80,5880000.0,5.90,4.60,5430000.0,underperform
7916,2011-04-30 15:45:49,1304192749.0,lo,30.76,31.24,1355.660034,3.27,27.97,N/A,15.71,3.76,N/A,25.39,45.42,39.20,N/A,26.74,15230000000.0,15230000000.0,12.96,2.84,3.76,8.12,3.76,2120000000.0,8.12,1030000000.0,6.78,7.00,9.40,2060000000.0,14.17,1790000000.0,2.06,1.53,15230000000.0,0.42,0.03,96.80,11740000.0,4.00,9.20,13630000.0,outperform
7917,2012-01-28 06:07:33,1327748853.0,lo,34.16,5.5,1326.060059,12.73,-7.23,N/A,14.48,3.46,N/A,24.49,43.97,35.91,N/A,30.42,15920000000.0,15920000000.0,12.59,1.44,3.66,8.17,3.66,2120000000.0,8.17,1060000000.0,7.43,2.60,3.70,1700000000.0,12.63,2590000000.0,1.93,8.70,1100000000.0,0.29,0.03,97.80,5880000.0,5.90,4.60,5430000.0,underperform
7918,2013-04-23 04:20:28,1366705228.0,lo,38.62,34.75,1578.780029,18.79,15.96,N/A,14.77,3.37,N/A,23.71,44.09,39.90,N/A,11.91,17020000000.0,17020000000.0,12.24,1.45,3.67,8.17,3.67,2380000000.0,8.17,1100000000.0,2.81,0.30,7.50,1730000000.0,4.55,3110000000.0,1.74,4.65,1170000000.0,0.44,0.12,98.40,14590000.0,3.80,4.90,15570000.0,outperform
7919,2013-05-09 13:14:00,1368119640.0,lo,39.49,43.91,1626.670044,15.48,28.429999999999996,N/A,13.95,3.48,N/A,25.62,47.10,38.96,N/A,12.17,17180000000.0,17180000000.0,12.68,1.44,3.66,7.62,3.66,2380000000.0,7.62,1200000000.0,3.10,47.10,5.90,2060000000.0,5.47,3100000000.0,1.58,4.75,1180000000.0,0.44,0.12,98.40,14890000.0,5.80,5.00,14590000.0,outperform
7920,2011-12-21 22:07:40,1324523260.0,lo,33.59,6.88,1243.719971,16.08,-9.2,N/A,15.15,3.45,N/A,24.49,43.97,35.91,N/A,30.42,15880000000.0,15880000000.0,13.17,1.44,3.65,8.15,3.65,2120000000.0,8.15,1060000000.0,7.43,2.60,3.70,1700000000.0,12.63,2590000000.0,1.93,8.70,1100000000.0,0.30,0.03,96.80,6060000.0,3.90,4.70,6560000.0,underperform
7921,2004-11-24 21:36:16,1101350176.0,cb,30.4,,1181.76001,6.18,,0.293,12.70,1.14,1.51,9.06,11.16,2.86,12.95,66.295,14590000000.0,17280000000.0,9.76,0.97,1.36,N/A,1.36,11390000000.0,N/A,1150000000.0,5.995,262.90,24.70,41700000.0,0.22,2810000000.0,N/A,50.018002,4070000000.0000005,0.673,1.91,87.30,3220000.0,1.984,1.71,3000000.0,underperform
7922,2012-06-10 08:21:44,1339330904.0,cb,67.04,25.82,1314.98999,24.93,0.8900000000000006,23.08,12.20,1.42,1.24,12.37,18.01,3.01,10.78,47.79,21050000000.0,21050000000.0,11.90,1.35,1.56,8.44,1.56,6180000000.0,8.44,1680000000.0,5.86,0.60,0.30,1840000000.0,6.82,3580000000.0,0.76,57.38,1770000000.0,0.58,0.27,85.50,4099999.9999999995,2.40,1.50,3980000.0,outperform
7923,2008-01-25 17:44:10,1201301050.0,cb,40.59,-7.05,1330.609985,-36.85,29.8,0.29,7.16,1.34,1.33,19.86,28.80,5.03,20.22,35.277,18900000000.0,20470000000.0,N/A,N/A,1.45,4.938,1.45,14000000000.0,4.938,2810000000.0,6.88,22.20,2.80,2570000000.0,6.702,4139999999.9999995,0.894,37.125,3550000000.0,0.61,0.19,84.80,2440000.0,0.9,0.60,2410000.0,outperform
7924,2005-01-28 22:59:06,1106971146.0,cb,29.35,30.8,1171.359985,7.97,22.830000000000002,0.293,12.23,1.11,1.47,9.06,11.16,2.86,12.95,66.295,14050000000.0,16860000000.0,9.41,0.96,1.32,N/A,1.32,11390000000.0,N/A,1150000000.0,5.995,262.90,24.70,41700000.0,0.22,2810000000.0,N/A,50.018002,4070000000.0000005,0.68,1.86,85.54,3060000.0,4.491,1.63,3240000.0,outperform
7925,2006-10-23 12:22:53,1161620573.0,cb,44.4,0.86,1377.02002,10.35,-9.49,0.31,10.59,1.56,1.75,15.11,21.79,4.07,17.83,34.514,22060000000.0,24550000000.0,N/A,1.02,1.74,7.774,1.74,14080000000.0,7.774,2130000000.0,5.07,20.80,0.30,1500000000.0,3.644,3920000000.0,0.772,30.766001,3210000000.0,0.56,0.30,87.20,2870000.0,1.7,0.70,6610000.0,underperform
7926,2011-08-14 15:21:31,1313349691.0,cb,56.51,21.16,1172.640015,19.74,1.4200000000000017,25.17,8.66,1.30,1.10,15.75,23.16,3.82,13.54,44.44,19420000000.0,19420000000.0,9.96,1.11,1.44,6.11,1.44,6820000000.0,6.11,2120000000.0,6.95,19.10,2.40,1760000000.0,6.16,3980000000.0,0.79,55.23,19420000000.0,0.41,0.32,86.80,6320000.0,3.00,2.20,5880000.0,outperform
7927,2013-05-18 15:42:48,1368906168.0,cb,87.38,3.88,1658.780029,12.78,-8.899999999999999,22.59,14.24,1.72,1.49,12.48,15.79,N/A,N/A,50.93,24100000000.0,24100000000.0,12.69,1.53,1.78,10.96,1.78,6090000000.0,10.96,1700000000.0,6.31,29.60,1.30,2580000000.0,9.95,3580000000.0,N/A,60.46,N/A,0.50,0.30,84.90,2110000.0,2.30,0.80,2150000.0,underperform
7928,2006-06-23 02:44:33,1151045073.0,cb,40.14,11.31,1244.5,21.56,-10.249999999999998,0.334,10.06,1.45,1.63,14.37,19.75,3.74,17.63,34.986,20390000000.0,23020000000.0,N/A,1.04,1.63,8.003,1.63,14080000000.0,8.003,2029999999.9999998,4.88,43.00,1.60,1700000000.0,4.085,4210000000.0,0.775,30.368,3460000000.0,0.65,N/A,86.30,4000000.0,1.00,1.00,3440000.0,underperform
7929,2005-03-18 07:16:05,1111148165.0,cb,31.28,25.96,1189.650024,9.53,16.43,0.278,9.84,1.16,1.50,11.75,15.70,3.72,16.77,68.205,15290000000.0,18080000000.0,9.51,0.93,1.37,N/A,1.37,11390000000.0,N/A,1550000000.0,8.01,262.90,24.70,41700000.0,0.21,2810000000.0,N/A,52.556,4070000000.0000005,0.68,1.84,86.21,3060000.0,2.866,1.61,3060000.0,outperform
7930,2007-04-10 07:27:00,1176204420.0,cb,43.09,-1.93,1448.390015,-6.48,4.550000000000001,0.367,8.69,1.52,1.54,18.10,26.19,4.65,19.25,33.864,21250000000.0,24040000000.0,N/A,0.98,1.72,6.428,1.72,14000000000.0,6.428,2530000000.0,5.99,6.30,2.80,2290000000.0,5.61,5090000000.0,0.646,33.707001,3340000000.0,0.52,0.13,85.20,2190000.0,0.9,0.50,2009999.9999999998,outperform
7931,2004-05-04 11:43:33,1083685413.0,cb,27.3,24.62,1119.550049,5.01,19.61,0.33,13.76,N/A,1.54,N/A,8.19,2.52,11.62,N/A,13190000000.0,15950000000.0,9.63,0.94,N/A,N/A,N/A,11390000000.0,N/A,944900000.0,5.078,262.90,24.70,52200000.0,0.28,2810000000.0,N/A,45.339001,3360000000.0,0.708,1.91,86.36,2700000.0,3.582,1.46,3050000.0,outperform
7932,2007-02-21 19:30:28,1172104228.0,cb,43.76,0.55,1457.630005,-7.9,8.450000000000001,0.335,8.87,1.62,1.61,18.85,24.46,N/A,19.47,31.752,21840000000.0,24970000000.0,N/A,0.99,1.86,7.42,1.86,14080000000.0,7.42,2530000000.0,5.99,6.40,8.70,1370000000.0,3.319,4540000000.0,N/A,32.945999,N/A,0.51,0.13,84.70,2009999.9999999998,1.1,0.50,1870000.0,outperform
7933,2004-08-03 13:35:56,1091554556.0,ppg,44.3,15.42,1099.689941,13.22,2.1999999999999993,0.537,18.22,1.13,3.34,6.74,10.19,7.23,20.22,52.725,10220000000.0,11280000000.0,13.90,1.86,1.24,7.96,1.24,3240000000.0,7.96,562000000.0,3.264,N/A,8.50,583000000.0,3.39,1640000000.0,1.631,17.816,1140000000.0,0.804,1.02,62.22,1110000.0,2.42,0.65,1450000.0,outperform
7934,2008-01-22 06:24:12,1201001052.0,ppg,50.95,-31.78,1310.5,-35.88,4.100000000000001,0.339,12.35,0.92,2.56,7.44,11.36,N/A,22.52,68.122,10200000000.0,11310000000.0,N/A,0.91,1.01,6.849,1.01,4000000000.0,6.849,815000000.0,5.03,27.40,3.60,243000000.0,1.479,1360000000.0,N/A,24.447001,N/A,0.83,0.14,65.60,3270000.0,3.6,2.00,2560000.0,outperform
7935,2011-09-03 12:13:56,1315066436.0,ppg,72.58,45.03,1218.890015,14.82,30.21,86.85,11.61,0.82,2.92,7.21,11.17,7.00,29.04,88.96,14070000000.0,14070000000.0,10.00,0.86,0.98,6.79,0.98,5210000000.0,6.79,1040000000.0,6.34,25.00,15.30,1240000000.0,7.90,3720000000.0,1.85,25.74,14070000000.0,1.35,0.21,75.20,5020000.0,2.60,3.10,5820000.0,outperform
7936,2005-02-18 23:18:20,1108786700.0,ppg,54.67,-14.05,1201.589966,6.53,-20.580000000000002,0.378,18.08,1.29,3.44,7.79,11.17,8.49,20.72,54.988,12290000000.0,12900000000.0,13.64,1.75,1.36,8.37,1.36,3240000000.0,8.37,683000000.0,3.95,N/A,8.50,709000000.0,4.12,1350000000.0,1.825,20.754999,1060000000.0,0.816,0.98,57.72,2250000.0,3.867,1.32,2040000.0,underperform
7937,2009-10-15 07:51:21,1255607481.0,ppg,55.34,27.94,1096.560059,7.26,20.68,N/A,45.48,0.76,3.20,1.68,7.26,3.92,5.72,81.016,13300000000.0,13300000000.0,N/A,7.77,1.00,9.107,1.00,5690000000.0,9.107,223000000.0,1.35,41.60,30.40,1050000000.0,6.379,4200000000.0,1.566,19.253,1060000000.0,1.3,0.19,73.80,5680000.0,3.3,3.50,6800000.0,outperform
7938,2011-04-27 03:19:06,1303888746.0,ppg,87.46,15.46,1355.660034,3.27,12.190000000000001,106.21,20.30,1.12,4.12,5.73,10.18,5.85,22.70,81.60,17100000000.000002,17100000000.000002,13.66,1.66,1.27,9.31,1.27,5210000000.0,9.31,769000000.0,4.63,44.40,8.40,1980000000.0,12.32,4070000000.0000005,1.95,22.68,17100000000.000002,1.30,0.21,75.20,7000000.0,4.80,4.40,7280000.0,outperform
7939,2005-03-06 08:14:08,1110114848.0,ppg,55.33,-11.37,1210.469971,5.6,-16.97,0.378,18.58,1.31,3.48,7.79,11.17,8.49,20.72,54.988,12650000000.0,13290000000.0,13.91,1.91,1.40,8.62,1.40,3510000000.0,8.62,683000000.0,3.95,38.30,8.60,709000000.0,4.12,1350000000.0,1.825,20.767,1020000000.0,0.816,0.98,61.37,2130000.0,2.789,1.25,2250000.0,underperform
7940,2008-12-26 16:23:35,1230326615.0,ppg,33.84,57.65,872.7999880000001,28.39,29.259999999999998,0.939,9.69,0.43,1.52,4.52,9.53,6.77,15.28,89.672,6400000000.0,9810000000.0,N/A,1.06,0.67,5.097,0.67,4120000000.0,5.097,627000000.0,4.026,38.70,37.50,516000000.0,3.142,3950000000.0,1.472,25.601,1260000000.0,0.96,0.17,70.20,2650000.0,1.4,1.60,2440000.0,outperform
7941,2012-01-08 04:23:21,1326014601.0,ppg,80.63,67.17,1281.060059,14.12,53.050000000000004,94.52,12.63,0.89,3.56,7.35,11.32,7.28,30.00,92.43,15440000000.0,15440000000.0,11.82,1.03,1.05,7.22,1.05,5210000000.0,7.22,1080000000.0,6.71,18.70,11.20,1340000000.0,8.67,3690000000.0,1.83,23.71,1390000000.0,1.54,0.22,74.90,4660000.0,3.70,2.90,4880000.0,outperform
7942,2007-06-09 18:39:56,1181428796.0,ppg,61.88,-14.14,1517.380005,-7.47,-6.670000000000001,0.426,17.13,1.07,3.53,6.37,11.59,8.73,21.68,68.375,12180000000.0,13470000000.0,N/A,1.58,1.19,7.762,1.19,4000000000.0,7.762,721000000.0,4.33,5.40,10.60,182000000.0,1.109,1460000000.0,1.604,20.929001,997000000.0,0.98,0.50,65.20,4000000.0,4.4,2.40,4040000.0,underperform
7943,2013-04-23 04:56:51,1366707411.0,ppg,141.8,37.52,1578.780029,18.79,18.730000000000004,92.78,6.61,1.33,5.35,21.96,12.52,N/A,N/A,100.17,20230000000.0,20230000000.0,16.09,2.15,1.33,8.55,1.33,6130000000.0,8.55,1210000000.0,21.72,438.50,11.20,N/A,N/A,N/A,N/A,26.46,N/A,1.21,5.09,81.90,2690000.0,2.60,1.90,2740000.0,outperform
7944,2005-04-04 23:20:53,1112671253.0,ppg,54.22,-6.31,1176.119995,11.04,-17.349999999999998,0.378,17.93,1.27,3.39,7.79,11.17,8.49,20.72,54.988,12210000000.0,12760000000.0,13.18,1.71,1.34,8.28,1.34,3510000000.0,8.28,683000000.0,3.95,38.30,8.60,709000000.0,4.12,1350000000.0,1.825,20.767,1020000000.0,0.805,0.98,61.88,1890000.0,2.569,1.11,2130000.0,underperform
7945,2013-05-10 01:51:45,1368165105.0,ppg,151.53,30.29,1633.699951,14.97,15.319999999999999,67.47,7.00,1.46,4.62,21.96,12.53,7.88,31.18,100.17,22740000000.0,22740000000.0,16.97,2.10,1.50,9.60,1.50,6130000000.0,9.60,1210000000.0,21.99,438.50,0.10,2380000000.0,16.68,3400000000.0,2.07,33.56,1700000000.0,1.22,5.09,81.90,2270000.0,2.20,1.60,2690000.0,outperform
7946,2004-11-27 06:54:26,1101556466.0,ppg,51.22,,1181.76001,58.93,,0.419,19.11,1.25,3.56,7.23,10.56,7.88,20.86,53.733,11680000000.0,12390000000.0,14.96,2.02,1.34,8.46,1.34,3240000000.0,8.46,614000000.0,3.554,N/A,8.50,561000000.0,3.26,1360000000.0,1.724,18.937,1060000000.0,0.849,0.98,62.85,1780000.0,2.33,1.05,1110000.0,underperform
7947,2005-03-02 00:01:01,1109739661.0,oi,25.58,-25.8,1210.079956,6.53,-32.33,5.479,17.04,0.62,4.97,4.42,6.17,2.57,35.45,40.68,3750000000.0,10450000000.0,10.32,2.64,1.73,7.95,1.73,1240000000.0,7.95,217900000.0,1.47,N/A,6.90,324000000.0,2.16,6590000000.0,1.25,5.012,688300000.0,2.155,14.63,78.96,1260000.0,0.79,0.98,1670000.0,underperform
7948,2008-12-30 20:11:57,1230685917.0,oi,26.65,24.88,890.6400150000001,26.47,-1.5899999999999999,1.35,9.54,0.54,1.72,5.74,15.47,8.07,21.30,50.86,4390000000.0,7430000000.0,N/A,0.38,0.91,4.347,0.91,1550000000.0,4.347,483900000.0,2.76,93.20,4.20,444500000.0,2.662,3460000000.0,1.191,15.333,689400000.0,1.67,0.43,94.30,2100000.0,1.1,1.30,1880000.0,underperform
7949,2008-01-13 03:49:45,1200214185.0,oi,45.8,-48.14,1420.329956,-38.73,-9.410000000000004,2.321,5.92,0.88,4.40,15.49,12.46,6.25,11.49,52.884,7170000000.0,10850000000.0,N/A,2.36,1.34,7.338,1.34,1440000000.0,7.338,149500000.0,7.73,13667.90,12.20,1610000000.0,10.24,4840000000.0,1.039,10.417,717500000.0,1.2,0.42,98.00,4660000.0,3.00,3.00,4150000.0000000005,underperform
7950,2008-04-27 20:28:53,1209342533.0,oi,57.53,-67.98,1388.819946,-38.26,-29.720000000000006,1.698,7.28,1.19,5.22,17.63,13.75,7.01,23.53,49.3,9160000000.0,12420000000.0,N/A,1.38,1.63,8.46,1.63,1550000000.0,8.46,277800000.0,7.99,N/A,15.30,447500000.0,2.843,3710000000.0,1.065,11.026,636400000.0,0.73,0.43,99.60,3770000.0,2.1,2.40,3800000.0,underperform
7951,2005-12-30 22:04:01,1135998241.0,oi,21.04,-9.84,1248.290039,14.3,-24.14,3.08,9.92,0.45,2.60,4.85,13.33,5.60,15.75,47.311,3220000000.0,8550000000.000001,N/A,1.36,1.20,5.894,1.20,1350000000.0,5.894,206100000.0,2.12,56.50,5.00,222000000.0,1.452,5200000000.0,1.459,8.09,382500000.0,N/A,16.10,97.00,1950000.0,1.5,1.30,1500000.0,underperform
7952,2005-01-25 05:37:58,1106649478.0,oi,20.92,5.07,1168.410034,8.24,-3.17,5.479,14.17,0.53,4.28,4.42,6.17,2.56,35.44,40.68,3120000000.0,9940000000.0,10.76,3.04,1.64,7.56,1.64,1240000000.0,7.56,217900000.0,1.465,N/A,6.90,324000000.0,2.16,6590000000.0,1.25,5.012,688300000.0,2.231,14.63,73.37,1870000.0,0.781,1.46,3160000.0,underperform
7953,2004-11-30 12:05:43,1101834343.0,oi,20.92,3.97,1173.819946,6.45,-2.48,5.479,13.91,0.49,3.97,4.42,6.17,2.56,35.44,40.68,3060000000.0,9780000000.0,10.24,2.82,1.62,7.43,1.62,1240000000.0,7.43,217900000.0,1.465,N/A,6.90,324000000.0,2.16,6590000000.0,1.25,5.012,688300000.0,2.17,14.63,73.48,3160000.0,2.389,2.47,3470000.0,underperform
7954,2007-02-23 09:04:01,1172239441.0,oi,23.66,129.16,1451.189941,-6.28,135.44,15.297,N/A,0.48,N/A,0.37,10.05,5.15,5.09,49.072,3610000000.0,9270000000.0,N/A,2.76,1.24,7.286,1.24,1470000000.0,7.286,49000000.0,0.32,N/A,6.30,255400000.0,1.662,5460000000.0,1.028,0.623,150300000.0,2.39,0.17,79.80,7480000.0,9.9,4.90,7470000.0,outperform
7955,2003-10-26 22:24:10,1067225050.0,oi,11.78,54.5,1033.77002,5.9,48.6,3.059,15.29,0.29,1.22,2.52,5.69,1.51,9.20,38.716,1720000000.0,7760000000.0,7.36,1.33,1.29,5.98,1.29,1350000000.0,5.98,117400000.0,0.762,229.10,4.20,175000000.0,1.18,5760000000.0,1.647,9.68,N/A,2.147,14.75,72.40,4059999.9999999995,11.304,3.22,3870000.0,outperform
7956,2013-05-12 23:37:11,1368416231.0,oi,28.26,16.14,1626.670044,16.6,-0.46000000000000085,337.40,35.21,0.67,4.74,1.91,10.27,5.01,14.53,41.98,8180000000.0,8180000000.0,8.88,1.06,1.19,7.34,1.19,1370000000.0,7.34,143000000.0,0.80,43.00,5.60,359000000.0,2.18,3900000000.0,1.39,5.96,534000000.0,2.09,0.58,93.90,3960000.0,3.00,2.40,3650000.0,underperform
7957,2012-04-04 03:51:40,1333525900.0,oi,23.01,9.13,1398.959961,11.51,-2.379999999999999,406.55,N/A,0.52,4.58,6.93,10.22,5.03,32.54,44.95,7480000000.0,7480000000.0,7.34,1.08,1.02,6.37,1.02,1380000000.0,6.37,511000000.0,3.11,N/A,5.20,400000000.0,2.43,4030000000.0000005,1.20,5.10,503000000.0,2.87,5.56,89.40,3080000.0,1.90,N/A,2870000.0,underperform
7958,2005-04-26 22:33:43,1114569223.0,oi,24.92,-30.78,1151.829956,13.33,-44.11,3.471,27.26,0.62,3.54,3.04,3.02,1.82,19.18,42.07,3780000000.0,9390000000.0,10.09,2.66,1.50,8.53,1.50,1240000000.0,8.53,136200000.0,0.91,N/A,6.90,305500000.0,2.02,5360000000.0,1.259,7.234,688300000.0,2.138,8.03,94.78,1430000.0,1.246,1.03,1240000.0,underperform
7959,2004-04-23 19:48:05,1082764085.0,ip,31.09,-19.3,1140.599976,-0.27,-19.03,1.886,65.50,0.83,2.51,1.74,4.42,1.26,4.06,52.383,20870000000.0,34070000000.0,14.57,4.58,1.35,12.36,1.35,6380000000.0,12.36,315000000.0,0.656,N/A,0.80,2360000000.0,4.87,15540000000.0,1.372,17.107,1820000000.0,0.999,8.99,95.00,11490000.0,3.604,2.60,11620000.0,underperform
7960,2003-10-27 03:14:53,1067242493.0,ip,27.01,4.74,1031.130005,7.75,-3.01,1.941,117.20,0.75,2.38,1.22,3.90,0.86,1.81,51.947,18430000000.0,32250000000.0,20.01,6.71,1.29,12.48,1.29,6720000000.0,12.48,157000000.0,0.328,N/A,5.30,1430000000.0,2.98,15250000000.0,1.678,16.4,N/A,0.804,8.99,87.03,11280000.0,4.797,2.58,12640000.0,underperform
7961,2005-03-07 00:41:58,1110174118.0,ip,28.94,-14.86,1225.310059,4.13,-18.99,1.773,40.45,0.73,2.26,2.12,5.83,1.56,5.86,52.316,19270000000.0,31310000000.0,14.14,3.78,1.23,11.85,1.23,6380000000.0,11.85,478000000.0,0.98,N/A,0.80,2600000000.0,5.34,14640000000.0,1.922,16.952,1820000000.0,0.921,8.51,90.85,8220000.000000001,2.665,1.85,9420000.0,underperform
7962,2007-03-19 23:37:56,1174361876.0,ip,27.97,-17.09,1402.060059,-5.09,-12.0,0.907,2.98,0.73,2.01,4.77,6.60,3.69,42.98,46.198,16160000000.0,21580000000.0,N/A,2.77,0.98,7.947,0.98,5750000000.0,7.947,3510000000.0,11.97,N/A,4.00,1620000000.0,3.588,7220000000.0,1.861,17.559,1220000000.0,0.96,0.43,88.10,9790000.0,3.4,2.20,8770000.0,underperform
7963,2013-04-25 17:40:58,1366926058.0,ip,45.26,-1.41,1585.160034,17.55,-18.96,183.50,26.58,0.77,3.38,2.85,7.46,4.38,11.07,63.96,31020000000.0,31020000000.0,9.85,0.37,1.12,8.78,1.12,7250000000.0,8.78,749000000.0,1.80,16.40,11.10,1300000000.0,2.95,12180000000.0,1.78,14.33,2970000000.0,1.49,0.73,87.80,6840000.0,1.80,N/A,8710000.0,underperform
7964,2007-04-05 23:29:06,1175830146.0,ip,28.82,-19.6,1443.76001,-5.08,-14.520000000000001,0.907,3.07,0.75,2.08,4.77,6.60,3.69,42.98,46.198,16649999999.999998,22150000000.0,N/A,2.87,1.01,8.16,1.01,5750000000.0,8.16,3510000000.0,11.97,N/A,4.00,1620000000.0,3.588,7220000000.0,1.861,17.559,1220000000.0,0.93,0.43,88.10,9220000.0,2.9,2.10,9790000.0,underperform
7965,2013-02-13 21:49:16,1360810156.0,ip,39.72,20.9,1520.329956,20.36,0.5399999999999991,152.80,23.17,0.65,2.88,2.85,7.47,4.40,11.09,63.80,27120000000.0,27120000000.0,9.18,2.51,0.97,7.60,0.97,7070000000.0,7.60,749000000.0,1.80,8.60,11.10,1300000000.0,2.99,10140000000.0,1.78,14.49,2970000000.0,1.45,0.74,83.90,7330000.0,2.10,1.80,8010000.0,outperform
7966,2011-07-02 21:38:45,1309657125.0,ip,26.13,-0.84,1307.410034,1.65,-2.4899999999999998,112.71,11.64,0.51,1.78,4.46,8.42,5.34,16.38,59.88,19870000000.0,19870000000.0,9.08,4.06,0.77,5.53,0.77,6700000000.0,5.53,1100000000.0,2.63,N/A,10.00,2049999999.9999998,4.69,8539999999.999999,1.89,16.74,19870000000.0,2.48,0.58,83.60,12110000.0,2.00,2.80,11630000.0,underperform
7967,2007-03-25 11:35:03,1174836903.0,ip,28.55,-23.85,1434.540039,-5.9,-17.950000000000003,0.907,3.04,0.75,2.08,4.77,6.60,3.69,42.98,46.198,16480000000.0,22080000000.0,N/A,2.85,1.00,8.133,1.00,5750000000.0,8.133,3510000000.0,11.97,N/A,4.00,1620000000.0,3.588,7220000000.0,1.861,17.559,1220000000.0,0.96,0.43,88.10,9790000.0,3.4,2.20,8770000.0,underperform
7968,2012-10-26 04:15:01,1351239301.0,ip,33.39,28.09,1411.939941,23.69,4.399999999999999,189.72,14.25,0.60,2.38,4.08,8.21,4.64,14.30,61.49,28140000000.0,28140000000.0,9.69,2.70,1.05,7.86,1.05,7070000000.0,7.86,1070000000.0000001,2.48,38.80,6.50,1230000000.0,2.81,13460000000.0,1.78,15.26,2890000000.0,1.57,0.74,83.90,8410000.0,1.70,2.10,8150000.0,outperform
7969,2004-06-22 18:28:55,1087943335.0,ip,31.85,-21.51,1134.410034,7.01,-28.520000000000003,1.887,63.84,0.84,2.58,1.68,4.38,1.22,4.18,52.783,21290000000.0,34650000000.0,14.67,4.67,1.36,12.54,1.36,6380000000.0,12.54,331000000.0,0.687,N/A,0.80,2220000000.0,4.58,15560000000.0,1.444,17.011,1920000000.0,0.936,9.00,90.41,10310000.0,3.369,2.33,11490000.0,underperform
7970,2011-07-01 10:44:03,1309531443.0,ip,27.43,-4.59,1339.670044,-0.58,-4.01,112.71,11.34,0.51,1.78,4.46,8.42,5.34,16.38,59.88,19530000000.0,19530000000.0,9.01,3.60,0.76,5.43,0.76,6700000000.0,5.43,1100000000.0,2.63,N/A,10.00,2049999999.9999998,4.69,8539999999.999999,1.89,16.74,19530000000.0,2.45,0.58,83.60,12110000.0,2.00,2.80,11630000.0,underperform
7971,2008-12-29 17:41:55,1230590515.0,ip,9.55,147.43,869.419983,29.53,117.9,1.373,5.75,0.20,0.56,3.47,6.53,3.66,10.35,57.329,4840000000.0,16149999999.999998,N/A,1.12,0.67,5.729,0.67,5830000000.0,5.729,865000000.0,1.97,31.30,22.90,795000000.0,1.86,12030000000.0,1.592,20.500999,2490000000.0,1.4,0.51,89.60,14440000.0,1.4,3.40,15070000.0,outperform
7972,2004-02-15 08:43:46,1076852626.0,ip,31.02,-11.96,1152.109985,4.69,-16.650000000000002,1.943,65.76,0.83,2.67,1.64,3.23,1.19,4.13,52.951,20850000000.0,34430000000.0,0.00,5.02,1.37,14.19,1.37,6720000000.0,14.19,315000000.0,0.66,N/A,5.30,1560000000.0,3.26,15140000000.0,1.652,16.23,1970000000.0,0.962,9.01,87.52,13330000.0,5.877,3.05,11230000.0,underperform
7973,2004-01-30 08:23:03,1075468983.0,ip,30.24,-4.89,1131.130005,3.8,-8.69,1.943,148.79,0.81,2.59,1.05,3.23,0.75,1.65,52.023,20020000000.0,33770000000.000004,25.46,8.06,1.35,13.92,1.35,6720000000.0,13.92,134000000.0,0.28,N/A,5.30,1560000000.0,3.26,15140000000.0,1.652,16.23,N/A,0.92,9.01,86.15,13330000.0,5.877,3.05,11230000.0,underperform
7974,2011-05-01 03:26:57,1304234817.0,ip,27.08,13.29,1360.47998,2.75,10.54,122.52,20.86,0.53,1.95,2.56,7.15,4.42,9.97,58.58,20120000000.0,20120000000.0,9.53,4.50,0.80,6.18,0.80,6700000000.0,6.18,644000000.0,1.48,N/A,9.30,2069999999.9999998,4.74,8680000000.0,1.78,15.62,20120000000.0,2.41,0.58,83.60,10040000.0,1.70,2.30,9180000.0,outperform
7975,2004-09-06 04:48:23,1094460503.0,ip,,,1113.630005,10.75,,1.761,57.46,0.78,2.41,1.69,4.58,1.25,4.26,52.991,19840000000.0,32540000000.0,13.12,4.28,1.27,11.58,1.27,6380000000.0,11.58,344000000.0,0.71,N/A,0.80,1860000000.0,3.83,14560000000.0,1.592,17.007,1820000000.0,0.972,9.00,92.15,12530000.0,7.076,2.83,12300000.0,underperform
7976,2011-12-28 22:29:13,1325129353.0,ip,26.77,39.78,1249.640015,13.48,26.3,110.30,9.15,0.49,1.74,5.34,8.56,5.50,19.08,60.67,18590000000.0,18590000000.0,9.64,3.76,0.71,5.15,0.71,6700000000.0,5.15,1350000000.0,3.20,30.50,1.30,2720000000.0,6.23,8449999999.999999,2.09,16.93,3080000000.0,2.57,0.58,83.60,14920000.0,2.80,3.40,18490000.0,outperform
7977,2004-11-30 04:44:02,1101807842.0,jbl,21.45,32.17,1173.819946,6.45,25.720000000000002,0.17,30.73,0.81,2.76,2.67,3.46,4.92,9.75,29.768,4990000000.0,4720000000.0,16.83,0.79,0.76,18.19,0.76,435470000.0,18.19,166900000.0,0.805,23.90,33.40,621320000.0,3.08,309610000.0,1.883,9.038,419920000.0,2.913,17.52,72.06,4680000.0,3.105,2.81,4150000.0000000005,outperform
7978,2004-08-10 14:37:16,1092163036.0,jbl,17.86,43.17,1079.040039,13.91,29.26,0.17,30.12,0.70,2.35,2.41,3.15,4.30,8.56,28.236,4160000000.0,3840000000.0,16.42,0.95,0.65,16.56,0.65,435470000.0,16.56,142710000.0,0.687,23.90,33.40,596160000.0,2.97,299520000.0,1.922,8.748,419920000.0,2.806,17.49,71.52,4080000.0,1.657,2.46,3460000.0,outperform
7979,2013-04-25 03:38:04,1366875484.0,jbl,17.12,2.16,1585.160034,17.55,-15.39,80.96,9.59,0.20,1.60,2.15,3.58,5.12,18.00,86.20,4059999999.9999995,4059999999.9999995,6.57,0.61,0.23,4.04,0.23,1310000000.0,4.04,378500000.0,1.81,9.40,4.30,1060000000.0,5.24,1760000000.0,1.40,10.74,934680000.0,1.96,13.27,79.10,4320000.0,1.30,2.30,3510000.0,underperform
7980,2008-12-19 01:39:12,1229668752.0,jbl,5.65,136.64,887.8800050000001,24.92,111.71999999999998,0.504,9.95,0.11,0.53,1.05,2.40,2.87,5.19,62.257,1360000000.0,2049999999.9999998,N/A,0.35,0.16,3.523,0.16,867800000.0,3.523,133889999.99999999,0.65,390.30,4.30,772920000.0,3.669,1370000000.0,1.358,13.159,411860000.0,1.17,10.16,85.60,8240000.0,4.40,4.40,7480000.0,outperform
7981,2007-04-06 22:07:35,1175911655.0,jbl,18.57,-54.28,1437.77002,-4.89,-49.39,0.141,16.15,0.49,1.78,3.00,3.59,5.23,12.26,45.231,4530000000.0,4030000000.0000005,N/A,0.79,0.43,7.08,0.43,628510000.0,7.08,280670000.0,1.32,8.20,33.70,854880000.0,4.027,356220000.0,1.59,12.043,442810000.0,1.68,12.36,75.30,7670000.0,3.4,4.30,6020000.0,underperform
7982,2007-02-27 09:32:04,1172586724.0,jbl,23.08,-43.63,1399.040039,-1.36,-42.27,0.141,20.78,0.62,2.28,3.00,3.59,5.23,12.26,45.231,5830000000.0,5330000000.0,N/A,0.58,0.57,9.363,0.57,628510000.0,9.363,280670000.0,1.32,8.20,33.70,854880000.0,4.027,356220000.0,1.59,12.043,442810000.0,1.89,12.85,78.30,3200000.0,0.9,1.60,2750000.0,underperform
7983,2011-10-01 06:32:16,1317465136.0,jbl,17.97,1.78,1151.060059,25.72,-23.939999999999998,63.00,10.28,0.25,2.06,2.31,3.74,5.74,22.03,77.01,4080000000.0,4080000000.0,6.07,0.60,0.25,4.36,0.25,1000000000.0,4.36,381060000.0,1.73,94.70,10.90,888610000.0,4.18,1190000000.0,1.32,9.04,4080000000.0,2.49,9.88,83.40,11040000.0,2.70,5.70,10010000.0,underperform
7984,2005-01-18 04:07:23,1106039243.0,jbl,20.14,63.36,1195.97998,6.85,56.51,0.152,26.52,0.71,2.40,2.74,3.55,5.16,10.11,31.617,4680000000.0,4350000000.0,15.66,0.72,0.66,15.69,0.66,538380000.0,15.69,180320000.0,0.874,288.10,32.20,619840000.0,3.07,296960000.0,1.743,9.66,451240000.0,2.854,15.02,71.64,5440000.0,3.608,3.17,4680000.0,outperform
7985,2011-09-25 20:16:59,1316996219.0,jbl,15.33,34.9,1129.560059,28.98,5.919999999999998,60.92,10.98,0.22,1.78,2.02,3.51,5.59,18.88,74.84,3840000000.0,3840000000.0,6.76,0.59,0.24,4.40,0.24,1000000000.0,4.40,325470000.0,1.48,101.20,22.30,911150000.0,4.17,1190000000.0,1.36,9.04,3840000000.0,2.49,9.88,83.40,10010000.0,2.00,5.20,9640000.0,outperform
7986,2007-12-28 21:10:31,1198894231.0,jbl,13.25,-59.62,1478.48999,-41.28,-18.339999999999996,0.495,33.51,0.38,1.38,0.76,2.37,2.97,3.80,60.902,3120000000.0,3680000000.0,N/A,0.54,0.30,6.78,0.30,812030000.0,6.78,93860000.0,0.45,49.80,4.50,664460000.0,3.247,1280000000.0,1.24,10.832,N/A,1.6,11.10,88.60,7910000.0,3.6,4.20,8029999.999999999,underperform
7987,2012-09-02 07:50:52,1346586652.0,jbl,22.0,,1399.47998,16.68,,71.26,11.44,0.27,2.32,2.49,3.76,5.61,21.65,82.21,5380000000.0,5380000000.0,8.19,0.76,0.31,5.43,0.31,1250000000.0,5.43,426180000.0,1.99,3.20,0.50,742130000.0,3.61,1440000000.0,1.32,9.80,495120000.0,2.12,9.39,88.20,5610000.0,2.20,3.00,5440000.0,underperform
7988,2009-03-03 02:56:58,1236067018.0,jbl,3.52,334.09,696.330017,60.67,273.41999999999996,N/A,N/A,0.07,0.39,1.59,2.16,2.56,8.38,62.194,816860000.0,1640000000.0,N/A,0.29,0.13,2.93,0.13,867800000.0,2.93,203970000.0,0.99,N/A,0.40,579880000.0,2.712,1330000000.0,1.314,10.712,235300000.0,1.3,16.07,85.90,5620000.0,2.8,2.90,5450000.0,outperform
7989,2008-03-02 03:54:17,1204448057.0,jbl,12.0,-71.17,1367.680054,-48.76,-22.410000000000004,0.495,28.52,0.23,1.12,0.76,2.37,2.97,3.80,60.902,2720000000.0,3330000000.0,N/A,0.46,0.27,6.064,0.27,812030000.0,6.064,93860000.0,0.45,49.80,4.50,664460000.0,3.161,1280000000.0,1.24,12.259,579130000.0,1.69,10.85,93.40,9600000.0,3.3,5.10,10060000.0,underperform
7990,2008-12-07 15:20:37,1228681237.0,jbl,5.49,123.13,845.2199710000001,30.53,92.6,0.504,9.77,0.10,0.47,1.05,2.40,2.87,5.19,62.257,1310000000.0,1900000000.0,N/A,0.29,0.15,3.27,0.15,867800000.0,3.27,133889999.99999999,0.65,390.30,4.30,772920000.0,3.745,1370000000.0,1.358,13.159,411860000.0,1.17,10.16,85.50,7480000.0,1.9,4.00,6470000.0,outperform
7991,2007-02-26 19:34:28,1172536468.0,jbl,23.73,-45.64,1449.369995,-4.7,-40.94,0.141,20.70,0.63,2.30,3.00,3.59,5.23,12.26,45.231,5800000000.0,5370000000.0,N/A,0.58,0.57,9.434,0.57,628510000.0,9.434,280670000.0,1.32,8.20,33.70,854880000.0,4.027,356220000.0,1.59,12.043,442810000.0,1.89,12.85,78.30,3200000.0,0.9,1.60,2750000.0,underperform
7992,2012-03-25 06:22:06,1332670926.0,ctl,32.73,-3.94,1392.780029,11.41,-15.35,104.85,36.41,1.58,1.16,3.73,16.23,3.98,3.76,28.81,45850000000.0,45850000000.0,16.51,2.18,2.99,7.03,2.99,9030000000.0,7.03,571000000.0,1.07,52.40,170.20,128000000.0,0.21,21840000000.0,0.88,33.67,4200000000.0,0.63,0.21,3.00,23720000.0,3.00,8.70,23760000.0,underperform
7993,2005-01-28 20:41:17,1106962877.0,ctl,19.2,5.21,1171.359985,7.97,-2.76,0.887,13.59,1.83,1.30,13.92,31.19,4.29,9.86,17.095,4360000000.0,7270000000.0,14.08,4.63,3.02,5.85,3.02,2380000000.0,5.85,334800000.0,2.383,57.00,20.70,168980000.0,1.26,3020000000.0,0.798,25.287001,975340000.0,0.944,5.78,81.54,5540000.0,7.789,4.37,3620000.0,underperform
7994,2004-04-05 04:26:00,1081153560.0,ctl,16.01,20.99,1150.569946,2.68,18.31,0.915,11.40,1.62,1.13,14.48,31.52,4.43,10.55,16.453,3870000000.0,6850000000.0,12.02,4.17,2.88,5.61,2.88,998310000.0,5.61,344310000.0,2.383,133.70,6.90,203180000.0,1.43,3180000000.0,0.982,24.040001,682750000.0,0.881,16.98,82.34,1950000.0,1.41,1.65,1610000.0,outperform
7995,2004-08-11 10:04:09,1092233049.0,ctl,18.1,18.78,1075.790039,15.06,3.7200000000000006,0.896,13.05,1.76,1.26,14.09,31.11,4.36,10.08,16.854,4310000000.0,7220000000.0,12.70,2.74,2.99,5.88,2.99,2380000000.0,5.88,339580000.0,2.375,57.00,20.70,96390000.0,0.69,3010000000.0,0.631,24.287001,1030000000.0,0.906,16.98,78.80,2480000.0,2.216,2.15,2500000.0,outperform
7996,2005-02-05 23:53:33,1107665613.0,ctl,20.1,1.69,1193.189941,6.51,-4.82,0.883,13.86,1.87,1.32,14.01,31.32,4.32,9.90,17.309,4540000000.0,7380000000.0,13.77,4.87,3.07,5.88,3.07,2380000000.0,5.88,337240000.0,2.43,57.00,20.70,167220000.0,1.24,3010000000.0,0.607,25.287001,975340000.0,0.944,5.78,81.44,5540000.0,7.789,4.37,3620000.0,underperform
7997,2009-06-21 22:50:48,1245639048.0,ctl,21.53,19.32,918.3699949999999,21.21,-1.8900000000000006,N/A,9.11,1.24,1.01,13.30,28.13,5.67,10.47,25.743,6090000000.0,6090000000.0,N/A,2.27,2.36,4.956,2.36,1640000000.0,4.956,343990000.0,3.41,24.30,1.90,61230000.0,0.606,3020000000.0,0.773,31.521999,853260000.0,0.79,4.54,99.30,23950000.0,14.3,24.00,23630000.0,underperform
7998,2004-10-26 05:23:44,1098782624.0,ctl,19.95,-2.76,1111.089966,7.23,-9.99,0.896,14.05,1.86,1.34,14.09,31.11,4.36,10.08,16.854,4510000000.0,7400000000.0,13.73,3.68,3.07,6.03,3.07,2380000000.0,6.03,339580000.0,2.375,57.00,20.70,96390000.0,0.71,3010000000.0,0.631,24.780001,992250000.0,0.919,16.98,80.35,2430000.0,2.881,2.17,2140000.0,underperform
7999,2011-07-28 06:47:15,1311850035.0,ctl,29.37,20.09,1300.670044,6.56,13.530000000000001,74.34,12.64,3.31,1.21,13.06,30.29,5.94,9.48,22.99,30130000000.0,30130000000.0,13.73,2.54,4.34,8.49,4.34,7040000000.0,8.49,900410000.0,2.98,16.40,5.80,269660000.0,0.45,7180000000.0,1.06,31.57,30130000000.0,0.75,0.42,78.20,8850000.0,2.00,3.30,8170000.0,outperform
8000,2008-06-16 18:55:45,1213656945.0,ctl,19.82,7.57,1360.140015,-32.95,40.52,0.873,8.44,1.27,1.02,15.88,30.62,6.38,13.15,25.005,3460000000.0,6360000000.0,N/A,1.75,2.35,4.634,2.35,1720000000.0,4.634,428900000.0,3.89,14.00,7.90,37540000.0,0.356,2970000000.0,0.556,31.931,1000000000.0,0.83,4.19,89.80,7840000.0,9.1,7.50,7640000.0,outperform
8001,2006-05-31 11:21:31,1149088891.0,ctl,21.29,39.31,1270.089966,20.51,18.8,0.931,14.34,1.64,1.31,12.99,29.01,5.99,9.87,19.437,4099999999.9999995,7070000000.0,N/A,6.82,2.83,5.595,2.83,1660000000.0,5.595,323890000.0,2.46,12.80,2.70,15320000.0,0.132,2930000000.0,0.259,27.028999,891950000.0,0.86,0.68,95.30,6180000.0,5.3,5.40,4110000.0000000005,outperform
8002,2011-12-29 02:50:08,1325145008.0,ctl,30.56,11.65,1263.02002,11.04,0.6100000000000012,100.91,24.22,1.85,1.04,5.56,19.34,3.80,4.38,27.34,44000000000.0,44000000000.0,14.10,1.31,3.54,7.95,3.54,7040000000.0,7.95,683170000.0,1.51,39.70,162.90,1120000000.0,1.82,22180000000.0,0.80,35.59,4040000000.0,0.54,0.42,78.20,16100000.000000002,2.10,5.90,13170000.0,outperform
8003,2013-05-13 01:08:36,1368421716.0,ctl,33.86,4.81,1633.77002,16.14,-11.330000000000002,110.25,26.70,1.26,1.22,4.79,16.00,3.31,4.43,29.46,43610000000.0,43610000000.0,13.58,14.11,2.39,5.75,2.39,10740000000.0,5.75,874000000.0,1.41,49.00,2.10,476000000.0,0.77,20790000000.0,0.85,30.44,5880000000.0,0.53,0.16,72.10,39540000.0,7.80,7.30,39350000.0,underperform
8004,2012-02-29 03:39:51,1330504791.0,ctl,33.08,-7.26,1365.680054,10.91,-18.17,104.85,37.76,1.61,1.18,3.73,16.22,3.98,3.76,28.81,46370000000.0,46370000000.0,16.63,2.24,3.02,7.12,3.02,7040000000.0,7.12,573000000.0,1.07,51.60,170.20,128000000.0,0.21,21840000000.0,0.88,33.78,4200000000.0,0.56,0.21,3.00,18470000.0,3.50,6.80,15140000.0,underperform
8005,2011-09-29 06:22:40,1317291760.0,ctl,27.16,29.12,1160.400024,24.15,4.970000000000002,98.63,16.57,2.14,0.95,8.04,23.62,3.67,4.94,25.43,39000000000.0,39000000000.0,18.87,2.14,4.08,8.57,4.08,7040000000.0,8.57,765170000.0,2.03,57.10,148.60,2550000000.0,4.23,21340000000.0,0.99,35.97,39000000000.0,0.75,0.42,78.20,16350000.000000002,2.50,6.00,17700000.0,outperform
8006,2013-05-16 16:15:57,1368735357.0,oxy,87.21,8.15,1650.469971,13.78,-5.629999999999999,18.62,16.89,3.08,1.79,18.48,29.16,6.80,11.13,29.43,77320000000.0,77320000000.0,12.24,2.14,3.25,5.78,3.25,16329999999.999998,5.78,4430000000.0,5.43,13.10,6.30,2140000000.0000002,2.66,7620000000.0,1.30,50.74,11260000000.0,1.59,1.38,79.90,9540000.0,1.40,1.20,8900000.0,underperform
8007,2012-06-16 10:52:12,1339858332.0,oxy,78.09,14.94,1314.880005,24.45,-9.51,15.16,10.22,2.77,1.75,27.70,43.42,11.49,18.77,30.17,71250000000.0,71250000000.0,9.60,1.24,2.91,4.94,2.91,16550000000.0,4.94,6780000000.0,8.34,0.60,9.50,3760000000.0,4.64,5870000000.0,1.48,47.77,12820000000.0,1.48,1.36,82.00,7140000.0,1.40,0.90,6510000.0,underperform
8008,2011-01-06 19:09:35,1294358975.0,oxy,87.7,1.21,1273.849976,0.31,0.8999999999999999,7.92,18.51,4.16,2.49,22.44,38.39,10.15,14.22,23.35,79240000000.0,79240000000.0,13.67,1.22,4.18,7.40,4.18,10040000000.0,7.40,4269999999.9999995,5.21,28.50,19.30,2109999999.9999998,2.60,2510000000.0,1.42,39.02,79240000000.0,0.98,1.30,81.80,10380000.0,2.50,1.30,10920000.0,outperform
8009,2004-06-28 01:57:39,1088402259.0,oxy,19.55,68.13,1133.349976,6.02,62.11,0.477,11.28,1.99,2.26,17.86,30.88,9.72,22.45,24.598,19000000000.0,22570000000.0,12.36,1.87,2.34,5.1,2.34,5260000000.0,5.1,1690000000.0,4.304,54.40,26.10,470000000.0,1.2,4040000000.0,0.982,21.636999,3360000000.0,0.523,17.00,76.91,3860000.0,1.796,1.19,5860000.0,outperform
8010,2008-12-12 04:29:22,1229074162.0,oxy,48.26,42.42,879.7299800000001,24.58,17.840000000000003,0.066,6.07,1.80,1.72,30.59,51.19,21.48,32.10,31.272,46840000000.0,46710000000.0,N/A,0.61,1.82,2.964,1.82,12960000000.0,2.964,7840000000.0,9.52,71.50,45.80,1450000000.0,1.793,1770000000.0,1.193,33.261002,10610000000.0,1.16,1.20,80.80,12720000.0,1.4,1.60,12970000.0,outperform
8011,2011-08-18 01:18:27,1313644707.0,oxy,75.92,9.58,1140.650024,24.33,-14.749999999999998,12.09,12.37,3.27,2.02,26.56,41.78,11.25,17.12,26.74,73270000000.0,73270000000.0,9.19,0.89,3.37,5.91,3.37,12930000000.0,5.91,5610000000.0,7.08,70.90,34.10,1990000000.0,2.45,4250000000.0,1.23,43.26,73270000000.0,1.00,1.32,82.30,6500000.0,1.60,0.80,6050000.0,underperform
8012,2008-06-17 18:35:22,1213742122.0,oxy,78.96,-28.46,1350.930054,-32.59,4.130000000000003,0.075,12.63,3.56,3.07,29.20,44.16,15.98,25.94,24.881,74920000000.0,73800000000.0,N/A,0.61,3.57,6.371,3.57,12960000000.0,6.371,5730000000.0,7.23,52.30,44.80,1500000000.0,1.822,1810000000.0,1.249,29.173,7860000000.0,1.05,1.14,80.30,14780000.0,1.8,1.80,15290000.0,outperform
8013,2008-12-30 17:44:54,1230677094.0,oxy,51.17,43.78,890.6400150000001,26.47,17.310000000000002,0.066,6.07,1.78,1.69,30.59,51.19,21.48,32.10,31.272,46760000000.0,45960000000.0,N/A,0.65,1.79,2.917,1.79,12960000000.0,2.917,7840000000.0,9.52,71.50,45.80,1450000000.0,1.793,1770000000.0,1.193,33.261002,10610000000.0,1.16,1.19,80.70,11770000.0,1.1,1.50,12720000.0,outperform
8014,2005-02-04 07:40:44,1107520844.0,oxy,24.84,58.09,1203.030029,6.6,51.49,0.392,10.94,2.20,2.43,20.29,34.53,11.65,25.87,27.19,23900000000.0,26610000000.0,11.56,1.96,2.46,5.13,2.46,5260000000.0,5.13,2210000000.0,5.53,54.40,26.10,998000000.0,2.53,3830000000.0,1.328,24.771999,3520000000.0,0.616,17.00,77.15,4510000.0,2.281,1.38,3650000.0,outperform
8015,2008-06-02 08:27:27,1212409647.0,oxy,79.86,-23.48,1385.670044,-31.82,8.34,0.075,12.72,3.65,3.15,29.20,44.16,15.98,25.94,24.881,75450000000.0,75760000000.0,N/A,0.69,3.67,6.54,3.67,12960000000.0,6.54,5730000000.0,7.23,52.30,44.80,1500000000.0,1.822,1810000000.0,1.249,29.173,7860000000.0,1.04,1.14,80.10,15290000.0,2.4,1.90,15340000.0,outperform
8016,2012-11-08 08:19:33,1352380773.0,oxy,72.12,29.78,1377.51001,28.54,1.240000000000002,18.83,10.67,2.61,1.55,24.53,38.94,9.52,15.37,29.67,68340000000.0,68340000000.0,10.33,1.44,2.84,5.02,2.84,16550000000.0,5.02,5900000000.0,7.26,22.40,0.70,3760000000.0,4.64,7620000000.0,1.52,49.96,12140000000.0,1.51,1.40,81.40,5910000.0,1.30,0.70,6060000.0,outperform
8017,2007-04-04 17:15:28,1175721328.0,oxy,42.32,54.09,1439.369995,-4.87,58.96,0.145,10.24,2.36,2.17,23.68,43.16,17.14,25.92,20.714,41700000000.0,42840000000.0,N/A,1.39,2.43,4.26,2.43,11580000000.0,4.26,4430000000.0,4.86,19.40,0.90,1580000000.0,1.884,2790000000.0,1.271,22.84,6350000000.0,0.96,0.12,78.90,9600000.0,1.5,1.20,13410000.0,outperform
8018,2004-12-15 01:44:29,1103093069.0,oxy,23.83,46.66,1205.719971,5.41,41.25,0.392,10.21,2.06,2.28,20.29,34.53,11.65,25.87,27.19,22310000000.0,25180000000.0,9.16,1.70,2.33,4.86,2.33,5260000000.0,4.86,2210000000.0,5.534,54.40,26.10,998000000.0,2.53,3830000000.0,1.328,24.771999,3520000000.0,0.592,17.00,77.63,4150000.0000000005,1.944,1.27,4720000.0,outperform
8019,2012-09-18 21:44:12,1348019052.0,oxy,84.24,6.47,1459.319946,18.24,-11.77,19.27,11.53,3.03,1.84,26.13,41.12,10.41,16.89,29.69,76150000000.0,76150000000.0,11.59,1.33,3.16,5.47,3.16,16550000000.0,5.47,6300000000.0,7.74,26.90,6.60,4410000000.0,5.45,7620000000.0,1.54,48.83,12680000000.0,1.50,1.36,82.00,6050000.0,1.90,0.80,8080000.0,underperform
8020,2013-04-22 02:02:27,1366610547.0,oxy,77.18,23.79,1562.5,20.29,3.5,19.04,14.06,2.66,1.61,19.02,30.78,7.48,11.94,29.87,70160000000.0,70160000000.0,10.56,1.87,2.90,5.12,2.90,16329999999.999998,5.12,4630000000.0,5.66,79.40,2.30,1590000000.0,1.98,7620000000.0,1.30,49.68,11310000000.0,1.58,1.38,79.90,8590000.0,1.70,1.10,9890000.0,outperform
8021,2011-08-14 18:02:45,1313359365.0,oxy,77.8,8.55,1172.640015,19.74,-11.189999999999998,12.09,12.02,3.17,1.96,26.56,41.78,11.25,17.12,26.74,71440000000.0,71440000000.0,8.93,0.84,3.29,5.76,3.29,12930000000.0,5.76,5610000000.0,7.08,70.90,34.10,1990000000.0,2.45,4250000000.0,1.23,43.26,71440000000.0,1.00,1.32,82.30,6500000.0,1.60,0.80,6050000.0,underperform
8022,2006-09-02 12:05:27,1157213127.0,oxy,43.45,10.79,1305.369995,11.66,-0.870000000000001,0.161,8.71,2.44,2.44,28.25,44.68,18.39,34.89,21.19,43520000000.0,44820000000.0,N/A,1.01,2.54,4.538,2.54,10390000000.0,4.538,5350000000.0,5.91,44.20,35.90,1580000000.0,1.873,2890000000.0,1.357,20.881001,6080000000.0,1.12,2.25,79.60,12960000.0,2.1,1.50,14810000.0,underperform
8023,2004-11-29 00:21:45,1101705705.0,oxy,24.82,32.72,1178.569946,6.7,26.02,0.392,10.90,2.18,2.42,20.29,34.53,11.65,25.87,27.19,23810000000.0,26640000000.0,10.05,1.88,2.46,5.14,2.46,5260000000.0,5.14,2210000000.0,5.534,54.40,26.10,998000000.0,2.53,3830000000.0,1.328,24.771999,3520000000.0,0.581,17.00,77.74,4150000.0000000005,1.944,1.27,4720000.0,outperform
8024,2011-01-08 00:59:35,1294466375.0,oxy,88.21,1.03,1276.560059,0.35,0.68,7.92,18.46,4.13,2.47,22.44,38.39,10.15,14.22,23.35,79240000000.0,79240000000.0,13.51,1.21,4.18,7.40,4.18,10040000000.0,7.40,4269999999.9999995,5.21,28.50,19.30,2109999999.9999998,2.60,2510000000.0,1.42,39.02,79240000000.0,0.98,1.30,81.80,10380000.0,2.50,1.30,10920000.0,outperform
8025,2008-12-01 01:05:56,1228111556.0,m,5.71,157.27,816.210022,35.85,121.42000000000002,1.015,4.38,0.12,0.31,2.82,7.15,3.90,7.53,60.282,3120000000.0,12650000000.0,N/A,0.59,0.50,4.077,0.50,10640000000.0,4.077,720000000.0,1.696,N/A,7.00,300000000.0,0.713,9830000000.0,1.121,23.039,2260000000.0,1.7,0.31,93.80,27040000.0,2.3,6.40,25750000.0,outperform
8026,2013-05-07 11:32:23,1367940743.0,m,44.87,21.17,1625.959961,15.51,5.660000000000002,114.53,14.20,0.65,2.95,4.82,9.63,7.73,22.28,68.28,23090000000.0,23090000000.0,10.41,0.86,0.83,6.22,0.83,11150000000.0,6.22,1340000000.0,3.24,2.00,7.20,1840000000.0,4.72,6930000000.0,1.55,15.61,2260000000.0,0.83,0.34,87.40,10960000.0,2.30,2.80,9740000.0,outperform
8027,2011-12-23 05:06:35,1324634795.0,m,30.29,22.94,1265.329956,13.47,9.47,118.87,11.68,0.52,2.30,4.54,8.85,6.53,21.93,60.98,19310000000.0,19310000000.0,9.99,0.95,0.74,5.68,0.74,10180000000.0,5.68,1180000000.0,2.73,290.00,4.10,1100000000.0,2.61,6960000000.0,1.23,13.94,1790000000.0,1.41,0.13,89.60,16559999.999999998,1.90,3.90,17780000.0,outperform
8028,2008-12-21 18:19:47,1229901587.0,m,9.43,71.47,885.2800289999999,25.84,45.629999999999995,1.015,6.26,0.17,0.45,2.82,7.25,3.95,7.53,60.282,4470000000.0,14000000000.0,N/A,0.82,0.55,4.474,0.55,10640000000.0,4.474,720000000.0,1.70,N/A,7.00,300000000.0,0.713,9830000000.0,1.121,23.041,2260000000.0,1.7,0.31,93.80,27740000.0,1.4,6.60,27040000.0,outperform
8029,2013-03-14 19:46:24,1363304784.0,m,40.68,41.76,1563.22998,17.78,23.979999999999997,114.53,13.04,0.59,2.70,4.82,9.63,7.73,22.28,68.28,21250000000.0,21250000000.0,9.54,0.91,0.77,5.72,0.77,10670000000.0,5.72,1340000000.0,3.24,2.00,7.20,1840000000.0,4.74,6930000000.0,1.55,15.61,2260000000.0,0.89,0.34,87.40,9010000.0,1.80,2.20,7110000.0,outperform
8030,2008-02-13 23:03:39,1202961819.0,m,21.37,-63.13,1367.209961,-38.91,-24.220000000000006,1.137,13.22,0.40,1.14,3.26,8.29,4.54,8.16,57.487,10580000000.0,21190000000.0,N/A,0.96,0.79,6.011,0.79,10770000000.0,6.011,919000000.0,1.85,N/A,0.30,275000000.0,0.635,10730000000.0,1.012,21.802,1990000000.0,0.67,0.30,96.20,15630000.0,1.7,3.60,13390000.0,underperform
8031,2011-09-27 07:43:09,1317123789.0,m,25.48,41.56,1175.380005,21.95,19.610000000000003,118.67,11.22,0.45,1.96,4.08,8.48,6.66,19.34,60.51,17250000000.0,17250000000.0,9.02,2.18,0.67,5.24,0.67,10180000000.0,5.24,1050000000.0,2.43,63.90,7.30,1500000000.0,3.50,7080000000.0,1.31,13.96,17250000000.0,1.83,0.13,89.60,14550000.0,1.30,3.40,13000000.0,outperform
8032,2012-03-19 13:48:10,1332179290.0,m,37.45,7.37,1409.75,9.83,-2.46,130.76,13.55,0.62,2.77,4.76,9.04,6.98,21.91,62.20,21390000000.0,21390000000.0,10.47,0.97,0.81,6.16,0.81,10180000000.0,6.16,1260000000.0,2.92,11.70,5.50,2830000000.0,6.83,7760000000.0,1.41,14.32,2089999999.9999998,1.39,0.11,91.60,9340000.0,1.50,2.20,7830000.0,underperform
8033,2011-11-15 03:49:11,1321346951.0,m,29.01,28.13,1257.810059,7.77,20.36,118.87,11.20,0.50,2.24,4.54,8.85,6.53,21.93,60.98,18960000000.0,18960000000.0,9.79,1.10,0.73,5.58,0.73,10180000000.0,5.58,1180000000.0,2.73,290.00,4.10,1100000000.0,2.61,6960000000.0,1.23,13.91,18960000000.0,1.66,0.13,89.60,17210000.0,1.80,4.00,15880000.0,outperform
8034,2012-10-14 16:53:36,1350248016.0,m,37.49,10.8,1432.839966,19.35,-8.55,117.74,12.46,0.59,2.68,5.01,9.30,7.59,22.65,64.14,21210000000.0,21210000000.0,10.34,0.90,0.79,5.96,0.79,10670000000.0,5.96,1340000000.0,3.16,15.80,3.00,1600000000.0,3.99,6950000000.0,1.52,14.67,2140000000.0000002,0.91,0.27,91.50,6730000.0,1.30,1.60,5450000.0,underperform
8035,2012-02-29 21:49:25,1330570165.0,m,35.71,10.56,1365.680054,10.91,-0.34999999999999964,130.76,13.00,0.59,2.64,4.76,9.04,6.98,21.91,62.20,20600000000.0,20600000000.0,10.15,0.88,0.78,5.94,0.78,10180000000.0,5.94,1260000000.0,2.92,11.70,5.50,2830000000.0,6.83,7760000000.0,1.41,14.32,2089999999.9999998,1.37,0.11,91.60,7830000.0,1.20,1.80,8300000.000000001,underperform
8036,2008-12-19 11:55:14,1229705714.0,m,9.61,64.62,887.8800050000001,24.92,39.7,1.015,6.14,0.17,0.45,2.82,7.25,3.95,7.53,60.282,4380000000.0,13920000000.0,N/A,0.80,0.55,4.448,0.55,10640000000.0,4.448,720000000.0,1.70,N/A,7.00,300000000.0,0.713,9830000000.0,1.121,23.041,2260000000.0,1.7,0.31,93.80,27740000.0,1.4,6.60,27040000.0,outperform
8037,2008-02-12 01:58:40,1202799520.0,m,21.68,-64.53,1348.859985,-38.19,-26.340000000000003,1.137,13.57,0.39,1.11,3.26,8.29,4.54,8.16,57.487,10850000000.0,20930000000.0,N/A,0.89,0.78,5.939,0.78,10770000000.0,5.939,919000000.0,1.85,N/A,0.30,275000000.0,0.635,10730000000.0,1.012,21.802,1990000000.0,0.67,0.30,96.20,13390000.0,2.7,3.10,12810000.0,underperform
8038,2008-10-18 23:16:12,1224386172.0,m,7.71,139.69,907.840027,20.79,118.9,1.055,5.30,0.16,0.43,3.07,7.57,4.39,8.21,60.794,4139999999.9999995,13220000000.0,N/A,0.74,0.51,4.076,0.51,10640000000.0,4.076,797000000.0,1.86,1.40,3.00,1290000000.0,3.075,10380000000.0,1.163,23.389,2410000000.0,1.18,0.31,96.20,17530000.0,1.7,4.20,20060000.0,outperform
8039,2010-01-15 17:22:42,1263594162.0,gci,14.03,-7.06,1136.030029,13.2,-20.259999999999998,N/A,N/A,0.65,2.78,76.49,15.51,5.48,112.34,25.321,7020000000.0,7020000000.0,N/A,3.32,1.20,6.04,1.20,2750000000.0,6.04,4480000000.0,19.37,53.30,18.40,123770000.0,0.524,3310000000.0,1.08,5.836,860630000.0,3.05,7.47,92.80,37190000.0,4.9,21.10,44770000.0,underperform
8040,2012-12-11 03:05:36,1355213136.0,gci,17.01,49.79,1427.839966,24.82,24.97,61.12,9.70,0.79,1.69,8.39,15.49,7.72,18.10,22.29,5510000000.0,5510000000.0,7.97,2.67,1.06,5.50,1.06,2280000000.0,5.50,438140000.0,1.84,33.40,3.40,237450000.0,1.03,1630000000.0,1.13,10.62,709710000.0,1.47,0.34,97.30,24000000.0,6.50,10.20,23320000.0,outperform
8041,2007-02-27 09:31:47,1172586707.0,gci,45.79,-46.93,1399.040039,-1.36,-45.57,0.658,12.83,1.83,1.77,14.45,24.87,N/A,14.59,33.98,14740000000.0,20100000000.0,N/A,1.48,2.50,8.841,2.50,3540000000.0,8.841,1160000000.0,4.90,3.00,7.50,131960000.00000001,0.563,5490000000.0,N/A,35.589001,N/A,0.41,0.03,82.20,4510000.0,4.3,1.90,5050000.0,underperform
8042,2004-06-20 16:51:39,1087764699.0,gci,62.1,-13.01,1132.050049,7.42,-20.43,0.431,19.20,3.46,2.76,17.94,29.26,8.54,15.68,25.211,23670000000.0,27310000000.0,16.57,1.74,3.96,12.12,3.96,3260000000.0,12.12,1240000000.0,4.524,4.40,4.50,75740000.0,0.28,3720000000.0,1.166,31.693001,1470000000.0,0.663,0.99,80.91,2400000.0,2.409,0.89,3020000.0,underperform
8043,2009-02-06 00:56:33,1233899793.0,gci,4.13,208.23,868.599976,26.33,181.89999999999998,0.592,N/A,0.16,0.16,26.35,17.79,N/A,22.82,29.645,1090000000.0,4870000000.0,N/A,0.60,0.72,3.296,0.72,3280000000.0,3.296,1780000000.0,7.81,35.60,6.50,122780000.0,0.538,3910000000.0,N/A,28.959,N/A,1.62,0.41,107.20,60050000.0,13.6,26.40,57950000.0,outperform
8044,2004-11-02 14:09:53,1099422593.0,gci,58.75,-19.98,1130.560059,7.45,-27.43,0.471,17.82,3.11,2.58,17.94,29.25,8.62,15.48,25.773,21920000000.0,25830000000.0,15.63,1.74,3.66,11.2,3.66,3260000000.0,11.2,1270000000.0,4.624,4.40,4.50,112190000.0,0.42,4019999999.9999995,1.326,31.972,1490000000.0,0.687,0.98,81.17,3130000.0,3.779,1.19,4000000.0,underperform
8045,2013-03-31 18:22:33,1364768553.0,gci,20.9,30.38,1569.189941,19.32,11.059999999999999,56.15,12.22,0.94,2.14,7.93,17.03,8.77,18.77,23.04,6280000000.0,6280000000.0,8.71,1.98,1.17,5.68,1.17,2410000000.0,5.68,424280000.0,1.79,11.80,9.40,175030000.0,0.76,1430000000.0,1.15,10.22,756740000.0,1.55,0.39,97.00,26190000.0,9.80,11.50,24270000.0,outperform
8046,2012-02-29 05:10:45,1330510245.0,gci,13.32,42.57,1365.680054,10.91,31.66,70.08,7.98,0.69,1.55,8.76,16.38,7.98,20.29,21.90,5200000000.0,5200000000.0,7.47,1.17,0.99,4.93,0.99,2280000000.0,4.93,458750000.0,1.89,32.80,5.10,166930000.0,0.71,1760000000.0,1.19,9.82,814140000.0,2.75,10.62,86.50,23330000.0,5.20,9.80,18990000.0,outperform
8047,2008-10-22 17:47:08,1224712028.0,gci,7.49,61.68,896.7800289999999,21.87,39.81,0.651,N/A,0.34,0.36,22.84,22.90,6.88,20.96,30.783,2230000000.0,6140000000.0,N/A,0.99,0.87,3.225,0.87,3280000000.0,3.225,1620000000.0,7.032,N/A,10.20,577360000.0,2.531,4320000000.0,1.848,29.125999,1230000000.0,1.15,0.41,109.90,43930000.0,7.8,19.30,49640000.0,outperform
8048,2013-04-25 03:46:03,1366875963.0,gci,19.63,37.39,1585.160034,17.55,19.84,56.15,11.28,0.86,1.96,7.93,17.03,8.77,18.77,23.04,5940000000.0,5940000000.0,8.02,1.57,1.11,5.37,1.11,2410000000.0,5.37,424280000.0,1.79,11.80,9.40,175030000.0,0.76,1430000000.0,1.15,10.22,756740000.0,1.55,0.39,97.00,25270000.0,10.70,11.10,26190000.0,outperform
8049,2007-04-07 18:51:58,1175986318.0,gci,41.92,-44.01,1439.369995,-4.87,-39.14,0.658,11.42,1.64,1.57,14.45,24.87,N/A,14.59,33.98,13140000000.0,19720000000.0,N/A,1.43,2.46,8.672,2.46,3540000000.0,8.672,1160000000.0,4.90,3.00,7.50,131960000.00000001,0.563,5490000000.0,N/A,35.708,N/A,0.41,0.19,89.40,4510000.0,4.3,1.90,5050000.0,underperform
8050,2005-04-23 22:06:17,1114308377.0,gci,54.87,-25.84,1137.5,15.29,-41.129999999999995,0.564,15.34,2.63,2.40,17.85,29.10,8.75,15.82,27.571,19090000000.0,23570000000.0,13.33,1.66,3.19,9.85,3.19,3560000000.0,9.85,1320000000.0,4.93,8.70,10.00,135870000.0,0.54,4610000000.0,1.363,32.098,1590000000.0,0.524,0.04,79.08,3880000.0,3.65,1.54,4520000.0,underperform
8051,2011-09-05 15:52:46,1315252366.0,gci,,,1173.969971,19.67,,77.10,4.90,0.50,1.11,9.66,18.68,9.31,23.65,22.40,4370000000.0,4370000000.0,4.58,0.86,0.82,3.62,0.82,N/A,3.62,517559999.99999994,2.13,22.50,2.20,165340000.0,0.69,2020000000.0,1.19,10.09,4370000000.0,2.63,0.13,95.00,24990000.0,4.30,10.50,24640000.0,underperform
8052,2006-08-30 03:42:50,1156923770.0,gci,41.89,-14.94,1305.369995,11.66,-26.6,0.623,11.36,1.68,1.63,15.15,25.65,8.04,14.74,32.744,13290000000.0,18060000000.0,N/A,1.23,2.31,7.914,2.31,3540000000.0,7.914,1160000000.0,4.95,8.30,6.10,133590000.0,0.565,5050000000.0,1.423,34.207001,1420000000.0,0.52,0.19,85.50,7090000.0,5.3,3.00,6010000.0,underperform
8053,2005-01-20 15:14:44,1106252084.0,gci,57.71,-21.59,1175.410034,7.32,-28.91,0.581,16.82,2.86,2.65,17.91,29.19,8.74,15.72,26.651,20500000000.0,25200000000.0,15.39,1.76,3.48,10.7,3.48,3260000000.0,10.7,1300000000.0,4.775,4.40,4.50,120370000.0,0.47,4580000000.0,1.227,30.622999,1560000000.0,0.601,1.12,81.78,3670000.0,3.185,1.46,3360000.0,underperform
8054,2008-06-27 16:21:44,1214598104.0,gci,17.32,-82.39,1278.380005,-29.52,-52.870000000000005,0.439,4.90,0.68,0.55,14.23,23.80,6.68,10.94,31.428,5000000000.0,8800000000.0,N/A,1.95,1.21,4.367,1.21,3280000000.0,4.367,961000000.0,4.46,8.90,8.40,166090000.0,0.726,3980000000.0,1.387,39.611,1300000000.0,60.45,10.34,90.70,30080000.0,10.3,13.20,26300000.0,underperform
8055,2007-02-26 19:34:14,1172536454.0,gci,46.69,-47.06,1449.369995,-4.7,-42.36,0.658,12.83,1.84,1.77,14.45,24.87,N/A,14.59,33.98,14750000000.0,20130000000.0,N/A,1.48,2.51,8.853,2.51,3540000000.0,8.853,1160000000.0,4.90,3.00,7.50,131960000.00000001,0.563,5490000000.0,N/A,35.589001,N/A,0.41,0.03,82.20,4510000.0,4.3,1.90,5050000.0,underperform
8056,2005-03-30 21:00:18,1112234418.0,gci,57.14,-23.38,1181.410034,10.06,-33.44,0.564,16.11,2.71,2.47,17.85,29.10,8.75,15.82,27.571,20050000000.0,24470000000.0,14.00,1.70,3.32,10.23,3.32,3560000000.0,10.23,1320000000.0,4.93,8.70,10.00,135870000.0,0.54,4610000000.0,1.363,32.098,1590000000.0,0.544,0.04,81.09,4520000.0,3.715,1.79,3460000.0,underperform
8057,2012-07-14 05:17:04,1342257424.0,gci,13.21,93.04,1341.449951,24.87,68.17,65.80,7.94,0.64,1.43,8.38,15.60,7.71,19.14,21.85,4850000000.0,4850000000.0,6.62,0.92,0.93,4.82,0.93,2280000000.0,4.82,436480000.0,1.80,24.60,2.60,157480000.0,0.67,1670000000.0,1.06,9.95,752140000.0,2.32,0.32,96.90,26180000.0,7.20,11.10,24310000.0,outperform
8058,2008-04-27 18:23:22,1209335002.0,gci,21.66,-86.29,1388.819946,-38.26,-48.03000000000001,0.455,6.24,0.88,0.71,14.23,23.80,N/A,N/A,31.427,6390000000.0,10410000000.0,N/A,2.92,1.43,5.161,1.43,3280000000.0,5.161,961000000.0,4.46,8.90,9.00,77250000.0,0.336,4099999999.9999995,N/A,39.171001,N/A,50.94,0.20,94.80,21230000.0,9.1,9.30,20500000.0,underperform
8059,2003-10-26 23:35:25,1067229325.0,gci,58.76,-0.17,1028.910034,7.99,-8.16,0.586,18.78,3.40,2.99,18.17,29.89,8.70,17.13,24.43,22490000000.0,26760000000.0,16.82,1.86,4.05,12.25,4.05,3170000000.0,12.25,1200000000.0,4.441,39.60,1.20,132389999.99999999,0.49,4400000000.0,1.287,27.89,N/A,0.701,0.00,82.78,3140000.0,2.783,1.16,2620000.0,underperform
8060,2008-12-07 17:07:17,1228687637.0,gci,6.85,40.58,845.2199710000001,30.53,10.049999999999997,0.592,N/A,0.28,0.29,24.47,21.56,6.33,21.76,30.229,2029999999.9999998,5820000000.0,N/A,0.87,0.84,3.286,0.84,3280000000.0,3.286,1700000000.0,7.40,32.50,9.00,122780000.0,0.538,3910000000.0,1.115,28.959,1260000000.0,1.53,0.41,108.10,43110000.0,10.5,18.90,43750000.0,outperform
8061,2011-10-25 09:27:15,1319549235.0,gci,10.11,64.39,1229.050049,14.62,49.77,77.10,5.55,0.53,1.16,9.71,18.66,N/A,N/A,22.17,4690000000.0,4690000000.0,5.41,0.83,0.88,3.93,0.88,2460000000.0,3.93,515940000.00000006,2.12,1.60,3.50,165340000.0,0.69,2020000000.0,N/A,10.09,4690000000.0,2.77,0.13,95.00,27360000.0,5.20,N/A,30170000.0,outperform
8062,2005-02-10 03:11:28,1108023088.0,gci,57.45,-21.06,1197.01001,5.85,-26.909999999999997,0.581,16.79,2.86,2.65,17.91,29.19,8.74,15.72,26.651,20460000000.0,25200000000.0,14.09,1.69,3.48,10.7,3.48,3260000000.0,10.7,1300000000.0,4.78,4.40,4.50,120370000.0,0.47,4580000000.0,1.227,30.622999,1560000000.0,0.557,1.12,78.80,3720000.0,2.99,1.48,3670000.0,underperform
8063,2007-10-18 06:26:27,1192703187.0,wu,16.93,0.89,1540.079956,-38.93,39.82,N/A,17.20,3.23,N/A,18.78,27.96,15.74,55.12,6.069,14920000000.0,16680000000.0,N/A,1.49,3.59,11.786,3.59,2040000000.0,11.786,873000000.0,1.12,6.60,8.00,1490000000.0,1.926,3160000000.0,2.114,0.113,1110000000.0,1.72,0.08,81.90,7690000.0,1.00,1.00,6750000.0,outperform
8064,2007-01-26 03:48:51,1169801331.0,wu,18.58,-5.49,1422.180054,-5.88,0.3899999999999997,N/A,17.92,3.76,N/A,20.65,29.93,N/A,N/A,5.695,16149999999.999998,N/A,N/A,1.47,N/A,N/A,N/A,1870000000.0,N/A,901500000.0,1.18,6.70,11.90,1330000000.0,1.732,3500000000.0,0.503,0.75,1070000000.0000001,N/A,N/A,5.60,11920000.0,2.7,1.60,7980000.0,outperform
8065,2013-04-25 07:29:18,1366889358.0,wu,14.04,9.12,1585.160034,17.55,-8.430000000000001,428.37,8.62,1.46,8.86,18.11,24.78,9.47,111.79,9.37,10470000000.0,10470000000.0,9.16,0.97,1.85,6.35,1.85,2470000000.0,6.35,1030000000.0,1.69,47.40,0.50,1790000000.0,3.15,4030000000.0000005,2.38,1.64,1190000000.0,1.40,0.06,90.30,25070000.0,2.60,N/A,23420000.0,underperform
8066,2010-01-16 15:25:22,1263673522.0,wu,18.0,-3.67,1145.680054,12.05,-15.72,N/A,15.93,2.72,42.03,17.09,26.30,14.20,728.48,7.183,14940000000.0,14940000000.0,N/A,1.21,2.95,10.1,2.95,2190000000.0,10.1,864700000.0,1.23,24.80,4.60,1630000000.0,2.348,3050000000.0,1.638,0.473,1290000000.0,1.52,0.07,91.60,13640000.0,2.9,1.90,13440000.0,underperform
8067,2007-03-23 21:20:08,1174699208.0,wu,19.83,-1.61,1436.109985,-9.59,7.9799999999999995,N/A,18.79,3.74,N/A,20.45,29.34,16.92,73.21,5.847,17250000000.0,18640000000.0,N/A,1.66,4.17,12.898,4.17,2040000000.0,12.898,914000000.0,1.19,7.10,9.80,1420000000.0,1.842,3320000000.0,1.848,0.408,1110000000.0,N/A,N/A,77.10,3650000.0,0.8,0.50,10390000.0,outperform
8068,2007-05-01 05:37:13,1178012233.0,wu,18.52,10.42,1486.300049,-6.78,17.2,N/A,17.70,3.66,N/A,20.45,29.34,16.51,73.21,5.847,16190000000.000002,19290000000.0,N/A,1.68,4.32,13.634,4.32,1870000000.0,13.634,914000000.0,1.19,N/A,N/A,1420000000.0,1.844,3320000000.0,4.877,0.224,1110000000.0,N/A,N/A,11.40,10390000.0,1.40,1.40,11920000.0,outperform
8069,2004-06-28 12:48:49,1088441329.0,pbi,25.62,1.01,1133.349976,6.02,-5.01,3.187,20.36,2.18,8.87,10.90,15.90,5.71,50.26,19.766,10130000000.0,13480000000.0,16.55,2.20,2.89,11.26,2.89,2370000000.0,11.26,507430000.0,2.154,4.70,3.80,300890000.0,1.3,3650000000.0,0.877,4.946,909390000.0,0.42,0.14,76.70,2540000.0,5.614,1.10,2580000.0,underperform
8070,2010-03-02 15:03:44,1267560224.0,pbi,16.73,15.18,1118.310059,17.0,-1.8200000000000003,N/A,11.25,0.85,374.03,7.60,15.23,6.13,N/A,26.962,8770000000.0,8770000000.0,N/A,N/A,1.58,7.321,1.58,3280000000.0,7.321,431550000.0,2.042,33.30,6.30,427420000.0,2.082,4440000000.0,1.208,0.062,N/A,0.91,0.36,89.10,20440000.0,8.3,11.10,18990000.0,underperform
8071,2013-04-25 06:46:53,1366886813.0,pbi,14.19,71.25,1585.160034,17.55,53.7,987.07,6.68,0.60,26.89,9.08,15.01,5.75,136.76,24.47,5950000000.0,5950000000.0,7.61,1.22,1.21,6.00,1.21,2470000000.0,6.00,435880000.0,2.21,57.10,0.10,949890000.0,4.72,4019999999.9999995,1.12,0.55,660190000.0,1.57,0.34,89.30,56240000.0,17.50,37.00,59570000.0,outperform
8072,2012-11-04 13:53:04,1352055184.0,pbi,12.97,62.53,1427.589966,23.84,38.69,874.22,4.31,0.58,23.77,11.71,14.70,6.02,114.00,25.21,5780000000.0,5780000000.0,6.74,1.52,1.14,5.71,1.14,2660000000.0,5.71,364660000.0,2.95,55.70,6.50,461030000.0,2.29,3680000000.0,1.00,0.62,N/A,1.27,0.28,97.80,60600000.0,21.20,34.80,56200000.0,outperform
8073,2005-02-04 01:07:52,1107497272.0,pbi,27.65,-5.32,1203.030029,6.6,-11.92,3.083,22.50,2.21,8.72,9.69,14.11,5.16,40.93,21.18,10650000000.0,14270000000.0,16.37,2.33,2.88,16.43,2.88,2370000000.0,16.43,480450000.0,2.05,4.70,3.80,320150000.0,1.39,3980000000.0,0.846,5.277,903240000.0,0.585,0.01,76.09,2470000.0,3.958,1.07,2230000.0,underperform
8074,2004-11-25 08:46:11,1101390371.0,pbi,,,1177.23999,7.73,,3.219,19.02,2.09,8.24,11.26,16.52,5.97,48.89,20.506,10120000000.0,13690000000.0,16.75,2.17,2.85,10.86,2.85,2370000000.0,10.86,541320000.0,2.307,4.70,3.80,350280000.0,1.52,3920000000.0,0.864,5.277,903240000.0,0.576,0.01,77.01,2220000.0,4.5,0.96,2440000.0,underperform
8075,2011-10-30 08:45:04,1319978704.0,pbi,16.79,,1284.589966,9.91,,437.14,12.50,0.78,N/A,6.26,15.13,6.15,158.17,26.56,7800000000.0,7800000000.0,9.16,1.07,1.44,7.07,1.44,2750000000.0,7.07,353960000.0,1.66,64.40,1.30,624110000.0,3.09,4240000000.0,1.21,0.01,7800000000.0,1.18,0.21,83.50,26260000.0,8.80,N/A,27040000.0,underperform
8076,2007-02-13 00:07:53,1171343273.0,pbi,30.11,-17.34,1444.26001,-5.33,-12.01,6.205,102.42,1.87,15.32,1.84,20.30,7.61,56.53,25.564,10580000000.0,N/A,N/A,1.64,N/A,N/A,N/A,3010000000.0,N/A,565660000.0,0.47,70.10,6.00,301610000.0,1.363,4340000000.0,1.048,3.156,N/A,0.61,0.27,79.10,5250000.0,7.8,2.40,4710000.0,underperform
8077,2011-11-29 17:10:10,1322604610.0,pbi,14.75,-30.24,1195.189941,17.97,-48.209999999999994,690.84,8.51,0.66,N/A,7.88,15.07,6.14,164.71,26.47,7010000000.0,7010000000.0,8.17,1.15,1.31,6.45,1.31,2750000000.0,6.45,374830000.0,2.08,94.30,3.40,769060000.0,3.85,4250000000.0,1.25,0.23,7010000000.0,1.08,0.21,83.50,26260000.0,9.10,12.90,26260000.0,underperform
8078,2004-08-03 13:03:55,1091552635.0,pbi,24.82,8.7,1099.689941,13.22,-4.520000000000001,3.183,19.16,2.08,8.80,11.06,16.19,5.86,49.48,20.114,9860000000.0,13140000000.0,16.09,2.11,2.78,14.14,2.78,2370000000.0,14.14,523280000.0,2.225,4.70,3.80,330230000.0,1.43,3620000000.0,0.842,4.846,909390000.0,0.424,0.01,76.49,1610000.0,2.967,0.70,2540000.0,underperform
8079,2005-08-31 10:51:30,1125499890.0,adbe,27.04,19.97,1220.329956,6.84,13.129999999999999,3.861,26.25,7.40,7.09,28.83,35.49,19.25,33.18,3.732,13330000000.0,11640000000.0,N/A,1.67,6.46,16.576,6.46,1560000000.0,16.576,519630000.0,1.03,36.90,21.00,1690000000.0,3.439,3.861,3.861,3.826,686360000.0,N/A,0.71,84.10,29450000.0,4.7,6.00,26950000.0,outperform
8080,2008-12-04 14:30:57,1228419057.0,adbe,20.44,78.57,845.2199710000001,30.85,47.71999999999999,0.08,14.93,3.35,2.74,23.72,28.95,11.44,18.63,6.492,11980000000.0,10330000000.0,N/A,0.70,2.89,7.871,2.89,2800000000.0,7.871,848100000.0,1.51,6.60,4.20,2000000000.0,3.765,350000000.0,3.804,8.225,1340000000.0,1.85,0.51,87.40,12380000.0,1.6,2.30,11990000.0,outperform
8081,2007-10-18 06:04:41,1192701881.0,adbe,47.11,-40.18,1540.079956,-38.93,-1.25,N/A,40.57,8.95,5.55,23.38,25.44,8.25,14.20,4.976,26380000000.0,24420000000.0,N/A,2.08,8.34,23.089,8.34,2280000000.0,23.089,684840000.0,1.13,117.40,41.40,1960000000.0,3.408,N/A,3.102,8.222,1360000000.0,19.31,0.52,87.60,13050000.0,1.3,2.30,15110000.0,underperform
8082,2007-06-30 20:56:00,1183251360.0,adbe,40.47,0.89,1506.339966,-14.82,15.71,N/A,42.31,8.87,4.57,21.42,22.38,8.27,11.52,4.548,23610000000.0,21280000000.0,N/A,1.94,7.94,19.658,7.94,2280000000.0,19.658,574000000.0,0.95,23.90,17.30,2320000000.0,3.953,N/A,3.79,8.837,1120000000.0,2.21,0.19,86.20,19780000.0,3.3,3.40,16579999.999999998,outperform
8083,2007-04-30 09:07:29,1177938449.0,adbe,41.56,-9.14,1482.369995,-6.17,-2.9700000000000006,N/A,47.87,9.82,4.94,21.20,22.12,7.89,10.69,4.346,25220000000.0,22940000000.0,N/A,1.93,8.93,22.121,8.93,2280000000.0,22.121,544590000.0,0.90,36.90,0.90,2280000000.0,3.882,N/A,4.358,8.687,1020000000.0,2.37,0.19,85.50,17100000.0,2.90,2.90,13040000.0,underperform
8084,2008-01-23 23:45:57,1201149957.0,adbe,34.35,-43.76,1338.599976,-38.18,-5.579999999999998,N/A,28.40,6.19,4.20,22.92,27.18,9.19,14.77,5.405,19730000000.0,17550000000.0,N/A,1.28,5.56,14.939,5.56,2280000000.0,14.939,723810000.0,1.21,21.30,33.60,1990000000.0,3.469,N/A,3.018,8.091,N/A,2.11,0.49,85.80,11470000.0,2.00,2.00,11530000.0,underperform
8085,2007-04-29 08:01:44,1177848104.0,adbe,43.26,-14.05,1494.25,-6.55,-7.500000000000001,N/A,47.87,9.90,4.98,21.20,22.12,7.89,10.69,4.346,25220000000.0,22940000000.0,N/A,1.93,8.93,22.121,8.93,2280000000.0,22.121,544590000.0,0.90,36.90,0.90,2280000000.0,3.882,N/A,4.358,8.687,1020000000.0,2.37,0.19,85.50,17100000.0,2.90,2.90,13040000.0,underperform
8086,2007-03-09 02:36:54,1173425814.0,adbe,39.17,-17.23,1402.839966,-4.93,-12.3,N/A,47.31,8.85,4.42,19.64,22.17,11.03,14.42,4.337,23000000000.0,20520000000.0,N/A,1.78,7.97,19.55,7.97,2280000000.0,19.55,505810000.0,0.83,17.30,33.70,2280000000.0,3.876,N/A,4.258,8.773,927240000.0,2.24,0.19,85.40,13040000.0,2.7,2.20,14190000.0,underperform
8087,2006-06-23 19:31:40,1151105500.0,adbe,30.6,35.2,1244.5,21.56,13.640000000000004,N/A,32.48,8.06,3.87,23.13,29.44,11.41,15.95,4.27,18260000000.0,16610000000.0,N/A,1.63,7.26,18.374,7.26,1850000000.0,18.374,529340000.00000006,0.94,17.80,28.10,1830000000.0,3.05,N/A,4.055,7.965,814340000.0,1.75,0.53,83.10,14190000.0,2.5,2.40,15350000.0,outperform
8088,2008-12-05 00:15:55,1228454155.0,adbe,21.66,68.51,876.070007,26.62,41.89,0.08,13.54,3.35,2.74,23.72,28.95,11.44,18.63,6.492,10860000000.0,10330000000.0,N/A,0.70,2.89,7.871,2.89,2800000000.0,7.871,848100000.0,1.51,6.60,4.20,2000000000.0,3.765,350000000.0,3.804,8.225,1340000000.0,1.85,0.51,87.40,12380000.0,1.6,2.30,11990000.0,outperform
8089,2007-05-31 04:45:00,1180601100.0,adbe,44.06,0.0,1530.619995,-8.51,8.51,N/A,48.24,9.81,4.93,21.20,22.12,7.89,10.69,4.346,25410000000.0,23130000000.0,N/A,1.93,9.00,22.308,9.00,2280000000.0,22.308,544590000.0,0.90,36.90,0.90,2280000000.0,3.882,N/A,4.358,8.687,1020000000.0,2.24,0.19,86.70,17770000.0,2.7,3.00,17100000.0,outperform
8090,2005-02-07 16:20:07,1107811207.0,adbe,31.76,23.61,1201.719971,4.42,19.189999999999998,3.436,35.00,9.16,10.78,27.02,35.51,26.01,36.15,6.73,15190000000.0,14310000000.0,28.81,2.12,8.59,21.93,8.59,1560000000.0,21.93,450400000.0,1.82,39.20,11.20,1310000000.0,5.38,3.436,3.436,5.934,621520000.0,1.519,10.85,80.71,6930000.0,2.587,3.18,6620000.0,outperform
8091,2007-01-27 16:50:33,1169934633.0,adbe,39.69,-12.72,1440.130005,-6.11,-6.61,N/A,47.65,8.89,4.44,19.59,22.10,8.47,14.38,4.337,22960000000.0,20680000000.0,N/A,1.81,8.03,24.094,8.03,1850000000.0,24.094,504420000.0,0.82,16.40,33.70,2280000000.0,3.9,N/A,4.3,8.807,N/A,2.31,0.54,85.40,14190000.0,2.7,2.40,15830000.0,underperform
8092,2011-08-05 04:11:46,1312531906.0,adbe,25.62,19.79,1199.380005,14.67,5.119999999999999,28.17,14.01,3.34,2.51,23.78,28.84,8.93,18.22,7.98,12410000000.0,12410000000.0,10.18,1.01,3.07,8.56,3.07,3400000000.0,8.56,962940000.0,1.87,54.40,8.50,2630000000.0,5.32,1520000000.0,3.23,10.92,12410000000.0,1.54,0.43,86.30,13350000.0,2.00,2.60,13890000.0,outperform
8093,2011-09-25 13:42:54,1316972574.0,adbe,24.31,37.47,1129.560059,28.98,8.489999999999998,28.17,13.33,2.95,2.16,23.78,28.84,8.93,18.22,7.98,11180000000.0,11180000000.0,9.76,0.86,2.76,7.71,2.76,3400000000.0,7.71,962940000.0,1.87,54.40,8.50,2630000000.0,5.32,1520000000.0,3.23,11.25,11180000000.0,1.54,0.43,86.30,15230000.0,1.90,N/A,13180000.0,outperform
8094,2007-05-30 21:47:54,1180576074.0,adbe,43.22,1.34,1530.22998,-8.62,9.959999999999999,N/A,48.24,9.81,4.93,21.20,22.12,7.89,10.69,4.346,25410000000.0,22930000000.0,N/A,1.93,8.92,22.11,8.92,2280000000.0,22.11,544590000.0,0.90,36.90,0.90,2280000000.0,3.882,N/A,4.358,8.687,1020000000.0,2.24,0.19,86.70,17770000.0,2.7,3.00,17100000.0,outperform
8095,2012-03-24 12:13:07,1332605587.0,adbe,33.56,25.69,1402.890015,10.19,15.500000000000002,25.26,21.69,3.93,2.78,18.51,27.90,8.47,13.73,8.55,15450000000.0,15450000000.0,12.76,1.49,3.65,10.62,3.65,3780000000.0,10.62,783470000.0,1.56,21.10,1.70,2770000000.0,5.60,1510000000.0,3.14,12.12,1530000000.0,1.61,5.44,87.30,13180000.0,3.40,2.70,13930000.0,outperform
8096,2007-03-28 17:43:54,1175118234.0,adbe,41.58,-14.19,1417.22998,-6.45,-7.739999999999999,N/A,47.03,9.83,4.93,21.20,22.07,7.88,10.69,4.346,24800000000.0,22960000000.0,N/A,1.93,8.94,22.173,8.94,2280000000.0,22.173,544590000.0,0.90,36.90,0.90,2280000000.0,3.879,N/A,4.358,8.699,1000000000.0,2.24,0.19,85.30,13040000.0,2.7,2.20,14190000.0,underperform
8097,2011-04-24 04:02:44,1303632164.0,adbe,33.48,-2.57,1337.380005,2.21,-4.779999999999999,28.03,19.80,4.28,3.14,22.23,28.48,8.69,16.65,7.72,15770000000.0,15770000000.0,13.18,1.06,3.97,11.10,3.97,3400000000.0,11.10,882120000.0,1.69,84.50,19.70,2640000000.0,5.23,1520000000.0,3.40,10.74,15770000000.0,1.51,0.43,86.30,16149999.999999998,2.30,3.20,15260000.0,underperform
8098,2005-04-05 04:12:22,1112688742.0,adbe,33.42,7.69,1181.390015,11.02,-3.329999999999999,3.511,34.70,9.47,9.99,27.93,34.92,25.97,35.48,6.882,16200000000.0,14780000000.0,28.45,2.09,8.61,22.34,8.61,1560000000.0,22.34,479260000.0,1.92,69.10,28.70,1470000000.0,6.03,3.511,3.511,6.682,683740000.0,1.615,0.79,83.16,5780000.0,2.594,2.40,5350000.0,underperform
8099,2011-10-18 13:47:26,1318960046.0,adbe,26.76,24.96,1225.380005,19.22,5.740000000000002,27.25,14.37,3.16,2.32,22.79,28.13,8.71,17.43,8.12,11680000000.0,11680000000.0,10.29,0.91,2.87,8.23,2.87,3400000000.0,8.23,927980000.0,1.83,15.20,2.30,2720000000.0,5.54,1520000000.0,3.36,11.29,11680000000.0,1.56,0.43,86.30,17400000.0,2.40,3.50,17780000.0,outperform
8100,2012-07-02 04:31:22,1341217882.0,adbe,32.19,42.99,1365.51001,18.2,24.790000000000003,24.76,20.91,3.54,2.52,17.94,27.87,8.53,13.54,8.78,14430000000.0,14430000000.0,12.22,1.44,3.33,9.67,3.33,3780000000.0,9.67,777910000.0,1.55,2.40,9.90,3000000000.0,6.10,1510000000.0,3.03,12.35,1580000000.0,1.32,6.54,85.80,15120000.0,3.90,3.10,16140000.0,outperform
8101,2004-01-25 05:32:05,1075026725.0,adbe,18.59,48.95,1143.939941,1.73,47.220000000000006,N/A,34.33,6.72,7.97,20.57,29.31,21.41,32.14,5.392,8900000000.0,7810000000.0,25.66,1.97,6.03,20.57,6.03,1060000000.0,20.57,266339999.99999997,1.108,6.90,5.30,1100000000.0,4.69,N/A,3.045,4.67,N/A,1.537,1.88,79.40,7900000.0,1.943,3.44,7880000.0,outperform
8102,2004-08-21 23:10:00,1093144200.0,adbe,22.75,16.92,1095.170044,11.31,5.610000000000001,3.526,29.72,7.19,8.61,25.17,33.92,25.33,36.21,6.174,11050000000.0,9770000000.0,25.46,1.79,6.47,17.27,6.47,1200000000.0,17.27,380310000.0,1.551,39.20,11.20,1280000000.0,5.34,3.526,3.526,5.264,558160000.0,1.463,1.91,83.27,9150000.0,3.026,3.89,8100000.0,outperform
8103,2004-11-12 17:19:37,1100297977.0,adbe,29.48,10.01,1184.170044,3.08,6.93,3.1,34.06,8.74,11.37,26.34,35.14,26.31,37.06,6.475,13860000000.0,12800000000.0,29.79,2.17,8.02,20.77,8.02,1200000000.0,20.77,420250000.0,1.706,39.20,11.20,1140000000.0,4.78,3.1,3.1,5.137,621520000.0,1.458,1.90,82.95,6930000.0,2.476,2.96,8310000.000000001,outperform
8104,2007-03-15 06:30:18,1173954618.0,adbe,38.62,-15.56,1392.280029,-7.48,-8.08,N/A,47.69,8.83,4.41,19.59,22.10,8.47,14.38,4.337,23130000000.0,20030000000.0,N/A,1.74,7.78,23.338,7.78,2280000000.0,23.338,504420000.0,0.82,16.40,33.70,2280000000.0,3.9,N/A,4.3,8.773,N/A,2.31,0.54,85.90,14190000.0,2.7,2.40,15830000.0,underperform
8105,2008-12-20 21:49:14,1229827754.0,adbe,21.69,70.63,904.419983,21.19,49.44,0.079,13.93,3.16,2.56,24.35,29.62,11.49,19.25,6.637,11700000000.0,10030000000.0,N/A,0.77,2.80,7.557,2.80,2800000000.0,7.557,871810000.0,1.59,10.70,0.40,2020000000.0,3.818,350000000.0,3.587,8.34,N/A,1.85,0.51,87.30,9660000.0,0.9,1.80,12380000.0,outperform
8106,2008-12-17 11:42:55,1229532175.0,adbe,21.69,70.63,904.419983,21.19,49.44,0.08,14.78,3.31,2.71,23.72,28.95,11.44,18.63,6.492,11850000000.0,10200000000.0,N/A,0.77,2.85,7.773,2.85,2800000000.0,7.773,848100000.0,1.51,6.60,4.20,2000000000.0,3.768,350000000.0,3.804,8.225,1340000000.0,1.85,0.51,87.30,9660000.0,0.9,1.80,12380000.0,outperform
8107,2007-05-01 10:38:04,1178030284.0,adbe,41.73,-10.64,1486.300049,-6.78,-3.8600000000000003,N/A,46.38,9.51,4.78,21.20,22.12,7.89,10.69,4.346,24440000000.0,22640000000.0,N/A,1.94,8.81,21.838,8.81,2280000000.0,21.838,544590000.0,0.90,36.90,0.90,2280000000.0,3.882,N/A,4.358,8.687,1020000000.0,2.37,0.19,85.30,17100000.0,2.90,2.90,13040000.0,underperform
8108,2006-11-28 09:44:25,1164725065.0,adbe,39.91,5.31,1386.719971,5.93,-0.6200000000000001,N/A,49.29,9.76,4.80,19.92,25.06,11.14,13.69,4.226,23460000000.0,21480000000.0,N/A,2.23,8.94,22.217,8.94,1850000000.0,22.217,478820000.0,0.82,34.90,23.60,1990000000.0,3.405,N/A,4.477,8.379,821510000.0,1.81,0.54,85.20,15170000.0,2.3,2.60,16469999.999999998,underperform
8109,2012-11-07 19:53:47,1352336027.0,eix,42.26,13.27,1394.530029,25.29,-12.02,122.31,N/A,1.15,1.50,3.65,12.60,2.12,2.83,40.56,29420000000.0,29420000000.0,17.76,6.42,2.23,8.15,2.23,3830000000.0,8.15,353000000.0,1.49,55.40,6.50,1080000000.0,3.32,14700000000.0,1.05,30.52,3240000000.0,0.40,0.14,79.60,2420000.0,1.50,0.80,3110000.0,underperform
8110,2004-04-14 06:30:54,1081938654.0,eix,16.78,59.77,1128.170044,3.0,56.77,2.691,9.64,0.63,1.42,6.42,14.76,2.21,15.81,36.884,7430000000.0,20050000000.0,13.49,2.80,1.65,6.74,1.65,8289999999.999999,6.74,779000000.0,2.366,15.20,0.50,2200000000.0,6.75,14480000000.0,0.819,16.521999,3850000000.0,0.132,14.00,69.98,5990000.0,4.101,2.14,6170000.0,outperform
8111,2013-06-28 03:39:32,1372405172.0,eix,46.26,22.87,1606.280029,21.99,0.8800000000000026,88.86,N/A,1.28,1.61,0.04,20.60,3.29,13.83,37.05,25860000000.0,25860000000.0,13.54,69.70,2.14,6.27,2.14,3820000000.0,6.27,1580000000.0,0.03,191.40,9.00,115000000.0,0.35,10050000000.0,0.62,29.33,3160000000.0,0.30,0.17,81.10,2600000.0,0.80,0.80,2950000.0,outperform
8112,2007-03-22 15:32:29,1174591949.0,eix,39.45,0.66,1434.540039,-7.24,7.9,1.262,13.96,1.29,2.11,9.36,19.71,4.62,15.12,38.718,16280000000.000002,24580000000.0,N/A,2.48,1.95,6.295,1.95,7460000000.0,6.295,1070000000.0000001,3.58,5.50,3.10,2350000000.0,7.222,9730000000.0,1.274,23.660999,3590000000.0,0.03,0.15,71.00,3230000.0,1.6,1.00,2330000.0,outperform
8113,2003-12-15 23:39:27,1071549567.0,eix,15.08,50.93,1068.040039,12.67,38.26,2.896,10.68,0.57,1.30,5.41,14.79,1.87,13.86,36.468,6860000000.0,18770000000.0,13.04,2.45,1.56,6.49,1.56,8289999999.999999,6.49,650000000.0,1.971,15.20,0.50,3250000000.0,9.96,15100000000.0,0.852,N/A,N/A,0.089,14.00,71.84,7380000.0,5.994,2.63,7910000.0,outperform
8114,2007-12-17 03:02:53,1197878573.0,eix,43.28,-38.66,1445.900024,-36.84,-1.8199999999999932,1.138,15.55,1.41,2.18,9.06,19.28,4.22,14.47,39.782,17970000000.0,25700000000.0,N/A,2.10,1.98,6.735,1.98,7460000000.0,6.735,1140000000.0,3.55,0.70,3.70,1810000000.0,5.555,9550000000.0,1.118,25.747999,3250000000.0,0.62,0.25,74.80,3300000.0,1.9,1.00,3720000.0,underperform
8115,2004-08-23 05:08:08,1093252088.0,eix,19.68,61.13,1095.680054,11.13,50.0,3.207,21.53,0.74,1.76,3.52,11.18,1.18,8.18,36.308,8850000000.0,22360000000.0,13.71,3.16,1.88,8.69,1.88,8010000000.0,8.69,419000000.0,1.261,31.10,5.60,2600000000.0,15990000000.0,15990000000.0,1.149,15.306,2950000000.0,0.134,14.00,70.72,8740000.0,5.157,3.12,7200000.0,outperform
8116,2008-02-20 11:22:35,1203524555.0,eix,41.16,-42.95,1360.030029,-42.73,-0.22000000000000597,1.138,14.55,1.30,2.00,9.06,19.28,4.22,14.47,39.782,16809999999.999998,24540000000.0,N/A,1.64,1.89,6.432,1.89,7460000000.0,6.432,1140000000.0,3.55,0.70,3.70,1810000000.0,5.555,9550000000.0,1.118,25.747999,3250000000.0,0.71,0.26,73.80,2910000.0,1.3,0.90,2840000.0,underperform
8117,2005-01-11 06:16:48,1105442208.0,eix,22.9,50.92,1182.98999,9.4,41.52,2.194,190.25,0.97,1.79,0.56,9.75,0.16,1.08,31.491,10100000000.0,20170000000.0,14.36,3.50,1.95,9.81,1.95,8010000000.0,9.81,58000000.0,0.163,31.10,5.60,2430000000.0,7.47,12390000000.0,1.167,17.334999,906000000.0,0.079,14.00,71.36,6620000.0,5.739,2.36,6620000.0,outperform
8118,2005-04-05 05:41:42,1112694102.0,eix,27.02,19.5,1181.390015,11.02,8.48,1.75,52.01,1.12,1.89,3.61,10.79,1.07,4.06,30.906,11610000000.0,19440000000.0,14.72,3.12,1.91,9.16,1.91,8010000000.0,9.16,226000000.0,0.69,31.10,5.60,2690000000.0,8.25,10580000000.0,1.35,18.566,906000000.0,0.101,14.00,71.76,5720000.0,3.499,2.04,5060000.0,outperform
8119,2004-10-24 20:51:35,1098665495.0,eix,21.62,47.92,1106.48999,8.4,39.52,3.207,23.30,0.80,1.91,3.52,11.18,1.18,8.18,36.308,9570000000.0,23090000000.0,13.86,3.32,1.94,8.97,1.94,8010000000.0,8.97,419000000.0,1.261,31.10,5.60,2600000000.0,15990000000.0,15990000000.0,1.149,15.306,1800000000.0,0.123,14.00,70.70,6600000.0,3.832,2.36,8650000.0,outperform
8120,2012-08-22 07:16:23,1345634183.0,eix,41.16,7.8,1413.48999,17.22,-9.419999999999998,121.81,N/A,1.12,1.45,1.91,14.03,2.35,2.02,39.59,28710000000.0,28710000000.0,17.42,21.08,2.22,7.71,2.22,3830000000.0,7.71,245000000.0,0.76,58.00,2.50,1180000000.0,3.61,14550000000.0,1.05,30.52,3840000000.0,0.43,0.14,79.10,2400000.0,1.20,0.80,2460000.0,underperform
8121,2006-01-07 23:26:12,1136694372.0,eix,34.6,1.85,1273.459961,11.38,-9.530000000000001,1.52,12.06,1.30,2.29,11.09,19.36,4.17,17.76,34.38,14660000000.0,22490000000.0,N/A,2.30,2.01,6.663,2.01,6640000000.0,6.663,1060000000.0,3.73,43.20,18.70,2580000000.0,7.903,9680000000.0,1.212,19.539,2130000000.0,N/A,12.89,72.90,5670000.0,4.6,1.70,4850000.0,underperform
8122,2008-06-22 21:07:30,1214183250.0,eix,42.48,-37.31,1342.829956,-33.5,-3.8100000000000023,1.189,15.96,1.29,2.02,8.01,18.79,4.18,13.03,40.748,16750000000.0,26160000000.0,N/A,1.55,1.97,6.792,1.97,8109999999.999999,6.792,1060000000.0,3.22,10.20,5.90,1580000000.0,4.849,10080000000.0,1.006,26.033001,3030000000.0,0.99,0.27,75.80,3420000.0,2.4,1.10,3680000.0,underperform
8123,2007-04-08 13:26:24,1176053184.0,eix,40.35,3.22,1443.76001,-4.93,8.15,1.262,14.29,1.32,2.16,9.36,19.71,4.62,15.12,38.718,16660000000.0,24950000000.0,N/A,2.57,1.98,6.389,1.98,7460000000.0,6.389,1070000000.0000001,3.58,5.50,3.10,2350000000.0,7.222,9730000000.0,1.274,23.660999,3590000000.0,0.09,0.15,71.00,4730000.0,2.2,1.50,3230000.0,outperform
8124,2006-10-23 12:22:41,1161620561.0,c,177.34,24.04,1377.02002,10.35,13.69,N/A,10.12,3.12,2.16,31.56,47.79,1.31,18.19,15.961,246750000000.0,203310000000.0,N/A,1.16,2.57,N/A,2.57,120320000000.0,N/A,20710000000.0,4.93,3.80,12.50,622460000000.0,125.903,576630000000.0,N/A,23.145,18150000000.0,0.49,0.81,65.00,27990000.0,2.8,0.60,25140000.0,outperform
8125,2007-06-01 21:46:55,1180748815.0,c,253.54,-37.03,1536.339966,-9.47,-27.560000000000002,N/A,13.01,3.18,2.23,24.65,47.98,1.15,17.51,17.399,269630000000.0,252830000000.0,N/A,1.24,2.98,N/A,2.98,146560000000.0,N/A,20640000000.0,4.19,11.10,9.50,833320000000.0,168.468,815620000000.0,N/A,24.479,21570000000.0,0.59,0.75,65.80,32460000.0,1.7,0.70,29610000.0,underperform
8126,2007-03-10 03:02:05,1173513725.0,c,,,1391.969971,-6.3,,N/A,11.69,2.99,2.09,25.99,47.62,1.26,18.29,16.958,246740000000.0,403540000000.0,N/A,1.12,4.87,N/A,4.87,146560000000.0,N/A,21190000000.0,4.31,26.00,15.40,583600000000.0,119.041,738560000000.0,N/A,24.181999,13000000.0,0.57,0.75,65.70,18420000.0,1.2,0.40,34470000.0,underperform
8127,2004-09-16 06:29:56,1095330596.0,c,78.28,37.92,1123.5,10.18,27.740000000000002,N/A,15.48,4.03,2.52,26.70,N/A,1.27,16.42,11.641,243370000000.0,651060000000.0,10.65,0.97,10.74,N/A,10.74,94710000000.0,N/A,15800000000.0,3.035,16.90,1.80,26460000000.0,5.11,432930000000.0,N/A,18.761,22380000000.0,1.363,1.72,66.16,22260000.0,1.599,0.44,22290000.0,outperform
8128,2004-06-20 07:59:45,1087732785.0,c,71.64,42.74,1132.050049,7.42,35.32,N/A,13.04,4.16,2.42,33.04,N/A,1.58,20.16,11.25,245650000000.0,622700000000.0,10.77,0.99,10.64,N/A,10.64,94710000000.0,N/A,18960000000.0,3.644,16.90,1.80,23100000000.0,4.47,399040000000.0,N/A,19.483999,19020000000.0,1.365,1.72,66.78,30010000.0,1.944,0.59,32770000.000000004,outperform
8129,2008-12-18 05:24:36,1229595876.0,c,72.17,-53.07,885.2800289999999,24.53,-77.6,N/A,N/A,1.64,0.45,73.91,135.19,0.93,16.11,5.309,42670000000.0,11960000000.0,N/A,N/A,0.44,N/A,0.44,159230000000.0,N/A,21220000000.0,4.09,N/A,54.60,824570000000.0,151.309,748370000000.0,N/A,18.1,138150000000.0,1.78,0.46,64.10,1180000.0,N/A,N/A,126410000.0,underperform
8130,2011-11-01 17:32:37,1320183157.0,c,29.08,28.34,1218.280029,15.91,12.43,N/A,7.76,1.40,0.52,17.36,22.19,0.59,6.66,22.65,66099999999.99999,66099999999.99999,6.54,0.65,1.00,N/A,1.00,60560000000.0,N/A,11010000000.0,3.75,73.90,18.00,801090000000.0,274.00,623250000000.0,N/A,60.56,66099999999.99999,2.89,3.95,55.70,64900000.00000001,1.10,2.20,63360000.0,outperform
8131,2011-11-04 13:49:04,1320428944.0,c,30.25,23.37,1253.22998,12.68,10.690000000000001,N/A,8.11,1.37,0.51,17.36,22.19,0.59,6.66,22.65,68459999999.99999,68459999999.99999,6.83,0.65,1.04,N/A,1.04,60560000000.0,N/A,11010000000.0,3.75,73.90,18.00,801090000000.0,274.00,623250000000.0,N/A,60.56,68459999999.99999,3.11,3.95,55.70,64900000.00000001,1.10,2.20,63360000.0,outperform
8132,2012-11-27 12:54:47,1354038887.0,c,34.98,51.54,1398.939941,29.19,22.349999999999998,N/A,15.03,1.78,0.56,12.46,13.52,0.39,4.11,20.04,70570000000.0,70570000000.0,7.67,0.71,1.20,N/A,1.20,65810000000.0,N/A,7150000000.0,2.37,87.60,35.70,798780000000.0,272.39,604520000000.0,N/A,63.58,18670000000.0,1.79,0.11,62.70,59520000.0,1.30,2.00,53470000.0,outperform
8133,2006-06-16 08:10:13,1150459813.0,c,153.86,62.28,1251.540039,21.1,41.18,N/A,10.06,3.15,2.13,32.25,48.29,1.32,18.00,15.328,242000000000.0,185520000000.0,N/A,1.11,2.41,N/A,2.41,120320000000.0,N/A,20180000000.0,4.84,3.60,7.20,622320000000.0,125.184,564840000000.0,N/A,22.815001,31370000000.0,0.41,0.80,63.80,29310000.0,1.8,0.60,28130000.0,outperform
8134,2008-12-17 23:59:05,1229576345.0,c,76.06,-58.09,904.419983,21.19,-79.28,N/A,N/A,1.64,0.45,73.91,135.19,0.93,16.11,5.309,42670000000.0,11960000000.0,N/A,N/A,0.44,N/A,0.44,159230000000.0,N/A,21220000000.0,4.09,N/A,54.60,824570000000.0,151.309,748370000000.0,N/A,18.1,138150000000.0,1.78,0.46,64.10,1180000.0,N/A,N/A,126410000.0,underperform
8135,2007-03-20 13:44:37,1174412677.0,c,214.11,-37.27,1410.939941,-7.97,-29.300000000000004,N/A,11.62,2.96,2.07,25.99,47.62,1.26,18.29,16.958,245420000000.0,401380000000.0,N/A,1.10,4.84,N/A,4.84,146560000000.0,N/A,21190000000.0,4.31,26.00,15.40,583600000000.0,119.041,738560000000.0,N/A,24.181999,13000000.0,0.57,0.75,66.20,18420000.0,1.2,0.40,34470000.0,underperform
8136,2004-10-10 03:44:27,1097394267.0,c,74.26,44.67,1130.650024,5.01,39.660000000000004,N/A,14.68,3.83,2.39,26.70,N/A,1.27,16.42,11.641,230830000000.0,638420000000.0,10.10,0.93,10.53,N/A,10.53,94710000000.0,N/A,15800000000.0,3.035,16.90,1.80,26460000000.0,5.11,432930000000.0,N/A,18.761,22380000000.0,1.36,1.72,66.18,27120000.0,2.97,0.53,22260000.0,outperform
8137,2007-07-02 06:01:02,1183370462.0,c,240.19,-47.29,1519.430054,-15.43,-31.86,N/A,12.24,3.02,2.12,24.65,47.98,1.15,17.51,17.399,253700000000.0,237000000000.0,N/A,1.15,2.79,N/A,2.79,146560000000.0,N/A,20640000000.0,4.189,11.10,9.50,833320000000.0,168.468,815620000000.0,N/A,24.479,21570000000.0,0.59,0.75,65.70,31270000.0,1.4,0.60,29500000.0,underperform
8138,2004-04-15 01:51:20,1082008280.0,c,70.14,28.56,1128.839966,1.22,27.34,N/A,14.88,4.63,2.73,31.80,N/A,1.54,19.55,10.984,262750000000.0,624060000000.0,11.74,1.09,10.94,N/A,10.94,94710000000.0,N/A,17780000000.0,3.424,16.90,1.80,21150000000.0,4.1,380040000000.0,N/A,18.788,14850000000.0,1.411,1.72,65.82,27310000.0,2.23,0.54,25260000.0,outperform
8139,2009-03-08 01:06:15,1236492375.0,c,10.16,249.11,682.549988,66.8,182.31,N/A,N/A,0.29,0.08,97.75,215.97,1.12,17.49,3.636,5640000000.0,44620000000.0,N/A,N/A,2.33,N/A,2.33,159230000000.0,N/A,24860000000.0,3.88,N/A,N/A,763760000000.0,140.137,691580000000.0,N/A,13.021,N/A,2.42,1.25,59.10,182220000.0,0.8,3.50,180980000.0,outperform
8140,2012-01-01 09:11:12,1325427072.0,c,26.68,48.01,1263.02002,12.92,35.089999999999996,N/A,7.01,1.19,0.44,17.36,22.19,0.59,6.66,22.65,38690000000.0,38690000000.0,6.03,0.57,0.59,N/A,0.59,60560000000.0,N/A,11010000000.0,3.75,73.90,18.00,819500000000.0,280.30,684510000000.0,N/A,60.56,45060000000.0,3.02,3.95,55.70,44440000.0,0.80,1.50,46390000.0,outperform
8141,2013-05-16 06:51:48,1368701508.0,c,50.55,-8.17,1650.469971,13.78,-21.95,N/A,18.88,2.50,0.80,13.81,15.46,0.46,4.65,20.60,19270000000.0,19270000000.0,9.65,0.73,0.32,N/A,0.32,60170000000.0,N/A,8420000000.0,2.72,29.90,9.80,754950000000.0,248.11,560080000000.0,N/A,62.51,29840000000.0,1.86,0.10,66.30,41590000.0,1.50,1.40,41570000.0,underperform
8142,2011-09-02 04:38:47,1314952727.0,c,28.31,5.44,1173.969971,20.15,-14.709999999999997,N/A,9.27,1.44,0.51,15.57,20.41,0.53,6.15,21.76,230680000.0,230680000.0,5.81,0.52,0.00,N/A,0.00,60560000000.0,N/A,9830000000.0,3.24,23.90,12.20,798230000000.0,273.56,688010000000.0,N/A,60.33,230680000.0,2.64,3.95,55.70,54890000.0,1.00,1.90,46990000.0,underperform
8143,2011-09-25 21:18:59,1316999939.0,c,23.88,39.99,1129.560059,28.98,11.010000000000002,N/A,7.72,1.11,0.40,15.57,20.41,0.53,6.15,21.76,17940000000.0,17940000000.0,5.06,0.50,0.28,N/A,0.28,60560000000.0,N/A,9830000000.0,3.24,23.90,12.20,798230000000.0,273.56,688010000000.0,N/A,60.33,17940000000.0,2.65,3.95,55.70,63370000.0,1.00,2.20,54890000.0,outperform
8144,2012-05-01 12:30:58,1335889858.0,c,33.51,36.71,1405.819946,12.58,24.130000000000003,N/A,9.18,1.46,0.53,16.58,21.87,0.57,6.24,22.75,97700000000.0,97700000000.0,7.02,0.82,1.47,N/A,1.47,65810000000.0,N/A,10700000000.0,3.60,2.30,1.50,806660000000.0,275.10,592700000000.0,N/A,61.90,N/A,2.04,0.10,61.60,31770000.0,0.70,1.10,37070000.0,outperform
8145,2006-07-18 01:12:13,1153199533.0,c,148.11,62.05,1236.859985,25.01,37.03999999999999,N/A,9.58,3.08,2.09,32.25,48.29,1.32,18.00,15.328,230670000000.0,180050000000.0,N/A,1.10,2.34,N/A,2.34,120320000000.0,N/A,20180000000.0,4.84,3.60,7.20,622320000000.0,125.184,564840000000.0,N/A,22.815001,31370000000.0,0.42,0.80,16.20,38340000.0,2.5,0.80,29310000.0,outperform
8146,2007-03-29 09:58:33,1175176713.0,c,217.32,-36.92,1422.530029,-7.54,-29.380000000000003,N/A,11.83,3.01,2.11,25.99,47.62,1.26,18.29,16.958,249830000000.0,405800000000.0,N/A,1.13,4.90,N/A,4.90,146560000000.0,N/A,21190000000.0,4.31,26.00,15.40,583600000000.0,119.041,738560000000.0,N/A,24.181999,13000000.0,0.57,0.74,65.50,29610000.0,1.4,0.60,18420000.0,underperform
8147,2009-02-03 17:07:42,1233698862.0,c,34.47,-2.61,838.51001,30.86,-33.47,N/A,N/A,1.04,0.25,97.75,215.97,1.12,17.49,3.636,19350000000.0,32909999999.999996,N/A,N/A,1.72,N/A,1.72,159230000000.0,N/A,24860000000.0,3.88,N/A,N/A,763760000000.0,140.137,691580000000.0,N/A,14.699,N/A,2.06,0.47,62.90,162790000.0,1.4,3.20,149120000.0,underperform
8148,2009-02-16 20:23:18,1234833798.0,c,,,826.840027,32.42,,N/A,N/A,1.03,0.25,97.75,215.97,1.12,17.49,3.636,19020000000.0,33780000000.0,N/A,N/A,1.76,N/A,1.76,159230000000.0,N/A,24860000000.0,3.88,N/A,N/A,763760000000.0,140.137,691580000000.0,N/A,14.699,N/A,2.06,1.25,61.70,180980000.0,0.5,3.50,162790000.0,underperform
8149,2007-07-05 23:01:48,1183690908.0,c,239.54,,1525.400024,-15.77,,N/A,12.29,3.02,2.12,24.65,47.98,1.15,17.51,17.399,254740000000.0,239820000000.0,N/A,1.15,2.83,N/A,2.83,146560000000.0,N/A,20640000000.0,4.19,11.10,9.50,833320000000.0,168.468,815620000000.0,N/A,24.479,21570000000.0,0.68,0.75,65.70,31270000.0,1.4,0.60,29500000.0,underperform
8150,2011-04-29 03:01:56,1304060516.0,c,45.73,-26.55,1363.609985,1.99,-28.54,N/A,12.97,2.13,0.80,17.27,21.47,0.58,6.83,2.13,111050000000.0,111050000000.0,8.66,9.50,1.81,N/A,1.81,55060000000.0,N/A,10570000000.0,0.35,N/A,N/A,748640000000.0,25.77,709260000000.0,N/A,5.62,111050000000.0,2.64,3.95,55.70,372350000.0,0.90,1.30,389340000.0,underperform
8151,2009-01-06 23:39:45,1231303185.0,c,72.46,-49.96,934.7000119999999,21.66,-71.62,N/A,N/A,1.41,0.39,73.91,135.19,0.93,16.11,5.309,40650000000.0,18230000000.0,N/A,N/A,0.67,N/A,0.67,159230000000.0,N/A,21220000000.0,4.09,N/A,54.60,824570000000.0,151.309,748370000000.0,N/A,18.1,138150000000.0,1.73,0.45,64.30,142650000.0,0.5,2.80,1180000.0,underperform
8152,2011-10-26 01:16:36,1319606196.0,c,31.05,20.26,1242.0,13.77,6.490000000000002,N/A,8.24,1.40,0.52,17.36,22.19,0.59,6.66,22.65,66069999999.99999,66069999999.99999,6.87,0.66,1.00,N/A,1.00,60560000000.0,N/A,11010000000.0,3.75,73.90,18.00,801090000000.0,274.00,623250000000.0,N/A,60.56,66069999999.99999,2.89,3.95,55.70,63360000.0,1.40,2.20,65160000.0,outperform
8153,2004-08-10 13:26:46,1092158806.0,c,73.3,40.31,1079.040039,13.91,26.400000000000002,N/A,14.32,3.72,2.32,26.70,N/A,1.27,16.42,11.641,225190000000.0,632780000000.0,9.88,0.89,10.44,N/A,10.44,94710000000.0,N/A,15800000000.0,3.035,16.90,1.80,26460000000.0,5.11,432930000000.0,N/A,18.761,19020000000.0,1.362,1.72,66.61,22290000.0,1.977,0.44,28460000.0,outperform
8154,2008-12-03 23:27:13,1228364833.0,c,75.96,-46.88,870.73999,26.32,-73.2,N/A,N/A,1.44,0.40,73.91,135.19,0.93,16.11,5.309,42620000000.0,17470000000.0,N/A,N/A,0.64,N/A,0.64,159230000000.0,N/A,21220000000.0,4.09,N/A,54.60,824570000000.0,151.309,748370000000.0,N/A,18.1,138150000000.0,1.78,0.46,64.10,126410000.0,1.2,2.40,138030000.0,underperform
8155,2005-03-05 14:05:36,1110049536.0,c,94.86,40.19,1210.079956,6.53,33.66,N/A,14.85,3.74,2.30,25.89,N/A,1.25,16.80,12.81,251420000000.0,675190000000.0,10.34,0.94,10.12,N/A,10.12,108280000000.0,N/A,16980000000.0,3.26,16.90,1.80,23560000000.0,4.53,448430000000.0,N/A,20.823,2950000000.0,1.334,0.72,65.80,38740000.0,2.644,0.75,22660000.0,outperform
8156,2007-06-05 15:06:37,1181070397.0,c,250.71,-37.85,1530.949951,-10.04,-27.810000000000002,N/A,12.87,3.16,2.21,24.65,47.98,1.15,17.51,17.399,266760000000.0,251150000000.0,N/A,1.24,2.96,N/A,2.96,146560000000.0,N/A,20640000000.0,4.189,11.10,9.50,833320000000.0,168.468,815620000000.0,N/A,24.479,21570000000.0,0.59,0.75,65.70,29500000.0,1.5,0.60,32460000.0,underperform
8157,2005-01-16 07:37:37,1105879057.0,c,86.11,,1177.449951,9.36,,N/A,15.07,3.88,2.42,26.21,N/A,1.26,16.71,12.238,246570000000.0,673580000000.0,10.95,0.98,10.57,N/A,10.57,94710000000.0,N/A,16420000000.000002,3.153,16.90,1.80,25480000000.0,4.91,451380000000.0,N/A,19.701,2950000000.0,1.311,0.72,65.96,21170000.0,1.472,0.41,23480000.0,underperform
8158,2007-02-20 05:25:32,1171967132.0,c,229.12,-26.79,1459.680054,-6.83,-19.96,N/A,12.56,3.25,2.24,26.30,48.18,1.26,18.29,16.428,265740000000.0,259519999999.99997,N/A,1.20,3.17,N/A,3.17,120320000000.0,N/A,21190000000.0,4.31,26.00,15.20,745780000000.0,151.828,738560000000.0,N/A,24.181999,N/A,0.42,0.75,63.80,34470000.0,1.8,0.70,31200000.0,underperform
8159,2007-01-17 16:08:17,1169068097.0,c,209.31,-29.53,1430.619995,-6.81,-22.720000000000002,N/A,11.77,N/A,N/A,29.26,47.95,1.31,18.36,16.236,N/A,249550000000.0,N/A,1.28,3.13,N/A,3.13,120320000000.0,N/A,21030000000.0,4.65,22.90,2.70,670260000000.0,136.407,650680000000.0,N/A,N/A,71160000000.0,0.44,0.81,64.10,31200000.0,1.8,0.60,24120000.0,underperform
8160,2008-11-02 00:40:43,1225600843.0,c,127.34,-68.0,954.090027,8.61,-76.61,N/A,N/A,2.61,0.72,73.91,135.19,0.93,16.11,5.309,74390000000.0,17920000000.0,N/A,N/A,0.65,N/A,0.65,159230000000.0,N/A,21220000000.0,4.09,N/A,56.10,824220000000.0,151.247,748370000000.0,N/A,18.1,N/A,1.27,0.44,62.30,116770000.0,0.7,2.30,123310000.0,underperform
8161,2007-10-16 05:32:48,1192527168.0,c,232.15,-39.48,1538.530029,-40.99,1.5100000000000051,N/A,10.55,2.69,1.87,24.74,36.55,1.13,17.82,18.13,230020000000.0,144010000000.0,N/A,1.43,1.63,N/A,1.63,146560000000.0,N/A,21610000000.0,4.38,18.30,17.40,987980000000.0,198.606,901360000000.0,N/A,25.561001,43650000000.0,0.76,0.76,64.80,34410000.0,0.70,0.70,40520000.0,outperform
8162,2013-01-22 16:57:57,1358891877.0,c,41.71,24.33,1492.560059,23.6,0.7299999999999969,N/A,16.98,2.07,0.68,12.71,13.38,0.42,4.27,20.24,185190000000.0,185190000000.0,7.97,0.77,3.12,N/A,3.12,65810000000.0,N/A,7690000000.0,2.44,25.10,5.00,459520000000.0,156.16,502730000000.0,N/A,61.57,N/A,1.88,0.11,62.70,26250000.0,0.70,0.90,65670000.0,outperform
8163,2008-01-23 06:21:40,1201087300.0,c,155.78,-80.61,1338.599976,-38.18,-42.43,N/A,34.03,1.90,1.08,5.63,5.02,0.18,3.10,12.867,121870000000.0,79510000000.0,N/A,1.08,1.24,N/A,1.24,146560000000.0,N/A,3580000000.0,0.717,N/A,N/A,920620000000.0,184.323,877810000000.0,N/A,22.743999,N/A,1.2,0.39,64.50,96600000.0,1.2,2.10,104870000.0,underperform
8164,2012-10-09 22:06:25,1349834785.0,c,34.53,38.72,1441.47998,14.91,23.81,N/A,10.02,1.57,0.56,16.33,21.41,0.56,5.92,22.24,29260000000.0,29260000000.0,7.64,0.82,0.45,N/A,0.45,65810000000.0,N/A,10370000000.0,3.45,11.80,7.90,774560000000.0,264.13,623930000000.0,N/A,62.61,41210000000.0,1.91,0.11,62.70,66150000.00000001,1.90,2.30,64519999.99999999,outperform
8165,2007-11-02 15:33:10,1194031990.0,c,222.98,-49.88,1509.650024,-38.39,-11.490000000000002,N/A,8.49,2.17,1.51,24.74,36.55,1.13,17.82,18.13,185000000000.0,105550000000.0,N/A,1.38,1.19,N/A,1.19,146560000000.0,N/A,21610000000.0,4.38,18.30,17.40,987980000000.0,198.606,901360000000.0,N/A,25.561001,43650000000.0,0.72,0.76,63.80,36690000.0,1.1,0.70,34410000.0,underperform
8166,2007-03-02 07:38:27,1172839107.0,c,211.28,-19.88,1387.170044,-0.52,-19.36,N/A,11.86,2.98,2.08,25.99,47.62,1.26,18.29,16.958,250420000000.0,406380000000.0,N/A,1.12,4.90,N/A,4.90,146560000000.0,N/A,21190000000.0,4.31,26.00,15.40,583600000000.0,119.041,738560000000.0,N/A,24.181999,13000000.0,0.57,0.75,65.90,34470000.0,1.8,0.70,31200000.0,underperform
8167,2004-08-03 22:54:14,1091588054.0,sti,51.83,14.03,1099.689941,13.22,0.8099999999999987,N/A,13.58,3.95,1.85,28.85,N/A,1.10,14.52,16.755,18540000000.0,43470000000.0,11.85,1.42,9.20,N/A,9.20,6480000000.0,N/A,1360000000.0,4.833,0.00,5.10,3360000000.0,11.91,28160000000.0,N/A,35.740002,4440000000.0,0.428,13.68,51.24,8460000.0,10.127,3.47,7800000.0,outperform
8168,2009-02-02 01:49:15,1233557355.0,sti,11.24,106.41,825.4400019999999,33.66,72.75,N/A,5.75,0.72,0.28,12.02,12.51,0.43,3.94,18.97,4350000000.0,24100000000.0,N/A,N/A,3.64,N/A,3.64,10170000000.0,N/A,746940000.0,2.13,N/A,28.10,17070000000.0,48.146,36330000000.0,N/A,48.422001,N/A,1.31,0.61,65.90,20890000.0,6.00,6.00,18170000.0,outperform
8169,2013-06-02 07:10:26,1370171426.0,sti,31.83,20.86,1654.410034,16.35,4.509999999999998,N/A,8.54,1.94,0.86,22.92,36.94,1.19,10.05,16.80,21830000000.0,21830000000.0,10.99,1.19,2.43,N/A,2.43,N/A,N/A,2029999999.9999998,3.76,40.80,0.10,12310000000.0,22.98,16530000000.000002,N/A,38.00,2530000000.0,1.71,0.29,79.50,12950000.0,2.40,2.40,15240000.0,outperform
8170,2005-03-15 05:47:04,1110883624.0,sti,58.89,5.4,1197.75,8.79,-3.389999999999999,N/A,14.11,4.96,1.62,30.14,N/A,1.18,14.04,17.205,26470000000.0,55560000000.0,12.12,1.44,10.65,N/A,10.65,7100000000.0,N/A,1570000000.0,5.20,18.10,8.50,3880000000.0,10.74,33530000000.0,N/A,44.305,1130000000.0,0.343,11.79,52.02,3350000.0,3.139,1.05,3310000.0,underperform
8171,2004-01-26 00:56:48,1075096608.0,sti,59.45,-3.92,1155.369995,1.13,-5.05,N/A,15.44,4.28,2.10,27.94,N/A,1.09,14.60,16.945,20600000000.0,45670000000.0,13.00,1.60,9.58,N/A,9.58,6520000000.0,N/A,1330000000.0,4.734,3.20,9.50,3930000000.0,13.95,28990000000.0,N/A,34.52,N/A,0.422,13.70,47.72,3100000.0,3.463,1.28,3660000.0,underperform
8172,2008-08-04 12:00:39,1217865639.0,sti,38.85,-48.93,1249.01001,-19.48,-29.45,N/A,11.87,2.18,0.85,18.56,24.40,0.71,7.16,19.613,14850000000.0,31750000000.0,N/A,1.96,4.67,N/A,4.67,N/A,N/A,1230000000.0,3.539,20.70,5.50,15840000000.0,44.791,32229999999.999996,N/A,49.236,N/A,1.11,0.61,62.20,29720000.0,3.2,8.60,27660000.0,underperform
8173,2006-08-31 07:37:24,1157024244.0,sti,64.62,6.58,1303.819946,13.05,-6.470000000000001,N/A,13.17,3.55,1.59,26.86,52.12,1.20,12.36,21.768,27790000000.0,51330000000.0,N/A,1.44,6.55,N/A,6.55,9060000000.0,N/A,2100000000.0,5.79,16.80,7.90,7810000000.0,21.405,31350000000.0,N/A,47.851002,1860000000.0,0.54,7.51,54.90,4740000.0,1.30,1.30,4570000.0,underperform
8174,2007-02-20 06:13:42,1171970022.0,sti,74.27,-23.89,1459.680054,-6.83,-17.060000000000002,N/A,14.71,3.83,1.75,27.10,51.64,1.18,12.34,21.998,30720000000.0,56010000000.0,N/A,1.66,7.08,N/A,7.08,9060000000.0,N/A,2130000000.0,5.88,2.50,1.60,8090000000.0,22.782,32869999999.999996,N/A,48.855,N/A,0.3,0.64,54.90,3960000.0,2.9,1.10,5130000.0,underperform
8175,2004-11-02 14:10:05,1099422605.0,sti,55.91,6.33,1130.560059,7.45,-1.12,N/A,14.16,4.18,1.97,29.49,N/A,1.12,14.47,16.763,19800000000.0,42710000000.0,12.66,1.51,9.01,N/A,9.01,6480000000.0,N/A,1400000000.0,4.943,0.00,5.10,4070000000.0000005,14.39,26980000000.0,N/A,35.492001,4770000000.0,0.418,13.68,56.04,3590000.0,2.11,1.47,10290000.0,underperform
8176,2004-12-15 13:42:41,1103136161.0,sti,58.57,4.17,1205.719971,5.41,-1.2400000000000002,N/A,14.12,5.60,2.03,30.33,N/A,1.15,14.82,16.997,26970000000.0,52150000000.0,13.25,1.56,10.84,N/A,10.84,6480000000.0,N/A,1460000000.0,5.154,0.00,5.10,3640000000.0,9.82,28820000000.0,N/A,35.790001,5990000000.0,0.385,13.75,43.70,2860000.0,2.296,0.89,3590000.0,underperform
8177,2012-01-03 19:26:58,1325636818.0,sti,17.84,59.36,1277.060059,14.51,44.85,N/A,17.64,1.33,0.47,10.71,22.41,0.45,3.54,13.73,18620000000.0,18620000000.0,9.83,2.22,2.63,N/A,2.63,N/A,N/A,538000000.0,1.05,40.50,8.90,12360000000.0,23.24,21060000000.0,N/A,37.42,4110000000.0000005,1.80,0.33,76.50,10340000.0,1.40,2.10,16680000.0,outperform
8178,2012-03-29 20:32:53,1333067573.0,sti,23.32,,1403.280029,11.44,,N/A,25.69,1.85,0.66,9.28,20.98,0.38,3.06,13.31,25670000000.0,25670000000.0,9.11,1.29,3.68,N/A,3.68,N/A,N/A,495000000.0,0.94,59.80,5.40,11360000000.0,21.35,23600000000.0,N/A,36.98,4630000000.0,1.63,0.33,77.20,12020000.0,1.30,2.20,12390000.0,underperform
8179,2008-07-21 06:59:03,1216637943.0,sti,30.98,-53.2,1260.0,-24.24,-28.960000000000004,N/A,8.85,1.78,0.67,20.63,25.92,0.77,7.71,19.567,12180000000.0,32390000000.0,N/A,2.00,4.76,N/A,4.76,10170000000.0,N/A,1370000000.0,3.92,44.30,27.10,16200000000.0,46.128,35910000000.0,N/A,51.257,261200000.0,1.15,0.59,62.30,27660000.0,2.1,8.00,18420000.0,underperform
8180,2004-02-15 07:48:41,1076849321.0,sti,57.52,1.55,1152.109985,4.69,-3.1400000000000006,N/A,15.59,4.37,2.14,27.94,N/A,1.09,14.60,16.945,20800000000.0,45860000000.0,0.00,1.61,9.62,N/A,9.62,6520000000.0,N/A,1330000000.0,4.734,3.20,9.50,3930000000.0,13.95,28990000000.0,N/A,34.52,1740000000.0,0.451,13.70,50.01,2660000.0,3.709,1.10,3100000.0,underperform
8181,2008-11-03 03:25:42,1225700742.0,sti,37.21,-49.5,966.2999880000001,8.19,-57.69,N/A,12.41,1.94,0.77,16.68,20.33,0.66,6.44,19.905,14210000000.0,34270000000.000004,N/A,1.92,4.95,N/A,4.95,10170000000.0,N/A,1130000000.0,3.23,25.60,3.40,13510000000.0,38.16,33060000000.000004,N/A,49.316002,N/A,0.64,0.90,65.80,19840000.0,2.4,5.70,25280000.0,underperform
8182,2013-04-23 20:31:41,1366763501.0,sti,27.54,39.58,1578.780029,18.79,20.79,N/A,7.53,1.68,0.74,22.92,37.49,1.19,10.05,16.80,19540000000.0,19540000000.0,9.69,1.05,2.17,N/A,2.17,N/A,N/A,2029999999.9999998,3.76,40.80,0.10,12210000000.0,22.61,15960000000.0,N/A,37.89,N/A,1.72,0.29,79.50,18840000.0,3.90,3.50,18470000.0,outperform
8183,2006-06-27 22:17:42,1151461062.0,sti,63.19,18.93,1239.199951,21.56,-2.629999999999999,N/A,13.51,3.60,1.61,26.34,52.44,1.18,12.19,21.401,27380000000.0,51150000000.0,N/A,1.40,6.65,N/A,6.65,9060000000.0,N/A,2029999999.9999998,5.57,8.00,8.70,8289999999.999999,22.787,31730000000.0,N/A,47.222,1100000000.0,0.55,9.00,53.90,4330000.0,3.6,1.20,3450000.0,underperform
8184,2004-06-21 15:39:13,1087846753.0,sti,51.04,17.54,1130.300049,7.37,10.169999999999998,N/A,13.36,3.84,1.80,28.85,N/A,1.10,14.52,16.755,18240000000.0,42950000000.0,11.76,1.40,9.09,N/A,9.09,6480000000.0,N/A,1360000000.0,4.833,0.00,5.10,3360000000.0,11.91,28160000000.0,N/A,35.740002,4440000000.0,0.431,13.68,50.54,4310000.0,2.607,1.77,1920000.0,outperform
8185,2011-11-25 19:58:25,1322269105.0,sti,15.88,63.66,1158.670044,20.05,43.61,N/A,15.70,1.24,0.44,10.71,22.41,0.45,3.54,13.73,17950000000.0,17950000000.0,8.56,1.88,2.54,N/A,2.54,N/A,N/A,538000000.0,1.05,40.50,8.90,12360000000.0,23.24,21060000000.0,N/A,37.42,17950000000.0,1.84,0.33,76.50,16250000.0,1.80,3.30,17060000.0,outperform
8186,2008-06-20 00:12:51,1213935171.0,sti,33.82,-56.77,1317.930054,-30.9,-25.870000000000005,N/A,9.02,1.91,0.72,20.63,25.92,0.77,7.71,19.567,12400000000.0,33180000000.0,N/A,1.18,4.88,N/A,4.88,10170000000.0,N/A,1370000000.0,3.92,44.30,27.10,16200000000.0,46.128,35910000000.0,N/A,51.257,261200000.0,0.4,0.59,62.10,15720000.0,4.8,4.50,14670000.0,underperform
8187,2009-01-21 06:02:12,1232535732.0,sti,14.31,63.87,840.23999,32.88,30.989999999999995,N/A,4.66,0.80,0.31,17.41,17.50,0.66,6.44,19.065,5340000000.0,27120000000.0,N/A,1.17,4.09,N/A,4.09,10170000000.0,N/A,1130000000.0,3.234,25.60,1.00,13510000000.0,38.144,33060000000.000004,N/A,49.316002,3230000000.0,0.78,0.61,66.50,17280000.0,2.9,4.90,17420000.0,outperform
8188,2011-05-22 22:44:23,1306118663.0,cov,47.98,-5.67,1343.599976,-2.05,-3.62,43.30,16.87,2.64,2.90,15.63,21.67,7.70,17.80,21.72,30830000000.0,30830000000.0,13.45,1.32,2.85,10.69,2.85,5800000000.0,10.69,1630000000.0,3.37,10.20,9.80,1630000000.0,3.29,4250000000.0,2.30,19.80,30830000000.0,0.82,0.11,90.40,5020000.0,1.40,1.00,5010000.0,underperform
8189,2012-10-21 05:22:20,1350811340.0,cov,49.14,26.64,1457.339966,19.72,6.920000000000002,47.47,14.52,2.31,2.57,15.89,22.55,7.85,18.11,24.69,30230000000.0,30230000000.0,12.76,1.54,2.53,9.16,2.53,6580000000.0,9.16,1900000000.0,3.88,15.30,2.80,1940000000.0,4.03,5080000000.0,2.41,22.35,2210000000.0,0.96,0.13,87.90,3510000.0,1.70,0.70,3460000.0,outperform
8190,2013-04-23 18:13:09,1366755189.0,cov,57.36,21.65,1578.780029,18.79,2.8599999999999994,46.94,16.98,2.60,2.88,15.85,21.70,7.64,18.04,25.11,35100000000.0,35100000000.0,13.60,1.67,2.92,10.79,2.92,6810000000.0,10.79,1900000000.0,3.94,0.20,5.50,1400000000.0,2.96,5080000000.0,2.41,22.98,2280000000.0,1.07,0.14,90.30,3920000.0,2.00,0.80,3900000.0,outperform
8191,2009-02-07 02:21:43,1233991303.0,cov,32.1,29.03,832.22998,27.74,1.2900000000000027,0.369,15.19,1.98,2.52,13.20,21.74,7.87,18.41,20.044,20060000000.0,21700000000.0,N/A,1.68,2.16,8.403,2.16,5310000000.0,8.403,1370000000.0,2.62,8.10,6.10,1140000000.0,2.254,2910000000.0,2.852,15.666,509000000.0,0.91,0.03,89.30,4720000.0,1.7,0.90,3810000.0,outperform
8192,2013-05-01 00:03:20,1367381000.0,cov,54.71,29.19,1582.699951,19.02,10.170000000000002,46.94,16.59,2.46,2.82,15.17,22.09,N/A,N/A,25.59,29330000000.0,29330000000.0,12.98,1.67,2.41,8.75,2.41,6810000000.0,8.75,1850000000.0,3.85,11.70,5.30,N/A,N/A,N/A,N/A,22.38,N/A,1.07,0.14,90.30,4070000.0000000005,2.10,0.90,3920000.0,outperform
8193,2011-12-23 21:24:57,1324693497.0,cov,38.29,28.86,1265.329956,13.47,15.389999999999999,42.86,12.10,1.87,2.20,16.14,22.23,7.89,20.04,23.48,24330000000.0,24330000000.0,9.81,1.03,2.10,7.67,2.10,6580000000.0,7.67,1880000000.0,3.76,1.80,15.30,1500000000.0,3.12,4210000000.0,2.41,20.37,2180000000.0,0.77,0.11,90.40,4290000.0,1.20,0.90,4090000.0,outperform
8194,2010-12-05 02:04:18,1291532658.0,dsw,18.62,19.12,1221.530029,2.91,16.21,N/A,17.46,1.01,2.85,5.84,9.59,11.55,18.08,39.91,1460000000.0,1460000000.0,15.30,1.69,0.83,6.80,0.83,467490000.0,6.80,102550000.0,2.29,33.40,10.00,309820000.0,7.04,0.00,3.01,14.11,1460000000.0,1.65,25.80,110.60,3440000.0,8.50,24.30,3900000.0,outperform
8195,2010-09-18 19:06:08,1284851168.0,dsw,12.55,75.46,1125.069946,7.47,67.99,N/A,13.28,0.69,2.02,5.47,9.14,11.83,17.55,38.87,919700000.0,919700000.0,N/A,1.21,0.54,4.53,0.54,467490000.0,4.53,93670000.0,2.09,210.00,12.30,271950000.0,6.18,0.00,2.88,13.27,919700000.0,1.48,25.80,110.60,4040000.0,10.60,28.50,4099999.9999999995,outperform
8196,2012-07-03 06:05:07,1341309907.0,dsw,26.31,40.71,1374.02002,17.57,23.14,N/A,9.60,1.17,2.80,12.16,11.07,N/A,39.06,51.13,2089999999.9999998,2089999999.9999998,14.82,1.63,1.01,7.42,1.01,653950000.0,7.42,256370000.0,5.76,N/A,10.90,371270000.0,8.32,0.00,3.15,19.40,233010000.0,1.50,14.63,87.50,1940000.0,3.30,6.90,1690000.0,outperform
8197,2010-12-06 11:05:57,1291651557.0,dsw,17.96,25.84,1223.119995,2.89,22.95,N/A,17.46,1.00,2.83,5.84,9.59,11.55,18.08,39.91,1450000000.0,1450000000.0,15.30,1.69,0.82,6.75,0.82,467490000.0,6.75,102550000.0,2.29,33.40,10.00,309820000.0,7.04,0.00,3.01,14.11,1450000000.0,1.65,25.80,110.60,3440000.0,8.50,24.30,3900000.0,outperform
8198,2009-10-30 05:04:01,1256893441.0,dsw,8.9,73.71,1036.189941,14.12,59.589999999999996,N/A,44.54,0.57,1.75,1.36,2.47,3.10,4.33,33.951,725330000.0,725330000.0,N/A,2.48,0.49,9.045,0.49,379100000.0,9.045,20370000.0,0.46,30.90,3.40,178970000.0,4.055,N/A,2.958,10.96,96020000.0,1.3,26.26,102.40,4660000.0,14.2,29.00,4650000.0,outperform
8199,2013-05-13 15:24:02,1368473042.0,dsw,33.47,1.88,1633.77002,16.14,-14.260000000000002,N/A,21.41,1.37,3.61,6.49,10.85,12.39,17.65,50.83,2780000000.0,2780000000.0,17.23,1.45,1.23,9.20,1.23,724720000.0,9.20,145190000.0,3.23,40.20,15.70,313180000.0,6.96,0.00,2.99,19.07,258560000.0,1.28,2.24,102.50,2180000.0,4.70,7.10,2060000.0,underperform
8200,2013-03-17 22:38:53,1363574333.0,dsw,33.29,17.39,1563.22998,18.91,-1.5199999999999996,N/A,21.93,1.41,3.57,6.37,10.54,11.54,17.48,49.47,2690000000.0,2690000000.0,17.56,1.43,1.23,9.44,1.23,653950000.0,9.44,142430000.0,3.08,6.60,11.70,337640000.0,7.55,0.00,3.01,19.21,261060000.0,1.23,2.24,102.50,1390000.0,4.00,4.90,1470000.0,underperform
8201,2005-01-31 13:32:26,1107196346.0,d,24.61,10.85,1181.27002,8.36,2.49,1.493,17.88,1.72,2.16,9.05,19.45,2.80,11.80,42.275,22710000000.0,40160000000.0,12.74,2.25,2.87,9.99,2.87,7160000000.0,9.99,1260000000.0,3.833,76.70,18.20,N/A,17450000000.0,17450000000.0,0.923,31.764,2610000000.0,0.296,0.71,61.77,14810000.0,11.124,4.50,15730000.0,outperform
8202,2013-04-22 01:11:05,1366607465.0,d,57.25,20.66,1562.5,20.29,0.370000000000001,205.26,115.88,2.63,3.26,2.31,24.78,4.39,3.17,22.85,56720000000.0,56720000000.0,17.15,2.43,4.33,12.10,4.33,2910000000.0,12.10,324000000.0,0.53,N/A,1.20,284000000.0,0.49,21810000000.0,0.66,18.35,4139999999.9999995,0.24,0.31,57.40,6900000.0,3.20,1.20,7610000.0,outperform
8203,2009-05-07 12:35:24,1241714124.0,d,25.1,32.79,907.3900150000001,22.43,10.36,N/A,9.98,1.13,1.82,11.26,22.52,5.65,18.85,28.193,35760000000.0,35760000000.0,N/A,1.37,2.19,7.359,2.19,5200000000.0,7.359,1840000000.0,3.16,16.40,48.70,66000000.0,0.113,17430000000.0,0.983,17.285,2660000000.0,0.54,0.23,57.90,10100000.0,2.4,1.70,11690000.0,outperform
8204,2004-07-08 09:02:19,1089291739.0,d,22.07,21.34,1109.109985,9.26,12.08,1.711,20.65,1.67,1.96,7.97,19.69,2.30,9.20,38.519,20680000000.0,39090000000.0,12.18,2.18,3.16,10.64,3.16,7160000000.0,10.64,985000000.0,3.067,76.70,18.20,256000000.0,0.78,18420000000.0,0.821,32.238998,2440000000.0,0.234,0.84,55.86,6860000.0,5.773,2.12,7120000.0,outperform
8205,2007-02-19 12:33:18,1171906398.0,d,,,1455.540039,-7.33,,1.378,18.88,1.74,2.27,9.10,19.52,4.13,13.82,50.638,30620000000.0,49170000000.0,N/A,2.10,2.79,9.48,2.79,7490000000.0,9.48,1610000000.0,4.59,4260.00,11.60,126000000.0,0.356,18670000000.0,0.69,38.271,3610000000.0,0.07,0.26,63.20,9870000.0,6.3,2.80,10270000.0,underperform
8206,2011-05-20 03:02:18,1305874938.0,d,41.82,13.22,1333.27002,-0.64,13.860000000000001,154.21,9.07,1.83,2.31,20.64,24.60,5.46,27.28,25.84,45820000000.0,45820000000.0,14.79,6.93,3.04,9.22,3.04,4820000000.0,9.22,3120000000.0,5.31,175.30,2.70,220000000.0,0.38,18420000000.0,1.10,20.74,45820000000.0,0.55,0.31,56.50,11420000.0,5.20,2.00,12200000.0,outperform
8207,2011-08-17 08:21:49,1313583709.0,d,43.87,12.01,1193.890015,18.56,-6.549999999999999,166.01,17.16,1.87,2.42,11.18,26.13,5.79,14.38,26.04,47550000000.0,47550000000.0,15.20,4.71,3.15,9.14,3.15,4820000000.0,9.14,1700000000.0,2.90,80.90,0.20,120000000.0,0.21,19390000000.0,0.90,20.52,47550000000.0,0.58,0.31,56.50,12450000.0,6.40,2.20,13490000.0,underperform
8208,2006-10-23 12:24:04,1161620644.0,d,29.62,7.93,1377.02002,10.35,-2.42,1.573,28.84,1.56,2.34,5.32,12.81,3.03,8.46,52.49,28280000000.0,46640000000.0,N/A,1.31,2.57,11.588,2.57,7490000000.0,11.588,968000000.0,2.78,51.50,2.50,81000000.0,0.23,19050000000.0,0.77,34.303001,3240000000.0,0.09,0.48,62.50,7020000.0,5.6,2.00,6350000.0,underperform
8209,2004-02-28 10:45:24,1077983124.0,d,21.93,15.14,1143.670044,4.94,10.2,1.518,55.50,1.67,1.84,2.65,20.42,0.78,3.24,38.744,20380000000.0,37170000000.0,12.20,2.52,3.07,10.18,3.07,6760000000.0,10.18,346000000.0,1.132,150.40,3.20,191000000.0,0.59,17000000000.0,0.891,33.775002,2680000000.0,0.266,0.84,59.33,5060000.0,3.976,1.57,5140000.0,outperform
8210,2013-04-29 15:49:09,1367264949.0,d,57.48,22.88,1593.609985,17.87,5.009999999999998,197.49,115.69,2.66,3.23,2.29,24.64,4.37,2.98,23.06,56660000000.0,56660000000.0,17.24,2.48,4.29,12.02,4.29,2910000000.0,12.02,314000000.0,0.53,0.20,1.80,35000000.0,0.06,21580000000.0,0.74,18.88,3570000000.0,0.24,0.31,57.40,8170000.0,3.90,1.40,6900000.0,outperform
8211,2007-04-01 23:54:28,1175486068.0,dva,52.68,-9.34,1422.530029,-7.02,-2.3200000000000003,3.011,19.47,1.13,4.42,5.94,15.11,7.47,27.60,47.147,5590000000.0,9030000000.0,N/A,0.98,1.85,9.642,1.85,1490000000.0,9.642,289330000.0,2.74,15.60,12.30,310200000.0,2.957,3750000000.0,1.537,11.907,519570000.00000006,1.09,0.19,88.10,2330000.0,2.2,2.20,1680000.0,underperform
8212,2012-07-24 23:41:11,1343187671.0,dva,94.8,24.04,1338.310059,25.98,-1.9400000000000013,155.34,17.37,1.23,3.93,7.17,17.15,8.95,23.02,77.61,13000000000.0,13000000000.0,14.02,1.30,1.78,8.48,1.78,2300000000.0,8.48,527590000.00000006,5.46,48.30,19.70,457910000.0,4.87,4510000000.0,1.91,24.20,1180000000.0,0.70,0.32,94.50,3550000.0,3.80,3.80,3540000.0,underperform
8213,2004-10-11 00:40:37,1097469637.0,dva,31.45,54.88,1124.390015,5.38,49.5,2.428,15.80,1.47,6.72,9.57,19.02,10.08,65.30,20.304,3160000000.0,4099999999.9999995,14.10,1.01,1.91,8.37,1.91,655860000.0,8.37,206120000.0,1.99,11.70,8.70,200700000.0,1140000000.0,1140000000.0,1.947,4.705,350970000.0,0.648,0.80,88.31,1380000.0,2.512,1.39,1570000.0,outperform
8214,2012-01-04 21:00:51,1325728851.0,dva,77.33,42.16,1277.300049,14.25,27.909999999999997,178.61,18.83,1.06,3.61,5.89,15.82,8.20,18.65,70.92,11170000000.0,11170000000.0,12.44,1.19,1.65,8.42,1.65,1970000000.0,8.42,401390000.0,4.10,13.40,9.60,565870000.0,6.05,4520000000.0,1.97,21.40,1150000000.0,0.38,0.35,94.90,1890000.0,2.20,2.00,2630000.0,outperform
8215,2013-04-25 04:44:46,1366879486.0,dva,120.85,-42.44,1585.160034,17.55,-59.989999999999995,190.15,22.30,1.59,3.45,6.55,17.08,7.01,17.68,85.21,20970000000.0,20970000000.0,15.09,1.24,2.56,12.04,2.56,2610000000.0,12.04,536240000.0,5.47,5.20,41.40,540890000.0,5.13,8570000000.0,1.43,35.67,1100000000.0,0.65,0.37,96.60,3380000.0,4.30,3.60,3260000.0,underperform
8216,2004-02-15 12:35:31,1076866531.0,dva,29.42,48.88,1152.109985,4.69,44.190000000000005,5.277,17.72,1.39,11.31,8.72,19.20,8.97,118.94,26.644,2860000000.0,3910000000.0,0.00,1.00,1.94,8.71,1.94,636950000.0,8.71,175790000.0,2.534,14.60,12.40,272110000.0,4.27,1320000000.0,1.949,3.9,318820000.0,0.992,0.63,92.81,N/A,3.02,1.18,N/A,outperform
8217,2005-03-16 18:47:41,1111016861.0,dva,41.77,44.29,1188.069946,9.87,34.42,2.63,19.33,1.81,7.96,9.67,17.84,10.03,51.82,22.34,4120000000.0,5290000000.0,15.88,1.25,2.30,10.65,2.30,743530000.0,10.65,222250000.0,2.16,26.40,14.00,251980000.0,2.56,1380000000.0,1.967,5.307,419950000.0,0.619,1.29,90.50,1680000.0,2.175,1.72,1940000.0,outperform
8218,2011-07-01 22:58:50,1309575530.0,dva,87.2,9.3,1339.670044,-0.58,9.88,168.85,22.60,1.27,4.02,6.02,15.12,7.66,18.19,65.12,11540000000.0,11540000000.0,14.78,1.51,1.78,9.45,1.78,1970000000.0,9.45,391540000.0,3.86,13.60,3.00,1030000000.0,10.78,4290000000.0,2.71,21.52,11540000000.0,0.16,0.35,94.90,1.40,1.40,1.00,N/A,outperform
8219,2007-04-05 15:55:05,1175802905.0,dva,55.97,-14.06,1443.76001,-5.08,-8.98,3.011,20.29,1.16,4.55,5.94,15.11,7.47,27.60,47.147,5830000000.0,9120000000.0,N/A,0.98,1.87,9.738,1.87,1490000000.0,9.738,289330000.0,2.74,15.60,12.30,310200000.0,2.957,3750000000.0,1.537,11.907,519570000.00000006,1.17,0.19,88.10,2330000.0,2.2,2.20,1680000.0,underperform
8220,2005-02-18 08:12:51,1108732371.0,dva,42.17,40.41,1201.589966,6.53,33.879999999999995,2.63,19.55,1.84,8.09,9.67,17.84,10.03,51.82,22.34,4160000000.0,5290000000.0,16.19,1.27,2.30,10.64,2.30,655860000.0,10.64,222250000.0,2.16,11.70,8.70,251980000.0,2.56,1380000000.0,1.967,5.307,367180000.0,0.687,1.28,86.32,1940000.0,2.036,2.00,1200000.0,outperform
8221,2011-05-02 00:56:43,1304312203.0,dva,89.17,0.52,1361.219971,3.28,-2.76,178.03,22.36,1.31,4.28,6.29,15.32,7.88,19.58,63.52,11880000000.0,11880000000.0,15.59,1.63,1.84,9.72,1.84,1970000000.0,9.72,405610000.0,3.94,37.10,5.20,883120000.0,9.20,4310000000.0,2.84,20.61,11880000000.0,0.15,0.35,94.90,1450000.0,1.90,N/A,1460000.0,underperform
8222,2008-12-27 12:26:38,1230398798.0,dva,47.99,24.4,868.150024,29.76,-5.360000000000003,1.944,14.42,0.90,2.64,6.51,15.33,7.63,20.46,52.445,5060000000.0,8330000000.0,N/A,1.07,1.50,7.835,1.50,1670000000.0,7.835,361510000.0,3.38,0.60,9.80,439560000.0,4.235,3710000000.0,1.837,18.195999,595090000.0,0.5,0.20,96.20,3770000.0,2.3,3.60,3440000.0,underperform
8223,2005-01-27 19:17:47,1106871467.0,dva,41.24,33.12,1174.550049,9.29,23.83,3.068,18.51,1.77,8.77,10.22,19.06,10.78,61.02,21.686,4010000000.0,5120000000.0,17.92,1.30,2.29,10.05,2.29,655860000.0,10.05,228450000.0,2.217,11.70,8.70,226940000.0,2.33,1390000000.0,1.855,4.629,367180000.0,0.813,1.23,90.04,1940000.0,2.036,2.02,1200000.0,outperform
8224,2011-07-02 19:51:53,1309650713.0,tdc,59.32,14.68,1307.410034,1.65,13.03,23.55,34.61,5.05,7.97,14.85,21.01,13.44,27.29,12.01,9800000000.0,9800000000.0,23.98,2.08,4.87,21.69,4.87,1090000000.0,21.69,299000000.0,1.76,3.00,17.90,778000000.0,4.61,300000000.0,2.07,7.55,9800000000.0,0.82,1.80,83.30,3000000.0,1.70,1.80,3160000.0,outperform
8225,2013-04-23 03:38:10,1366702690.0,tdc,49.41,-6.27,1578.780029,18.79,-25.06,15.40,20.43,3.13,4.69,15.72,21.91,12.85,25.60,15.84,7890000000.0,7890000000.0,14.28,1.20,2.96,11.92,2.96,1490000000.0,11.92,419000000.0,2.44,14.30,10.00,729000000.0,4.40,274000000.0,1.90,10.74,575000000.0,0.80,0.36,87.00,4550000.0,2.40,2.80,4480000.0,underperform
8226,2009-06-27 10:39:07,1246113547.0,tdc,21.86,51.14,900.9400019999999,19.17,31.97,N/A,16.21,2.25,4.84,14.42,19.38,15.39,34.71,9.948,3410000000.0,3410000000.0,N/A,2.50,1.94,9.372,1.94,949000000.0,9.372,253000000.0,1.42,7.10,2.10,571000000.0,3.306,N/A,1.953,4.71,462000000.0,1.18,8.04,82.20,3950000.0,2.2,2.30,3400000.0,outperform
8227,2012-09-12 01:44:21,1347428661.0,tdc,75.02,-20.59,1436.560059,17.18,-37.769999999999996,16.25,33.40,4.93,7.25,15.20,21.70,12.88,25.03,15.20,12040000000.0,12040000000.0,23.55,1.74,4.72,18.94,4.72,1290000000.0,18.94,388000000.0,2.25,8.70,14.50,821000000.0,4.87,282000000.0,2.00,10.30,572000000.0,0.74,1.76,87.70,3350000.0,2.10,2.00,2900000.0,underperform
8228,2013-03-14 20:23:11,1363306991.0,tdc,58.51,-23.62,1563.22998,17.78,-41.400000000000006,15.40,23.98,3.63,5.43,15.72,21.91,12.85,25.60,15.84,9330000000.0,9330000000.0,16.62,1.35,3.50,14.10,3.50,1490000000.0,14.10,419000000.0,2.44,14.30,10.00,729000000.0,4.40,274000000.0,1.90,10.74,575000000.0,0.73,0.36,87.00,3420000.0,1.80,N/A,4170000.0,underperform
8229,2011-09-03 08:31:58,1315053118.0,tdc,52.36,46.08,1218.890015,14.82,31.259999999999998,21.61,25.54,4.04,6.28,15.44,20.57,13.25,27.67,12.65,7860000000.0,7860000000.0,18.93,1.62,3.70,16.70,3.70,1090000000.0,16.70,328000000.0,1.92,39.20,23.60,682000000.0,4.05,295000000.0,1.80,8.11,7860000000.0,0.84,1.80,83.30,4770000.0,1.70,2.80,3430000.0,outperform
8230,2011-07-03 22:27:09,1309746429.0,tdc,60.2,19.4,1320.640015,3.4,15.999999999999998,23.55,34.61,5.05,7.97,14.85,21.01,13.44,27.29,12.01,9800000000.0,9800000000.0,23.98,2.08,4.87,21.69,4.87,1090000000.0,21.69,299000000.0,1.76,3.00,17.90,778000000.0,4.61,300000000.0,2.07,7.55,9800000000.0,0.82,1.80,83.30,3000000.0,1.70,1.80,3160000.0,outperform
8231,2013-05-09 06:27:21,1368095241.0,tdc,55.1,-28.08,1626.670044,15.48,-43.56,15.46,23.89,3.26,4.91,14.67,20.20,11.43,22.81,15.75,7800000000.0,7800000000.0,15.54,1.24,2.95,12.68,2.95,1490000000.0,12.68,387000000.0,2.26,35.20,4.20,853000000.0,5.16,271000000.0,1.93,10.60,626000000.0,0.78,0.36,87.00,4110000.0000000005,1.60,2.50,4550000.0,underperform
8232,2012-05-19 10:36:18,1337438178.0,v,115.5,54.21,1324.800049,24.58,29.630000000000003,N/A,18.03,7.88,2.71,42.79,60.35,10.40,15.37,14.60,72870000000.0,72870000000.0,15.89,0.98,7.41,11.67,7.41,7730000000.0,11.67,4210000000.0,6.25,46.70,14.80,2960000000.0,4.39,0.00,2.87,42.37,4650000000.0,0.76,0.12,82.90,5880000.0,1.90,1.10,3990000.0,outperform
8233,2012-08-21 10:22:29,1345558949.0,v,125.53,41.03,1413.170044,16.25,24.78,N/A,62.55,8.51,3.27,13.52,60.34,10.38,5.20,15.08,83770000000.0,83770000000.0,17.92,1.09,8.32,13.09,8.32,7730000000.0,13.09,1370000000.0,2.05,N/A,10.50,2300000000.0,3.44,0.00,1.39,39.16,4510000000.0,0.81,0.13,82.90,9320000.0,2.70,1.80,9700000.0,outperform
8234,2008-12-17 17:00:04,1229551204.0,v,53.06,58.24,904.419983,21.19,37.05,0.005,95.00,6.80,2.19,12.84,44.63,8.87,7.79,7.26,42870000000.0,36430000000.0,N/A,1.00,5.82,12.015,5.82,4720000000.0,12.015,804000000.0,0.58,N/A,72.50,6290000000.0,8.081,106000000.0,1.56,25.02,531000000.0,N/A,0.13,68.20,15830000.0,1.5,3.50,17330000.0,outperform
8235,2008-10-28 10:03:15,1225202595.0,v,47.79,54.34,940.51001,10.86,43.480000000000004,0.005,N/A,5.07,1.83,4.75,37.51,N/A,N/A,8.46,36250000000.0,30120000000.0,N/A,0.99,4.21,N/A,4.21,1070000000.0000001,N/A,339540000.0,0.40,89.20,71.40,6240000000.0,8.019,109000000.0,1.774,25.49,N/A,N/A,10.80,51.20,15300000.0,1.2,3.40,13270000.0,outperform
8236,2012-08-15 17:51:46,1345067506.0,v,127.05,35.87,1405.530029,18.2,17.669999999999998,N/A,62.90,8.61,3.31,13.52,60.34,10.38,5.20,15.08,84570000000.0,84570000000.0,18.03,1.09,8.40,13.22,8.40,7730000000.0,13.22,1370000000.0,2.05,N/A,10.50,2300000000.0,3.44,0.00,1.39,39.16,4510000000.0,0.81,0.13,82.90,9320000.0,2.70,1.80,9700000.0,outperform
8237,2011-11-05 14:00:36,1320516036.0,v,89.37,58.49,1237.900024,15.32,43.17,N/A,17.43,6.96,2.42,39.73,59.46,10.02,14.17,13.38,60210000000.0,60210000000.0,13.68,0.84,6.55,10.47,6.55,5450000000.0,10.47,3650000000.0,5.32,13.70,12.60,3400000000.0,4.95,0.00,2.66,38.51,60210000000.0,0.53,0.13,79.70,7620000.0,1.30,1.50,8240000.0,outperform
8238,2011-11-02 19:45:40,1320277540.0,v,89.37,58.49,1237.900024,15.32,43.17,N/A,17.22,6.73,2.34,39.73,59.46,10.02,14.17,13.38,58420000000.0,58420000000.0,15.98,0.97,6.36,10.16,6.36,5450000000.0,10.16,3650000000.0,5.32,13.70,12.60,3400000000.0,4.95,0.00,2.66,38.51,58420000000.0,0.53,0.13,79.70,7620000.0,1.30,1.50,8240000.0,outperform
8239,2004-08-03 21:07:29,1091581649.0,v,,,1099.689941,13.22,,1.185,74.08,0.91,1.75,2.26,N/A,0.87,2.29,48.623,26310000000.0,42040000000.0,22.29,1.69,1.44,N/A,1.44,18420000000.0,N/A,361060000.0,0.331,N/A,33.00,2630000000.0,2.45,18010000000.0,0.554,14.164,N/A,1.98,6.00,6.02,2140000.0,4.906,0.21,2830000.0,underperform
8240,2009-01-31 21:04:42,1233453882.0,v,45.25,76.22,874.090027,24.08,52.14,0.005,85.09,5.75,1.85,12.84,44.63,8.87,7.79,7.26,38390000000.0,32210000000.0,N/A,0.96,5.14,10.624,5.14,4720000000.0,10.624,804000000.0,0.58,N/A,72.50,6290000000.0,8.081,106000000.0,1.56,25.02,531000000.0,N/A,0.13,68.90,14190000.0,2.6,3.20,13040000.0,outperform
8241,2013-04-07 20:07:57,1365379677.0,v,164.62,23.1,1559.97998,18.27,4.830000000000002,N/A,45.94,10.27,4.00,22.46,59.93,11.21,8.77,16.08,106460000000.0,106460000000.0,19.43,1.24,9.93,15.73,9.93,8700000000.0,15.73,2400000000.0,3.60,25.70,11.70,2780000000.0,4.21,0.00,1.97,41.67,899000000.0,0.79,0.14,84.80,6790000.0,2.40,1.30,6150000.0,outperform
8242,2012-03-06 19:42:19,1331080939.0,v,112.65,41.38,1343.359985,14.75,26.630000000000003,N/A,20.33,8.24,2.86,39.96,60.18,10.24,14.34,14.13,75490000000.0,75490000000.0,16.49,1.03,7.95,12.55,7.95,7730000000.0,12.55,3800000000.0,5.65,16.40,13.80,2740000000.0,4.07,0.00,2.82,40.61,4150000000.0000005,0.78,0.12,82.90,5560000.0,1.20,1.10,4930000.0,outperform
8243,2013-05-14 04:40:57,1368520857.0,v,178.3,17.48,1650.339966,14.43,3.0500000000000007,N/A,50.20,10.47,4.33,21.50,60.17,11.61,8.61,16.73,113470000000.0,113470000000.0,20.69,1.29,10.22,16.11,10.22,8700000000.0,16.11,2380000000.0,3.56,1.70,14.70,2720000000.0,4.18,0.00,1.95,41.31,1450000000.0,0.79,0.14,84.80,6430000.0,2.70,1.20,6730000.0,outperform
8244,2011-09-03 09:27:03,1315056423.0,v,85.83,45.31,1218.890015,14.82,30.490000000000002,0.13,16.67,6.81,2.33,39.72,58.38,9.70,13.96,12.92,55420000000.0,55420000000.0,15.01,0.93,6.21,10.08,6.21,5450000000.0,10.08,3540000000.0,5.13,40.40,14.40,3820000000.0,5.52,35000000.0,2.70,37.72,55420000000.0,0.65,0.13,79.70,8410000.0,1.40,1.70,6290000.0,outperform
8245,2004-04-27 16:22:29,1083097349.0,v,,,1138.109985,1.61,,1.185,N/A,0.93,1.87,0.35,N/A,0.14,2.57,28.231,28000000000.0,43140000000.0,23.30,1.54,1.43,N/A,1.43,18420000000.0,N/A,398310000.0,0.373,N/A,33.00,2590000000.0,2.42,17740000000.0,0.554,13.963,N/A,1.961,6.00,6.43,1850000.0,5.958,0.18,2310000.0,underperform
8246,2005-01-24 04:31:15,1106559075.0,v,,,1163.75,8.86,,0.533,N/A,1.09,2.01,3.50,2.89,1.66,24.84,28.231,33060000000.000004,40220000000.0,13.70,0.97,1.33,132.35,1.33,12830000000.0,132.35,3930000000.0,3.66,N/A,47.50,1600000000.0,1.49,8770000000.0,0.733,15.326,N/A,2.009,1.00,5.42,1460000.0,4.433,0.14,1470000.0,underperform
8247,2012-01-02 19:36:41,1325551001.0,v,,,1257.599976,0.74,,0.05,19.10,7.72,2.68,39.73,59.46,10.02,14.17,13.38,66440000000.0,66440000000.0,14.95,0.93,7.23,11.55,7.23,7730000000.0,11.55,3650000000.0,5.32,13.70,12.60,3400000000.0,4.94,12000000.0,2.66,38.51,3870000000.0,0.51,0.13,79.70,7370000.0,1.90,1.40,8279999.999999999,underperform
8248,2008-04-05 19:06:59,1207436819.0,v,59.52,-10.32,1367.530029,-38.99,28.67,0.007,N/A,8.70,3.04,11.52,33.23,N/A,N/A,7.53,49980000000.0,47670000000.0,N/A,N/A,8.17,N/A,8.17,N/A,N/A,672540000.0,0.87,106.80,76.10,2430000000.0,3.131,115000000.0,1.122,21.57,N/A,N/A,0.04,N/A,2.3,2.3,N/A,1290000.0,outperform
8249,2004-06-21 19:16:21,1087859781.0,v,,,1130.300049,7.37,,1.185,79.70,0.96,1.84,2.26,N/A,0.87,2.29,48.987,28470000000.0,43610000000.0,24.13,1.78,1.48,N/A,1.48,18420000000.0,N/A,363760000.0,0.333,N/A,33.00,2650000000.0,2.47,18140000000.0,0.554,14.27,N/A,1.967,6.00,6.02,3470000.0,9.438,0.34,1850000.0,underperform
8250,2005-05-26 08:47:49,1117111669.0,v,,,1197.619995,6.89,,0.462,35.46,1.24,1.96,7.30,12.45,3.36,6.09,25.075,33420000000.0,37350000000.0,13.55,0.70,1.39,9.01,1.39,12830000000.0,9.01,945930000.0,0.88,N/A,47.50,3960000000.0,3.7,7890000000.0,0.78,15.94,N/A,1.991,9.00,6.51,1260000.0,6.038,0.13,1430000.0,underperform
8251,2013-04-25 00:09:51,1366862991.0,v,166.87,18.76,1585.160034,17.55,1.2100000000000009,N/A,46.47,10.22,3.98,22.46,59.93,11.21,8.77,16.08,105670000000.0,105670000000.0,19.65,1.21,9.86,15.61,9.86,8700000000.0,15.61,2400000000.0,3.60,25.70,11.70,2780000000.0,4.21,0.00,1.97,41.67,899000000.0,0.79,0.14,84.80,6910000.0,2.10,1.30,6790000.0,outperform
8252,2010-02-26 22:54:27,1267242867.0,sre,41.93,10.76,1104.48999,18.37,-7.610000000000001,N/A,10.53,1.56,1.42,14.48,14.35,2.73,13.82,32.754,20080000000.0,20080000000.0,N/A,1.52,2.53,10.642,2.53,4760000000.0,10.642,1150000000.0,4.67,2.90,31.20,756000000.0,3.068,8439999999.999999,0.626,35.549,2260000000.0,0.6,0.11,69.30,4330000.0,2.1,1.90,4270000.0,underperform
8253,2004-10-24 04:53:11,1098607991.0,sre,23.82,30.81,1106.48999,8.4,22.409999999999997,1.231,9.46,0.92,1.87,9.58,12.65,3.99,22.08,37.484,7900000000.0,12100000000.0,11.14,1.61,1.43,7.03,1.43,4070000000.0000005,7.03,812000000.0,3.606,9.80,31.00,1150000000.0,4.96,5350000000.0,1.026,18.035,1020000000.0,0.164,11.82,56.76,4340000.0,6.146,2.12,5100000.0,outperform
8254,2007-05-04 06:39:53,1178275193.0,sre,49.88,-8.14,1505.619995,-7.97,-0.17000000000000082,0.727,11.81,1.41,2.21,11.96,15.72,4.31,15.96,45.856,16700000000.0,21160000000.0,N/A,3.26,1.80,7.951,1.80,5600000000.0,7.951,1090000000.0,5.38,64.80,17.50,920000000.0,3.499,5460000000.0,1.161,28.667,1630000000.0,0.37,0.41,51.30,3600000.0,2.9,1.40,3010000.0,underperform
8255,2013-04-23 05:13:47,1366708427.0,sre,77.79,22.36,1578.780029,18.79,3.5700000000000003,119.79,23.59,2.07,1.95,8.90,16.43,2.84,8.70,39.97,32409999999.999996,32409999999.999996,17.24,3.18,3.36,12.12,3.36,3030000000.0,12.12,859000000.0,3.48,2.80,2.50,490000000.0,2.02,12890000000.0,0.87,42.43,2020000000.0,0.37,0.30,71.10,3040000.0,3.30,1.30,3450000.0,outperform
8256,2013-05-10 01:26:45,1368163605.0,sre,77.82,26.65,1633.699951,14.97,11.679999999999998,113.08,25.33,2.03,1.93,8.08,15.84,2.75,7.72,40.96,31760000000.0,31760000000.0,17.38,3.27,3.20,11.77,3.20,3030000000.0,11.77,801000000.0,3.23,24.60,11.20,1470000000.0,6.05,12820000000.0,0.80,42.84,2150000000.0,0.38,0.30,71.10,3380000.0,3.60,1.50,3040000.0,outperform
8257,2005-03-09 09:29:55,1110378595.0,sre,29.07,15.24,1207.01001,5.4,9.84,0.99,10.71,1.07,2.03,9.78,13.52,4.12,21.51,40.09,9970000000.0,14530000000.0,12.69,2.10,1.54,7.68,1.54,4500000000.0,7.68,920000000.0,3.91,37.90,19.30,434000000.0,1.82,5000000000.0,0.966,20.791,949000000.0,0.275,10.80,57.32,4330000.0,4.588,2.04,4160000.0,outperform
8258,2007-03-08 16:46:25,1173390385.0,sre,47.14,-11.2,1401.890015,-7.74,-3.459999999999999,0.758,9.53,1.33,2.08,12.91,15.88,5.20,20.00,49.645,15750000000.0,19930000000.0,N/A,3.10,1.57,6.465,1.57,5170000000.0,6.465,1340000000.0,6.289,195.50,0.60,1500000000.0,5.725,5670000000.0,1.18,28.667,1220000000.0,0.47,21.65,63.50,4070000.0000000005,3.7,1.60,4400000.0,underperform
8259,2005-01-22 21:17:21,1106446641.0,sre,25.99,34.17,1184.630005,8.48,25.69,1.085,10.04,0.99,1.94,9.69,12.94,3.92,21.08,36.989,8410000000.0,13090000000.0,11.44,1.63,1.52,7.39,1.52,4070000000.0000005,7.39,832000000.0,3.591,9.80,31.00,267000000.0,1.14,4950000000.0,1.029,18.802999,691000000.0,0.248,11.82,57.49,3780000.0,3.515,1.84,3950000.0,outperform
8260,2013-03-12 06:50:56,1363085456.0,sre,74.57,23.64,1552.47998,20.34,3.3000000000000007,119.79,22.76,1.98,1.85,8.90,16.43,2.84,8.70,39.97,31460000000.0,31460000000.0,16.64,3.13,3.26,11.76,3.26,3030000000.0,11.76,859000000.0,3.48,2.80,2.50,490000000.0,2.02,12890000000.0,0.87,42.43,2020000000.0,0.36,0.30,71.10,3690000.0,4.80,1.60,3350000.0,outperform
8261,2013-05-16 15:08:57,1368731337.0,ace,88.34,13.89,1650.469971,13.78,0.11000000000000121,27.94,11.84,1.75,1.13,14.88,17.34,2.13,10.07,53.02,35220000000.0,35220000000.0,11.37,1.39,1.95,11.06,1.95,5320000000.0,11.06,2690000000.0,7.83,2.10,2.60,3750000000.0,11.02,7810000000.0,0.41,82.17,4340000000.0,0.79,0.34,93.10,2270000.0,1.60,0.70,2600000.0,outperform
8262,2011-08-11 20:49:00,1313110140.0,ace,58.23,17.64,1172.640015,19.89,-2.25,27.70,8.52,1.23,0.83,15.54,19.58,2.36,11.17,48.24,23530000000.0,23530000000.0,8.49,1.10,1.44,7.31,1.44,5730000000.0,7.31,2540000000.0,7.44,10.30,13.10,3210000000.0,9.51,6680000000.0,0.72,71.36,23530000000.0,0.61,0.19,3.30,2370000.0,1.30,0.80,2200000.0,underperform
8263,2010-07-18 23:43:13,1279510993.0,ace,49.11,19.06,1096.47998,19.06,0.0,N/A,6.64,1.21,0.90,17.72,22.73,2.88,15.48,45.78,19030000000.0,19030000000.0,7.28,0.58,1.23,N/A,1.23,N/A,N/A,2740000000.0,8.09,33.20,10.50,2780000000.0,8.20,3620000000.0,2.48,60.94,19030000000.0,0.69,0.18,88.20,4680000.0,1.30,1.60,1370000.0,underperform
8264,2004-10-10 11:27:42,1097422062.0,ace,33.29,16.28,1130.650024,5.01,11.270000000000001,0.26,7.18,1.01,1.28,14.10,17.40,3.32,18.36,41.694,11660000000.0,13390000000.0,7.02,0.63,1.14,N/A,1.14,10690000000.0,N/A,1610000000.0,5.719,1751.70,50.10,663240000.0,2.34,2390000000.0,N/A,32.504002,4930000000.0,0.683,35.00,90.48,2620000.0,2.428,1.42,3190000.0,outperform
8265,2007-02-20 18:32:05,1172014325.0,ace,48.77,1.05,1459.680054,-6.83,7.88,0.171,8.49,1.44,1.40,17.29,22.50,2.89,17.64,41.421,19130000000.0,18580000000.0,N/A,0.71,1.39,N/A,1.39,13090000000.0,N/A,2260000000.0,6.91,181.80,8.80,3020000000.0,9.254,2450000000.0,3.537,42.029999,N/A,0.91,0.32,84.70,2120000.0,2.2,0.70,2160000.0,outperform
8266,2008-01-23 21:48:58,1201142938.0,ace,50.81,-23.38,1338.599976,-38.18,14.8,0.154,7.54,1.36,1.20,18.91,23.90,3.05,18.08,43.585,19770000000.0,18270000000.0,N/A,0.57,1.29,N/A,1.29,13330000000.0,N/A,2630000000.0,7.96,13.50,7.50,3450000000.0,10.456,2460000000.0,2.719,48.664001,4680000000.0,0.83,0.19,87.70,1770000.0,1.1,0.50,1540000.0,outperform
8267,2013-04-23 04:24:03,1366705443.0,ace,86.31,15.46,1578.780029,18.79,-3.3299999999999983,24.94,11.31,1.68,1.10,15.09,17.60,2.19,10.44,52.78,33990000000.000004,33990000000.000004,11.06,1.50,1.90,10.60,1.90,5320000000.0,10.60,2710000000.0,7.89,4.10,3.30,3090000000.0,9.10,6860000000.0,0.93,80.90,4000000000.0,0.79,0.34,93.10,2230000.0,1.90,0.70,2610000.0,underperform
8268,2005-01-13 13:27:29,1105640849.0,ace,33.98,32.05,1177.449951,9.36,22.689999999999998,0.21,9.61,1.00,1.28,10.67,13.74,2.53,13.88,43.241,12150000000.0,13520000000.0,7.44,1.07,1.11,N/A,1.11,10690000000.0,N/A,1260000000.0,4.451,1751.70,50.10,625800000.0,2.2,1990000000.0,N/A,33.356998,5660000000.0,0.701,35.01,91.02,2060000.0,1.841,1.12,2790000.0,outperform
8269,2010-12-07 07:29:30,1291724970.0,ace,53.53,21.26,1223.75,3.04,18.220000000000002,23.09,6.57,1.27,0.88,19.28,24.43,3.03,14.72,46.81,22980000000.0,22980000000.0,7.86,0.88,1.45,N/A,1.45,5200000000.0,N/A,3060000000.0,8.99,36.60,5.60,2340000000.0,6.91,5280000000.0,1.94,67.34,22980000000.0,0.67,0.18,92.20,5470000.0,3.20,1.90,5570000.0,outperform
8270,2004-08-16 22:53:27,1092711207.0,ace,31.02,15.99,1079.339966,12.97,3.0199999999999996,0.26,6.84,0.92,1.18,14.10,17.40,3.32,18.36,41.694,11110000000.0,12610000000.0,6.68,0.60,1.07,N/A,1.07,10690000000.0,N/A,1610000000.0,5.719,1751.70,50.10,663240000.0,2.34,2390000000.0,N/A,32.504002,4800000000.0,0.728,35.00,90.09,3160000.0,3.135,1.71,3120000.0,outperform
8271,2007-04-05 15:54:06,1175802846.0,ace,47.89,1.36,1443.76001,-5.08,6.44,0.171,8.29,1.40,1.31,17.29,22.05,2.89,17.64,41.421,18700000000.0,18080000000.0,N/A,0.69,1.36,N/A,1.36,13330000000.0,N/A,2260000000.0,6.91,181.80,8.80,3080000000.0,9.439,2450000000.0,2.643,43.73,4110000000.0000005,0.86,0.32,91.40,1570000.0,1.1,0.50,1320000.0,outperform
8272,2012-01-28 05:43:21,1327747401.0,aon,45.92,24.06,1326.060059,12.73,11.329999999999998,55.30,17.72,1.38,1.87,8.33,14.60,3.92,13.71,33.17,19240000000.0,19240000000.0,13.23,1.54,1.72,8.75,1.72,8510000000.0,8.75,930000000.0,2.72,37.50,51.20,902000000.0,2.79,4580000000.0,1.14,25.47,1410000000.0,0.73,4.28,87.20,3460000.0,1.90,1.10,3850000.0,outperform
8273,2011-12-28 18:42:02,1325115722.0,aon,45.2,21.66,1249.640015,13.48,8.18,55.30,17.27,1.36,1.85,8.33,14.60,3.92,13.71,33.17,18910000000.0,18910000000.0,12.89,1.49,1.69,8.60,1.69,8510000000.0,8.60,930000000.0,2.72,37.50,51.20,902000000.0,2.79,4580000000.0,1.14,25.47,1410000000.0,0.73,4.11,86.00,4780000.0,1.80,1.50,4960000.0,outperform
8274,2011-08-18 09:21:16,1313673676.0,aon,42.65,21.95,1140.650024,24.33,-2.379999999999999,53.53,17.41,1.47,1.81,8.55,14.84,3.50,13.01,31.71,18880000000.0,18880000000.0,12.02,1.53,1.84,9.41,1.84,8510000000.0,9.41,876000000.0,2.67,68.60,48.10,815000000.0,2.50,4530000000.0,1.14,25.71,18880000000.0,0.51,4.11,86.00,2640000.0,1.50,0.80,3100000.0,underperform
8275,2011-12-21 15:02:05,1324497725.0,aon,44.76,24.78,1243.719971,16.08,8.700000000000003,55.30,16.98,1.32,1.80,8.33,14.60,3.92,13.71,33.17,18480000000.0,18480000000.0,12.67,1.43,1.65,8.41,1.65,8510000000.0,8.41,930000000.0,2.72,37.50,51.20,902000000.0,2.79,4580000000.0,1.14,25.47,1410000000.0,0.73,4.11,86.00,4780000.0,1.80,1.50,4960000.0,outperform
8276,2012-01-28 14:58:47,1327780727.0,aon,45.92,24.06,1326.060059,12.73,11.329999999999998,55.30,17.72,1.38,1.87,8.33,14.60,3.92,13.71,33.17,19240000000.0,19240000000.0,13.26,1.55,1.72,8.75,1.72,8510000000.0,8.75,930000000.0,2.72,37.50,51.20,902000000.0,2.79,4580000000.0,1.14,25.47,1410000000.0,0.73,4.28,87.20,3460000.0,1.90,1.10,3850000.0,outperform
8277,2008-03-27 18:28:15,1206656895.0,x,114.8,-79.53,1325.76001,-38.45,-41.08,0.598,16.60,0.88,2.70,5.21,7.24,5.82,17.77,142.883,14470000000.0,17800000000.0,N/A,1.15,1.06,10.308,1.06,2240000000.0,10.308,879000000.0,7.398,88.20,20.20,401000000.0,3.404,3310000000.0,1.651,46.875,1750000000.0,2.79,0.48,89.90,4620000.0,0.9,3.90,4850000.0,underperform
8278,2013-04-06 07:44:32,1365248672.0,x,17.24,63.23,1553.689941,21.57,41.66,113.23,N/A,0.13,0.73,0.64,2.06,1.59,3.58,134.00,5900000000.0,5900000000.0,7.93,2.47,0.31,5.57,0.31,1700000000.0,5.57,124000000.0,0.86,N/A,6.90,570000000.0,3.95,3940000000.0,1.80,24.10,1140000000.0,1.78,0.41,66.30,37100000.0,5.10,25.80,36930000.0,outperform
8279,2004-12-14 08:01:40,1103029300.0,x,45.22,-3.21,1203.380005,5.76,-8.969999999999999,0.805,9.84,0.41,2.98,5.14,9.01,8.11,47.02,103.967,5710000000.0,6230000000.0,7.46,0.64,0.47,3.97,0.47,1000000000.0,3.97,636000000.0,5.106,859.00,34.20,1060000000.0,9.34,1640000000.0,1.705,16.055,1260000000.0,1.965,1.14,95.00,13190000.0,2.86,11.74,13930000.0,underperform
8280,2008-12-18 20:35:02,1229650502.0,x,35.73,33.5,885.2800289999999,24.53,8.969999999999999,0.522,2.34,0.21,0.79,7.81,10.97,10.67,32.21,202.408,4280000000.0000005,7330000000.0,N/A,0.21,0.31,2.271,0.31,2240000000.0,2.271,1860000000.0,15.71,241.60,67.90,793000000.0,6.821,3230000000.0,1.89,53.063,1670000000.0,2.69,0.52,83.90,9480000.0,0.8,8.20,7150000.0,outperform
8281,2004-10-15 11:51:11,1097855471.0,x,32.72,0.89,1108.199951,6.27,-5.38,0.988,N/A,0.35,2.76,0.96,1.63,1.30,10.02,101.052,4040000000.0,5330000000.0,5.91,0.74,0.46,28.34,0.46,1000000000.0,28.34,139000000.0,1.76,859.00,34.20,590000000.0,5.2,1660000000.0,1.622,12.918,723000000.0,1.891,4.03,95.00,11030000.0,4.221,10.14,9610000.0,underperform
8282,2013-05-14 09:55:11,1368539711.0,x,18.33,38.52,1650.339966,14.43,24.090000000000003,113.34,125.41,0.14,0.77,0.12,1.16,0.88,0.61,129.94,5980000000.0,5980000000.0,11.05,2.55,0.32,6.74,0.32,1700000000.0,6.74,22000000.0,0.15,N/A,11.20,733000000.0,5.08,3930000000.0,1.80,24.05,942000000.0,1.78,0.41,66.30,43000000.0,4.10,29.90,42320000.0,outperform
8283,2004-04-12 19:41:54,1081813314.0,x,36.24,23.51,1145.199951,3.72,19.790000000000003,1.769,N/A,0.43,4.66,4.29,7.72,4.61,30.04,91.665,4170000000.0,5940000000.0,9.65,1.38,0.63,N/A,0.63,1000000000.0,N/A,422000000.0,4.098,859.00,34.20,316000000.0,3.01,1930000000.0,1.459,8.364,577000000.0,1.906,0.89,95.00,9260000.0,2.784,8.89,11110000.0,outperform
8284,2004-01-07 19:42:37,1073522557.0,x,32.37,37.41,1126.329956,5.47,31.939999999999998,1.143,N/A,0.43,2.65,4.30,8.00,4.28,18.94,84.309,3650000000.0,5700000000.0,14.88,N/A,0.66,N/A,0.66,896000000.0,N/A,384000000.0,3.717,N/A,10.70,160000000.0,1.55,1880000000.0,1.655,13.69,N/A,1.877,0.85,95.00,14490000.0,5.763,14.15,13000000.0,outperform
8285,2005-03-06 06:24:34,1110108274.0,x,54.79,-3.87,1210.469971,5.6,-9.469999999999999,0.345,7.37,0.48,1.81,7.83,11.23,12.11,50.76,109.591,7020000000.0,7570000000.0,11.25,1.28,0.54,3.85,0.54,2700000000.0,3.85,1050000000.0,8.34,N/A,49.00,1040000000.0,9.08,1370000000.0,1.676,32.93,1400000000.0,1.89,1.10,95.00,14480000.0,3.563,12.83,15170000.0,underperform
8286,2011-09-28 00:38:39,1317184719.0,x,21.94,-13.4,1151.060059,25.72,-39.12,92.53,N/A,0.18,0.80,0.87,0.59,0.43,3.79,130.62,6860000000.0,6860000000.0,5.71,1.90,0.37,12.23,0.37,1120000000.0,12.23,164000000.0,1.07,N/A,9.40,393000000.0,2.73,3900000000.0,1.67,29.27,6860000000.0,2.69,0.32,90.90,24580000.0,2.10,17.20,23290000.0,underperform
8287,2003-10-28 15:03:29,1067371409.0,x,20.04,69.96,1046.790039,7.51,62.449999999999996,0.866,26.83,0.27,1.11,1.08,1.73,1.01,3.51,78.803,2180000000.0,4130000000.0,9.02,N/A,0.51,8.43,0.51,896000000.0,8.43,80000000.0,0.788,N/A,10.70,145000000.0,1.4,1880000000.0,1.8,18.71,N/A,1.52,0.85,95.00,11680000.0,7.988,11.40,10000000.0,outperform
8288,2009-02-05 23:16:21,1233893781.0,x,30.07,44.3,845.849976,26.05,18.249999999999996,0.64,1.74,0.15,0.72,8.94,12.48,11.70,40.79,203.387,3650000000.0,5950000000.0,N/A,1.49,0.25,1.664,0.25,2240000000.0,1.664,2130000000.0,18.11,780.00,0.70,724000000.0,6.233,3150000000.0,2.062,42.299999,1660000000.0,2.65,0.55,85.70,7990000.0,0.9,6.90,8109999.999999999,outperform
8289,2013-04-22 03:29:59,1366615799.0,x,16.09,66.44,1562.5,20.29,46.15,113.23,N/A,0.12,0.68,0.64,2.06,1.59,3.58,134.00,5730000000.0,5730000000.0,7.80,2.34,0.30,5.41,0.30,1700000000.0,5.41,124000000.0,0.86,N/A,6.90,570000000.0,3.95,3940000000.0,1.80,24.10,1140000000.0,1.78,0.41,66.30,36830000.0,5.10,25.60,37100000.0,outperform
8290,2006-11-28 12:11:35,1164733895.0,x,66.73,35.8,1386.719971,5.93,29.869999999999997,0.351,7.61,0.55,2.04,7.70,10.75,9.78,26.66,136.076,8550000000.000001,8610000000.0,N/A,1.13,0.56,4.034,0.56,2440000000.0,4.034,1170000000.0,9.47,348.40,28.30,1410000000.0,11.901,1470000000.0,1.909,35.313999,1370000000.0,4.72,7.16,111.50,8710000.0,1.6,7.40,8289999.999999999,outperform
8291,2005-02-19 11:01:18,1108828878.0,x,51.94,-1.21,1210.339966,6.53,-7.74,0.343,6.92,0.44,1.58,7.83,11.23,12.11,49.48,109.591,6530000000.0,6810000000.0,10.51,1.15,0.48,3.47,0.48,1000000000.0,3.47,1050000000.0,8.29,859.00,34.20,1040000000.0,9.12,1360000000.0,1.678,34.853001,1260000000.0,1.89,1.14,95.00,15170000.0,4.544,13.49,15560000.0,underperform
8292,2013-05-09 22:19:35,1368152375.0,expd,37.37,14.29,1626.670044,15.48,-1.1900000000000013,N/A,24.02,1.35,3.84,5.64,8.93,11.09,16.02,28.61,6270000000.0,6270000000.0,19.13,1.77,1.05,10.89,1.05,1820000000.0,10.89,336970000.0,1.60,4.70,0.10,1390000000.0,6.76,0.00,2.92,10.18,387990000.0,1.26,1.17,87.60,4110000.0000000005,1.70,2.00,3630000.0,underperform
8293,2011-05-09 12:23:10,1304958190.0,expd,51.6,-27.05,1346.290039,1.29,-28.34,N/A,30.94,1.90,6.52,6.01,9.54,14.12,21.51,29.34,10110000000.0,10110000000.0,24.67,1.88,1.62,16.00,1.62,1690000000.0,16.00,374160000.0,1.73,49.00,21.60,1240000000.0,5.84,0.00,2.49,8.21,10110000000.0,0.83,1.20,90.30,3100000.0,2.20,1.50,2540000.0,underperform
8294,2004-11-11 10:08:38,1100185718.0,expd,24.55,27.9,1173.47998,5.22,22.68,1.973,39.49,1.84,7.49,4.96,7.48,13.50,21.81,28.241,5690000000.0,5310000000.0,31.02,2.48,1.70,20.48,1.70,352040000.0,20.48,148930000.0,1.351,8.40,14.30,377690000.0,3.54,1.973,1.973,7.161,139490000.0,0.655,2.88,86.14,3770000.0,5.106,3.64,3450000.0,outperform
8295,2007-04-02 07:18:38,1175512718.0,expd,37.66,16.22,1424.550049,-3.82,20.04,N/A,39.05,1.91,8.23,5.08,8.11,15.38,23.55,21.672,8850000000.0,8330000000.0,N/A,1.87,1.80,18.37,1.80,581120000.0,18.37,235090000.0,1.06,15.70,12.70,511940000.0,2.391,N/A,1.892,5.021,333290000.0,0.65,1.79,88.20,10140000.0,3.3,4.90,6250000.0,outperform
8296,2013-02-06 13:23:10,1360174990.0,expd,41.97,-5.74,1512.119995,17.28,-23.020000000000003,N/A,27.14,1.53,4.34,5.75,9.38,11.79,16.89,28.13,7710000000.0,7710000000.0,23.10,1.77,1.30,12.90,1.30,1900000000.0,12.90,341990000.0,1.60,17.00,4.70,1370000000.0,6.54,0.00,2.82,10.00,417310000.0,1.29,1.19,90.60,4070000.0000000005,2.50,1.90,4700000.0,underperform
8297,2004-01-29 15:53:19,1075409599.0,expd,17.23,48.23,1134.109985,3.28,44.949999999999996,N/A,34.05,1.53,6.44,4.70,7.09,13.15,22.03,23.695,3980000000.0,3660000000.0,28.74,2.33,1.42,17.71,1.42,281630000.0,17.71,121580000.0,1.114,15.70,39.00,293120000.0,2.79,N/A,1.803,5.84,N/A,0.682,3.32,89.96,3650000.0,6.495,3.60,3710000.0,outperform
8298,2004-12-17 14:12:02,1103310722.0,expd,24.09,29.27,1194.199951,6.58,22.689999999999998,1.973,39.27,1.82,7.41,4.96,7.48,13.50,21.81,28.241,5650000000.0,5280000000.0,31.21,2.53,1.69,20.36,1.69,352040000.0,20.36,148930000.0,1.351,8.40,14.30,377690000.0,3.54,1.973,1.973,7.161,161040000.0,0.646,2.88,86.76,4150000.0000000005,2.496,4.01,3770000.0,outperform
8299,2012-08-18 08:22:37,1345292557.0,expd,36.08,8.12,1405.530029,18.2,-10.08,N/A,22.79,1.34,3.95,5.98,9.57,12.28,18.36,28.42,6700000000.0,6700000000.0,19.94,1.67,1.11,10.89,1.11,1900000000.0,10.89,360110000.0,1.68,11.60,4.80,1360000000.0,6.48,0.00,2.72,9.71,441450000.0,1.24,1.17,90.90,6000000.0,3.80,N/A,5470000.0,underperform
8300,2007-04-06 22:29:07,1175912947.0,expd,38.33,13.46,1437.77002,-4.89,18.35,N/A,40.10,1.95,8.39,5.08,8.11,15.38,23.55,21.672,9080000000.0,8570000000.0,N/A,1.93,1.85,18.893,1.85,581120000.0,18.893,235090000.0,1.06,15.70,12.70,511940000.0,2.391,N/A,1.892,5.021,333290000.0,0.64,1.79,88.20,10140000.0,3.3,4.90,6250000.0,outperform
8301,2005-02-28 19:31:13,1109637073.0,expd,25.21,40.58,1203.599976,6.4,34.18,0.003,39.31,1.80,7.39,4.86,7.27,13.33,21.63,29.919,5900000000.0,5560000000.0,27.40,2.21,1.67,20.75,1.67,352040000.0,20.75,156130000.0,1.41,8.40,14.30,409090000.0,3.84,2250000.0,2.026,7.571,161040000.0,0.595,2.88,91.40,4740000.0,6.956,4.58,4410000.0,outperform
8302,2006-01-03 20:32:35,1136338355.0,expd,30.73,24.34,1268.800049,11.65,12.69,1.936,41.47,1.93,8.17,4.87,7.45,12.21,22.12,34.826,7200000000.0,6950000000.0,N/A,2.21,1.86,22.458,1.86,426870000.0,22.458,181720000.0,1.63,29.40,16.60,461540000.0,4.328,1.936,1.936,8.263,245730000.0,N/A,3.21,90.40,7230000.0,6.4,7.00,7890000.0,outperform
8303,2011-08-09 10:31:40,1312900300.0,expd,40.78,-13.85,1172.530029,19.59,-33.44,N/A,23.85,1.41,4.73,6.02,9.66,14.00,21.56,29.65,7620000000.0,7620000000.0,19.41,1.58,1.21,11.80,1.21,1690000000.0,11.80,378840000.0,1.75,5.20,4.30,1230000000.0,5.79,0.00,2.51,8.83,7620000000.0,0.82,1.20,90.30,2000000.0,1.10,1.00,1950000.0,underperform
8304,2008-06-09 23:25:26,1213068326.0,spls,7586000.0,9.91,1361.76001,-30.79,40.7,0.064,16.61,0.83,2.85,5.08,8.06,11.38,18.54,28.085,16300000000.0,15460000000.0,N/A,1.19,0.79,7.781,0.79,5550000000.0,7.781,998810000.0,1.40,1.50,6.40,1220000000.0,1.74,366920000.0,1.737,8.14,1480000000.0,0.41,0.64,89.20,20490000.0,2.4,2.90,16320000.0,outperform
8305,2011-12-28 23:00:39,1325131239.0,spls,3573800.0,81.29,1249.640015,13.48,67.81,27.68,10.16,0.40,1.38,3.91,6.38,7.25,13.97,35.60,10830000000.0,10830000000.0,9.28,1.05,0.43,5.20,0.43,6610000000.0,5.20,975800000.0,1.37,13.10,0.50,1060000000.0,1.52,1990000000.0,1.51,10.24,1540000000.0,1.11,2.67,82.30,25600000.0,2.60,4.00,25600000.0,outperform
8306,2012-04-05 11:18:39,1333639119.0,spls,10490600.0,-51.1,1398.079956,11.1,-62.2,29.03,11.48,0.45,1.59,3.94,6.51,7.45,14.08,36.00,11930000000.0,11930000000.0,9.86,1.14,0.48,5.65,0.48,6740000000.0,5.65,984660000.0,1.40,3.20,0.70,1260000000.0,1.82,2040000000.0,1.54,10.08,1580000000.0,1.31,0.69,89.40,32700000.000000004,2.90,5.10,29960000.0,underperform
8307,2012-04-05 01:20:08,1333603208.0,spls,10490600.0,-51.1,1398.079956,11.1,-62.2,29.03,11.48,0.46,1.64,3.94,6.51,7.45,14.08,36.00,12230000000.0,12230000000.0,9.86,1.14,0.49,5.79,0.49,6740000000.0,5.79,984660000.0,1.40,3.20,0.70,1260000000.0,1.82,2040000000.0,1.54,10.08,1580000000.0,1.31,0.69,89.40,32700000.000000004,2.90,5.10,29960000.0,underperform
8308,2013-05-11 12:34:20,1368290060.0,spls,14991600.0,-42.94,1632.689941,14.88,-57.82,32.42,N/A,0.38,1.53,0.86,6.35,7.53,2.44,36.42,9990000000.0,9990000000.0,9.98,1.60,0.41,4.96,0.41,6490000000.0,4.96,160730000.0,0.32,72.50,3.00,1330000000.0,2.00,1990000000.0,1.40,9.16,1220000000.0,1.46,0.76,95.80,74520000.0,9.20,11.20,77770000.0,underperform
8309,2008-12-05 23:27:33,1228537653.0,spls,11703200.0,-14.44,876.070007,26.62,-41.06,0.748,13.53,0.63,2.16,4.74,7.58,8.16,17.50,29.333,13150000000.0,17040000000.0,N/A,0.99,0.83,8.614,0.83,5550000000.0,8.614,970210000.0,1.36,16.00,18.30,258440000.0,0.363,4440000000.0,0.793,8.343,1340000000.0,0.64,0.67,91.10,25000000.0,2.5,3.50,20990000.0,underperform
8310,2004-09-28 10:14:01,1096380841.0,spls,2060400.0,106.73,1110.060059,9.62,97.11,0.198,23.60,1.06,3.94,4.53,7.17,9.96,17.93,27.33,14540000000.0,14080000000.0,18.04,1.17,1.02,13.88,1.02,3620000000.0,13.88,625860000.0,1.238,9.90,13.70,1270000000.0,2.55,735790000.0,1.698,7.46,1150000000.0,0.941,0.84,83.60,7800000.0,2.782,1.58,5680000.0,outperform
8311,2012-10-12 09:36:24,1350048984.0,spls,12767900.0,-44.67,1428.589966,15.95,-60.620000000000005,30.07,8.61,0.32,1.15,3.72,6.25,7.22,13.18,36.20,8880000000.0,8880000000.0,8.06,1.13,0.36,4.42,0.36,6740000000.0,4.42,917460000.0,1.33,31.70,5.50,984670000.0,1.44,2040000000.0,1.56,9.94,1530000000.0,1.33,0.78,91.80,78140000.0,4.20,11.40,73440000.0,underperform
8312,2009-10-30 18:02:51,1256940171.0,spls,7859100.0,4.91,1036.189941,14.12,-9.209999999999999,N/A,23.00,0.66,2.64,2.77,6.21,6.67,11.26,34.754,18420000000.0,18420000000.0,N/A,1.39,0.75,8.705,0.75,6250000000.0,8.705,678120000.0,0.95,38.50,9.00,633440000.0,0.877,2960000000.0,1.377,8.431,2200000000.0,0.69,0.68,92.50,19330000.0,3.2,2.70,19660000.0,underperform
8313,2005-02-27 07:51:19,1109508679.0,spls,5859900.0,-26.65,1200.199951,7.83,-34.48,0.136,22.93,1.11,3.90,4.90,7.79,10.46,18.45,28.564,15900000000.0,14990000000.0,17.07,1.14,1.04,13.21,1.04,3620000000.0,13.21,708390000.0,1.40,9.90,13.70,1470000000.0,2.97,559170000.0,1.721,8.291,1240000000.0,1.134,0.82,74.79,7260000.0,2.82,1.48,7680000.0,underperform
8314,2007-05-29 05:27:20,1180430840.0,spls,14398800.0,-66.68,1518.109985,-8.38,-58.300000000000004,0.103,18.54,0.94,3.45,5.36,8.06,12.65,20.49,25.205,17450000000.0,17450000000.0,N/A,1.00,0.96,8.852,0.96,5190000000.0,8.852,973680000.0,1.32,21.60,18.50,1480000000.0,2.058,517640000.0,1.589,7.043,1160000000.0,1.33,0.90,85.00,12590000.0,2.3,1.80,8350000.0,underperform
8315,2011-05-25 22:04:38,1306375478.0,spls,14499800.0,-20.51,1320.469971,0.02,-20.53,29.15,13.47,0.49,1.67,3.62,6.47,7.30,12.64,34.61,13280000000.0,13280000000.0,10.43,0.81,0.54,6.35,0.54,6610000000.0,6.35,891420000.0,1.23,5.00,1.90,932520000.0,1.31,2120000000.0,1.56,10.18,13280000000.0,0.91,2.67,82.30,21300000.0,2.30,3.30,19400000.0,underperform
8316,2011-09-27 11:47:03,1317138423.0,spls,10884000.0,95.81,1175.380005,21.95,73.86,32.18,10.31,0.38,1.34,3.76,6.35,7.36,13.80,35.27,11000000000.0,11000000000.0,8.73,0.67,0.44,5.29,0.44,6610000000.0,5.29,938100000.0,1.30,36.00,5.20,823120000.0,1.16,2290000000.0,1.57,10.02,11000000000.0,0.99,2.67,82.30,27110000.0,1.60,4.20,28450000.0,outperform
8317,2009-06-17 01:12:56,1245215576.0,spls,9706100.0,-0.05,910.7100220000001,22.55,-22.6,N/A,19.70,0.62,2.59,3.06,6.37,8.65,12.81,34.242,17380000000.0,17380000000.0,N/A,1.29,0.72,8.245,0.72,6250000000.0,8.245,735950000.0,1.03,32.70,19.10,738360000.0,1.032,3220000000.0,1.339,8.026,1820000000.0,0.7,0.68,92.40,20960000.0,3.3,3.00,21110000.0,underperform
8318,2012-09-23 17:51:40,1348437100.0,spls,17836500.0,-9.61,1460.26001,16.54,-26.15,30.07,9.31,0.34,1.24,3.72,6.25,7.22,13.18,36.12,9480000000.0,9480000000.0,8.64,0.95,0.39,4.72,0.39,6740000000.0,4.72,917460000.0,1.33,31.70,5.50,984670000.0,1.44,2040000000.0,1.56,9.94,1530000000.0,1.34,0.72,92.10,69330000.0,4.60,10.10,63590000.0,underperform
8319,2007-02-13 20:13:40,1171415620.0,spls,5154800.0,31.48,1444.26001,-5.33,36.81,0.11,20.58,1.11,4.06,5.56,8.39,12.19,21.63,23.956,19400000000.0,N/A,N/A,1.12,N/A,N/A,N/A,4590000000.0,N/A,964180000.0,1.30,29.20,12.00,1320000000.0,1.828,522640000.0,1.575,6.565,1130000000.0,1.62,0.89,84.40,6790000.0,1.5,0.90,7750000.0,outperform
8320,2013-04-22 02:54:55,1366613695.0,spls,5031100.0,28.82,1562.5,20.29,8.530000000000001,32.42,N/A,0.35,1.39,0.86,6.35,7.53,2.44,36.42,9300000000.0,9300000000.0,9.18,1.45,0.38,4.62,0.38,6490000000.0,4.62,160730000.0,0.32,72.50,3.00,1330000000.0,2.00,1990000000.0,1.40,9.16,1220000000.0,1.46,0.76,95.80,77770000.0,6.70,11.30,76960000.0,outperform
8321,2011-07-28 18:54:47,1311893687.0,spls,11665200.0,95.74,1300.670044,6.56,89.17999999999999,29.15,13.09,0.46,1.57,3.62,6.47,7.30,12.64,34.61,12410000000.0,12410000000.0,10.20,0.75,0.50,5.93,0.50,6610000000.0,5.93,891420000.0,1.23,5.00,1.90,932520000.0,1.31,2120000000.0,1.56,10.18,12410000000.0,1.00,2.67,82.30,28240000.0,2.00,4.40,22860000.0,outperform
8322,2012-07-21 19:42:42,1342914162.0,spls,6724400.0,-5.44,1372.780029,23.06,-28.5,28.67,8.95,0.35,1.24,3.90,6.52,7.49,13.55,36.25,9420000000.0,9420000000.0,7.84,0.88,0.38,4.48,0.38,6740000000.0,4.48,973470000.0,1.39,5.60,1.10,1200000000.0,1.75,2029999999.9999998,1.60,10.27,1510000000.0,1.33,0.72,92.10,52370000.0,4.80,7.60,50210000.0,underperform
8323,2005-03-09 06:43:50,1110368630.0,luv,14.07,17.63,1207.01001,5.4,12.229999999999999,0.334,38.34,1.78,2.10,4.81,8.50,2.85,5.90,8.019,11600000000.0,12140000000.0,23.12,1.97,1.86,12.31,1.86,2040000000.0,12.31,314000000.0,0.39,29.20,10.00,1310000000.0,1.67,1850000000.0,1.014,7.037,1160000000.0,0.913,0.52,77.75,12880000.0,3.363,1.65,12260000.0,outperform
8324,2011-04-27 05:23:50,1303896230.0,luv,11.54,-31.11,1355.660034,3.27,-34.38,54.26,19.15,0.71,1.38,3.79,8.16,4.15,7.85,16.23,8449999999.999999,8449999999.999999,12.17,2.66,0.70,5.23,0.70,6750000000.0,5.23,459000000.0,0.61,13.90,14.80,3540000000.0,4.73,3380000000.0,1.30,8.35,8449999999.999999,1.27,0.12,82.60,22560000.0,2.70,N/A,22900000.0,underperform
8325,2007-10-17 19:09:27,1192662567.0,luv,14.18,-14.1,1541.23999,-38.59,24.490000000000002,0.255,24.31,1.15,1.69,5.07,9.00,3.50,7.12,11.987,10750000000.0,10370000000.0,N/A,1.57,1.10,7.499,1.10,2780000000.0,7.499,476000000.0,0.59,16.50,5.50,2109999999.9999998,2.829,1640000000.0,0.809,8.6,1420000000.0,0.33,0.71,82.80,24460000.0,5.1,3.30,26110000.0,outperform
8326,2004-03-27 08:40:01,1080394801.0,luv,12.97,6.09,1091.329956,7.34,-1.25,0.304,25.91,1.84,2.16,7.46,8.14,4.69,9.41,7.223,11000000000.0,10600000000.0,19.91,1.75,1.79,12.22,1.79,1900000000.0,12.22,443000000.0,0.538,83.40,7.50,1860000000.0,2.36,1540000000.0,1.342,6.4,1340000000.0,0.828,1.34,78.60,14100000.0,3.114,1.81,11970000.0,underperform
8327,2004-04-27 12:52:11,1083084731.0,luv,14.29,0.42,1138.109985,1.61,-1.1900000000000002,0.314,27.28,1.92,2.32,7.33,7.96,4.58,9.22,7.364,11640000000.0,11390000000.0,21.99,2.00,1.88,12.99,1.88,1900000000.0,12.99,445000000.0,0.54,83.40,7.50,1820000000.0,2.31,1580000000.0,1.1,6.359,1340000000.0,0.834,1.34,78.38,15430000.0,2.83,1.98,14100000.0,underperform
8328,2005-01-09 06:06:42,1105268802.0,luv,15.03,10.78,1187.890015,8.61,2.17,0.349,44.58,1.90,2.19,4.47,7.56,2.66,5.45,7.796,12130000000.0,12180000000.0,28.81,2.41,1.91,13.5,1.91,1900000000.0,13.5,284000000.0,0.349,83.40,7.50,1880000000.0,2.41,1920000000.0,1.194,7.06,1500000000.0,0.874,0.51,77.56,12560000.0,4.678,1.62,16440000.000000002,outperform
8329,2008-12-21 21:08:12,1229911692.0,luv,7.97,38.9,885.2800289999999,25.84,13.059999999999999,0.375,17.50,0.56,0.85,3.21,7.50,3.09,5.19,14.693,6060000000.0,5280000000.0,N/A,1.91,0.49,3.776,0.49,2780000000.0,3.776,346000000.0,0.47,N/A,11.70,3430000000.0,4.638,2650000000.0,0.949,9.585,2120000000.0,0.66,0.49,85.30,24600000.0,1.6,3.30,22480000.0,outperform
8330,2003-12-15 23:16:29,1071548189.0,luv,15.24,1.97,1068.040039,12.67,-10.7,0.34,30.84,2.15,2.57,7.19,7.88,4.51,9.17,7.123,12380000000.0,12130000000.0,26.05,2.88,2.08,14.49,2.08,1850000000.0,14.49,418400000.0,0.51,52.90,0.60,2029999999.9999998,2.58,1660000000.0,1.543,6.18,N/A,0.91,1.34,78.04,10590000.0,4.723,1.36,9650000.0,underperform
8331,2006-07-15 15:22:13,1152991333.0,luv,16.5,-8.55,1258.599976,22.97,-31.52,0.287,23.98,1.65,1.94,6.93,10.54,3.74,8.54,10.003,12870000000.0,11900000000.0,N/A,1.42,1.50,8.702,1.50,2490000000.0,8.702,550000000.0,0.67,3.40,21.40,2920000000.0,3.638,1940000000.0,0.92,8.429,2120000000.0,0.43,0.85,77.40,12400000.0,3.9,1.60,12530000.0,underperform
8332,2005-04-03 17:20:38,1112563238.0,luv,13.82,26.27,1180.589966,9.93,16.34,0.334,36.27,1.71,2.02,4.81,8.50,2.85,5.90,8.019,10970000000.0,11510000000.0,22.95,1.93,1.76,11.68,1.76,2040000000.0,11.68,314000000.0,0.39,29.20,10.00,1310000000.0,1.67,1850000000.0,1.014,7.037,1160000000.0,0.913,0.52,77.71,12700000.0,3.591,1.63,12880000.0,outperform
8333,2013-04-22 02:47:41,1366613261.0,luv,13.0,83.38,1562.5,20.29,63.089999999999996,45.11,23.82,0.55,1.36,2.46,4.72,2.75,6.07,22.78,9900000000.0,9900000000.0,11.12,0.45,0.58,6.00,0.58,8439999999.999999,6.00,421000000.0,0.56,48.70,1.60,2970000000.0,4.08,3150000000.0,0.91,9.57,2060000000.0,0.90,0.19,81.80,17320000.0,2.40,2.70,18870000.0,outperform
8334,2005-02-23 23:41:56,1109220116.0,luv,13.67,19.53,1190.800049,8.14,11.39,0.334,36.50,1.66,1.96,4.81,8.50,2.85,5.90,8.019,11040000000.0,11350000000.0,21.35,1.80,1.74,11.51,1.74,2040000000.0,11.51,314000000.0,0.39,29.20,10.00,1310000000.0,1.67,1850000000.0,1.014,7.037,1160000000.0,0.9,0.52,75.84,12260000.0,4.277,1.57,12560000.0,outperform
8335,2006-08-15 10:10:38,1155651038.0,luv,16.52,-10.47,1285.579956,9.42,-19.89,0.264,18.45,1.53,1.89,8.74,11.64,4.26,11.12,10.603,12920000000.0,11770000000.0,N/A,1.10,1.39,7.672,1.39,2490000000.0,7.672,738000000.0,0.89,131.20,26.00,2990000000.0,3.801,1830000000.0,0.93,8.713,2300000000.0,0.44,0.86,75.30,12890000.0,1.70,1.70,12400000.0,underperform
8336,2011-09-30 16:34:00,1317414840.0,luv,7.89,11.41,1131.420044,26.68,-15.27,58.76,12.52,0.51,0.96,3.71,7.27,3.63,7.87,17.92,6800000000.0,6800000000.0,10.68,N/A,0.50,4.15,0.50,6750000000.0,4.15,502000000.0,0.66,43.80,30.60,4370000000.0,5.44,4230000000.0000005,1.02,8.96,6800000000.0,1.38,0.12,82.60,22970000.0,2.40,3.90,21880000.0,underperform
8337,2009-04-19 00:58:34,1240117114.0,luv,6.93,94.23,865.2999880000001,38.39,55.84,N/A,29.88,0.48,1.06,1.62,4.07,1.81,2.99,14.997,7190000000.0,7190000000.0,N/A,1.32,0.65,6.858,0.65,2430000000.0,6.858,178000000.0,0.24,N/A,9.70,1800000000.0,2.436,3660000000.0,1.031,6.693,1520000000.0,0.85,0.49,81.20,25230000.0,2.8,3.40,27090000.0,outperform
8338,2005-09-05 09:40:36,1125927636.0,luv,,,1218.02002,7.82,,0.318,26.81,1.49,1.63,5.90,9.82,3.46,7.07,8.861,10640000000.0,10480000000.0,N/A,1.63,1.51,8.894,1.51,2040000000.0,8.894,409000000.0,0.50,40.70,13.30,2270000000.0,2.882,2009999999.9999998,1.108,8.037,1860000000.0,0.85,0.85,69.60,12660000.0,2.7,1.60,12000000.0,underperform
8339,2013-05-12 00:06:02,1368331562.0,luv,13.9,78.78,1626.670044,16.6,62.18,43.70,27.66,0.59,1.46,2.22,4.97,2.81,5.44,23.27,10260000000.0,10260000000.0,11.51,0.38,0.60,6.01,0.60,8439999999.999999,6.01,382000000.0,0.51,39.80,2.30,3140000000.0,4.34,3040000000.0,0.83,9.64,1820000000.0,0.90,0.19,81.80,17880000.0,2.30,2.80,17320000.0,outperform
8340,2004-06-21 10:04:12,1087826652.0,luv,15.31,-8.88,1130.300049,7.37,-16.25,0.314,29.41,2.02,2.44,7.33,7.96,4.58,9.22,7.364,12550000000.0,12300000000.0,23.70,2.12,2.03,14.03,2.03,1900000000.0,14.03,445000000.0,0.54,83.40,7.50,1820000000.0,2.31,1580000000.0,1.1,6.359,1490000000.0,0.828,1.34,74.11,14460000.0,4.495,1.85,15430000.0,underperform
8341,2007-04-07 23:45:00,1176003900.0,luv,14.7,-15.71,1439.369995,-4.87,-10.84,0.262,24.88,1.31,1.83,5.49,8.60,3.92,7.60,11.429,11890000000.0,11820000000.0,N/A,1.62,1.30,8.59,1.30,2780000000.0,8.59,499000000.0,0.61,18.60,14.50,1760000000.0,2.231,1690000000.0,0.901,8.233,1410000000.0,0.44,0.80,69.40,20290000.0,2.7,2.60,15810000.0,underperform
8342,2007-04-09 13:23:37,1176139417.0,sial,38.94,45.84,1444.609985,-5.47,51.31,0.373,20.44,3.08,3.92,15.40,22.52,11.70,20.94,13.525,5540000000.0,5890000000.0,N/A,1.91,3.28,11.578,3.28,920200000.0,11.578,276800000.0,2.05,25.00,13.20,173800000.0,1.316,526900000.0,2.514,10.689,330400000.0,0.73,2.63,79.30,3550000.0,3.5,2.70,3480000.0,outperform
8343,2004-06-22 03:09:53,1087888193.0,sial,26.19,-2.33,1134.410034,7.01,-9.34,0.177,19.92,2.99,3.81,15.31,21.54,13.79,20.66,18.828,3970000000.0,4050000000.0,17.00,1.77,3.04,11.06,3.04,670710000.0,11.06,203820000.0,2.885,47.70,7.60,125400000.0,1.81,185000000.0,3.815,15.123,330660000.0,0.128,36.94,87.79,4890000.0,9.982,11.22,4810000.0,underperform
8344,2004-11-01 19:33:23,1099355603.0,sial,25.35,15.07,1130.51001,6.39,8.68,0.165,17.33,2.79,3.40,16.30,22.31,14.34,21.46,19.738,3850000000.0,3900000000.0,16.45,1.66,2.82,10.05,2.82,670710000.0,10.05,224920000.0,3.219,47.70,7.60,134300000.0,1.94,185800000.0,3.9,16.365,334740000.0,0.105,37.05,87.70,3190000.0,10.741,7.33,4019999.9999999995,outperform
8345,2013-05-15 13:19:09,1368638349.0,sial,81.6,16.67,1658.780029,12.78,3.8900000000000023,14.98,21.33,3.72,3.78,17.66,25.14,11.41,18.93,21.81,9590000000.0,9590000000.0,18.48,2.89,3.64,11.97,3.64,1350000000.0,11.97,465000000.0,3.82,4.30,1.50,496000000.0,4.12,389000000.0,4.11,21.58,577000000.0,1.00,0.27,84.90,6650000.0,8.60,6.30,6140000.0,outperform
8346,2012-11-06 11:06:02,1352217962.0,sial,70.24,20.54,1428.390015,23.95,-3.41,27.57,19.07,3.29,3.48,17.53,25.91,12.03,19.67,21.44,8500000000.0,8500000000.0,16.84,2.75,3.30,10.68,3.30,1320000000.0,10.68,452000000.0,3.70,4.30,2.10,611000000.0,5.08,673000000.0,2.67,20.29,501000000.0,1.04,0.25,84.50,6560000.0,15.30,6.20,6830000.0,underperform
8347,2005-02-12 06:22:19,1108207339.0,sial,27.48,6.59,1191.98999,6.02,0.5700000000000003,0.154,18.62,3.07,3.75,16.53,22.13,14.33,21.29,20.196,4290000000.0,4250000000.0,16.45,1.72,3.02,10.84,3.02,670710000.0,10.84,232900000.0,3.34,47.70,7.60,169200000.0,2.45,186100000.0,3.869,16.365,322840000.0,0.198,1.07,78.10,3050000.0,8.085,4.46,2830000.0,outperform
8348,2013-05-15 10:24:06,1368627846.0,pnw,57.28,-6.01,1658.780029,12.78,-18.79,82.54,15.92,1.94,1.63,12.30,26.45,4.20,11.27,30.72,9930000000.0,9930000000.0,16.05,2.83,2.95,7.20,2.95,1420000000.0,7.20,419310000.0,3.73,N/A,10.60,25110000.0,0.23,3430000000.0,0.98,36.51,1270000000.0,0.26,0.38,79.10,2180000.0,3.00,2.00,1650000.0,underperform
8349,2007-02-20 18:34:49,1172014489.0,pnw,33.13,-19.83,1459.680054,-6.83,-12.999999999999998,0.996,14.78,1.41,1.41,9.62,18.19,N/A,9.30,34.217,4830000000.0,7890000000.0,N/A,3.06,2.32,7.863,2.32,2100000000.0,7.863,317140000.0,3.272,13.40,5.60,331540000.0,3.317,3380000000.0,N/A,34.070999,N/A,0.75,0.43,89.60,6490000.0,14.6,6.50,4000000.0,underperform
8350,2007-04-07 06:28:18,1175941698.0,pnw,33.78,-22.26,1439.369995,-4.87,-17.39,0.949,15.13,1.45,1.43,9.62,18.19,3.40,9.23,34.217,4950000000.0,8100000000.0,N/A,3.61,2.38,8.055,2.38,1830000000.0,8.055,317140000.0,3.27,13.40,5.60,119910000.0,1.199,3270000000.0,1.011,34.474998,393500000.0,0.81,0.26,85.00,3030000.0,4.3,3.00,5590000.0,underperform
8351,2004-07-17 18:53:56,1090104836.0,pnw,24.46,15.99,1111.469971,10.35,5.640000000000001,1.101,15.49,1.30,1.30,8.46,17.47,2.62,8.64,31.064,3720000000.0,6840000000.0,12.96,3.83,2.41,7.35,2.41,1650000000.0,7.35,240190000.0,2.628,61.00,6.80,19190000.0,0.21,3140000000.0,0.557,31.200001,946780000.0,0.261,1.05,75.75,2220000.0,4.899,2.46,1670000.0,outperform
8352,2004-09-10 13:01:57,1094835717.0,pnw,25.63,13.66,1123.920044,10.0,3.66,1.15,14.97,1.33,1.33,8.90,16.84,2.74,9.08,31.5,3840000000.0,6890000000.0,13.17,4.15,2.39,7.52,2.39,1650000000.0,7.52,256360000.0,2.805,61.00,6.80,271820000.0,2.98,3330000000.0,0.977,31.698,978050000.0,0.258,1.00,76.12,1740000.0,4.206,1.92,2100000.0,outperform
8353,2004-11-29 14:24:54,1101756294.0,pnw,27.72,-2.38,1178.569946,6.7,-9.08,1.106,17.61,1.52,1.40,8.60,18.21,2.44,8.16,29.967,4160000000.0,7080000000.0,14.28,4.55,2.58,7.84,2.58,1650000000.0,7.84,235670000.0,2.579,61.00,6.80,373060000.0,4.07,3290000000.0,0.846,32.507,927260000.0,0.253,0.95,73.18,1320000.0,3.796,1.46,1330000.0,underperform
8354,2004-08-03 23:26:50,1091590010.0,rl,31.17,52.84,1099.689941,13.22,39.620000000000005,0.195,19.67,1.27,2.36,6.30,10.33,7.98,13.33,26.242,3350000000.0,3310000000.0,11.96,1.14,1.25,9.27,1.25,1320000000.0,9.27,170950000.0,1.684,1.90,8.60,343480000.0,3.4,277340000.0,2.537,14.131,210610000.0,0.912,43.23,53.54,1330000.0,2.887,2.32,1060000.0,outperform
8355,2004-11-18 19:55:58,1100825758.0,rl,38.33,34.8,1183.550049,5.47,29.33,0.182,20.33,1.38,2.64,6.93,11.21,9.22,14.76,28.693,4150000000.0000005,4200000000.0,13.99,1.29,1.43,10.02,1.43,1320000000.0,10.02,205700000.0,2.003,1.90,8.60,145980000.0,1.43,280950000.0,2.279,15.125,296970000.0,0.934,42.96,54.67,1240000.0,2.152,2.14,1450000.0,outperform
8356,2008-02-07 00:10:13,1202361013.0,rl,60.28,-33.34,1336.910034,-35.03,1.6899999999999977,0.269,17.44,1.28,2.60,8.52,14.22,10.76,17.44,43.844,6420000000.0,5960000000.0,N/A,1.09,1.31,7.324,1.31,2340000000.0,7.324,387300000.0,3.62,15.80,11.30,473000000.0,4.659,602600000.0,1.993,22.097,793700000.0,1.33,0.11,97.10,3850000.0,2.8,3.80,2960000.0,outperform
8357,2008-04-28 09:31:51,1209389511.0,rl,60.14,-15.46,1396.369995,-38.76,23.299999999999997,0.258,16.79,1.34,2.61,8.34,13.55,10.05,16.55,45.356,6270000000.0,6060000000.0,N/A,1.07,1.30,7.387,1.30,2340000000.0,7.387,389500000.0,3.67,2.00,11.00,824400000.0,8.101,618300000.0,2.116,23.577,841800000.0,1.26,25.35,90.30,11220000.0,7.3,11.10,11050000.0,outperform
8358,2005-01-27 11:43:54,1106844234.0,rl,36.8,46.49,1174.550049,9.29,37.2,0.182,19.37,1.32,2.51,6.93,11.21,9.22,14.76,28.693,3950000000.0,4090000000.0,13.33,1.18,1.39,9.76,1.39,1320000000.0,9.76,205700000.0,2.003,1.90,8.60,145980000.0,1.43,280950000.0,2.279,15.125,316540000.0,1.003,42.96,53.48,1320000.0,3.487,2.27,1010000.0,outperform
8359,2007-05-17 10:51:55,1179413515.0,rl,88.76,-33.06,1512.75,-5.78,-27.28,0.171,25.55,2.27,4.19,9.21,15.88,13.59,18.22,40.474,9600000000.0,9250000000.0,N/A,1.55,2.18,10.894,2.18,2020000000.0,10.894,390100000.0,3.62,21.80,14.90,751800000.0,7.239,393800000.0,2.835,22.087999,609600000.0,1.86,0.42,89.10,2049999.9999999998,3.4,2.00,1640000.0,underperform
8360,2007-02-19 16:56:52,1171922212.0,rl,,,1455.540039,-7.33,,0.171,23.71,2.09,3.86,9.21,15.88,13.59,18.22,40.474,8910000000.0,8550000000.000001,N/A,1.28,2.02,10.078,2.02,2020000000.0,10.078,390100000.0,3.62,21.80,14.90,751800000.0,7.239,393800000.0,2.835,22.087999,609600000.0,2.09,0.24,55.80,1820000.0,2.9,1.80,1580000.0,underperform
8361,2004-05-20 14:52:18,1085079138.0,rl,30.12,17.7,1089.189941,9.19,8.51,0.221,19.23,1.27,2.48,6.47,10.41,8.10,13.72,25.172,3210000000.0,3150000000.0,13.35,1.41,1.25,9.18,1.25,1150000000.0,9.18,167640000.0,1.673,191.10,6.20,337700000.0,3.39,284750000.0,2.445,12.957,190300000.0,0.871,54.25,52.88,1960000.0,4.364,4.31,1760000.0,outperform
8362,2005-03-28 07:40:50,1112013650.0,rl,36.58,56.1,1174.280029,10.13,45.97,0.186,16.88,1.30,2.50,7.61,12.06,10.44,16.68,30.833,4110000000.0000005,4059999999.9999995,14.14,1.23,1.27,8.42,1.27,1320000000.0,8.42,245180000.0,2.37,1.90,8.60,362930000.0,3.53,307980000.0,2.388,16.113001,388750000.0,0.994,42.73,54.48,1290000.0,3.492,2.20,N/A,outperform
8363,2011-03-12 08:21:12,1299936072.0,rl,122.3,37.9,1320.02002,3.48,34.42,8.06,20.75,2.13,3.48,10.92,16.30,11.75,18.75,57.68,10930000000.0,10930000000.0,19.51,1.83,1.96,9.95,1.96,2900000000.0,9.95,608500000.0,6.13,51.60,24.40,1240000000.0,13.12,275100000.0,3.17,36.02,10930000000.0,1.61,0.45,104.00,2270000.0,2.30,4.10,2460000.0,outperform
8364,2013-05-07 08:12:44,1367928764.0,rl,181.67,-16.7,1625.959961,15.51,-32.21,7.27,23.79,2.37,4.35,10.36,15.99,12.79,19.65,75.43,15220000000.0,15220000000.0,19.37,1.62,2.20,11.38,2.20,4000000000.0,11.38,717200000.0,7.60,27.60,2.20,1310000000.0,14.47,274100000.0,2.52,41.56,998400000.0,1.33,0.42,101.00,1150000.0,2.00,1.90,1320000.0,underperform
8365,2007-05-03 09:37:31,1178199451.0,gis,24.73,5.18,1502.390015,-5.89,11.07,1.038,18.96,1.70,3.48,9.38,17.11,7.52,19.86,34.802,20740000000.0,26140000000.0,N/A,2.25,2.15,9.9,2.15,4670000000.0,9.9,1140000000.0,3.16,8.90,6.20,476000000.0,1.374,6190000000.0,0.579,17.228001,1700000000.0,0.26,4.52,74.10,2800000.0,1.7,0.80,2840000.0,outperform
8366,2008-12-20 20:12:30,1229821950.0,gis,26.05,14.32,904.419983,21.19,-6.870000000000001,1.495,16.21,1.40,3.81,8.84,14.01,6.60,23.18,42.825,19790000000.0,27070000000.0,N/A,1.50,1.88,10.991,1.88,4870000000.0,10.991,1270000000.0,3.64,3.10,8.30,639600000.0,1.907,7920000000.0,0.806,15.788,1650000000.0,0.25,0.31,78.70,8130000.000000001,1.6,2.50,6750000.0,underperform
8367,2013-04-23 04:07:59,1366704479.0,gis,48.34,6.64,1578.780029,18.79,-12.149999999999999,95.22,18.48,1.86,4.62,10.41,16.78,8.27,22.14,26.84,39760000000.0,39760000000.0,17.22,2.39,2.28,11.36,2.28,6040000000.0,11.36,1810000000.0,2.73,1.80,7.50,751200000.0,1.17,8060000000.000001,1.02,10.89,2890000000.0,0.03,0.11,71.10,11050000.0,2.50,1.70,14450000.0,underperform
8368,2011-10-08 04:27:43,1318062463.0,gis,34.54,8.83,1144.030029,27.74,-18.909999999999997,102.65,14.85,1.62,3.78,11.40,17.37,8.23,26.11,23.64,32350000000.0,32350000000.0,13.69,1.92,2.13,10.35,2.13,5950000000.0,10.35,1730000000.0,2.61,14.10,8.90,338200000.0,0.53,8119999999.999999,0.84,10.09,32350000000.0,0.21,0.12,71.30,13670000.0,3.10,N/A,12530000.0,underperform
8369,2006-05-24 01:43:17,1148449397.0,gis,20.79,20.44,1258.569946,19.78,0.6600000000000001,1.153,14.61,1.54,3.19,11.53,17.49,7.10,24.52,31.939,17880000000.0,23450000000.0,N/A,2.01,2.04,9.326,2.04,4410000000.0,9.326,1330000000.0,3.44,7.00,3.20,653000000.0,1.835,6390000000.0,0.523,15.6,1920000000.0,0.12,0.55,75.20,3860000.0,2.4,1.10,3920000.0,outperform
8370,2004-12-09 07:01:54,1102593714.0,gis,19.0,3.42,1189.23999,5.9,-2.4800000000000004,1.5,17.57,1.57,3.24,8.36,17.21,5.03,20.37,28.946,17590000000.0,25030000000.0,14.90,1.95,2.25,10.74,2.25,4490000000.0,10.74,1010000000.0,2.629,15.00,5.40,480000000.0,1.26,8060000000.000001,1.238,14.139,1570000000.0,0.005,21.64,57.28,5310000.0,2.899,1.78,5700000.0,underperform
8371,2008-06-04 22:31:05,1212633065.0,gis,26.87,-17.19,1377.199951,-31.57,14.379999999999999,1.285,16.78,1.59,3.56,10.07,17.96,7.84,22.44,39.477,21350000000.0,28110000000.0,N/A,2.07,2.12,9.928,2.12,4490000000.0,9.928,1330000000.0,3.80,60.80,11.50,620400000.0,1.852,7610000000.0,0.645,17.691999,1530000000.0,0.29,0.27,80.60,3980000.0,2.1,1.20,5910000.0,outperform
8372,2006-08-19 16:42:05,1156020125.0,gis,22.18,4.55,1295.430054,8.94,-4.39,1.048,18.39,1.61,3.27,9.36,17.15,7.10,19.04,32.514,18820000000.0,24220000000.0,N/A,2.09,2.08,9.749,2.08,4670000000.0,9.749,1090000000.0,2.90,51.70,4.60,647000000.0,1.834,6050000000.0,0.517,16.212999,1770000000.0,0.05,0.52,77.70,3510000.0,1.4,1.00,3500000.0,underperform
8373,2013-05-08 21:02:05,1368061325.0,gis,47.64,10.89,1632.689941,14.88,-3.99,95.22,18.29,1.88,4.66,10.41,16.78,8.27,22.14,26.84,39280000000.0,39280000000.0,17.04,2.41,2.25,11.22,2.25,6040000000.0,11.22,1810000000.0,2.73,1.80,7.50,751200000.0,1.17,8060000000.000001,1.02,10.89,2890000000.0,0.04,0.11,71.10,9930000.0,2.40,1.50,11050000.0,underperform
8374,2005-03-01 05:26:46,1109672806.0,gis,21.48,-6.56,1210.410034,6.68,-13.239999999999998,1.564,18.71,1.69,3.80,8.73,17.60,5.29,21.07,29.341,19120000000.0,26230000000.0,16.73,2.08,2.33,10.88,2.33,4490000000.0,10.88,1070000000.0000001,2.80,15.00,5.40,561000000.0,1.54,7800000000.0,1.404,13.69,1730000000.0,N/A,21.58,74.00,8890000.0,3.691,3.11,7530000.0,underperform
8375,2003-10-26 23:46:53,1067230013.0,gis,17.61,0.74,1028.910034,7.99,-7.25,2.034,17.23,1.55,3.74,8.48,18.08,4.96,24.12,28.113,16420000000.000002,24830000000.0,13.41,1.42,2.33,10.81,2.33,4400000000.0,10.81,968000000.0,2.553,100.20,32.20,565000000.0,1.51,8970000000.0,0.985,11.82,N/A,0.061,21.02,58.24,7100000.0,5.069,2.41,8520000.0,underperform
8376,2008-09-21 15:50:21,1222026621.0,gis,29.49,-11.6,1206.51001,-11.76,0.16000000000000014,1.214,19.00,1.65,3.85,9.12,15.73,7.36,24.40,42.069,23410000000.0,30120000000.0,N/A,2.04,2.14,11.248,2.14,4870000000.0,11.248,1280000000.0,3.69,3.60,13.80,654900000.0,1.96,7360000000.0,0.857,18.087,1930000000.0,0.32,0.31,81.60,4050000.0,1.9,1.20,4890000.0,outperform
8377,2011-11-18 11:22:13,1321633333.0,gis,35.09,6.75,1215.650024,11.5,-4.75,102.65,14.80,1.64,3.83,11.40,17.37,8.23,26.11,23.64,32630000000.000004,32630000000.000004,13.65,1.91,2.15,10.44,2.15,5950000000.0,10.44,1730000000.0,2.61,14.10,8.90,338200000.0,0.53,8119999999.999999,0.84,10.09,32630000000.000004,0.21,0.12,71.30,9830000.0,2.10,1.50,12360000.0,underperform
8378,2013-05-10 02:43:39,1368168219.0,ecl,85.21,22.36,1633.699951,14.97,7.389999999999999,100.03,32.06,2.16,4.17,6.84,13.10,5.71,13.59,40.55,31120000000.0,31120000000.0,20.91,1.63,2.62,13.64,2.62,5360000000.0,13.64,813500000.0,2.71,221.10,2.20,824300000.0,2.79,6230000000.0,1.72,20.82,1280000000.0,0.58,9.61,77.60,3040000.0,2.90,1.20,3090000.0,outperform
8379,2011-04-06 12:14:12,1302106452.0,ecl,49.5,20.48,1335.540039,4.68,15.8,39.64,23.32,1.99,5.68,8.71,13.37,10.29,25.64,26.09,12620000000.0,12620000000.0,18.19,1.57,2.07,10.86,2.07,3080000000.0,10.86,530299999.99999994,2.23,13.40,0.70,242300000.0,1.04,845600000.0,1.41,9.16,12620000000.0,0.70,0.26,82.20,3480000.0,1.90,1.50,2930000.0,outperform
8380,2013-04-23 05:09:34,1366708174.0,ecl,82.26,28.88,1578.780029,18.79,10.09,106.20,35.33,2.05,3.99,5.94,12.91,5.35,11.79,40.47,29640000000.0,29640000000.0,20.15,1.46,2.50,13.21,2.50,5360000000.0,13.21,703600000.0,2.35,160.90,65.10,1160000000.0,3.93,6540000000.0,1.60,20.62,1200000000.0,0.58,9.61,77.60,3090000.0,2.80,1.20,3020000.0,outperform
8381,2007-02-13 00:07:10,1171343230.0,ecl,39.75,9.64,1444.26001,-5.33,14.97,0.416,32.31,2.31,6.26,7.39,12.37,9.41,20.67,18.827,11080000000.0,N/A,N/A,2.19,N/A,N/A,N/A,2290000000.0,N/A,352120000.0,1.37,12.70,9.80,54190000.0,0.216,732960000.0,1.227,7.02,572640000.0,0.07,29.09,53.60,3790000.0,4.8,1.50,3850000.0,outperform
8382,2010-08-30 11:08:12,1283180892.0,ecl,44.65,13.53,1048.920044,15.64,-2.110000000000001,N/A,23.48,1.83,5.98,8.01,13.21,10.44,26.52,25.72,11690000000.0,11690000000.0,18.75,1.56,1.93,10.18,1.93,2920000000.0,10.18,485600000.0,2.03,30.50,5.50,121300000.0,0.52,963700000.0,1.30,7.96,11690000000.0,0.76,0.24,83.80,6110000.0,3.20,2.70,5970000.0,underperform
8383,2012-07-24 23:22:23,1343186543.0,ecl,63.62,44.95,1338.310059,25.98,18.970000000000002,107.80,40.25,2.41,3.39,5.17,12.48,5.71,10.31,32.14,25370000000.0,25370000000.0,18.37,1.51,3.14,17.01,3.14,3320000000.0,17.01,418600000.0,1.63,46.90,85.10,354000000.0,1.21,6260000000.0,1.13,19.64,739900000.0,0.65,11.02,77.30,3600000.0,2.00,1.40,4800000.0,outperform
8384,2007-05-28 00:30:28,1180326628.0,ecl,,,1515.72998,-8.6,,0.494,29.23,2.11,6.65,7.56,12.50,10.15,23.12,20.025,10710000000.0,11450000000.0,N/A,1.73,2.28,12.69,2.28,2480000000.0,12.69,380210000.0,1.48,14.90,12.00,54200000.0,0.22,791700000.0,1.267,6.457,714360000.0,0.24,29.57,53.60,2950000.0,3.2,1.20,3160000.0,underperform
8385,2007-01-23 07:00:44,1169553644.0,ecl,40.06,8.21,1427.98999,-6.26,14.47,0.416,32.32,2.32,6.28,7.39,12.37,9.41,20.67,18.827,11080000000.0,11760000000.0,N/A,2.13,2.47,13.769,2.47,2290000000.0,13.769,352120000.0,1.37,12.70,9.80,54190000.0,0.216,732960000.0,1.227,7.02,572640000.0,0.08,30.59,55.00,3850000.0,6.5,1.50,4200000.0,outperform
8386,2007-04-13 18:14:29,1176502469.0,ecl,39.75,2.57,1452.849976,-6.77,9.34,0.634,30.57,2.26,6.59,7.53,12.49,9.31,22.14,19.418,10980000000.0,11620000000.0,N/A,1.79,2.37,13.204,2.37,2480000000.0,13.204,368610000.0,1.43,23.30,11.30,484030000.0,1.931,1070000000.0000001,1.233,6.685,627560000.0,0.23,29.10,56.30,3160000.0,3.3,1.30,2960000.0,outperform
8387,2005-01-11 01:21:17,1105424477.0,ecl,29.93,7.68,1182.98999,9.4,-1.7200000000000006,0.472,28.96,2.14,5.91,7.54,12.91,9.18,22.76,15.589,8770000000.0,9320000000.0,25.59,2.34,2.29,12.15,2.29,1920000000.0,12.15,306680000.0,1.175,32.20,10.50,72100000.0,0.28,694690000.0,1.308,5.711,547090000.0,0.616,17.46,54.33,4860000.0,7.894,2.29,5350000.0,underperform
8388,2010-02-07 06:46:48,1265543208.0,ecl,40.59,18.48,1063.109985,24.07,-5.59,N/A,27.31,1.76,5.23,6.56,12.43,8.95,18.19,24.516,11170000000.0,11170000000.0,N/A,1.63,1.92,10.621,1.92,3000000000.0,10.621,381500000.0,1.59,14.90,4.90,107500000.0,0.453,971000000.0,1.405,8.26,788500000.0,0.73,12.39,82.10,3510000.0,3.4,1.50,2770000.0,underperform
8389,2011-05-16 03:52:58,1305532378.0,eog,51.7,-4.91,1329.469971,0.09,-5.0,44.81,151.28,4.47,2.40,2.78,4.41,0.83,1.61,25.16,31920000000.0,31920000000.0,17.17,2.45,5.03,13.33,5.03,4950000000.0,13.33,176610000.0,0.70,13.50,38.80,1670000000.0,6.22,5280000000.0,1.44,43.92,31920000000.0,0.96,0.57,93.20,7170000.0,3.60,2.80,7540000.0,underperform
8390,2004-10-26 09:06:00,1098795960.0,eog,16.94,89.67,1111.089966,7.23,82.44,0.438,18.98,4.41,3.47,23.81,37.66,9.31,20.60,15.651,8119999999.999999,9280000000.0,13.51,1.65,5.05,8.04,5.05,1490000000.0,8.04,426690000.0,3.629,393.40,59.60,67840000.0,0.58,1090000000.0,1.088,19.792999,1360000000.0,0.703,0.72,94.72,2710000.0,2.551,2.32,3430000.0,outperform
8391,2012-06-14 07:25:49,1339673149.0,eog,46.8,39.91,1329.099976,22.39,17.519999999999996,38.60,19.47,2.57,1.92,13.18,19.67,4.87,10.34,36.60,29720000000.0,29720000000.0,15.07,0.67,3.06,5.50,3.06,8670000000.0,5.50,1280000000.0,4.76,141.80,37.70,294060000.0,1.09,5010000000.0,1.10,48.19,4700000000.0,1.42,0.60,93.10,3780000.0,1.70,1.40,3440000.0,outperform
8392,2011-05-14 16:46:10,1305405970.0,eog,52.68,0.17,1342.079956,1.19,-1.02,44.81,151.28,4.47,2.40,2.78,4.41,0.83,1.61,25.16,31920000000.0,31920000000.0,17.17,2.45,5.03,13.33,5.03,4950000000.0,13.33,176610000.0,0.70,13.50,38.80,1670000000.0,6.22,5280000000.0,1.44,43.92,31920000000.0,0.96,0.57,93.20,7170000.0,3.60,2.80,7540000.0,underperform
8393,2011-11-06 03:41:52,1320568912.0,eog,49.48,17.16,1261.150024,12.38,4.779999999999999,43.80,63.99,3.71,2.22,5.69,7.90,1.65,3.71,28.37,31030000000.0,31030000000.0,22.85,2.49,4.28,9.96,4.28,4950000000.0,9.96,412310000.0,1.59,393.70,68.90,1580000000.0,5.87,5290000000.0,1.47,44.97,31030000000.0,1.35,0.57,93.20,6800000.0,2.20,2.70,7820000.0,outperform
8394,2008-02-16 06:57:23,1203163043.0,eog,48.93,-35.81,1367.209961,-38.91,3.0999999999999943,0.17,21.95,5.96,3.45,26.99,39.35,9.24,17.31,16.587,23670000000.0,24850000000.0,N/A,2.03,6.15,8.867,6.15,3190000000.0,8.867,1080000000.0,4.37,48.90,30.60,54230000.0,0.22,1190000000.0,0.877,28.334,2930000000.0,1.33,0.56,91.40,9860000.0,4.7,4.00,9150000.0,outperform
8395,2005-03-24 10:06:34,1111676794.0,eog,22.1,58.42,1171.420044,11.23,47.19,0.366,17.52,4.89,3.89,27.51,43.11,11.99,25.59,9.531,10740000000.0,11890000000.0,16.56,1.99,5.24,8.02,5.24,1810000000.0,8.02,613960000.0,2.57,45.30,24.40,20980000.0,0.09,1080000000.0,0.928,11.968,1440000000.0,0.801,0.76,94.09,9390000.0,4.183,3.97,7310000.0,outperform
8396,2007-04-06 11:36:52,1175873812.0,eog,35.62,66.45,1437.77002,-4.89,71.34,0.131,14.27,5.08,3.26,36.46,53.02,14.27,26.22,14.744,18240000000.0,18810000000.0,N/A,1.63,5.28,6.522,5.28,3190000000.0,6.522,1290000000.0,5.24,47.70,25.20,218260000.0,0.894,733440000.0,1.076,22.757,2580000000.0,0.96,0.29,91.60,6630000.0,2.7,2.70,5480000.0,outperform
8397,2004-08-31 09:10:27,1093957827.0,eog,14.03,121.24,1104.23999,10.51,110.72999999999999,0.438,15.70,3.68,2.90,23.81,37.66,9.31,20.60,15.651,6720000000.0,7880000000.0,15.04,1.46,4.29,6.83,4.29,1490000000.0,6.83,426690000.0,3.629,393.40,59.60,67840000.0,0.58,1090000000.0,1.088,19.792999,1360000000.0,0.717,0.72,95.00,1210000.0,0.266,1.04,4550000.0,outperform
8398,2005-01-11 01:21:21,1105424481.0,eog,16.26,134.5,1182.98999,9.4,125.1,0.39,16.38,3.93,3.01,24.95,39.19,9.98,21.69,16.687,7890000000.0,8890000000.0,12.27,1.75,4.51,7.09,4.51,1490000000.0,7.09,481580000.0,4.061,393.40,59.60,81910000.0,0.69,1060000000.0,1.063,21.773001,1390000000.0,0.82,0.74,92.08,3720000.0,2.721,3.16,3020000.0,outperform
8399,2013-06-02 08:22:37,1370175757.0,eog,65.95,59.3,1654.410034,16.35,42.949999999999996,45.91,47.17,3.06,2.62,6.29,12.42,3.40,5.54,43.95,40340000000.0,40340000000.0,16.00,0.91,3.42,8.65,3.42,9980000000.0,8.65,740990000.0,2.74,52.70,26.60,1110000000.0,4.07,6320000000.0,1.33,50.56,5580000000.0,1.42,0.51,94.00,4240000.0,1.80,1.60,4590000.0,outperform
8400,2006-05-29 10:00:55,1148911255.0,kim,,,1280.160034,18.59,,1.004,23.31,13.71,3.03,59.08,50.57,5.01,13.00,2.776,8750000000.0,11460000000.0,N/A,2.10,18.15,20.429,18.15,384570000.0,20.429,322650000.0,1.56,10.80,15.60,158880000.0,0.661,2870000000.0,0.591,11.901,432250000.0,0.88,13.94,65.50,4330000.0,4.4,2.10,4530000.0,underperform
8401,2005-02-10 06:12:17,1108033937.0,clx,44.62,4.64,1197.01001,5.85,-1.21,N/A,22.38,2.90,7.69,12.57,18.96,14.77,52.43,21.006,12640000000.0,15020000000.0,18.46,2.07,3.43,17.22,3.43,1940000000.0,17.22,550000000.0,2.65,11.40,4.30,300000000.0,1.41,2670000000.0,0.713,7.705,975000000.0,0.108,29.23,50.92,2880000.0,3.687,1.91,2930000.0,underperform
8402,2005-11-22 01:10:50,1132639850.0,clx,41.62,20.64,1261.22998,11.49,9.15,5.036,8.26,1.86,N/A,24.35,18.50,14.18,92.81,27.591,8230000000.0,10580000000.0,N/A,1.93,2.38,10.263,2.38,1900000000.0,10.263,516000000.0,6.61,11.40,5.30,273000000.0,1.812,2680000000.0,0.82,3.53,490000000.0,N/A,0.22,76.30,5050000.0,2.9,3.40,2710000.0,outperform
8403,2005-04-04 10:01:23,1112623283.0,clx,47.44,-1.16,1176.119995,11.04,-12.2,N/A,23.75,2.20,N/A,12.57,18.96,14.77,52.43,21.006,9640000000.0,12010000000.0,19.64,2.30,2.74,11.25,2.74,1940000000.0,11.25,550000000.0,2.65,11.40,4.30,300000000.0,1.96,2670000000.0,0.713,2.979,976000000.0,0.085,28.94,73.52,2700000.0,2.864,2.48,1980000.0,underperform
8404,2013-05-23 12:28:57,1369326537.0,clx,81.98,6.07,1650.51001,15.15,-9.08,684.87,20.24,2.02,74.55,10.02,17.09,13.47,452.17,42.97,13640000000.0,13640000000.0,18.60,2.73,2.43,11.96,2.43,2300000000.0,11.96,564000000.0,4.25,0.80,0.90,423000000.0,3.21,2560000000.0,1.21,1.16,772000000.0,0.38,0.16,71.40,5130000.0,5.60,4.00,5530000.0,underperform
8405,2007-02-18 19:32:43,1171845163.0,clx,52.03,,1456.810059,-7.33,,N/A,22.08,2.13,N/A,9.71,17.45,15.85,N/A,31.387,10010000000.0,12070000000.0,N/A,1.95,2.55,10.942,2.55,1960000000.0,10.942,455000000.0,3.00,15.70,3.50,179000000.0,1.183,2240000000.0,0.645,0.218,694000000.0,0.33,0.28,69.00,1550000.0,2.3,1.00,1580000.0,underperform
8406,2004-08-03 23:51:33,1091591493.0,clx,37.56,12.94,1099.689941,13.22,-0.28000000000000114,0.727,20.65,2.52,8.01,12.40,19.11,14.31,42.24,19.71,10700000000.0,11450000000.0,19.03,2.01,2.71,11.13,2.71,1920000000.0,11.13,525000000.0,2.442,110.70,110.00,199000000.0,0.94,969000000.0,0.727,6.284,841000000.0,0.209,29.06,49.73,2710000.0,3.619,1.80,3020000.0,underperform
8407,2011-07-23 00:47:25,1311396445.0,clx,66.27,2.16,1325.839966,3.82,-1.6599999999999997,N/A,18.67,1.81,N/A,10.20,18.86,14.68,704.08,39.50,12210000000.0,12210000000.0,18.32,2.05,2.23,10.09,2.23,2480000000.0,10.09,343000000.0,3.98,8.50,1.30,154000000.0,1.16,2470000000.0,0.98,0.62,12210000000.0,0.36,9.25,67.00,5270000.0,5.40,3.80,5500000.0,underperform
8408,2004-07-08 15:19:05,1089314345.0,clx,39.4,6.6,1109.109985,9.26,-2.66,0.727,21.60,2.64,8.38,12.40,19.11,14.31,42.24,19.71,11190000000.0,11930000000.0,19.91,2.10,2.82,11.6,2.82,1920000000.0,11.6,525000000.0,2.442,110.70,110.00,199000000.0,0.94,969000000.0,0.727,6.284,841000000.0,0.209,29.06,50.04,3020000.0,4.074,2.00,3030000.0,underperform
8409,2012-08-19 17:49:16,1345412956.0,clx,67.21,20.1,1415.51001,16.29,3.8100000000000023,N/A,17.74,1.72,N/A,9.89,16.51,13.25,N/A,41.25,11870000000.0,11870000000.0,15.63,2.03,2.17,10.99,2.17,2270000000.0,10.99,543000000.0,4.08,3.00,4.00,267000000.0,2.05,2720000000.0,0.67,1.04,N/A,0.35,0.18,68.70,4460000.0,6.00,N/A,4680000.0,outperform
8410,2003-10-27 03:40:34,1067244034.0,clx,33.23,24.26,1031.130005,7.75,16.51,0.88,19.51,2.34,8.05,12.40,19.35,14.31,39.76,18.811,9630000000.0,10530000000.0,16.65,1.73,2.54,10.31,2.54,1920000000.0,10.31,514000000.0,2.332,110.70,110.00,172000000.0,0.81,1070000000.0000001,0.655,5.69,N/A,0.438,29.05,50.76,3900000.0,4.095,2.60,4120000.0,outperform
8411,2011-12-29 04:46:19,1325151979.0,clx,60.71,12.37,1263.02002,11.04,1.33,N/A,19.15,1.67,N/A,8.94,17.04,12.66,272.91,39.09,11140000000.0,11140000000.0,15.03,2.05,2.11,10.39,2.11,2270000000.0,10.39,276000000.0,3.47,39.80,3.10,270000000.0,2.05,2600000000.0,0.98,0.58,681000000.0,0.47,9.25,67.00,3540000.0,2.70,2.70,3690000.0,outperform
8412,2004-08-11 10:09:17,1092233357.0,mco,30.02,38.34,1075.790039,15.06,23.28,4.831,27.27,7.37,159.74,28.12,52.52,41.94,N/A,8.818,10000000000.0,9960000000.0,22.70,1.64,7.41,13.47,7.41,899300000.0,13.47,378100000.0,2.481,26.00,21.80,332300000.0,2.25,300000000.0,1.523,0.42,497700000.0,0.184,16.08,91.59,2970000.0,5.73,2.39,2750000.0,outperform
8413,2007-02-11 20:02:01,1171242121.0,mco,66.94,-51.17,1448.310059,-7.54,-43.63,1.792,28.54,10.24,124.53,37.01,53.94,46.49,316.23,7.168,20540000000.0,N/A,N/A,1.91,N/A,N/A,N/A,1280000000.0,N/A,753900000.0,2.58,85.60,24.70,483500000.0,1.735,300000000.0,1.431,0.601,N/A,1.29,0.09,88.70,3940000.0,4.4,1.40,4019999.9999999995,underperform
8414,2011-09-03 01:14:21,1315026861.0,mco,29.4,28.88,1218.890015,14.82,14.059999999999999,N/A,11.08,3.07,N/A,27.34,40.10,24.09,N/A,9.77,7340000000.0,7340000000.0,11.03,1.15,3.25,7.49,3.25,1430000000.0,7.49,617900000.0,2.65,56.20,26.70,949500000.0,4.15,1240000000.0,1.81,0.11,7340000000.0,1.38,0.21,101.60,25460000.0,6.30,14.90,21260000.0,outperform
8415,2011-11-19 18:32:41,1321745561.0,mco,31.61,41.32,1236.910034,9.41,31.91,N/A,12.38,3.17,N/A,26.89,40.09,23.44,N/A,9.94,7660000000.0,7660000000.0,12.52,0.93,3.36,7.74,3.36,1430000000.0,7.74,612600000.0,2.65,3.90,3.50,867500000.0,3.91,1240000000.0,1.63,0.83,7660000000.0,1.27,0.21,101.60,24080000.0,8.60,14.10,24750000.0,outperform
8416,2005-02-07 15:54:02,1107809642.0,mco,38.1,44.99,1201.719971,4.42,40.57,2.036,33.63,9.14,86.59,27.77,53.15,39.34,1037.99,9.207,12720000000.0,12620000000.0,27.39,1.99,9.03,16.25,9.03,899300000.0,16.25,388000000.0,2.56,26.00,21.80,451000000.0,3.05,300300000.0,1.678,0.997,514700000.00000006,0.212,16.04,89.93,3390000.0,7.01,2.73,2029999.9999999998,outperform
8417,2007-12-30 06:54:05,1199015645.0,mco,32.48,-44.33,1476.27002,-41.11,-3.219999999999999,N/A,11.68,6.46,21.43,36.38,52.11,56.41,N/A,8.643,10590000000.0,9840000000.0,N/A,1.22,4.20,7.788,4.20,1500000000.0,7.788,852800000.0,3.07,12.80,6.00,425700000.0,1.647,1000000000.0,0.802,1.684,952900000.0,2.17,0.09,100.90,31480000.0,8.1,12.20,28760000.0,underperform
8418,2005-03-06 06:34:54,1110108894.0,mco,38.1,58.11,1210.469971,5.6,52.51,2.036,33.82,9.08,86.08,27.77,53.15,39.34,1037.99,9.175,12750000000.0,12600000000.0,24.21,1.79,9.02,16.22,9.02,899300000.0,16.22,388000000.0,2.55,26.00,21.80,451000000.0,3.05,300300000.0,1.678,0.997,514700000.00000006,0.223,16.04,90.57,3340000.0,5.765,2.69,3390000.0,outperform
8419,2009-01-13 00:38:12,1231825092.0,mco,20.99,22.15,871.7899779999999,31.42,-9.270000000000003,N/A,11.63,2.97,N/A,26.73,48.06,34.36,N/A,7.506,5510000000.0,6480000000.0,N/A,0.89,3.49,6.86,3.49,1680000000.0,6.86,496200000.0,1.98,17.50,17.40,445800000.0,1.859,1400000000.0,0.735,3.727,614800000.0,1.45,0.13,97.90,26000000.0,9.4,10.90,26840000.0,underperform
8420,2004-06-28 07:29:32,1088422172.0,mco,28.69,40.5,1133.349976,6.02,34.480000000000004,3.012,26.36,7.51,98.06,28.89,52.58,44.80,N/A,8.511,9710000000.0,9640000000.0,21.83,1.61,7.42,13.46,7.42,899300000.0,13.46,375500000.0,2.46,26.00,21.80,368100000.0,2.46,300000000.0,1.655,0.665,497700000.0,0.202,16.38,91.59,2750000.0,4.365,2.20,2340000.0,outperform
8421,2013-04-25 02:56:49,1366873009.0,mco,53.81,45.73,1585.160034,17.55,28.179999999999996,356.41,17.80,4.51,31.92,25.27,39.94,19.94,377.20,12.23,12160000000.0,12160000000.0,13.99,1.04,4.45,10.28,4.45,1940000000.0,10.28,690000000.0,3.05,66.40,33.00,1770000000.0,7.93,1670000000.0,2.17,1.73,823100000.0,1.58,4.89,90.50,12100000.0,7.70,6.20,12540000.0,outperform
8422,2004-11-27 13:09:13,1101578953.0,mco,36.15,,1181.76001,57.68,,2.036,31.81,8.62,81.65,27.77,53.15,39.34,1037.99,9.207,12030000000.0,11890000000.0,26.16,1.89,8.51,15.31,8.51,899300000.0,15.31,388000000.0,2.557,26.00,21.80,451000000.0,3.05,300300000.0,1.678,0.997,514700000.00000006,0.195,16.04,93.04,1910000.0,3.355,1.54,1800000.0,underperform
8423,2007-05-28 00:29:16,1180326556.0,mco,,,1515.72998,-8.6,,N/A,25.70,8.78,N/A,35.92,53.46,49.31,501.83,7.758,19120000000.0,19200000000.0,N/A,1.79,8.81,15.828,8.81,1500000000.0,15.828,783100000.0,2.72,20.00,32.40,299800000.0,1.095,380000000.0,1.137,0.256,797700000.0,1.4,0.10,90.60,13580000.0,3.6,5.00,6800000.0,underperform
8424,2012-02-28 12:03:59,1330448639.0,mco,37.16,27.31,1372.180054,10.48,16.83,N/A,15.76,3.83,N/A,25.05,38.95,20.50,N/A,10.08,9190000000.0,9190000000.0,13.53,1.19,4.03,9.51,4.03,1430000000.0,9.51,571400000.0,2.49,30.00,0.50,774800000.0,3.48,1240000000.0,1.26,0.71,N/A,1.40,0.23,102.80,13080000.0,7.60,7.70,15840000.0,outperform
8425,2009-07-26 23:20:22,1248664822.0,mco,23.44,-7.94,976.2899779999999,14.21,-22.150000000000002,N/A,14.67,3.47,N/A,24.64,42.46,27.15,N/A,7.241,7170000000.0,7170000000.0,N/A,2.08,4.14,8.813,4.14,1260000000.0,8.813,427100000.0,1.77,25.30,5.10,348500000.0,1.479,1410000000.0,0.639,3.924,541900000.0,1.5,0.22,94.90,16210000.0,5.9,6.90,14670000.0,underperform
8426,2007-06-04 17:04:10,1180991050.0,mco,63.67,-45.39,1539.180054,-10.49,-34.9,N/A,26.03,8.68,N/A,35.92,53.46,49.31,501.83,7.758,19360000000.0,19010000000.0,N/A,1.77,8.72,15.668,8.72,1500000000.0,15.668,783100000.0,2.72,20.00,32.40,299800000.0,1.095,380000000.0,1.137,0.256,797700000.0,1.4,0.10,94.00,17510000.0,5.2,6.40,13580000.0,underperform
8427,2006-09-03 04:08:08,1157270888.0,utx,52.3,,1303.819946,13.05,,0.475,19.26,1.41,3.34,7.37,13.31,7.97,20.24,45.675,63980000000.0,69860000000.0,N/A,1.50,1.55,9.93,1.55,11790000000.0,9.93,3410000000.0,3.28,13.60,10.00,2880000000.0,2.85,8760000000.0,1.247,18.767,4090000000.0,1.06,0.27,80.50,7790000.0,1.7,0.80,7860000.0,underperform
8428,2004-06-23 15:24:53,1088018693.0,utx,36.32,17.81,1144.060059,4.95,12.86,0.414,18.22,1.37,3.74,7.95,10.92,7.92,23.62,65.335,45250000000.0,48410000000.0,14.97,1.69,1.47,9.98,1.47,8529999999.999999,9.98,2420000000.0,4.832,5.60,10.00,1730000000.0,3.37,5000000000.0,1.192,23.514,3410000000.0,1.046,0.44,81.00,3040000.0,1.431,0.59,3410000.0,outperform
8429,2004-04-12 01:06:46,1081746406.0,utx,36.07,15.36,1145.199951,3.72,11.639999999999999,0.453,19.14,1.50,3.96,8.15,11.18,7.98,24.73,61.698,46280000000.0,49960000000.0,15.43,1.72,1.61,10.76,1.61,8529999999.999999,10.76,2340000000.0,4.692,5.60,10.00,1620000000.0,3.15,5300000000.0,1.201,22.774,2880000000.0,1.078,0.44,79.07,2880000.0,0.891,0.56,3080000.0,outperform
8430,2007-10-25 06:56:29,1193309789.0,utx,64.18,-36.4,1514.400024,-42.1,5.700000000000003,0.46,18.85,1.42,3.71,7.63,13.17,8.43,20.55,54.572,75610000000.0,82130000000.0,N/A,1.49,1.56,10.173,1.56,13090000000.0,10.173,4030000000.0000005,4.06,20.20,14.60,2810000000.0,2.843,9330000000.0,1.211,20.514,4940000000.0,0.75,0.05,78.50,6860000.0,1.6,0.70,8130000.000000001,outperform
8431,2005-02-04 06:11:13,1107515473.0,utx,41.38,15.47,1203.030029,6.6,8.870000000000001,0.399,18.22,1.41,3.91,8.07,10.97,8.14,22.02,74.075,51360000000.0,54240000000.0,14.89,1.50,1.45,9.96,1.45,8529999999.999999,9.96,2790000000.0,5.52,5.60,10.00,2260000000.0,4.43,5590000000.0,1.199,25.513,3640000000.0,0.978,0.69,77.91,3410000.0,1.678,0.67,3360000.0,outperform
8432,2011-11-15 08:56:50,1321365410.0,utx,73.95,-2.81,1257.810059,7.77,-10.58,47.52,14.83,1.23,3.17,8.35,15.02,8.89,22.39,64.85,77020000000.0,77020000000.0,13.38,1.21,1.33,7.63,1.33,14910000000.0,7.63,4850000000.0,5.33,10.50,8.70,5970000000.0,6.58,11360000000.0,1.32,24.93,77020000000.0,1.17,0.09,80.90,11740000.0,2.20,N/A,13230000.0,underperform
8433,2008-01-23 15:43:32,1201121012.0,utx,60.42,-29.56,1338.599976,-38.18,8.620000000000001,0.46,17.29,1.26,3.28,7.63,13.17,8.43,20.55,54.572,69340000000.0,72980000000.0,N/A,1.29,1.38,9.041,1.38,13090000000.0,9.041,4030000000.0000005,4.06,20.20,14.60,2810000000.0,2.843,9330000000.0,1.211,20.514,4940000000.0,0.64,0.24,78.80,8460000.0,2.2,0.90,7760000.0,outperform
8434,2007-07-09 23:08:48,1184036928.0,utx,61.2,-13.35,1531.849976,-16.85,3.5000000000000018,0.456,19.20,1.47,3.99,7.70,12.66,8.13,21.34,50.359,72120000000.0,77980000000.0,N/A,1.50,1.59,10.729,1.59,13090000000.0,10.729,3780000000.0,3.78,6.60,12.40,2480000000.0,2.495,8260000000.0,1.253,18.207001,4280000000.0000005,0.68,0.05,79.60,7880000.0,0.80,0.80,9050000.0,outperform
8435,2013-02-06 08:51:52,1360158712.0,utx,86.05,25.19,1512.119995,17.28,7.91,85.04,15.77,1.39,3.10,8.89,11.67,5.58,20.60,64.50,98650000000.0,98650000000.0,12.77,1.14,1.71,11.95,1.71,16040000000.0,11.95,4840000000.0,5.66,55.20,9.90,4820000000.0,5.36,23220000000.0,1.25,28.82,6650000000.0,1.14,0.09,83.60,8940000.0,2.30,1.10,8039999.999999999,outperform
8436,2012-03-21 20:43:10,1332376990.0,utx,78.04,14.72,1402.890015,10.19,4.530000000000001,44.27,15.07,1.30,3.45,8.56,14.27,8.65,23.45,65.21,79970000000.0,79970000000.0,12.31,1.24,1.37,8.29,1.37,16040000000.0,8.29,4980000000.0,5.49,10.50,0.70,5960000000.0,6.56,10260000000.0,1.38,24.12,6590000000.0,1.13,0.08,84.30,9640000.0,2.10,1.20,11490000.0,outperform
8437,2011-09-26 08:27:42,1317040062.0,utx,66.7,12.89,1162.949951,23.96,-11.07,47.32,13.35,1.10,2.76,8.31,14.34,8.46,22.44,63.24,68629999999.99999,68629999999.99999,11.24,0.98,1.21,7.20,1.21,14910000000.0,7.20,4730000000.0,5.16,18.70,9.20,5400000000.0,5.94,11400000000.0,1.31,25.01,68629999999.99999,1.05,0.09,80.90,9260000.0,1.20,N/A,8390000.0,underperform
8438,2005-05-02 20:25:03,1115079903.0,utx,41.36,27.08,1162.160034,13.0,14.079999999999998,0.33,17.93,1.36,3.54,8.12,11.04,8.12,21.48,75.581,51930000000.0,53980000000.0,14.81,1.52,1.41,9.75,1.41,10220000000.0,9.75,2860000000.0,5.66,18.10,20.70,1960000000.0,3.84,4850000000.0,1.235,28.721001,3700000000.0,0.796,0.67,79.81,3450000.0,1.812,0.68,2850000.0,outperform
8439,2011-07-24 01:58:05,1311487085.0,utx,81.68,-14.81,1343.800049,0.5,-15.31,44.73,17.81,1.45,3.65,8.12,14.35,8.38,21.75,61.53,86320000000.0,86320000000.0,14.12,1.38,1.55,9.24,1.55,14910000000.0,9.24,4520000000.0,4.92,16.90,10.80,4440000000.0,4.85,10490000000.0,1.32,24.17,86320000000.0,1.01,0.09,80.90,7370000.0,1.70,0.90,8340000.0,underperform
8440,2013-04-23 09:33:52,1366724032.0,utx,89.97,31.59,1578.780029,18.79,12.8,85.04,16.55,1.49,3.32,8.89,14.14,6.76,20.60,64.46,103850000000.0,103850000000.0,13.39,1.10,1.80,10.73,1.80,15560000000.0,10.73,4840000000.0,5.66,55.20,14.40,4820000000.0,5.26,23220000000.0,1.25,28.20,6650000000.0,1.14,0.10,84.10,8750000.0,2.80,1.10,10430000.0,outperform
8441,2005-03-06 20:48:45,1110160125.0,utx,40.65,17.42,1210.469971,5.6,11.820000000000002,0.399,18.26,1.36,3.64,8.07,10.97,8.14,22.02,74.075,51600000000.0,54920000000.0,14.92,1.52,1.47,10.08,1.47,10220000000.0,10.08,2790000000.0,5.52,18.10,20.70,2270000000.0,4.42,5590000000.0,1.199,27.408001,3700000000.0,0.924,0.68,80.21,4360000.0,1.937,0.86,3410000.0,outperform
8442,2012-01-12 13:31:37,1326393097.0,utx,72.45,13.2,1295.5,13.63,-0.4300000000000015,47.52,14.39,1.20,3.08,8.35,15.02,8.89,22.39,64.85,74890000000.0,74890000000.0,13.75,1.26,1.29,7.42,1.29,14910000000.0,7.42,4850000000.0,5.33,10.50,8.70,5970000000.0,6.58,11360000000.0,1.32,24.93,6250000000.0,1.15,0.08,84.30,10550000.0,2.50,1.30,11740000.0,underperform
8443,2009-02-08 22:13:32,1234149212.0,utx,41.78,40.04,845.849976,24.93,15.11,N/A,10.00,0.75,2.78,7.99,12.99,8.58,25.16,62.56,45210000000.0,52350000000.0,N/A,1.11,0.89,5.852,0.89,14840000000.0,5.852,4690000000.0,4.91,8.00,0.90,4330000000.0,4.693,11480000000.0,1.24,17.264,6160000000.0,0.9,0.28,80.80,8289999.999999999,1.7,0.90,7220000.0,outperform
8444,2009-06-19 19:55:20,1245455720.0,utx,47.89,29.69,921.2299800000001,20.99,8.700000000000003,N/A,11.61,0.91,3.27,7.75,13.00,8.27,23.59,61.216,59300000000.0,59300000000.0,N/A,1.49,1.04,6.812,1.04,16120000000.000002,6.812,4410000000.0,4.67,27.80,11.60,3270000000.0,3.473,10830000000.0,1.294,16.785999,5760000000.0,0.98,0.30,80.70,9180000.0,1.5,1.00,8790000.0,outperform
8445,2007-02-23 09:54:57,1172242497.0,utx,56.78,8.49,1451.189941,-6.28,14.77,0.459,18.19,1.41,3.89,7.80,13.18,8.47,21.77,48.805,67220000000.0,72600000000.0,N/A,1.41,1.52,9.894,1.52,13090000000.0,9.894,3730000000.0,3.71,38.20,13.60,2550000000.0,2.557,7930000000.0,1.239,17.372,4800000000.0,0.73,0.05,78.70,5720000.0,1.2,0.60,5040000.0,outperform
8446,2011-04-25 19:52:13,1303775533.0,utx,79.7,-5.48,1335.25,2.75,-8.23,45.43,18.25,1.48,3.75,8.05,14.17,8.42,21.40,59.84,86380000000.0,86380000000.0,14.23,1.65,1.59,9.54,1.59,14910000000.0,9.54,4370000000.0,4.74,11.70,9.30,4080000000.0,4.44,10290000000.0,1.33,23.21,86380000000.0,1.04,0.09,80.90,6110000.0,1.50,0.80,4950000.0,underperform
8447,2004-11-21 18:32:53,1101079973.0,utx,39.75,11.5,1183.550049,6.02,5.48,0.388,18.05,1.38,3.83,8.12,10.92,8.19,23.04,71.496,49700000000.0,52420000000.0,15.87,1.77,1.45,9.91,1.45,8529999999.999999,9.91,2730000000.0,5.389,5.60,10.00,2340000000.0,4.58,5060000000.0,1.258,25.513,3640000000.0,0.995,0.44,82.39,3020000.0,1.934,0.59,3840000.0,outperform
8448,2006-09-03 03:52:35,1157269955.0,utx,52.3,,1303.819946,13.05,,0.475,19.26,1.41,3.34,7.37,13.31,7.97,20.24,45.675,63980000000.0,69860000000.0,N/A,1.50,1.55,9.93,1.55,11790000000.0,9.93,3410000000.0,3.28,13.60,10.00,2880000000.0,2.85,8760000000.0,1.247,18.767,4090000000.0,1.06,0.27,80.50,7790000.0,1.7,0.80,7860000.0,underperform
8449,2012-06-25 18:44:41,1340664281.0,utx,70.02,27.66,1313.719971,20.88,6.780000000000001,41.15,15.58,1.18,3.05,7.42,14.47,8.56,23.62,65.07,72040000000.0,72040000000.0,11.06,1.11,1.24,7.40,1.24,16040000000.0,7.40,5200000000.0,4.75,67.40,2.00,6280000000.0,6.90,9790000000.0,1.52,24.68,6530000000.0,1.14,0.09,83.90,7480000.0,2.10,0.90,8170000.0,outperform
8450,2006-06-18 07:24:46,1150629886.0,utx,50.5,20.63,1256.160034,21.88,-1.25,0.477,19.63,1.40,3.54,7.25,12.88,8.08,20.47,44.413,62420000000.0,68280000000.0,N/A,1.71,1.55,10.218,1.55,11790000000.0,10.218,3280000000.0,3.15,18.00,12.80,2420000000.0,2.391,8270000000.0,1.133,17.17,4460000000.0,1.12,12.18,79.60,6910000.0,1.6,0.70,4160000.0,underperform
8451,2013-05-16 08:18:14,1368706694.0,utx,92.69,22.93,1650.469971,13.78,9.15,82.05,14.35,1.48,3.36,10.16,14.08,6.99,20.49,66.49,105620000000.0,105620000000.0,13.81,1.15,1.77,10.51,1.77,15560000000.0,10.51,4920000000.0,6.68,283.60,16.00,4770000000.0,5.19,22820000000.0,1.29,28.49,6040000000.0,1.13,0.10,84.10,7880000.0,2.30,1.00,8590000.0,outperform
8452,2007-06-07 21:36:50,1181266610.0,utx,58.12,-1.02,1490.719971,-8.72,7.700000000000001,0.456,18.23,1.41,3.84,7.70,12.66,8.13,21.34,50.359,68489999999.99999,74450000000.0,N/A,1.54,1.52,10.243,1.52,13090000000.0,10.243,3780000000.0,3.777,6.60,12.40,2480000000.0,2.495,8260000000.0,1.253,18.207001,4280000000.0000005,0.69,0.05,77.80,5700000.0,1.3,0.60,7300000.0,outperform
8453,2006-12-06 22:28:27,1165462107.0,utx,54.39,22.06,1412.900024,6.68,15.379999999999999,0.438,18.75,1.40,3.35,7.54,13.71,8.30,20.69,47.07,65200000000.0,70330000000.0,N/A,1.62,1.52,9.533,1.52,11790000000.0,9.533,3590000000.0,3.46,21.30,11.50,2910000000.0,2.903,8289999999.999999,1.291,19.32,4290000000.0,0.88,0.27,80.50,5570000.0,1.7,0.60,6910000.0,outperform
8454,2012-04-21 05:22:32,1335000152.0,utx,76.6,15.76,1385.140015,11.3,4.459999999999999,44.27,14.75,1.26,3.33,8.56,14.27,8.65,23.45,65.21,77370000000.0,77370000000.0,12.09,1.21,1.33,8.02,1.33,16040000000.0,8.02,4980000000.0,5.49,10.50,0.70,5960000000.0,6.56,10260000000.0,1.38,24.12,6590000000.0,1.16,0.08,84.30,8140000.000000001,1.80,1.00,9810000.0,outperform
8455,2007-04-08 18:22:15,1176070935.0,utx,54.58,12.46,1443.76001,-4.93,17.39,0.459,17.50,1.35,3.74,7.80,13.18,8.47,21.77,48.805,64660000000.0,70040000000.0,N/A,1.42,1.46,9.545,1.46,13090000000.0,9.545,3730000000.0,3.71,38.20,13.60,2550000000.0,2.557,7930000000.0,1.239,17.372,4800000000.0,0.7,0.05,79.20,7300000.0,1.7,0.70,5660000.0,outperform
8456,2012-10-14 08:11:53,1350216713.0,aeo,20.24,-36.51,1432.839966,19.35,-55.86,N/A,26.17,1.28,2.89,4.87,9.12,9.89,12.77,17.13,3530000000.0,3530000000.0,13.99,1.22,1.06,8.06,1.06,1130000000.0,8.06,181620000.0,0.82,3.30,10.50,702070000.0,3.57,0.00,3.49,7.53,358440000.0,0.81,15.08,77.70,13740000.0,3.40,7.40,8750000.0,underperform
8457,2008-01-24 01:42:43,1201156963.0,aeo,15.99,-56.41,1352.069946,-38.47,-17.939999999999998,N/A,12.37,1.54,3.30,13.51,20.55,20.38,29.82,13.854,4840000000.0,N/A,N/A,0.87,N/A,N/A,N/A,1340000000.0,N/A,409700000.0,1.83,1.50,6.90,640780000.0,2.995,N/A,2.867,6.604,508900000.0,1.13,26.55,74.90,9260000.0,2.7,4.90,8970000.0,underperform
8458,2013-05-10 12:59:12,1368205152.0,aeo,18.54,-42.72,1633.699951,14.97,-57.69,N/A,16.86,1.09,3.09,6.68,12.66,14.83,20.02,17.72,3060000000.0,3060000000.0,11.51,1.08,0.88,5.42,0.88,1390000000.0,5.42,264100000.00000003,1.16,84.80,8.60,630990000.0,3.25,0.00,2.62,6.34,475050000.0,0.80,13.48,81.10,5760000.0,1.60,3.10,5120000.0,underperform
8459,2013-03-30 07:41:32,1364643692.0,aeo,17.34,-32.76,1562.849976,18.31,-51.06999999999999,N/A,16.11,1.03,2.91,6.68,12.66,14.83,20.02,17.72,3010000000.0,3010000000.0,11.00,1.05,0.87,5.33,0.87,1390000000.0,5.33,264100000.00000003,1.16,84.80,8.60,630990000.0,3.25,0.00,2.62,6.34,475050000.0,0.87,13.48,81.10,7310000.0,2.60,4.00,6440000.0,underperform
8460,2012-01-01 20:57:00,1325469420.0,aeo,13.07,47.28,1263.02002,12.92,34.36,N/A,15.96,0.98,2.14,6.18,9.48,9.41,13.47,15.58,2480000000.0,2480000000.0,13.90,1.57,0.82,5.80,0.82,1170000000.0,5.80,187380000.0,0.96,58.80,10.70,481320000.0,2.48,0.00,3.04,7.14,204940000.0,0.92,8.37,79.90,12900000.0,2.90,7.00,10870000.0,outperform
8461,2007-10-13 18:24:50,1192314290.0,aeo,17.96,-55.68,1562.469971,-41.76,-13.920000000000002,N/A,13.43,1.80,3.94,13.78,20.94,21.80,30.82,13.524,5250000000.0,4620000000.0,N/A,0.87,1.55,6.465,1.55,1340000000.0,6.465,411220000.0,1.82,12.80,16.70,634600000.0,2.953,N/A,3.483,6.328,436200000.0,1.2,19.68,77.10,10480000.0,2.2,5.40,10180000.0,underperform
8462,2009-01-12 14:36:10,1231788970.0,aeo,7.38,76.69,870.26001,30.56,46.129999999999995,0.054,7.39,0.68,1.50,9.32,15.11,14.71,20.49,14.911,2089999999.9999998,1820000000.0,N/A,0.76,0.59,3.129,0.59,1420000000.0,3.129,286810000.0,1.37,57.20,1.30,343940000.0,1.668,75000000.0,2.148,6.747,390680000.0,1.35,17.52,77.10,12360000.0,2.4,6.80,10460000.0,outperform
8463,2011-11-17 07:59:18,1321534758.0,aeo,11.64,47.51,1216.130005,11.82,35.69,N/A,16.49,0.90,1.94,5.69,10.02,9.96,12.26,15.12,2210000000.0,2210000000.0,13.56,1.39,0.75,5.05,0.75,1170000000.0,5.05,168150000.0,0.85,103.50,3.70,514000000.0,2.64,0.00,3.19,7.01,2210000000.0,0.99,8.37,79.90,14140000.0,4.00,7.70,16980000.0,outperform
8464,2007-09-20 19:04:16,1190329456.0,aeo,18.65,-34.69,1518.75,-17.36,-17.33,N/A,14.08,1.89,4.16,13.78,20.94,21.80,30.82,13.524,5500000000.0,5020000000.0,N/A,0.88,1.68,7.028,1.68,1340000000.0,7.028,411220000.0,1.82,12.80,16.70,634600000.0,2.953,N/A,3.483,6.328,436200000.0,1.28,4.13,78.30,10180000.0,2.3,5.20,10320000.0,underperform
8465,2009-03-07 19:29:00,1236472140.0,aeo,7.52,72.87,712.869995,57.53,15.340000000000003,N/A,6.50,0.61,1.35,9.32,15.11,14.71,20.49,14.911,1840000000.0,1650000000.0,N/A,0.78,0.54,2.838,0.54,1420000000.0,2.838,286810000.0,1.37,57.20,1.30,343940000.0,1.668,75000000.0,2.148,6.747,390680000.0,0.96,17.51,76.20,11340000.0,2.6,6.20,12520000.0,outperform
8466,2012-07-23 18:32:30,1343082750.0,aeo,17.55,2.17,1350.52002,25.31,-23.14,N/A,24.42,1.23,2.73,4.99,8.39,9.14,11.50,16.81,3300000000.0,3300000000.0,14.27,1.36,1.01,8.01,1.01,1130000000.0,8.01,163080000.0,0.83,40.10,18.00,722030000.0,3.68,0.00,3.96,7.51,291120000.0,0.82,15.14,76.40,7250000.0,1.80,3.90,7480000.0,underperform
8467,2008-12-08 10:59:42,1228751982.0,aeo,7.61,60.58,909.7000119999999,20.03,40.55,0.054,7.10,0.65,1.44,9.32,15.11,14.71,20.49,14.911,2000000000.0,1730000000.0,N/A,0.66,0.56,2.972,0.56,1420000000.0,2.972,286810000.0,1.37,57.20,1.30,343940000.0,1.676,75000000.0,2.148,6.751,390680000.0,1.36,17.68,77.20,9760000.0,2.2,5.30,10650000.0,outperform
8468,2012-01-28 13:37:54,1327775874.0,cop,84.26,-33.82,1326.060059,12.73,-46.55,41.68,8.90,0.41,1.40,4.89,9.79,8.95,16.36,160.70,113760000000.0,113760000000.0,7.75,1.11,0.50,3.72,0.50,49140000000.0,3.72,11090000000.0,7.80,14.40,35.70,6030000000.0,4.54,27640000000.0,1.12,49.56,20020000000.0,1.13,0.20,72.00,21370000.0,2.90,N/A,18870000.0,underperform
8469,2009-07-17 17:32:54,1247866374.0,cop,47.38,28.64,940.3800050000001,16.46,12.18,N/A,N/A,0.31,1.14,10.04,11.39,8.81,28.06,134.329,91350000000.0,91350000000.0,N/A,2.04,0.45,2.85,0.45,64360000000.0,2.85,20300000000.0,13.492,79.70,45.80,802000000.0,0.541,29380000000.0,0.994,37.187,17960000000.0,1.15,0.10,74.90,13600000.0,0.8,0.90,12220000.0,outperform
8470,2004-02-03 07:23:33,1075811013.0,cop,33.58,45.74,1136.030029,5.03,40.71,0.569,9.89,0.43,1.41,4.37,8.66,5.67,14.36,153.31,45140000000.0,63110000000.0,12.13,2.02,0.60,4.66,0.60,13820000000.0,4.66,4590000000.0,6.706,N/A,N/A,483000000.0,0.71,18750000000.0,0.796,46.66,N/A,0.729,0.01,76.02,6400000.0,2.768,0.94,6030000.0,outperform
8471,2006-11-05 19:48:18,1162774098.0,cop,63.3,42.91,1367.339966,9.86,33.05,N/A,5.87,0.55,1.27,9.04,14.36,N/A,N/A,116.774,100470000000.0,129320000000.0,N/A,0.67,0.73,3.582,0.73,49220000000.0,3.582,16140000000.0,10.39,2.00,0.40,654000000.0,0.397,29510000000.0,N/A,46.958,20550000000.0,0.82,0.18,74.20,13110000.0,0.80,0.80,14130000.0,outperform
8472,2011-09-02 15:03:38,1314990218.0,cop,79.4,-35.25,1173.969971,20.15,-55.4,39.48,8.32,0.44,1.33,5.47,9.46,8.00,16.97,146.20,113050000000.0,113050000000.0,7.52,6.28,0.54,3.93,0.54,49140000000.0,3.93,11530000000.0,7.93,18.30,45.70,8140000000.000001,5.93,27860000000.0,1.18,51.03,113050000000.0,1.23,0.10,73.30,19490000.0,1.40,N/A,17910000.0,underperform
8473,2006-06-16 08:16:38,1150460198.0,cop,64.31,29.34,1251.540039,21.1,8.239999999999998,0.446,6.27,0.59,1.41,8.09,12.54,12.14,23.90,123.663,101930000000.0,131110000000.00002,N/A,0.84,0.76,4.472,0.76,49220000000.0,4.472,14010000000.0,9.84,13.00,28.20,3010000000.0,1.822,32189999999.999996,0.79,43.736,18340000000.0,1.02,0.23,74.20,12730000.0,1.3,0.80,13010000.0,outperform
8474,2007-05-30 02:11:42,1180505502.0,cop,82.7,19.55,1530.22998,-8.62,28.17,0.279,7.99,0.77,1.47,9.75,15.30,10.88,20.14,98.143,123150000000.0,147710000000.0,N/A,1.24,0.91,3.911,0.91,58380000000.0,3.911,15810000000.0,9.43,7.70,12.70,860000000.0,0.526,23670000000.0,0.915,51.873001,23590000000.0,0.56,0.08,77.50,18750000.0,1.6,1.10,19450000.0,outperform
8475,2007-06-02 12:00:45,1180800045.0,cop,82.7,19.55,1530.22998,-8.62,28.17,0.279,8.36,0.78,1.49,9.75,15.30,10.88,20.14,98.143,128889999999.99998,151700000000.0,N/A,1.24,0.94,4.016,0.94,58380000000.0,4.016,15810000000.0,9.43,7.70,12.70,860000000.0,0.526,23670000000.0,0.915,51.873001,23590000000.0,0.69,0.08,77.50,17380000.0,1.8,1.10,18750000.0,outperform
8476,2013-05-16 10:49:55,1368715795.0,cop,58.28,30.3,1650.469971,13.78,16.520000000000003,50.90,10.13,1.28,1.56,12.76,24.43,6.51,12.60,48.61,95940000000.0,95940000000.0,10.42,2.79,1.60,4.43,1.60,25940000000.0,4.43,7260000000.0,6.16,27.20,3.60,5440000000.0,4.45,25060000000.0,1.32,39.92,14470000000.0,1.10,0.15,67.50,21990000.0,3.50,1.80,21950000.0,outperform
8477,2006-10-23 12:50:54,1161622254.0,cop,64.08,39.48,1377.02002,10.35,29.129999999999995,0.381,5.64,0.56,1.30,8.98,13.82,13.67,25.77,122.104,100290000000.0,128270000000.00002,N/A,0.71,0.72,3.794,0.72,49220000000.0,3.794,16059999999.999998,10.793,65.30,15.40,654000000.0,0.397,29510000000.0,0.805,46.958,20420000000.0,0.81,0.18,76.70,14130000.0,1.7,0.90,14720000.0,outperform
8478,2011-11-02 19:07:22,1320275242.0,cop,83.2,-35.19,1237.900024,15.32,-50.51,39.48,8.88,0.41,1.33,4.92,9.23,N/A,N/A,159.69,112980000000.0,112980000000.0,8.30,0.85,0.50,3.87,0.50,49140000000.0,3.87,11090000000.0,7.79,14.40,31.50,8140000000.000001,5.93,27860000000.0,N/A,51.03,112980000000.0,1.06,0.10,73.30,25190000.0,2.50,1.90,25950000.0,underperform
8479,2012-01-02 19:42:06,1325551326.0,cop,,,1257.599976,13.52,,41.68,9.35,0.43,1.47,4.89,9.79,8.95,16.36,160.70,118370000000.0,118370000000.0,8.64,1.55,0.52,3.87,0.52,49140000000.0,3.87,11090000000.0,7.80,14.40,35.70,6030000000.0,4.54,27640000000.0,1.12,49.56,20020000000.0,1.13,0.10,73.30,21230000.0,2.50,N/A,23610000.0,underperform
8480,2007-05-01 06:50:39,1178016639.0,cop,73.7,26.57,1486.300049,-6.78,33.35,0.328,7.35,0.71,1.43,9.76,15.32,N/A,N/A,98.053,114020000000.0,141470000000.0,N/A,1.20,0.87,3.748,0.87,58380000000.0,3.748,15810000000.0,9.43,7.70,3.70,817000000.0,0.497,27130000000.0,N/A,48.889999,N/A,0.6,0.08,75.60,18750000.0,1.6,1.10,19450000.0,outperform
8481,2004-09-07 03:17:20,1094541440.0,cop,39.21,76.51,1121.300049,10.26,66.25,0.413,9.03,0.46,1.39,5.11,9.10,7.05,16.91,165.572,52480000000.0,67290000000.00001,10.30,1.17,0.59,4.57,0.59,29860000000.0,4.57,5850000000.0,8.442,N/A,83.70,804000000.0,1.17,15620000000.0,0.949,54.919998,8410000000.0,0.751,0.02,79.07,4970000.0,2.19,0.72,4460000.0,outperform
8482,2012-11-01 15:15:42,1351797342.0,cop,53.92,30.49,1427.589966,23.4,7.09,58.05,7.15,0.38,1.53,5.59,10.13,N/A,N/A,146.95,96180000000.0,96180000000.0,10.04,0.84,0.52,3.58,0.52,48180000000.0,3.58,10990000000.0,8.15,31.30,75.30,1040000000.0,0.86,26960000000.0,N/A,37.85,15860000000.0,1.08,0.16,68.80,25250000.0,4.10,2.00,23410000.0,outperform
8483,2007-05-02 09:22:29,1178112149.0,cop,73.95,26.86,1495.920044,-5.79,32.65,0.328,7.33,0.70,1.42,9.76,15.32,N/A,N/A,98.053,113760000000.0,140070000000.0,N/A,1.20,0.87,3.711,0.87,58380000000.0,3.711,15810000000.0,9.43,7.70,3.70,817000000.0,0.497,27130000000.0,N/A,48.889999,N/A,0.56,0.08,75.60,18750000.0,1.6,1.10,19450000.0,outperform
8484,2009-01-10 19:40:50,1231634450.0,cop,58.55,2.44,906.650024,25.92,-23.48,0.238,4.26,0.35,0.87,8.21,12.43,10.11,21.29,150.349,77510000000.0,98490000000.0,N/A,0.56,0.42,2.934,0.42,59380000000.0,2.934,19140000000.0,12.20,41.20,56.80,1120000000.0,0.749,22100000000.0,0.96,62.299,26460000000.0,1.22,0.12,78.30,23140000.0,1.6,1.60,21720000.0,underperform
8485,2011-12-29 00:56:47,1325138207.0,cop,87.74,-39.96,1263.02002,11.04,-51.0,41.68,9.21,0.43,1.47,4.89,9.79,8.95,16.36,160.70,118460000000.0,118460000000.0,8.53,1.21,0.52,3.87,0.52,49140000000.0,3.87,11090000000.0,7.80,14.40,35.70,6030000000.0,4.54,27640000000.0,1.12,49.56,20020000000.0,1.13,0.10,73.30,23610000.0,2.90,N/A,23120000.0,underperform
8486,2007-10-16 06:09:32,1192529372.0,cop,94.3,-43.16,1538.530029,-40.99,-2.1699999999999946,0.269,13.21,0.86,1.64,6.73,14.36,8.75,13.46,98.493,140520000000.0,161920000000.0,N/A,0.92,1.00,5.028,1.00,58380000000.0,5.028,10920000000.0,6.54,94.20,0.20,1410000000.0,0.867,22810000000.0,1.019,52.193001,23510000000.0,0.7,0.10,76.90,22730000.0,2.2,1.40,26020000.0,underperform
8487,2004-12-09 01:35:03,1102574103.0,cop,44.08,49.07,1189.23999,5.9,43.17,0.389,8.27,0.46,1.47,5.69,10.28,8.48,19.57,181.929,59100000000.0,70720000000.0,8.99,1.58,0.56,4.09,0.56,29860000000.0,4.09,7230000000.0,10.347,N/A,83.70,3260000000.0,4.73,15490000000.0,1.054,57.613998,10750000000.0,0.801,0.03,78.81,5250000.0,1.595,0.76,6500000.0,outperform
8488,2012-11-10 00:22:52,1352524972.0,cop,52.4,33.21,1394.530029,25.29,7.920000000000002,51.98,6.84,0.30,1.43,4.53,9.21,9.79,21.36,181.36,91430000000.0,91430000000.0,9.47,0.80,0.40,3.08,0.40,48180000000.0,3.08,12120000000.0,8.14,31.30,11.70,1270000000.0,1.05,24890000000.0,0.91,39.05,15860000000.0,1.12,0.16,68.80,25250000.0,4.10,2.00,23410000.0,outperform
8489,2006-11-12 05:16:17,1163326577.0,cop,67.12,26.83,1378.329956,4.41,22.419999999999998,0.346,6.07,0.59,1.29,9.09,14.45,13.82,24.76,116.055,103830000000.0,130940000000.0,N/A,0.89,0.74,3.595,0.74,49220000000.0,3.595,16140000000.0,10.39,2.00,1.40,696000000.0,0.423,27810000000.0,0.899,48.898998,20550000000.0,0.82,0.18,74.20,13110000.0,0.80,0.80,14130000.0,outperform
8490,2013-04-04 23:49:58,1365133798.0,cop,54.97,24.29,1559.97998,19.56,4.73,52.26,8.76,1.20,1.51,13.97,24.05,6.71,13.10,48.52,95070000000.0,95070000000.0,9.76,4.77,1.58,4.36,1.58,25940000000.0,4.36,7410000000.0,6.72,57.90,2.30,3620000000.0,2.96,25310000000.0,1.38,39.33,13920000000.0,1.11,0.15,67.50,24100000.0,3.70,N/A,24100000.0,outperform
8491,2005-05-26 00:55:41,1117083341.0,cop,54.32,22.81,1197.619995,6.89,15.919999999999998,0.311,7.88,0.50,1.61,6.47,11.23,10.36,22.81,206.233,73330000000.0,84230000000.0,8.87,0.87,0.58,4.05,0.58,38660000000.0,4.05,9430000000.0,13.36,71.70,30.30,2420000000.0,3.48,14010000000.0,1.006,64.685997,11960000000.0,0.706,8.71,79.10,6670000.0,1.715,1.05,6140000.0,outperform
8492,2006-11-17 03:50:55,1163753455.0,cop,66.48,28.7,1401.199951,4.95,23.75,0.346,5.99,0.60,1.31,9.09,14.45,13.82,24.76,116.055,102480000000.0,132410000000.0,N/A,0.90,0.75,3.636,0.75,49220000000.0,3.636,16140000000.0,10.39,2.00,1.40,696000000.0,0.423,27810000000.0,0.899,48.898998,20550000000.0,0.82,0.18,73.60,13110000.0,0.80,0.80,14130000.0,outperform
8493,2008-12-18 04:06:25,1229591185.0,cop,56.68,-0.19,885.2800289999999,24.53,-24.720000000000002,0.238,4.38,0.35,0.87,8.21,12.43,10.11,21.29,150.349,79640000000.0,101680000000.0,N/A,N/A,0.44,3.029,0.44,59380000000.0,3.029,19140000000.0,12.20,41.20,56.80,1120000000.0,0.749,22100000000.0,0.96,62.299,26460000000.0,1.23,0.12,78.30,21720000.0,1.1,1.50,23550000.0,underperform
8494,2007-02-25 08:46:28,1172411188.0,cop,71.24,25.03,1456.380005,-5.81,30.84,0.346,6.96,0.66,1.37,9.28,14.84,N/A,23.35,105.662,110600000000.0,137710000000.0,N/A,1.11,0.82,3.719,0.82,49220000000.0,3.719,15550000000.0,9.66,13.10,20.30,696000000.0,0.423,27810000000.0,N/A,48.898998,21520000000.0,0.55,0.08,77.00,19260000.0,1.5,1.20,19630000.0,outperform
8495,2007-02-26 19:33:51,1172536431.0,cop,72.39,26.54,1449.369995,-4.7,31.24,0.346,7.00,0.66,1.37,9.28,14.84,N/A,23.35,105.662,111270000000.0,137710000000.0,N/A,1.11,0.82,3.719,0.82,49220000000.0,3.719,15550000000.0,9.66,13.10,20.30,696000000.0,0.423,27810000000.0,N/A,48.898998,21520000000.0,0.55,0.08,77.00,19260000.0,1.5,1.20,19630000.0,outperform
8496,2003-11-25 06:56:41,1069761401.0,cop,29.19,58.51,1053.890015,12.13,46.379999999999995,0.569,8.02,0.36,1.21,4.59,8.66,6.10,15.55,155.339,38950000000.0,56690000000.0,11.47,1.93,0.53,4.19,0.53,13820000000.0,4.19,4880000000.0,7.136,N/A,N/A,483000000.0,0.71,18750000000.0,0.796,46.66,N/A,0.647,0.01,77.97,5110000.0,2.673,0.75,6250000.0,outperform
8497,2012-04-03 22:45:08,1333507508.0,cop,92.52,-40.19,1413.380005,9.93,-50.12,40.98,8.51,0.42,1.52,5.29,9.86,9.37,18.54,171.10,118950000000.0,118950000000.0,8.41,1.94,0.51,3.80,0.51,48180000000.0,3.80,12440000000.0,8.97,66.10,17.70,6360000000.0,4.97,26940000000.0,1.08,50.73,19650000000.0,1.01,0.20,72.00,23370000.0,2.70,N/A,19430000.0,underperform
8498,2010-10-14 04:33:02,1287045182.0,orly,53.26,31.09,1173.810059,4.33,26.759999999999998,20.25,20.72,1.45,2.52,6.99,12.55,8.43,13.17,37.05,7970000000.0,7970000000.0,16.01,1.00,1.56,10.04,1.56,2330000000.0,10.04,356220000.0,2.55,16.50,10.40,31610000.0,0.23,593300000.0,1.72,21.13,7970000000.0,0.42,3.92,97.50,6630000.0,6.00,5.70,6530000.0,outperform
8499,2012-11-26 12:50:32,1353952232.0,orly,92.46,34.66,1406.290039,28.19,6.469999999999995,48.53,20.38,1.74,4.76,9.47,15.75,10.65,22.63,48.84,11290000000.0,11290000000.0,17.06,1.18,1.86,9.96,1.86,2840000000.0,9.96,575930000.0,4.55,7.30,4.30,422700000.0,3.69,1100000000.0,1.31,19.46,1310000000.0,0.44,3.09,94.70,10340000.0,5.60,9.50,9490000.0,outperform
8500,2004-10-26 08:55:10,1098795310.0,orly,20.6,33.11,1111.089966,7.23,25.88,0.118,20.04,1.38,2.61,7.00,11.35,9.39,14.45,29.249,2260000000.0,2270000000.0,15.84,1.03,1.41,12.39,1.41,638340000.0,12.39,113210000.0,2.047,22.10,15.20,88120000.0,1.6,101390000.0,2.259,15.572,220760000.0,0.759,10.00,85.38,5660000.0,13.454,11.42,5090000.0,outperform
8501,2007-03-11 01:45:53,1173595553.0,orly,32.92,-19.62,1401.890015,-9.17,-10.450000000000001,0.081,21.17,1.64,2.75,7.80,12.37,9.55,14.19,20.16,3730000000.0,3810000000.0,N/A,1.09,1.67,10.982,1.67,1010000000.0,10.982,178090000.0,1.55,2.10,8.40,29900000.0,0.262,110480000.0,2.307,11.973,185930000.0,1.36,6.85,88.00,6330000.0,10.4,6.00,6520000.0,underperform
8502,2013-06-05 10:25:35,1370442335.0,orly,108.0,40.23,1608.900024,20.61,19.619999999999997,52.88,22.06,1.94,5.87,9.50,15.72,10.62,23.97,53.17,12920000000.0,12920000000.0,16.65,1.16,2.07,11.15,2.07,3100000000.0,11.15,592580000.0,4.97,4.60,3.60,205410000.0,1.86,1100000000.0,1.17,18.66,1060000000.0,0.49,3.14,89.50,5260000.0,6.30,4.90,5170000.0,outperform
8503,2011-08-15 01:37:59,1313386679.0,orly,60.74,39.35,1204.48999,16.56,22.790000000000003,15.81,18.72,1.43,2.54,8.19,14.07,9.58,15.07,40.22,8420000000.0,8420000000.0,14.73,1.03,1.50,8.86,1.50,2620000000.0,8.86,458550000.0,3.22,34.30,7.10,268790000.0,1.98,498550000.0,1.75,23.19,8420000000.0,0.28,6.13,68.30,4390000.0,3.10,3.70,4690000.0,outperform
8504,2006-06-18 04:13:55,1150618435.0,orly,32.0,16.66,1256.160034,21.88,-5.219999999999999,0.083,21.29,1.71,3.00,8.11,12.47,9.97,15.63,18.886,3630000000.0,3680000000.0,N/A,1.06,1.74,11.423,1.74,892500000.0,11.423,171620000.0,1.51,22.10,15.10,55290000.0,0.488,100590000.0,1.894,10.658,205900000.0,1.25,6.95,80.20,2850000.0,6.5,2.70,2720000.0,underperform
8505,2007-01-25 04:07:42,1169716062.0,orly,33.21,-16.14,1423.900024,-6.55,-9.59,0.077,22.03,1.71,2.92,7.91,12.57,9.75,14.69,19.847,3870000000.0,3900000000.0,N/A,1.21,1.74,11.433,1.74,892500000.0,11.433,177240000.0,1.55,1.60,10.00,40820000.0,0.359,100860000.0,2.206,11.581,196650000.0,1.33,6.92,91.50,5440000.0,12.1,5.20,5570000.0,underperform
8506,2005-03-17 14:14:12,1111086852.0,orly,24.82,44.84,1190.209961,9.83,35.010000000000005,0.106,23.63,1.61,2.90,6.84,11.07,8.29,12.77,30.896,2760000000.0,2800000000.0,16.26,1.08,1.63,14.69,1.63,638340000.0,14.69,117670000.0,2.11,22.10,15.20,69030000.0,1.25,100910000.0,2.437,17.233,197000000.0,0.762,9.96,86.70,3920000.0,15.927,7.85,4110000.0000000005,outperform
8507,2005-05-27 19:28:20,1117236500.0,orly,27.73,13.88,1198.780029,4.99,8.89,0.102,25.22,1.76,3.17,6.93,11.21,8.54,13.10,31.776,3090000000.0,3150000000.0,17.98,1.18,1.76,15.73,1.76,743170000.0,15.73,123600000.0,2.20,39.40,13.90,89270000.0,1.61,100760000.0,2.326,17.787001,226540000.0,0.826,8.64,84.00,2310000.0,6.518,4.56,2670000.0,outperform
8508,2005-01-22 09:18:19,1106403499.0,orly,23.15,37.62,1184.630005,8.48,29.139999999999997,0.113,21.91,1.54,2.86,7.04,11.38,9.22,14.26,29.902,2550000000.0,2570000000.0,18.02,1.18,1.55,13.61,1.55,638340000.0,13.61,116920000.0,2.105,22.10,15.20,83620000.0,1.51,101060000.0,2.235,16.205,197000000.0,0.886,9.98,89.58,4690000.0,15.795,9.44,5110000.0,outperform
8509,2013-04-22 01:25:04,1366608304.0,xray,40.7,10.37,1562.5,20.29,-9.92,76.36,19.06,1.99,2.63,10.73,13.83,5.21,15.41,20.65,7570000000.0,7570000000.0,15.45,1.68,2.59,14.17,2.59,1560000000.0,14.17,314210000.0,2.18,212.30,2.10,82320000.0,0.58,1720000000.0,1.20,15.52,369680000.0,1.37,0.28,97.40,6660000.0,10.20,5.30,7160000.0,underperform
8510,2006-07-22 02:42:04,1153550524.0,xray,29.05,27.06,1259.810059,23.28,3.7799999999999976,0.508,104.65,2.74,3.65,2.67,17.82,7.65,3.38,10.984,4760000000.0,5060000000.0,N/A,1.44,2.91,13.924,2.91,869020000.0,13.924,46370000.0,0.29,1.90,5.90,412720000.0,2.614,664650000.0,1.367,8.267,219180000.0,0.25,0.98,76.40,2170000.0,4.1,2.80,1330000.0,outperform
8511,2006-01-17 05:05:15,1137492315.0,xray,26.69,14.57,1282.930054,11.51,3.0600000000000005,0.598,40.02,2.54,3.50,6.62,17.84,7.60,8.96,21.642,4420000000.0,4780000000.0,N/A,1.42,2.76,13.212,2.76,846520000.0,13.212,115090000.0,1.41,N/A,6.70,398580000.0,5.069,750880000.0,2.712,16.018,253570000.0,N/A,0.56,75.70,1180000.0,3.1,1.50,1310000.0,outperform
8512,2012-07-25 23:58:49,1343275129.0,xray,35.33,18.14,1337.890015,26.34,-8.2,97.08,22.53,1.88,2.51,8.52,12.16,4.82,11.53,18.98,6960000000.0,6960000000.0,14.16,1.47,2.59,16.21,2.59,1270000000.0,16.21,228720000.0,1.59,22.90,25.60,69870000.0,0.49,1990000000.0,1.41,14.18,368690000.0,1.31,0.37,99.70,8720000.0,9.00,7.00,8359999.999999999,underperform
8513,2013-04-30 06:46:23,1367318783.0,xray,41.94,5.98,1597.569946,17.93,-11.95,76.36,19.36,2.03,2.68,10.73,13.83,5.21,15.41,20.65,7580000000.0,7580000000.0,15.75,1.71,2.59,14.19,2.59,1560000000.0,14.19,314210000.0,2.18,212.30,2.10,82320000.0,0.58,1720000000.0,1.20,15.52,369680000.0,1.37,0.28,97.40,7000000.0,10.50,5.80,6660000.0,underperform
8514,2007-02-21 22:36:17,1172115377.0,xray,31.28,20.52,1457.630005,-7.9,28.42,0.288,23.14,2.74,3.95,12.36,17.82,8.79,17.79,11.663,4970000000.0,5260000000.0,N/A,1.37,2.90,14.208,2.90,869020000.0,14.208,223720000.0,1.41,N/A,5.40,65140000.0,0.429,367160000.0,2.306,8.266,N/A,0.46,6.91,76.40,1730000.0,1.10,1.10,2260000.0,outperform
8515,2011-12-01 19:18:00,1322785080.0,luk,23.16,-5.09,1244.579956,13.79,-18.88,32.72,3.59,3.28,0.95,91.61,56.87,8.00,29.22,7.16,6580000000.0,6580000000.0,N/A,N/A,3.77,6.05,3.77,919340000.0,6.05,1580000000.0,6.53,N/A,27.00,1120000000.0,4.57,1970000000.0,2.15,24.63,6580000000.0,1.80,19.43,61.70,5050000.0,3.00,2.60,4550000.0,underperform
8516,2013-04-23 09:20:30,1366723230.0,luk,29.69,-12.26,1578.780029,18.79,-31.049999999999997,26.62,8.49,0.78,1.06,9.31,11.59,7.15,12.91,37.54,7150000000.0,7150000000.0,N/A,N/A,0.78,5.83,0.78,7550000000.0,5.83,856130000.0,3.44,280.30,920.00,1820000000.0,7.44,1870000000.0,1.97,27.67,221860000.0,1.87,18.70,66.50,4670000.0,1.60,N/A,5550000.0,underperform
8517,2013-05-10 11:29:43,1368199783.0,luk,31.46,-19.01,1633.699951,14.97,-33.980000000000004,26.62,9.25,0.85,1.15,9.31,11.59,7.15,12.91,37.54,7700000000.0,7700000000.0,N/A,N/A,0.84,6.28,0.84,7550000000.0,6.28,856130000.0,3.44,280.30,920.00,1820000000.0,7.44,1870000000.0,1.97,27.67,221860000.0,1.89,18.70,66.50,4950000.0,3.20,N/A,4670000.0,underperform
8518,2008-04-27 09:59:25,1209304765.0,luk,51.5,-61.3,1388.819946,-38.26,-23.04,0.384,24.78,10.22,2.07,42.84,3.69,0.39,10.16,5.178,11590000000.0,12280000000.0,N/A,N/A,10.87,145.896,10.87,313110000.0,145.896,480810000.0,2.10,3876.60,165.70,1440000000.0,6.47,2140000000.0000002,3.74,25.028,18370000.0,1.11,34.04,48.70,7640000.0,7.1,3.90,7240000.0,underperform
8519,2007-07-06 18:00:26,1183759226.0,luk,36.77,22.36,1530.439941,-17.57,39.93,0.415,68.44,11.22,1.99,16.44,6.61,1.12,1.42,3.292,8000000000.0,8350000000.0,N/A,N/A,11.73,60.872,11.73,386710000.0,60.872,55040000.0,0.54,89.60,32.40,1300000000.0,6.009,1670000000.0,3.784,18.559,29120000.0,1.29,11.76,60.00,7220000.0,9.9,3.80,7360000.0,outperform
8520,2011-08-04 00:43:30,1312433010.0,luk,29.86,-29.84,1200.069946,15.91,-45.75,30.19,4.56,6.38,1.14,142.58,39.23,3.73,29.69,5.06,9400000000.0,9400000000.0,N/A,N/A,7.63,16.07,7.63,919340000.0,16.07,1700000000.0,7.13,94.50,22.00,545770000.0,2.23,2089999999.9999998,1.07,28.25,9400000000.0,1.76,19.43,61.70,3300000.0,4.10,1.70,3800000.0,underperform
8521,2012-04-27 18:25:46,1335565546.0,luk,24.9,20.76,1403.359985,12.5,8.260000000000002,37.66,240.58,4.17,0.99,1.72,49.22,4.86,0.25,6.01,8220000000.000001,8220000000.000001,N/A,N/A,5.60,10.19,5.60,94520000.0,10.19,16970000.0,0.10,93.00,50.10,318620000.0,1.30,2420000000.0,1.43,25.25,9080000.0,1.97,18.80,64.10,3860000.0,4.00,1.90,3770000.0,outperform
8522,2008-12-26 00:53:01,1230270781.0,luk,18.76,27.56,872.7999880000001,28.39,-0.8300000000000018,0.381,7.70,3.72,0.75,53.03,10.02,0.94,11.83,5.2,4460000000.0,6180000000.0,N/A,N/A,5.24,119.815,5.24,313110000.0,119.815,624960000.0,2.49,2201.00,24.00,496810000.0,2.133,2220000000.0,2.005,25.025,53030000.0,1.91,22.32,64.60,16840000.0,4.4,9.30,15200000.0,underperform
8523,2011-05-24 07:34:44,1306236884.0,luk,35.23,-40.14,1316.280029,0.2,-40.34,30.19,5.05,7.14,1.27,142.58,39.23,3.73,29.69,5.06,10470000000.0,10470000000.0,N/A,N/A,8.49,17.89,8.49,919340000.0,17.89,1700000000.0,7.13,94.50,22.00,545770000.0,2.23,2089999999.9999998,1.07,28.25,10470000000.0,1.75,19.43,61.70,3160000.0,3.40,1.60,3230000.0,underperform
8524,2008-10-11 12:50:59,1223743859.0,luk,35.23,-31.56,984.9400019999999,8.18,-39.739999999999995,0.316,14.38,6.10,1.09,43.18,3.26,0.32,9.57,5.599,7410000000.0,9130000000.0,N/A,N/A,7.29,469.915,7.29,313110000.0,469.915,537590000.0,2.21,610.20,1.90,492080000.0,2.113,2210000000.0,1.499,30.087,66920000.0,1.18,22.81,65.60,10680000.0,9.2,5.20,9980000.0,underperform
8525,2007-04-08 00:09:37,1176005377.0,luk,29.44,79.21,1443.76001,-4.93,84.13999999999999,0.298,34.70,8.00,1.66,23.49,19.46,2.48,3.44,3.729,6420000000.0,6390000000.0,N/A,N/A,7.92,25.996,7.92,386710000.0,25.996,129770000.00000001,0.86,95.70,39.60,1190000000.0,5.506,1160000000.0,4.182,17.995001,91520000.0,1.23,11.82,45.10,6430000.0,8.1,3.90,6820000.0,outperform
8526,2004-09-17 01:10:40,1095397840.0,luk,17.75,23.21,1128.550049,8.74,14.47,0.764,33.39,2.55,1.81,0.37,3.52,0.15,5.52,21.593,3820000000.0,4920000000.0,0.00,N/A,3.25,35.19,3.25,288440000.0,35.19,106630000.0,1.612,40.00,130.10,563020000.0,7.94,1630000000.0,N/A,30.115999,82270000.0,0.344,22.85,50.88,2770000.0,18.371,5.07,2560000.0,outperform
8527,2009-03-20 09:49:04,1237556944.0,luk,12.15,108.97,768.539978,51.74,57.23,N/A,N/A,2.91,1.16,237.91,21.23,2.12,62.55,4.624,4580000000.0,4580000000.0,N/A,N/A,4.30,29.751,4.30,97660000.0,29.751,2580000000.0,11.00,N/A,77.40,603970000.0,2.532,2080000000.0,1.54,11.224,8810000.0,1.8,22.25,66.70,23260000.0,7.8,12.80,18980000.0,outperform
8528,2011-05-25 21:53:52,1306374832.0,luk,35.04,-40.7,1320.469971,0.02,-40.720000000000006,30.19,4.95,7.04,1.26,142.58,39.23,3.73,29.69,5.06,10220000000.0,10220000000.0,N/A,N/A,8.29,17.46,8.29,919340000.0,17.46,1700000000.0,7.13,94.50,22.00,545770000.0,2.23,2089999999.9999998,1.07,28.25,10220000000.0,1.75,19.43,61.70,3160000.0,3.40,1.60,3230000.0,underperform
8529,2007-05-28 18:17:54,1180390674.0,luk,,,1515.72998,-8.6,,0.415,64.26,10.30,1.82,16.44,6.61,1.12,1.42,3.292,7520000000.0,7880000000.0,N/A,N/A,11.07,57.416,11.07,386710000.0,57.416,55040000.0,0.54,89.60,32.40,1300000000.0,6.009,1670000000.0,3.784,18.559,29120000.0,1.03,11.76,46.60,6600000.0,10.8,3.50,6430000.0,underperform
8530,2011-03-21 10:06:27,1300716387.0,luk,35.31,-20.45,1298.380005,8.25,-28.7,30.05,4.39,6.51,1.21,150.30,41.75,4.18,33.32,5.30,9690000000.0,9690000000.0,N/A,N/A,7.51,15.06,7.51,919340000.0,15.06,1890000000.0,7.85,N/A,433.40,705910000.0,2.90,2089999999.9999998,1.32,28.53,9690000000.0,1.77,19.47,61.80,2790000.0,3.70,1.40,3150000.0,underperform
8531,2007-01-24 03:52:33,1169628753.0,luk,27.03,55.72,1440.130005,-6.11,61.83,0.302,13.89,4.64,1.52,34.86,20.84,2.66,2.85,5.791,5840000000.0,5680000000.0,N/A,N/A,4.54,18.122,4.54,489280000.0,18.122,104920000.0,1.94,41.90,28.40,1280000000.0,5.922,1160000000.0,5.113,17.68,171470000.0,1.34,24.70,58.40,5690000.0,8.7,3.50,4350000.0,outperform
8532,2008-02-06 10:08:29,1202310509.0,luk,45.23,-65.44,1326.449951,-36.23,-29.21,0.46,170.30,10.13,2.12,5.02,4.30,0.42,1.01,4.569,10040000000.0,10650000000.0,N/A,N/A,10.75,135.742,10.75,386710000.0,135.742,43330000.0,0.27,93.60,94.50,1570000000.0,7.067,2180000000.0,3.91,21.312,17780000.0,1.06,23.91,60.70,5540000.0,8.1,2.80,6070000.0,underperform
8533,2013-04-26 20:23:39,1367022219.0,jpm,46.62,17.85,1582.23999,18.53,-0.6799999999999997,N/A,8.73,2.04,0.94,25.20,35.83,0.97,11.55,23.85,43860000000.0,43860000000.0,8.23,1.23,0.48,N/A,0.48,93650000000.0,N/A,21430000000.0,5.60,32.60,1.20,952490000000.0,251.33,722930000000.0,N/A,52.01,N/A,1.63,0.51,73.80,39600000.0,1.50,1.00,39480000.0,underperform
8534,2008-11-01 13:28:34,1225560514.0,jpm,31.3,26.26,930.090027,14.62,11.640000000000002,N/A,19.01,2.74,1.02,15.38,19.11,0.39,5.49,15.021,153730000000.0,24340000000.0,N/A,2.31,0.48,N/A,0.48,94700000000.0,N/A,7040000000.0,2.17,84.40,37.50,842650000000.0,226.099,713250000000.0,N/A,36.945,N/A,0.42,0.52,65.30,41160000.0,0.5,1.20,40870000.0,outperform
8535,2011-09-03 09:32:45,1315056765.0,jpm,34.06,1.26,1218.890015,14.82,-13.56,N/A,7.39,1.53,0.81,21.83,39.91,0.95,11.43,23.45,7180000000.0,7180000000.0,6.19,0.78,0.08,N/A,0.08,102690000000.0,N/A,18630000000.0,4.68,13.30,14.90,877290000000.0,225.00,749440000000.0,N/A,44.79,7180000000.0,1.14,0.45,73.70,46380000.0,1.00,1.20,33560000.0,underperform
8536,2008-01-23 15:48:06,1201121286.0,jpm,39.01,-47.48,1338.599976,-38.18,-9.299999999999997,N/A,9.97,2.13,1.12,23.82,37.84,1.06,12.86,18.953,147050000000.0,144490000000.0,N/A,1.23,2.24,N/A,2.24,82800000000.0,N/A,15370000000.0,4.38,34.40,0.50,713920000000.0,212.008,431840000000.0,N/A,36.591999,N/A,0.99,0.55,68.00,31080000.0,1.3,0.90,30940000.0,underperform
8537,2013-02-06 07:55:16,1360155316.0,jpm,46.07,19.41,1512.119995,17.28,2.129999999999999,N/A,9.38,1.94,0.93,22.73,37.24,0.92,10.98,24.58,31160000000.0,31160000000.0,8.47,1.38,0.33,N/A,0.33,97230000000.0,N/A,19880000000.0,5.20,52.70,19.20,921860000000.0,242.17,704980000000.0,N/A,51.23,N/A,1.66,0.50,70.30,41630000.0,1.70,1.10,40900000.0,outperform
8538,2007-05-01 11:53:17,1178034797.0,jpm,43.5,-5.77,1486.300049,-6.78,1.0100000000000007,N/A,11.52,2.88,1.51,26.14,44.62,1.15,13.63,17.825,177990000000.0,37520000000.0,N/A,1.18,0.61,N/A,0.61,82800000000.0,N/A,15410000000.0,4.52,55.40,26.40,630450000000.0,184.541,413400000000.0,N/A,34.453999,N/A,0.74,0.14,68.20,27480000.0,0.80,0.80,28810000.0,outperform
8539,2010-01-05 23:09:25,1262750965.0,jpm,38.96,2.85,1136.52002,12.32,-9.47,N/A,27.25,2.68,1.10,14.55,20.77,0.36,5.03,16.511,191440000000.0,191440000000.0,N/A,2.52,3.04,N/A,3.04,112190000000.0,N/A,4860000000.0,1.603,580.80,98.60,682370000000.0,173.161,704950000000.0,N/A,39.125,101580000000.0,1.16,0.41,71.70,32570000.0,0.9,0.90,31970000.0,underperform
8540,2011-04-29 03:35:43,1304062543.0,jpm,41.13,-2.75,1363.609985,1.99,-4.74,N/A,10.18,2.03,1.05,21.91,41.02,0.90,11.35,22.59,126900000000.0,126900000000.0,8.10,1.12,1.42,N/A,1.42,102690000000.0,N/A,17930000000.0,4.50,67.00,16.40,822820000000.0,206.65,770060000000.0,N/A,43.40,126900000000.0,1.19,0.45,73.70,28250000.0,1.00,0.70,27310000.0,underperform
8541,2012-10-25 15:07:51,1351192071.0,jpm,39.23,30.16,1412.969971,24.54,5.620000000000001,N/A,8.88,1.80,0.83,21.97,34.00,0.84,10.12,23.09,20630000000.0,20630000000.0,7.90,1.21,0.24,N/A,0.24,97230000000.0,N/A,17980000000.0,4.71,33.90,5.20,886730000000.0,233.15,707470000000.0,N/A,50.12,N/A,1.64,0.50,70.30,46240000.0,1.90,1.20,43690000.0,outperform
8542,2007-01-11 23:29:24,1168576164.0,jpm,39.93,-12.7,1423.819946,-1.6,-11.1,N/A,13.68,2.96,1.47,22.41,42.44,0.99,11.48,16.214,167590000000.0,28190000000.0,N/A,1.30,0.50,N/A,0.50,69610000000.0,N/A,12610000000.0,3.53,30.50,12.00,557760000000.0,160.786,362710000000.0,N/A,32.75,24340000000.0,0.68,0.68,66.70,30260000.0,0.90,0.90,26620000.0,underperform
8543,2004-11-06 23:40:48,1099802448.0,jpm,29.73,-0.77,1143.199951,6.71,-7.48,N/A,17.02,6.35,1.84,21.91,N/A,0.61,10.72,10.741,140170000000.0,361180000000.0,11.68,1.13,16.24,N/A,16.24,44360000000.0,N/A,4820000000.0,2.312,304.00,0.60,23520000000.0,6.6,243530000000.0,N/A,21.524,16540000000.0,1.711,0.90,65.43,30360000.0,3.4,0.86,30070000.0,underperform
8544,2005-12-20 11:44:30,1135097070.0,jpm,31.49,25.69,1259.619995,13.01,12.680000000000001,N/A,19.03,2.76,1.31,14.82,39.17,0.64,7.03,14.347,138560000000.0,1520000000.0,N/A,1.35,0.03,N/A,0.03,52330000000.0,N/A,7430000000.0,2.08,78.20,16.60,474810000000.0,135.696,334590000000.0,N/A,30.254999,13620000000.0,N/A,0.67,64.80,47070000.0,3.7,1.40,24910000.0,outperform
8545,2005-02-04 08:01:57,1107522117.0,jpm,29.1,9.93,1203.030029,6.6,3.33,N/A,17.37,5.10,1.28,18.05,N/A,0.54,7.73,10.787,133199999999.99998,439810000000.0,10.62,1.07,16.78,N/A,16.78,44360000000.0,N/A,4680000000.0,2.15,304.00,0.60,30820000000.0,8.65,336410000000.0,N/A,29.417,64769999999.99999,1.715,0.90,64.40,22670000.0,2.348,0.64,23010000.0,outperform
8546,2012-11-13 23:43:42,1352868222.0,jpm,37.69,39.0,1374.530029,29.64,9.36,N/A,8.50,1.75,0.81,21.97,34.00,0.84,10.12,23.09,24930000000.0,24930000000.0,7.53,1.18,0.28,N/A,0.28,97230000000.0,N/A,17980000000.0,4.71,33.90,5.20,886730000000.0,233.15,707470000000.0,N/A,50.12,N/A,1.61,0.50,70.30,46020000.0,1.90,1.20,45890000.0,outperform
8547,2004-06-23 10:23:42,1088000622.0,jpm,28.29,-0.95,1144.060059,4.95,-5.9,N/A,10.65,3.40,1.64,31.99,N/A,0.92,16.21,10.932,76970000000.0,296810000000.0,10.38,1.13,13.10,N/A,13.10,44360000000.0,N/A,7200000000.0,3.472,304.00,0.60,19420000000.0,9.33,238250000000.0,N/A,22.622,12360000000.0,1.772,0.82,68.31,43710000.0,5.41,2.12,43920000.0,underperform
8548,2008-12-20 20:40:25,1229823625.0,jpm,27.92,28.51,904.419983,21.19,7.32,N/A,13.97,2.20,0.82,15.38,20.47,0.39,5.49,15.02,113170000000.0,16230000000.0,N/A,2.19,0.32,N/A,0.32,94700000000.0,N/A,7040000000.0,2.17,84.40,34.90,842650000000.0,225.768,713250000000.0,N/A,36.945,3160000000.0,0.76,0.52,72.70,N/A,N/A,N/A,41140000.0,outperform
8549,2007-03-12 20:00:28,1173744028.0,jpm,40.37,-17.91,1406.599976,-6.11,-11.8,N/A,12.10,2.92,1.46,24.83,42.79,1.07,12.24,16.762,169740000000.0,45950000000.0,N/A,1.19,0.79,N/A,0.79,82800000000.0,N/A,13650000000.0,4.04,67.80,22.10,560220000000.0,161.291,344710000000.0,N/A,33.449001,49580000000.0,0.69,0.14,68.50,24700000.0,2.1,0.70,24990000.0,underperform
8550,2006-06-16 02:55:23,1150440923.0,jpm,32.47,28.92,1251.540039,21.1,7.82,N/A,15.55,2.66,1.28,17.80,40.47,0.76,8.71,15.007,141070000000.0,27660000000.0,N/A,1.17,0.53,N/A,0.53,79900000000.0,N/A,9290000000.0,2.611,36.10,9.00,513230000000.0,147.71,346690000000.0,N/A,31.195,30860000000.0,0.71,0.68,8.30,36960000.0,3.2,1.10,27990000.0,outperform
8551,2010-12-05 05:13:22,1291544002.0,jpm,35.2,-12.98,1221.530029,2.91,-15.89,N/A,11.04,1.71,0.93,17.56,43.42,0.76,9.41,22.73,201320000000.0,201320000000.0,8.57,1.37,2.24,N/A,2.24,100430000000.0,N/A,14300000000.0,3.59,23.10,11.20,768810000000.0,196.67,816460000000.0,N/A,42.31,201320000000.0,1.12,0.45,74.90,39050000.0,0.90,1.10,38760000.0,underperform
8552,2008-04-26 04:49:23,1209199763.0,jpm,38.84,-24.02,1379.930054,-38.26,14.239999999999998,N/A,12.88,2.71,1.27,21.95,34.76,0.85,10.65,17.414,162520000000.0,93680000000.0,N/A,1.95,1.59,N/A,1.59,94700000000.0,N/A,12950000000.0,3.71,50.40,30.60,747760000000.0,219.877,491560000000.0,N/A,36.939999,N/A,0.68,0.57,69.70,46710000.0,0.7,1.40,48060000.0,outperform
8553,2011-11-04 10:15:51,1320416151.0,jpm,31.05,26.38,1253.22998,12.68,13.7,N/A,7.34,1.42,0.76,21.83,39.91,0.95,11.43,23.45,13690000000.0,13690000000.0,6.15,0.80,0.15,N/A,0.15,102690000000.0,N/A,18630000000.0,4.68,13.30,14.90,877290000000.0,225.00,749440000000.0,N/A,45.21,13690000000.0,1.14,0.45,73.70,46380000.0,1.00,1.20,33560000.0,outperform
8554,2012-11-18 06:36:14,1353238574.0,jpm,37.08,45.47,1353.329956,32.38,13.089999999999996,N/A,8.39,1.70,0.78,21.97,34.00,0.84,10.12,23.09,29430000000.0,29430000000.0,7.43,1.14,0.34,N/A,0.34,97230000000.0,N/A,17980000000.0,4.71,33.90,5.20,890260000000.0,234.19,710570000000.0,N/A,50.18,59000000000.0,1.61,0.50,70.30,46020000.0,1.90,1.20,45890000.0,outperform
8555,2005-01-16 07:46:01,1105879561.0,jpm,29.16,,1177.449951,9.36,,N/A,17.57,5.13,1.28,18.05,N/A,0.54,7.73,10.787,134699999999.99998,441300000000.0,11.71,1.10,16.84,N/A,16.84,44360000000.0,N/A,4680000000.0,2.152,304.00,0.60,30820000000.0,8.65,336410000000.0,N/A,29.417,64769999999.99999,1.715,0.90,65.33,23010000.0,2.176,0.65,25760000.0,underperform
8556,2012-06-22 21:56:07,1340416567.0,jpm,33.36,53.12,1335.02002,22.02,31.099999999999998,N/A,7.99,1.49,0.75,20.78,35.98,0.83,10.15,23.45,4850000000.0,4850000000.0,6.77,1.16,0.05,N/A,0.05,89660000000.0,N/A,17450000000.0,4.50,3.10,3.50,869940000000.0,228.53,729910000000.0,N/A,47.61,106180000000.0,1.66,0.49,74.30,41720000.0,0.70,1.10,28510000.0,outperform
8557,2009-03-31 00:16:02,1238472962.0,jpm,23.58,69.3,797.869995,46.57,22.729999999999997,N/A,18.17,2.20,0.76,11.99,10.55,0.20,2.55,13.35,71750000000.0,71750000000.0,N/A,2.97,1.54,N/A,1.54,112190000000.0,N/A,3030000000.0,1.37,N/A,N/A,818750000000.0,217.873,644040000000.0,N/A,36.151001,23100000000.0,0.9,0.46,73.30,N/A,N/A,N/A,49360000.0,outperform
8558,2011-12-29 04:29:02,1325150942.0,jpm,30.55,33.26,1263.02002,11.04,22.22,N/A,6.96,1.34,0.72,21.49,38.96,0.91,11.28,23.78,33270000000.000004,33270000000.000004,6.72,0.90,0.36,N/A,0.36,102690000000.0,N/A,18550000000.0,4.69,3.50,3.60,900190000000.0,237.04,741480000000.0,N/A,45.95,67629999999.99999,1.58,0.45,73.70,38530000.0,1.00,1.00,41460000.0,outperform
8559,2011-11-02 20:11:50,1320279110.0,jpm,30.75,31.15,1237.900024,15.32,15.829999999999998,N/A,7.17,1.35,0.72,21.49,39.92,0.91,11.28,23.78,31080000000.0,31080000000.0,6.83,0.83,0.33,N/A,0.33,102690000000.0,N/A,18550000000.0,4.69,3.50,3.60,895220000000.0,231.95,737880000000.0,N/A,45.21,31080000000.0,1.64,0.45,73.70,45400000.0,0.90,1.10,46250000.0,outperform
8560,2007-10-22 03:24:10,1193037850.0,jpm,38.36,-9.2,1506.329956,-36.6,27.400000000000002,N/A,9.40,2.40,1.28,26.37,41.23,1.16,13.96,18.716,151210000000.0,65040000000.00001,N/A,1.03,1.01,N/A,1.01,82800000000.0,N/A,16300000000.0,4.79,2.30,1.80,648780000000.0,193.158,432530000000.0,N/A,35.720001,N/A,0.88,0.14,67.90,37520000.0,1.7,1.10,45230000.0,outperform
8561,2012-03-09 20:57:31,1331344651.0,jpm,37.78,25.52,1370.869995,12.44,13.08,N/A,9.17,1.70,0.87,21.16,36.24,0.87,10.55,22.99,14560000000.0,14560000000.0,7.62,1.13,0.16,N/A,0.16,89660000000.0,N/A,17570000000.0,4.48,22.80,16.30,822780000000.0,218.14,684800000000.0,N/A,46.60,95930000000.0,1.66,0.50,74.40,28030000.0,0.90,0.70,34020000.0,outperform
8562,2004-04-23 18:16:44,1082758604.0,jpm,28.8,-5.9,1140.599976,-0.27,-5.630000000000001,N/A,10.99,N/A,1.74,N/A,N/A,0.93,16.48,N/A,78620000000.0,263490000000.0,10.73,1.16,N/A,N/A,N/A,44360000000.0,N/A,7210000000.0,3.476,304.00,0.60,20270000000.0,9.85,203750000000.0,N/A,22.101999,14600000000.0,1.766,0.82,65.69,39650000.0,4.579,1.94,42520000.0,underperform
8563,2006-07-15 15:22:03,1152991323.0,jpm,34.43,20.68,1258.599976,22.97,-2.289999999999999,N/A,15.66,2.75,1.33,17.82,40.42,0.76,8.71,14.995,142070000000.0,24460000000.0,N/A,1.20,0.47,N/A,0.47,79900000000.0,N/A,9290000000.0,2.61,36.10,9.00,513230000000.0,147.71,346690000000.0,N/A,31.195,30860000000.0,0.72,0.68,8.30,26020000.0,2.4,0.80,36960000.0,underperform
8564,2004-12-10 06:26:36,1102677996.0,jpm,28.79,6.25,1188.0,5.84,0.41000000000000014,N/A,17.51,5.10,1.28,18.05,N/A,0.54,7.73,10.787,134270000000.00002,440380000000.0,11.42,1.13,16.80,N/A,16.80,44360000000.0,N/A,4680000000.0,2.152,304.00,0.60,30820000000.0,8.65,336410000000.0,N/A,29.417,64769999999.99999,1.706,0.90,65.23,25760000.0,2.344,0.73,30360000.0,outperform
8565,2008-12-18 00:42:43,1229578963.0,jpm,26.48,37.8,885.2800289999999,24.53,13.269999999999996,N/A,14.68,2.36,0.88,15.38,20.47,0.39,5.49,15.02,118910000000.0,8650000000.0,N/A,2.28,0.17,N/A,0.17,94700000000.0,N/A,7040000000.0,2.17,84.40,34.90,842650000000.0,225.768,713250000000.0,N/A,36.945,3160000000.0,0.76,0.52,72.70,N/A,N/A,N/A,41140000.0,outperform
8566,2012-07-26 00:41:15,1343277675.0,jpm,33.47,60.89,1360.02002,24.38,36.510000000000005,N/A,8.13,1.50,0.72,20.33,34.40,0.79,9.55,23.00,10730000000.0,10730000000.0,6.75,1.08,0.12,N/A,0.12,89660000000.0,N/A,16579999999.999998,4.33,8.70,11.70,847760000000.0,222.57,704750000000.0,N/A,48.25,N/A,1.66,0.49,74.30,46070000.0,1.00,1.20,47140000.0,outperform
8567,2008-10-14 18:43:35,1224024215.0,jpm,35.68,17.77,998.01001,9.42,8.35,N/A,13.48,2.55,1.13,18.95,31.25,0.66,8.49,16.682,140920000000.0,48370000000.0,N/A,2.92,0.86,N/A,0.86,94700000000.0,N/A,10630000000.0,3.042,52.70,14.00,757690000000.0,220.448,565000000000.0,N/A,37.013,20230000000.0,0.42,0.49,62.10,46810000.0,1.2,1.40,47370000.0,outperform
8568,2012-01-03 13:31:10,1325615470.0,jpm,31.98,32.36,1277.060059,14.51,17.85,N/A,7.09,1.35,0.72,21.49,38.96,0.91,11.28,23.78,32430000000.0,32430000000.0,6.84,0.90,0.35,N/A,0.35,102690000000.0,N/A,18550000000.0,4.69,3.50,3.60,900190000000.0,237.04,741480000000.0,N/A,45.95,67629999999.99999,1.58,0.45,73.70,35440000.0,0.80,0.90,38530000.0,outperform
8569,2007-12-17 02:50:43,1197877843.0,flir,28.39,-9.37,1445.900024,-36.84,27.470000000000006,0.373,35.46,5.91,7.67,17.97,25.47,13.75,28.67,5.433,4099999999.9999995,4139999999.9999995,N/A,1.83,5.73,19.906,5.73,314910000.0,19.906,129870000.0,0.85,28.40,43.50,169940000.0,1.252,207680000.0,4.435,4.103,101500000.0,2.12,0.94,115.70,11430000.0,10.4,8.50,11390000.0,outperform
8570,2008-12-14 17:24:47,1229293487.0,flir,23.57,22.83,873.590027,27.53,-4.700000000000003,0.273,21.55,3.36,4.45,18.19,25.49,15.29,27.94,7.391,3480000000.0,3490000000.0,N/A,0.94,3.43,11.738,3.43,433230000.0,11.738,185010000.0,1.17,60.00,44.80,206100000.0,1.485,209700000.0,4.128,5.531,184800000.0,0.92,0.93,106.20,9280000.0,4.5,6.70,9290000.0,underperform
8571,2012-03-26 01:50:11,1332741011.0,flir,25.03,1.04,1416.51001,10.4,-9.36,15.70,18.57,2.55,2.51,14.34,22.81,10.99,14.36,9.75,3740000000.0,3740000000.0,13.56,1.03,2.42,8.69,2.42,828600000.0,8.69,222650000.0,1.37,N/A,N/A,440850000.0,2.86,247860000.0,5.33,10.19,243890000.0,0.79,0.83,103.10,6860000.0,5.60,N/A,6950000.0,underperform
8572,2007-03-15 18:07:36,1173996456.0,flir,16.3,53.13,1392.280029,-7.48,60.61,0.614,26.85,3.87,5.42,17.55,23.82,11.44,25.87,8.475,2230000000.0,2340000000.0,N/A,1.40,4.07,14.92,4.07,276690000.0,14.92,100900000.0,1.27,16.40,19.00,138620000.0,2.115,252530000.0,3.029,6.266,N/A,1.29,6.02,116.30,4620000.0,7.9,7.10,5020000.0,outperform
8573,2005-01-29 04:27:16,1106990836.0,flir,14.11,-20.06,1174.069946,8.5,-28.56,0.779,34.41,4.70,7.77,14.30,22.36,12.67,30.88,11.963,2049999999.9999998,2160000000.0,25.57,1.60,4.95,19.62,4.95,165520000.0,19.62,62400000.0,1.739,7.50,19.50,94900000.0,2.78,205270000.0,3.817,7.715,65489999.99999999,0.107,0.85,95.00,2500000.0,8.052,7.36,2190000.0,underperform
8574,2007-04-07 18:55:17,1175986517.0,flir,17.18,72.29,1439.369995,-4.87,77.16000000000001,0.744,29.96,4.14,5.93,17.47,24.32,12.46,26.88,7.927,2460000000.0,2150000000.0,N/A,1.28,3.95,13.462,3.95,276690000.0,13.462,95280000.0,1.24,56.10,17.90,112370000.0,1.715,259810000.0,2.698,6.057,90660000.0,1.59,7.84,121.50,5020000.0,11.7,7.70,5360000.0,outperform
8575,2013-05-05 19:05:15,1367795115.0,flir,23.75,45.6,1597.589966,17.97,27.630000000000003,16.30,16.32,2.49,2.30,16.07,21.91,9.07,14.54,9.42,3540000000.0,3540000000.0,13.66,1.18,2.52,9.63,2.52,731390000.0,9.63,228170000.0,1.50,7.30,N/A,246010000.0,1.70,248430000.0,4.99,10.54,298510000.0,0.77,0.86,91.60,3300000.0,2.40,3.00,3470000.0,outperform
8576,2012-03-27 10:02:00,1332856920.0,flir,24.93,1.32,1412.52002,10.64,-9.32,15.70,18.83,2.58,2.54,14.34,22.81,10.99,14.36,9.75,3790000000.0,3790000000.0,13.76,1.03,2.46,8.82,2.46,828600000.0,8.82,222650000.0,1.37,N/A,N/A,440850000.0,2.86,247860000.0,5.33,10.19,243890000.0,0.79,0.83,103.10,6860000.0,5.60,N/A,6950000.0,underperform
8577,2007-06-11 10:06:41,1181570801.0,flir,19.39,87.67,1509.119995,-9.98,97.65,0.546,26.66,4.30,6.17,18.50,24.89,13.60,28.12,9.23,2660000000.0,2740000000.0,N/A,1.34,4.43,14.619,4.43,314910000.0,14.619,114500000.0,1.51,107.50,37.50,153460000.0,2.315,235750000.0,3.455,6.508,115200000.0,1.77,6.02,115.90,6280000.0,8.7,9.60,5220000.0,outperform
8578,2005-04-20 01:56:57,1113976617.0,flir,12.31,1.06,1137.5,15.29,-14.229999999999999,0.656,26.85,3.64,5.56,14.81,22.61,13.46,30.30,6.215,1800000000.0,1840000000.0,19.19,1.13,3.81,14.85,3.81,249160000.0,14.85,71500000.0,0.97,60.00,54.70,120690000.0,1.73,205440000.0,4.136,4.531,75050000.0,0.309,6.94,95.00,5270000.0,8.707,8.13,4810000.0,underperform
8579,2009-02-09 11:08:09,1234195689.0,flir,22.59,26.16,869.8900150000001,23.06,3.1000000000000014,N/A,18.49,3.18,3.85,18.92,26.42,15.68,27.85,7.777,3230000000.0,3130000000.0,N/A,0.71,2.91,9.64,2.91,433230000.0,9.64,203730000.0,1.25,40.20,24.60,289440000.0,2.072,190340000.0,4.716,6.014,N/A,1.08,5.85,102.50,9660000.0,2.9,7.00,9270000.0,outperform
8580,2011-11-15 11:45:28,1321375528.0,flir,25.39,-27.18,1257.810059,7.77,-34.95,16.01,19.68,2.59,2.63,13.68,22.81,11.70,14.47,9.89,3940000000.0,3940000000.0,15.43,1.27,2.51,8.92,2.51,762610000.0,8.92,216130000.0,1.33,2.80,11.70,374500000.0,2.40,247750000.0,5.41,9.93,3940000000.0,0.97,0.77,103.50,9190000.0,6.80,6.60,9130000.0,underperform
8581,2004-11-16 13:42:16,1100630536.0,flir,14.3,-23.64,1175.430054,4.75,-28.39,0.779,35.07,4.78,7.91,14.30,22.36,12.67,30.88,11.963,2089999999.9999998,2200000000.0,26.75,1.74,5.03,19.93,5.03,165520000.0,19.93,62400000.0,1.739,7.50,19.50,94900000.0,2.78,205270000.0,3.817,7.715,65489999.99999999,0.119,15.18,95.00,2400000.0,4.454,8.29,2600000.0,underperform
8582,2004-09-13 21:06:55,1095124015.0,flir,14.94,-2.74,1125.819946,9.36,-12.1,0.891,38.64,5.24,9.00,14.26,22.61,12.21,31.70,11.357,2109999999.9999998,2210000000.0,26.24,1.76,5.59,22.09,5.59,165520000.0,22.09,56440000.0,1.616,7.50,19.50,67000000.0,1.98,205080000.0,3.728,6.825,55960000.0,0.021,14.99,95.00,2400000.0,2.957,8.34,2180000.0,underperform
8583,2012-03-26 17:55:06,1332798906.0,flir,25.03,1.04,1416.51001,10.4,-9.36,15.70,18.74,2.54,2.50,14.34,22.81,10.99,14.36,9.75,3850000000.0,3850000000.0,13.69,1.06,2.49,8.96,2.49,828600000.0,8.96,222650000.0,1.37,N/A,N/A,440850000.0,2.86,247860000.0,5.33,10.19,243890000.0,0.79,0.83,103.10,6860000.0,5.60,N/A,6950000.0,underperform
8584,2013-04-22 02:22:38,1366611758.0,rost,62.02,10.75,1562.5,20.29,-9.54,8.49,17.81,1.41,7.81,8.09,13.08,22.80,48.27,44.36,13330000000.0,13330000000.0,14.48,1.32,1.37,9.15,1.37,2710000000.0,9.15,786760000.0,3.53,23.30,15.10,647850000.0,2.95,150000000.0,1.43,8.01,979640000.0,0.55,2.03,88.30,2330000.0,0.80,N/A,2490000.0,underperform
8585,2004-09-27 08:06:54,1096286814.0,rost,10.67,3.84,1103.52002,10.16,-6.32,0.069,17.43,0.84,4.74,5.04,8.27,12.67,28.49,26.608,3440000000.0,3380000000.0,14.40,0.96,0.83,8.02,0.83,1000000000.0,8.02,205300000.0,1.338,13.40,11.00,108350000.0,0.73,50000000.0,1.534,4.908,250120000.0,1.061,3.39,92.52,5970000.0,3.708,4.19,5300000.0,underperform
8586,2011-03-21 13:14:00,1300727640.0,rost,33.22,66.8,1298.380005,8.25,58.55,11.67,15.76,1.06,6.34,6.96,11.36,19.16,44.80,64.65,7590000000.0,7590000000.0,12.25,1.06,0.99,7.31,0.99,1860000000.0,7.31,535880000.0,4.42,15.50,7.50,734600000.0,6.28,150000000.0,1.53,10.98,7590000000.0,0.82,1.86,99.20,3790000.0,3.30,3.70,3760000.0,outperform
8587,2012-11-27 11:04:56,1354032296.0,rost,55.86,35.82,1398.939941,29.19,6.629999999999999,8.84,17.16,1.33,7.32,7.93,12.89,22.07,47.19,42.44,11950000000.0,11950000000.0,14.61,1.23,1.28,8.64,1.28,2370000000.0,8.64,742110000.0,3.31,10.80,10.60,625350000.0,2.86,150000000.0,1.47,7.77,1050000000.0,0.45,2.02,88.20,2990000.0,1.30,1.60,3240000.0,outperform
8588,2011-08-08 06:18:29,1312798709.0,rost,33.81,96.81,1119.459961,25.18,71.63,10.67,14.88,1.09,6.19,7.31,11.95,19.98,44.43,68.69,8080000000.0,8080000000.0,12.22,1.09,1.01,7.23,1.01,2140000000.0000002,7.23,585420000.0,4.95,21.50,7.20,674280000.0,5.77,150000000.0,1.61,12.02,8080000000.0,0.82,1.76,92.70,3030000.0,2.40,N/A,3510000.0,outperform
8589,2005-03-29 10:12:52,1112109172.0,rost,13.58,0.66,1165.359985,11.8,-11.14,0.066,25.79,1.00,5.54,3.98,6.53,9.92,22.82,28.195,4219999999.9999995,4090000000.0,15.06,0.99,0.96,11.13,0.96,1000000000.0,11.13,168540000.0,1.12,13.40,11.00,182730000.0,1.24,50000000.0,1.593,5.191,242820000.0,1.092,2.51,92.41,5600000.0,4.461,3.92,6020000.0,underperform
8590,2005-05-11 04:30:21,1115800221.0,rost,12.13,14.43,1171.109985,11.51,2.92,0.065,23.17,0.91,5.02,4.01,6.58,10.03,22.74,28.199,3870000000.0,3740000000.0,13.87,0.93,0.88,9.99,0.88,960110000.0,9.99,169900000.0,1.13,25.50,8.10,182730000.0,1.24,50000000.0,1.578,5.218,298160000.0,0.632,2.66,93.43,5580000.0,4.925,3.88,5600000.0,outperform
8591,2013-05-07 08:17:59,1367929079.0,rost,65.46,2.98,1625.959961,15.51,-12.53,8.49,18.47,1.49,8.21,8.09,13.08,22.80,48.27,44.36,13960000000.0,13960000000.0,15.02,1.36,1.44,9.58,1.44,2710000000.0,9.58,786760000.0,3.53,23.30,15.10,647850000.0,2.95,150000000.0,1.43,8.01,979640000.0,0.56,2.03,88.30,2400000.0,0.90,1.30,2330000.0,underperform
8592,2006-06-23 19:33:41,1151105621.0,rost,12.84,15.81,1244.5,21.56,-5.749999999999998,N/A,18.91,0.76,4.54,4.08,6.64,11.10,25.03,35.685,3880000000.0,3720000000.0,N/A,0.81,0.73,8.164,0.73,1110000000.0,8.164,208800000.0,1.44,18.30,14.90,188300000.0,1.318,N/A,1.423,6.024,385410000.0,1.02,2.32,91.70,2960000.0,2.9,2.10,3830000.0,underperform
8593,2006-08-29 23:43:45,1156909425.0,rost,11.21,14.63,1304.280029,12.23,2.4000000000000004,N/A,16.19,0.64,3.89,4.04,6.55,11.26,25.43,36.947,3340000000.0,3270000000.0,N/A,0.84,0.62,7.102,0.62,1110000000.0,7.102,211900000.0,1.47,7.30,11.60,66769999.99999999,0.476,N/A,1.314,6.107,404300000.0,1.02,2.32,99.10,4780000.0,4.3,3.40,4950000.0,outperform
8594,2011-01-18 04:47:39,1295344059.0,rost,30.83,62.37,1295.02002,1.01,61.36,11.67,14.46,0.97,5.81,6.96,11.36,19.16,44.80,64.65,6890000000.0,6890000000.0,12.82,1.03,0.90,6.63,0.90,1860000000.0,6.63,535880000.0,4.42,15.50,7.50,734600000.0,6.28,150000000.0,1.53,10.98,6890000000.0,0.75,1.86,99.20,3350000.0,3.00,3.20,3670000.0,outperform
8595,2006-09-09 01:59:22,1157781562.0,rost,11.52,11.89,1300.26001,13.71,-1.8200000000000003,N/A,17.01,0.65,3.96,4.04,6.55,11.26,25.43,36.947,3500000000.0,3330000000.0,N/A,0.91,0.63,7.233,0.63,1110000000.0,7.233,211900000.0,1.47,7.30,11.60,66769999.99999999,0.476,N/A,1.314,6.107,404300000.0,0.94,2.32,99.10,4330000.0,3.5,3.10,4780000.0,underperform
8596,2003-12-15 22:46:52,1071546412.0,rost,12.22,6.06,1068.040039,12.67,-6.61,0.072,19.17,1.08,5.87,5.63,9.24,14.79,32.69,48.509,3980000000.0,4010000000.0,16.45,1.11,1.06,9.51,1.06,902940000.0,9.51,213110000.0,2.729,29.80,18.20,117720000.0,1.55,50000000.0,1.416,9.14,N/A,1.004,2.77,91.73,3250000.0,3.419,4.40,2290000.0,underperform
8597,2009-02-13 19:30:25,1234571425.0,rost,14.67,48.4,826.840027,29.18,19.22,N/A,13.66,0.64,4.17,4.72,7.61,12.61,31.57,48.962,4030000000.0000005,4019999999.9999995,N/A,0.91,0.63,6.499,0.63,1360000000.0,6.499,302520000.0,2.28,17.60,5.90,234070000.0,1.809,150000000.0,1.326,7.62,589990000.0,0.77,1.65,101.20,6630000.0,2.9,5.20,5800000.0,outperform
8598,2011-10-07 21:52:20,1318038740.0,rost,39.81,64.0,1155.459961,25.58,38.42,10.52,15.93,1.14,6.55,7.39,12.08,20.92,45.06,70.97,8970000000.0,8970000000.0,13.55,1.15,1.10,7.83,1.10,2140000000.0000002,7.83,604420000.0,5.15,14.70,9.30,513669999.99999994,4.44,150000000.0,1.61,12.34,8970000000.0,0.75,1.76,92.70,3080000.0,2.00,3.10,2900000.0,outperform
8599,2005-01-25 09:30:15,1106663415.0,rost,13.72,-0.8,1168.410034,8.24,-9.040000000000001,0.068,22.61,1.02,5.70,4.67,7.68,11.65,26.32,27.2,4210000000.0,4200000000.0,18.60,1.24,1.02,10.34,1.02,1000000000.0,10.34,192900000.0,1.267,13.40,11.00,57790000.0,0.39,50000000.0,1.492,5.014,242820000.0,1.182,2.51,92.73,4860000.0,5.717,3.40,5700000.0,underperform
8600,2009-09-22 04:18:38,1253607518.0,k,41.29,7.8,1071.660034,5.84,1.96,N/A,15.67,1.48,9.50,9.48,16.05,10.89,53.49,33.034,23580000000.0,23580000000.0,N/A,1.58,1.87,9.798,1.87,5370000000.0,9.798,1200000000.0,3.12,13.50,3.40,424000000.0,1.108,5320000000.0,1.054,5.138,1270000000.0,0.52,8.80,81.80,4670000.0,2.3,1.20,5070000.0,outperform
8601,2012-01-20 09:24:01,1327069441.0,k,46.59,15.45,1315.380005,11.95,3.5,264.20,15.81,1.41,8.05,9.11,15.45,10.50,52.50,35.76,23840000000.0,23840000000.0,14.54,1.86,1.83,9.88,1.83,5290000000.0,9.88,1190000000.0,3.24,14.20,4.90,582000000.0,1.62,6040000000.0,1.02,6.36,1200000000.0,0.41,0.91,81.30,5700000.0,3.30,2.00,5440000.0,outperform
8602,2004-09-20 13:42:47,1095702167.0,k,31.86,7.53,1122.199951,8.83,-1.2999999999999998,2.895,20.16,1.92,10.18,9.53,17.85,8.53,62.17,22.238,17660000000.0,22470000000.0,18.17,2.23,2.44,11.08,2.44,3910000000.0,11.08,876500000.0,2.119,9.20,6.10,211300000.0,0.51,5020000000.0,0.765,4.195,1200000000.0,0.061,37.81,80.38,4030000.0000000005,4.131,1.57,4240000.0,underperform
8603,2013-05-18 08:59:54,1368881994.0,k,62.61,5.06,1658.780029,12.78,-7.72,265.87,25.80,1.66,8.66,6.30,11.41,7.62,37.55,40.66,30950000000.0,30950000000.0,15.78,2.20,2.12,14.50,2.12,5430000000.0,14.50,921000000.0,2.55,11.40,12.20,252000000.0,0.69,7560000000.0,0.97,7.60,1760000000.0,0.44,8.83,102.10,5090000.0,3.40,2.00,4800000.0,underperform
8604,2006-08-14 12:56:03,1155574563.0,k,38.76,9.93,1268.209961,12.48,-2.5500000000000007,2.476,19.77,1.85,8.93,9.58,17.24,10.77,43.36,26.035,19410000000.0,24470000000.0,N/A,2.17,2.33,11.041,2.33,4570000000.0,11.041,1010000000.0,2.48,2.90,7.20,315100000.0,0.794,5370000000.0,0.588,5.481,1060000000.0,0.11,9.31,76.30,5020000.0,3.7,1.40,4059999.9999999995,underperform
8605,2011-11-17 09:47:56,1321541276.0,k,44.65,13.53,1216.130005,11.82,1.709999999999999,264.20,15.19,1.35,7.73,9.11,15.45,10.50,52.50,35.76,23110000000.0,23110000000.0,13.85,1.67,1.77,9.58,1.77,5290000000.0,9.58,1190000000.0,3.24,14.20,4.90,582000000.0,1.62,6040000000.0,1.02,6.36,23110000000.0,0.48,0.92,82.50,4990000.0,2.70,1.80,4480000.0,outperform
8606,2004-01-20 02:28:22,1074583702.0,k,27.57,22.13,1138.77002,4.03,18.099999999999998,4.42,19.67,1.76,12.50,9.13,18.32,7.66,76.00,21.115,15460000000.0,20500000000.0,17.85,2.46,2.37,10.54,2.37,3740000000.0,10.54,790100000.0,1.926,52.20,6.20,341900000.0,0.84,5380000000.0,0.729,2.98,N/A,0.003,39.19,80.82,4130000.0,4.28,1.67,4680000.0,outperform
8607,2004-04-23 19:44:20,1082763860.0,k,31.73,2.05,1140.599976,-0.27,2.32,3.251,20.93,1.98,12.04,9.31,17.86,8.21,67.72,21.997,17670000000.0,22400000000.0,18.63,2.16,2.47,11.26,2.47,3910000000.0,11.26,843000000.0,2.047,9.20,6.10,196100000.0,0.48,5110000000.0,0.698,3.523,1170000000.0,0.044,39.21,82.54,5000000.0,3.74,1.99,4750000.0,outperform
8608,2005-03-09 06:35:46,1110368146.0,k,33.15,5.79,1207.01001,5.4,0.3899999999999997,2.162,22.46,1.90,8.08,9.26,17.49,8.56,50.16,19.567,18110000000.0,22690000000.0,17.14,2.24,2.36,10.85,2.36,3910000000.0,10.85,890600000.0,1.95,9.20,6.10,417400000.0,1.01,4880000000.0,0.746,5.463,1220000000.0,0.087,29.82,79.44,3880000.0,3.401,1.34,3760000.0,outperform
8609,2013-03-17 19:55:06,1363564506.0,k,59.12,0.71,1563.22998,18.91,-18.2,318.63,23.30,1.59,9.29,6.77,11.78,7.71,44.93,39.66,30130000000.0,30130000000.0,14.95,2.20,2.12,14.21,2.12,5430000000.0,14.21,961000000.0,2.67,N/A,18.20,281000000.0,0.78,7900000000.0,0.75,6.70,1760000000.0,0.42,8.83,102.10,4770000.0,2.70,N/A,4540000.0,underperform
8610,2005-02-25 14:55:44,1109361344.0,dvn,42.91,27.08,1211.369995,6.71,20.369999999999997,0.582,10.52,2.43,1.63,23.79,40.31,7.79,17.87,18.452,22450000000.0,28030000000.0,12.38,1.93,3.05,4.68,3.05,6070000000.0,4.68,2180000000.0,4.39,N/A,N/A,2260000000.0,4.65,7960000000.0,1.156,28.25,N/A,0.707,0.72,80.80,7220000.0,2.699,1.50,9220000.0,outperform
8611,2013-05-15 16:25:33,1368649533.0,dvn,57.26,22.2,1658.780029,12.78,9.42,61.66,N/A,2.76,1.22,22.15,18.00,2.34,9.30,21.85,29670000000.0,29670000000.0,11.73,2.70,3.39,6.56,3.39,6180000000.0,6.56,1940000000.0,4.85,N/A,2.60,6520000000.0,16.05,12150000000.0,1.24,48.54,4930000000.0,1.38,6.39,79.60,8990000.0,2.50,2.20,7810000.0,outperform
8612,2009-08-05 17:30:44,1249507844.0,dvn,59.2,4.81,1002.7199710000001,12.28,-7.47,N/A,N/A,2.02,2.10,50.88,80.96,19.85,43.51,30.368,33710000000.0,33710000000.0,N/A,5.76,2.50,3.598,2.50,11000000000.0,3.598,7690000000.0,15.457,N/A,50.20,397000000.0,0.894,6920000000.0,0.735,29.155001,8199999999.999999,1.14,0.10,79.80,10160000.0,1.7,2.40,9450000.0,underperform
8613,2012-04-20 10:23:14,1334931794.0,dvn,62.67,-17.9,1378.530029,12.58,-30.479999999999997,45.64,5.83,2.52,1.24,44.49,43.79,7.82,10.49,25.66,29330000000.0,29330000000.0,9.26,1.10,2.77,4.26,2.77,7890000000.0,4.26,2109999999.9999998,11.31,9.80,22.40,7090000000.0,17.54,9780000000.0,1.38,53.03,6220000000.0,1.40,6.57,79.70,5090000.0,1.50,1.20,4630000.0,underperform
8614,2011-09-02 15:03:38,1314990218.0,dvn,61.58,-8.04,1173.969971,20.15,-28.189999999999998,37.01,4.75,2.93,1.30,61.42,38.10,6.58,7.74,22.29,28870000000.0,28870000000.0,8.58,0.92,3.05,5.06,3.05,8250000000.0,5.06,1460000000.0,13.60,288.50,28.20,6800000000.0,16.32,7930000000.0,1.99,51.26,28870000000.0,1.15,6.17,79.50,6210000.0,1.50,1.50,6190000.0,underperform
8615,2012-08-18 10:30:11,1345300211.0,dvn,56.31,0.82,1405.530029,18.2,-17.38,47.71,9.95,2.46,1.07,24.90,41.89,6.19,11.23,24.13,27380000000.0,27380000000.0,11.94,3.08,2.82,4.13,2.82,7890000000.0,4.13,2420000000.0,5.93,82.60,32.50,7070000000.0,17.49,10600000000.0,1.86,54.94,5870000000.0,1.30,6.56,78.10,6750000.0,2.10,1.70,6390000.0,underperform
8616,2009-11-24 23:15:51,1259122551.0,dvn,63.46,7.04,1105.650024,8.38,-1.3400000000000007,N/A,N/A,3.56,2.06,117.49,174.67,26.15,50.05,19.129,36620000000.0,36620000000.0,N/A,55.33,4.32,7.458,4.32,11000000000.0,7.458,9930000000.0,22.321,80.90,52.70,943000000.0,2.123,7390000000.0,0.758,32.994999,4520000000.0,1.18,0.10,80.40,11120000.0,2.7,2.50,13000000.0,underperform
8617,2008-05-07 04:35:19,1210149319.0,dvn,107.79,-47.74,1392.569946,-34.84,-12.899999999999999,0.36,15.06,4.48,2.31,31.74,39.80,7.39,15.95,25.533,53470000000.0,57080000000.0,N/A,1.24,5.02,7.735,5.02,7970000000.0,7.735,3140000000.0,7.991,126.10,32.20,1740000000.0,3.906,7930000000.0,1.07,49.536999,6650000000.0,1.04,5.80,81.00,5970000.0,1.4,1.40,7250000.0,underperform
8618,2003-10-26 16:16:54,1067203014.0,dvn,21.31,61.8,1033.77002,5.9,55.9,0.94,8.61,1.91,1.14,17.10,35.79,5.31,16.80,32.752,10900000000.0,19190000000.0,10.20,1.42,3.34,5.72,3.34,2620000000.0,5.72,973000000.0,5.459,1.00,40.40,781000000.0,3.37,9070000000.0,0.832,41.63,N/A,0.472,7.11,80.77,4520000.0,2.649,2.10,4800000.0,outperform
8619,2012-11-04 09:59:54,1352041194.0,dvn,56.61,11.82,1427.589966,23.84,-12.02,47.71,9.75,2.44,1.07,24.90,41.89,6.19,11.23,24.13,26910000000.0,26910000000.0,12.62,3.52,2.77,4.06,2.77,7890000000.0,4.06,2420000000.0,5.93,82.60,32.50,7070000000.0,17.49,10600000000.0,1.86,54.94,5870000000.0,1.27,6.57,77.10,6500000.0,2.50,1.60,7410000.0,underperform
8620,2009-12-17 11:18:42,1261066722.0,dvn,64.61,7.38,1096.079956,13.49,-6.11,N/A,N/A,3.55,2.06,117.49,174.67,26.15,50.05,19.129,36590000000.0,36590000000.0,N/A,54.06,4.32,7.453,4.32,11000000000.0,7.453,9930000000.0,22.32,80.90,52.70,943000000.0,2.123,7390000000.0,0.758,32.994999,4520000000.0,1.15,0.10,81.10,9960000.0,2.3,2.30,11210000.0,underperform
8621,2004-11-12 17:03:54,1100297034.0,dvn,34.26,52.74,1184.170044,3.08,49.660000000000004,0.629,9.12,2.10,1.43,23.78,37.52,7.53,17.83,70.30,18480000000.0,24170000000.0,8.77,1.78,2.80,4.39,2.80,6070000000.0,4.39,2049999999.9999998,8.336,1579.80,70.30,1910000000.0,7.87,7960000000.0,1.019,52.071999,4680000000.0,0.61,7.12,75.52,4179999.9999999995,3.391,1.85,2970000.0,outperform
8622,2005-12-29 18:40:40,1135899640.0,dvn,56.72,8.3,1254.420044,13.06,-4.76,0.492,11.53,2.80,2.01,26.36,44.67,9.60,19.80,21.353,28100000000.0,32939999999.999996,N/A,1.19,3.30,4.914,3.30,7650000000.0,4.914,2620000000.0,5.49,43.90,19.30,1890000000.0,4.245,6860000000.0,1.221,31.382,4780000000.0,N/A,0.71,80.10,8990000.0,2.4,2.20,8480000.0,underperform
8623,2007-02-22 05:18:38,1172139518.0,dvn,60.82,48.04,1456.380005,-7.09,55.129999999999995,0.43,9.20,2.76,1.67,28.69,44.43,9.90,20.76,25.536,29340000000.0,N/A,N/A,1.40,N/A,N/A,N/A,9060000000.0,N/A,3220000000.0,7.19,5.20,0.70,1320000000.0,2.986,7400000000.0,0.767,39.282001,6840000000.0,0.81,0.67,79.10,7200000.0,1.6,1.70,7630000.0,outperform
8624,2010-01-15 14:06:02,1263582362.0,dvn,68.68,13.32,1136.030029,13.2,0.120000000000001,N/A,N/A,3.87,2.24,117.49,174.67,26.15,50.05,19.129,39300000000.0,39300000000.0,N/A,6.37,4.64,8.004,4.64,11000000000.0,8.004,9930000000.0,22.32,80.90,52.70,943000000.0,2.123,7390000000.0,0.758,32.994999,4520000000.0,1.18,0.57,80.90,7270000.0,1.9,1.60,7740000.0,outperform
8625,2011-11-02 22:04:47,1320285887.0,dvn,62.55,-9.5,1237.900024,15.32,-24.82,37.01,4.81,2.75,1.22,61.42,38.10,6.58,7.74,22.29,27130000000.0,27130000000.0,9.53,0.80,2.87,4.76,2.87,8250000000.0,4.76,1460000000.0,13.60,288.50,28.20,6800000000.0,16.32,7930000000.0,1.99,51.26,27130000000.0,1.41,6.17,79.50,6970000.0,1.50,1.70,6370000.0,underperform
8626,2004-06-07 21:43:36,1086659016.0,dvn,27.38,55.0,1140.420044,4.98,50.019999999999996,0.756,8.03,1.82,1.25,22.79,35.44,7.27,18.79,33.312,14570000000.0,21610000000.0,10.87,1.72,2.73,4.43,2.73,6070000000.0,4.43,1800000000.0,7.568,1579.80,70.30,1520000000.0,6.35,8720000000.0,0.998,48.077999,4160000000.0,0.52,7.13,76.72,3840000.0,2.375,1.72,4040000.0,outperform
8627,2008-10-19 17:55:41,1224453341.0,dvn,64.88,3.98,946.429993,16.01,-12.030000000000001,0.233,7.79,2.13,1.33,28.32,32.10,7.10,13.88,32.539,31280000000.0,34890000000.0,N/A,1.02,2.41,4.475,2.41,9190000000.0,4.475,2980000000.0,9.09,43.90,63.40,1840000000.0,4.16,5450000000.0,0.901,52.717999,8490000000.0,0.94,5.84,80.60,9070000.0,1.2,2.20,7110000.0,underperform
8628,2007-04-08 21:35:06,1176082506.0,dvn,65.97,52.1,1443.76001,-4.93,57.03,0.446,11.36,3.00,1.82,26.91,42.50,8.78,17.48,23.932,31950000000.0,38410000000.0,N/A,1.52,3.63,5.372,3.63,8750000000.0,5.372,2810000000.0,6.33,N/A,N/A,1310000000.0,2.954,7770000000.0,0.691,39.278999,5990000000.0,0.99,9.79,76.60,5810000.0,1.4,1.40,5040000.0,outperform
8629,2004-09-18 12:16:46,1095524206.0,dvn,30.94,83.68,1120.369995,9.58,74.10000000000001,0.661,8.78,2.00,1.39,23.43,36.55,7.30,17.84,34.018,16920000000.000002,23480000000.0,9.75,1.74,2.82,4.48,2.82,6070000000.0,4.48,1940000000.0,7.973,1579.80,70.30,1180000000.0,4.89,7910000000.0,0.993,49.483002,4360000000.0,0.532,7.13,76.74,3340000.0,2.919,1.49,5040000.0,outperform
8630,2012-01-03 16:04:20,1325624660.0,dvn,63.34,-19.58,1277.060059,14.51,-34.089999999999996,43.87,5.84,2.48,1.20,47.21,43.55,7.65,10.52,24.00,27420000000.0,27420000000.0,9.59,0.99,2.72,4.16,2.72,8250000000.0,4.16,2069999999.9999998,11.27,50.30,28.90,6880000000.0,17.03,9260000000.0,1.59,51.82,5460000000.0,1.42,6.17,79.50,7350000.0,2.30,1.70,7130000.0,underperform
8631,2012-06-21 21:52:32,1340329952.0,dvn,52.93,-1.23,1325.51001,20.14,-21.37,49.37,4.81,2.17,1.05,44.12,44.22,7.60,10.48,26.12,26740000000.0,26740000000.0,8.73,1.22,2.52,3.76,2.52,7890000000.0,3.76,2140000000.0000002,11.42,5.50,1.60,7140000000.0,17.65,10840000000.0,1.45,54.29,5990000000.0,1.33,6.56,78.10,7340000.0,1.70,1.80,7120000.0,underperform
8632,2005-01-23 10:45:49,1106495149.0,dvn,35.49,74.02,1175.410034,7.52,66.5,0.629,9.46,2.21,1.51,23.78,37.52,7.53,17.83,17.5,19170000000.0,25210000000.0,8.90,1.53,2.92,4.58,2.92,6070000000.0,4.58,2049999999.9999998,4.168,1579.80,70.30,1910000000.0,3.93,7960000000.0,1.019,26.035999,4680000000.0,0.683,0.72,77.96,8460000.0,3.097,1.75,9380000.0,outperform
8633,2008-12-19 20:23:35,1229736215.0,dvn,62.13,2.74,887.8800050000001,24.92,-22.18,0.191,4.92,1.77,1.13,37.15,45.91,11.15,21.07,36.263,28970000000.0,32159999999.999996,N/A,0.96,2.00,3.023,2.00,9190000000.0,3.023,4850000000.0,13.32,256.20,59.10,1190000000.0,2.704,4840000000.0,1.118,57.294998,9720000000.0,0.92,5.89,80.70,7900000.0,1.1,1.90,6740000.0,underperform
8634,2005-03-18 12:17:49,1111166269.0,dvn,43.66,25.93,1189.650024,9.53,16.4,0.582,10.98,2.43,1.65,23.79,40.31,7.79,17.87,18.452,23110000000.0,28960000000.0,11.79,1.96,3.15,4.83,3.15,7650000000.0,4.83,2180000000.0,4.39,1579.80,70.30,2120000000.0,4.42,7960000000.0,1.156,28.254999,4680000000.0,0.732,6.72,80.15,7220000.0,2.699,1.61,9220000.0,outperform
8635,2012-01-29 10:21:49,1327850509.0,pnc,55.05,7.99,1318.430054,13.79,-5.799999999999999,N/A,10.48,2.33,0.96,22.92,31.70,1.15,8.76,25.44,57850000000.0,57850000000.0,8.75,1.21,4.34,N/A,4.34,N/A,N/A,3000000000.0,5.64,42.20,4.90,9990000000.0,18.96,36700000000.0,N/A,61.51,N/A,1.56,0.26,80.00,9350000.0,2.50,1.80,8289999.999999999,underperform
8636,2008-10-16 01:37:47,1224135467.0,pnc,54.26,-25.47,946.429993,14.92,-40.39,N/A,14.47,3.22,1.44,21.65,36.75,1.09,9.91,19.959,21310000000.0,43910000000.0,N/A,1.86,6.48,N/A,6.48,8039999999.999999,N/A,1470000000.0,4.25,19.40,11.70,9240000000.0,26.681,31320000000.0,N/A,43.665001,1900000000.0,0.43,0.30,68.00,6140000.0,0.9,1.80,8070000.0,underperform
8637,2012-03-01 09:24:32,1330611872.0,pnc,56.35,6.89,1374.089966,10.49,-3.6000000000000005,N/A,10.55,2.35,0.97,22.92,31.70,1.15,8.76,25.44,58080000000.0,58080000000.0,8.79,0.74,4.36,N/A,4.36,N/A,N/A,3000000000.0,5.64,42.20,4.90,9990000000.0,18.96,36700000000.0,N/A,61.51,N/A,1.34,0.26,80.00,7040000.0,1.90,N/A,7110000.0,underperform
8638,2006-10-28 02:53:05,1162018385.0,pnc,56.09,5.35,1382.219971,9.56,-4.210000000000001,N/A,14.19,3.01,2.31,21.06,51.52,1.53,16.68,23.242,20040000000.0,29860000000.0,N/A,1.38,4.42,N/A,4.42,6960000000.0,N/A,1420000000.0,4.80,35.10,16.90,6120000000.0,20.777,15650000000.0,N/A,29.922001,1970000000.0,0.97,0.78,64.80,3280000.0,1.10,1.10,3420000.0,underperform
8639,2009-01-30 06:31:29,1233315089.0,pnc,29.18,68.78,825.880005,32.89,35.89,N/A,9.09,2.00,0.91,20.15,33.33,0.94,9.10,19.011,11910000000.0,34750000000.0,N/A,1.03,5.35,N/A,5.35,8039999999.999999,N/A,1310000000.0,3.76,39.10,16.80,7750000000.0,22.267,30590000000.0,N/A,40.855999,4200000000.0,0.69,0.24,55.70,9160000.0,1.6,2.60,15490000.0,outperform
8640,2012-02-24 14:57:27,1330113447.0,pnc,55.5,9.19,1365.73999,10.71,-1.5200000000000014,N/A,10.58,2.36,0.97,22.92,31.70,1.15,8.76,25.44,58160000000.0,58160000000.0,8.82,1.25,4.36,N/A,4.36,N/A,N/A,3000000000.0,5.64,42.20,4.90,9990000000.0,18.96,36700000000.0,N/A,61.51,N/A,1.34,0.26,80.00,7110000.0,1.60,1.40,9350000.0,underperform
8641,2007-06-11 03:04:03,1181545443.0,pnc,60.75,-14.17,1509.119995,-9.98,-4.1899999999999995,N/A,8.08,3.96,1.67,43.43,51.75,2.50,22.96,21.018,24980000000.0,37560000000.0,N/A,1.30,6.04,N/A,6.04,9560000000.0,N/A,2700000000.0,8.97,29.70,9.60,7880000000.0,22.843,20460000000.0,N/A,42.598,2750000000.0,0.53,0.19,63.00,3600000.0,2.2,1.00,3810000.0,underperform
8642,2012-01-29 00:46:23,1327815983.0,pnc,55.05,7.99,1318.430054,13.79,-5.799999999999999,N/A,10.48,2.33,0.96,22.92,31.70,1.15,8.76,25.44,57850000000.0,57850000000.0,8.75,1.21,4.34,N/A,4.34,N/A,N/A,3000000000.0,5.64,42.20,4.90,9990000000.0,18.96,36700000000.0,N/A,61.51,N/A,1.56,0.26,80.00,9350000.0,2.50,1.80,8289999.999999999,underperform
8643,2012-02-04 11:56:12,1328374572.0,pnc,55.95,5.97,1324.089966,13.14,-7.170000000000001,N/A,11.03,2.36,0.97,22.92,31.70,1.15,8.76,25.44,59490000000.0,59490000000.0,9.19,1.27,4.46,N/A,4.46,N/A,N/A,3000000000.0,5.64,42.20,4.90,9990000000.0,18.96,36700000000.0,N/A,61.51,N/A,1.34,0.26,80.00,9350000.0,2.50,1.80,8289999.999999999,underperform
8644,2012-07-29 05:47:28,1343555248.0,pnc,55.34,33.19,1360.02002,23.92,9.269999999999996,N/A,12.42,2.29,0.85,19.41,27.35,0.95,7.47,25.93,71660000000.0,71660000000.0,8.77,1.66,5.23,N/A,5.23,N/A,N/A,2560000000.0,4.79,39.60,1.40,4000000000.0,7.44,43690000000.0,N/A,68.94,N/A,1.01,0.23,79.90,8400000.0,3.10,1.60,8100000.0,outperform
8645,2011-09-30 05:53:41,1317376421.0,pnc,44.47,35.24,1131.420044,26.68,8.560000000000002,N/A,7.32,1.95,0.80,28.38,32.45,1.27,10.14,24.73,39880000000.0,39880000000.0,7.98,1.12,3.08,N/A,3.08,N/A,N/A,3270000000.0,6.80,12.40,7.50,18660000000.0,35.46,33330000000.0,N/A,60.05,39880000000.0,1.36,0.27,78.00,13290000.0,2.00,2.50,9780000.0,outperform
8646,2012-02-20 00:37:48,1329716268.0,pnc,,,1361.22998,12.47,,N/A,10.84,2.40,0.99,22.92,31.70,1.15,8.76,25.44,58930000000.0,58930000000.0,9.03,1.21,4.42,N/A,4.42,N/A,N/A,3000000000.0,5.64,42.20,4.90,9990000000.0,18.96,36700000000.0,N/A,61.51,N/A,1.34,0.26,80.00,7110000.0,1.60,1.40,9350000.0,underperform
8647,2005-02-20 13:38:53,1108924733.0,pnc,40.43,,1200.75,7.2,,N/A,12.37,5.65,2.03,45.51,N/A,1.63,17.07,9.273,14730000000.0,24550000000.0,11.23,1.55,9.37,N/A,9.37,5540000000.0,N/A,1190000000.0,4.21,15.50,6.60,3010000000.0,10.63,12820000000.0,N/A,25.837,1410000000.0,0.805,0.12,59.21,3560000.0,3.185,1.26,3540000.0,underperform
8648,2009-07-18 02:21:59,1247898119.0,pnc,35.09,57.71,932.679993,17.56,40.150000000000006,N/A,14.94,2.48,0.93,14.87,17.45,0.48,5.04,18.741,44270000000.0,44270000000.0,N/A,1.96,6.39,N/A,6.39,8400000000.0,N/A,944000000.0,2.52,39.50,79.10,21000000000.0,47.275,48060000000.0,N/A,41.745998,7580000000.0,1.3,0.27,76.90,13720000.0,2.1,3.10,11890000.0,outperform
8649,2012-03-04 13:41:37,1330886497.0,pnc,56.35,8.15,1374.089966,11.0,-2.8499999999999996,N/A,10.57,2.38,0.98,22.92,31.70,1.15,8.76,25.44,58130000000.0,58130000000.0,8.81,1.42,4.36,N/A,4.36,N/A,N/A,3000000000.0,5.64,42.20,4.90,9990000000.0,18.96,36700000000.0,N/A,61.51,N/A,1.31,0.26,80.00,7040000.0,1.90,N/A,7110000.0,underperform
8650,2011-11-04 13:28:40,1320427720.0,pnc,48.95,13.3,1253.22998,12.68,0.620000000000001,N/A,8.50,2.12,0.86,25.72,34.06,1.28,9.72,25.27,51670000000.0,51670000000.0,8.53,1.11,3.91,N/A,3.91,N/A,N/A,3340000000.0,6.29,24.60,8.10,11520000000.0,21.90,35100000000.0,N/A,61.95,51670000000.0,1.63,0.27,78.00,9590000.0,1.40,1.80,11720000.0,outperform
8651,2012-02-29 09:02:23,1330524143.0,pnc,55.63,7.59,1365.680054,10.91,-3.3200000000000003,N/A,10.56,2.35,0.97,22.92,31.70,1.15,8.76,25.44,58090000000.0,58090000000.0,8.79,0.74,4.36,N/A,4.36,N/A,N/A,3000000000.0,5.64,42.20,4.90,9990000000.0,18.96,36700000000.0,N/A,61.51,N/A,1.34,0.26,80.00,7040000.0,1.90,N/A,7110000.0,underperform
8652,2005-03-09 10:08:38,1110380918.0,pnc,42.0,32.57,1207.01001,5.4,27.17,N/A,12.98,5.89,2.11,45.51,N/A,1.63,17.07,9.273,15460000000.0,25280000000.0,11.79,1.61,9.65,N/A,9.65,5540000000.0,N/A,1190000000.0,4.21,15.50,6.60,3010000000.0,10.63,12820000000.0,N/A,25.837,1410000000.0,0.771,0.12,61.29,3340000.0,1.916,1.18,3560000.0,outperform
8653,2012-02-01 09:43:26,1328107406.0,pnc,55.95,5.97,1324.089966,13.14,-7.170000000000001,N/A,10.45,2.33,0.96,22.92,31.70,1.15,8.76,25.44,57760000000.0,57760000000.0,8.69,1.20,4.33,N/A,4.33,N/A,N/A,3000000000.0,5.64,42.20,4.90,9990000000.0,18.96,36700000000.0,N/A,61.51,N/A,1.56,0.26,80.00,9350000.0,2.50,1.80,8289999.999999999,underperform
8654,2013-04-22 02:22:51,1366611771.0,pnc,63.17,32.52,1562.5,20.29,12.230000000000004,N/A,11.62,2.35,0.97,21.93,28.37,N/A,N/A,27.72,34470000000.0,34470000000.0,9.49,1.26,2.35,N/A,2.35,N/A,N/A,2990000000.0,5.62,25.80,3.90,N/A,N/A,N/A,N/A,67.07,N/A,1.09,0.24,81.20,9790000.0,3.70,1.90,9950000.0,outperform
8655,2012-02-06 16:20:32,1328563232.0,pnc,57.08,6.2,1344.329956,12.42,-6.22,N/A,10.85,2.46,1.01,22.92,31.70,1.15,8.76,25.44,59490000000.0,59490000000.0,9.04,1.27,4.46,N/A,4.46,N/A,N/A,3000000000.0,5.64,42.20,4.90,9990000000.0,18.96,36700000000.0,N/A,61.51,N/A,1.34,0.26,80.00,9350000.0,2.50,1.80,8289999.999999999,underperform
8656,2012-02-11 00:38:01,1328938681.0,pnc,56.48,8.11,1349.959961,11.81,-3.700000000000001,N/A,10.58,2.39,0.98,22.92,31.70,1.15,8.76,25.44,58540000000.0,58540000000.0,8.81,1.23,4.39,N/A,4.39,N/A,N/A,3000000000.0,5.64,42.20,4.90,9990000000.0,18.96,36700000000.0,N/A,61.51,N/A,1.34,0.26,80.00,9350000.0,2.50,1.80,8289999.999999999,underperform
8657,2012-01-24 22:18:03,1327461483.0,pnc,55.63,6.63,1314.650024,13.7,-7.069999999999999,N/A,10.55,2.36,0.97,22.92,31.70,1.15,8.76,25.44,58190000000.0,58190000000.0,8.80,1.22,4.37,N/A,4.37,N/A,N/A,3000000000.0,5.64,42.20,4.90,9990000000.0,18.96,36700000000.0,N/A,61.51,N/A,1.56,0.26,80.00,8289999.999999999,2.50,1.60,8330000.0,underperform
8658,2012-02-17 07:09:37,1329480577.0,pnc,57.15,7.72,1361.22998,11.69,-3.9699999999999998,N/A,10.76,2.35,0.97,22.92,31.70,1.15,8.76,25.44,58070000000.0,58070000000.0,8.97,1.21,4.36,N/A,4.36,N/A,N/A,3000000000.0,5.64,42.20,4.90,9990000000.0,18.96,36700000000.0,N/A,61.51,N/A,1.34,0.26,80.00,7110000.0,1.60,1.40,9350000.0,underperform
8659,2004-02-15 07:23:16,1076847796.0,pnc,42.66,-4.97,1152.109985,4.69,-9.66,N/A,15.65,N/A,2.39,N/A,N/A,1.50,15.20,N/A,15850000000.0,21710000000.0,0.00,1.62,N/A,N/A,N/A,5760000000.0,N/A,1030000000.0,3.653,214.10,6.40,3610000000.0,13.03,9470000000.0,N/A,23.96,2500000000.0,0.655,0.42,60.98,2720000.0,3.642,0.99,4040000.0,underperform
8660,2011-04-30 19:44:56,1304207096.0,pnc,57.1,10.75,1355.660034,3.27,7.48,N/A,10.86,2.63,1.11,27.27,31.17,1.13,9.25,24.21,53520000000.0,53520000000.0,9.68,1.84,4.28,N/A,4.28,N/A,N/A,2630000000.0,5.74,N/A,N/A,16190000000.000002,30.82,36960000000.0,N/A,56.26,53520000000.0,1.32,0.27,78.00,8330000.0,2.50,1.60,7910000.0,outperform
8661,2013-05-09 06:34:24,1368095664.0,pnc,66.37,25.4,1626.670044,15.48,9.919999999999998,N/A,12.26,2.48,1.01,21.93,27.39,1.07,7.95,27.93,64670000000.0,64670000000.0,10.04,1.29,4.40,N/A,4.40,N/A,N/A,2990000000.0,5.63,25.80,3.90,9010000000.0,17.02,37650000000.0,N/A,68.19,N/A,1.08,0.24,81.20,10340000.0,4.30,2.00,9790000.0,outperform
8662,2012-02-13 01:36:57,1329115017.0,pnc,56.17,10.63,1351.77002,12.4,-1.7699999999999996,N/A,10.58,2.39,0.98,22.92,31.70,1.15,8.76,25.44,58160000000.0,58160000000.0,8.81,1.23,4.36,N/A,4.36,N/A,N/A,3000000000.0,5.64,42.20,4.90,9990000000.0,18.96,36700000000.0,N/A,61.51,N/A,1.34,0.26,80.00,7110000.0,1.60,1.40,9350000.0,underperform
8663,2003-11-03 15:46:02,1067892362.0,pnc,39.93,1.73,1059.02002,6.76,-5.029999999999999,N/A,15.26,N/A,2.21,N/A,N/A,1.49,14.80,N/A,15140000000.0,17970000000.0,12.79,1.38,N/A,N/A,6420000000.0,5760000000.0,N/A,1000000000.0,3.544,214.10,6.40,3800000000.0,13.56,6770000000.0,N/A,24.19,N/A,0.635,0.43,61.49,2830000.0,3.205,1.01,2960000.0,underperform
8664,2004-11-29 11:18:50,1101745130.0,pnc,41.7,23.12,1178.569946,6.7,16.42,N/A,12.91,5.86,2.10,45.51,N/A,1.63,17.07,9.273,15370000000.0,25190000000.0,12.56,1.62,9.62,N/A,9.62,5540000000.0,N/A,1190000000.0,4.213,15.50,6.60,3000000000.0,10.63,12820000000.0,N/A,25.837,1410000000.0,0.618,0.44,62.59,2970000.0,3.172,1.06,3080000.0,outperform
8665,2012-02-26 11:47:16,1330274836.0,pnc,55.78,4.61,1363.459961,9.12,-4.509999999999999,N/A,10.53,2.36,0.97,22.92,31.70,1.15,8.76,25.44,58010000000.0,58010000000.0,8.77,1.21,4.35,N/A,4.35,N/A,N/A,3000000000.0,5.64,42.20,4.90,9990000000.0,18.96,36700000000.0,N/A,61.51,N/A,1.34,0.26,80.00,7110000.0,1.60,1.40,9350000.0,underperform
8666,2008-01-27 08:38:25,1201441105.0,pnc,53.06,-48.47,1352.069946,-38.13,-10.339999999999996,N/A,13.94,3.31,1.42,22.96,32.77,1.22,11.44,18.948,20690000000.0,51620000000.0,N/A,1.20,8.08,N/A,8.08,9560000000.0,N/A,1470000000.0,4.35,52.70,4.40,N/A,N/A,30930000000.0,N/A,43.560001,N/A,0.53,0.28,61.40,6280000.0,1.8,1.90,6120000.0,underperform
8667,2007-11-04 02:21:26,1194160886.0,swn,27.07,25.38,1508.439941,-35.94,61.31999999999999,0.323,57.55,9.83,5.99,17.69,29.23,6.89,11.68,5.566,9440000000.0,9940000000.0,N/A,2.02,10.61,20.343,10.61,488780000.0,20.343,165820000.0,0.96,28.60,75.40,0.002,0.002,497300000.0,0.694,9.041,459100000.0,2.14,1.83,88.60,6090000.0,4.4,3.70,5960000.0,outperform
8668,2004-12-15 01:44:37,1103093077.0,swn,6.53,177.79,1205.719971,5.41,172.38,0.744,21.62,4.36,4.60,21.04,36.77,9.41,24.03,11.445,1850000000.0,2120000000.0,15.52,1.81,5.06,9.57,5.06,198010000.0,9.57,86600000.0,2.361,241.70,25.20,1230000.0,0.03,295500000.0,0.759,10.961,197570000.0,0.089,2.89,81.10,1610000.0,2.822,4.58,1640000.0,outperform
8669,2013-05-10 13:24:23,1368206663.0,swn,36.8,26.88,1633.699951,14.97,11.909999999999998,55.27,N/A,4.60,4.17,24.60,31.92,7.21,19.00,8.00,14670000000.0,14670000000.0,17.89,2.01,5.25,8.67,5.25,1880000000.0,8.67,687250000.0,1.98,18.40,11.80,N/A,N/A,1700000000.0,0.84,8.80,1580000000.0,1.07,1.78,N/A,10790000.0,2.30,3.10,11360000.0,outperform
8670,2012-02-28 10:58:25,1330444705.0,swn,33.31,2.76,1372.180054,10.48,-7.720000000000001,35.26,19.63,4.26,3.40,21.84,37.08,10.10,19.38,8.30,13530000000.0,13530000000.0,18.31,2.79,4.70,7.77,4.70,2000000000.0,7.77,628750000.0,1.80,9.00,12.50,13290000.0,0.04,1270000000.0,1.09,10.39,1730000000.0,1.07,1.44,0.40,9190000.0,1.30,2.70,8080000.0,underperform
8671,2011-10-30 16:43:32,1320007412.0,swn,43.52,,1284.589966,9.91,,36.80,25.12,5.29,4.47,21.99,37.29,10.56,20.57,8.06,16550000000.0,16550000000.0,20.10,1.39,5.92,9.81,5.92,2000000000.0,9.81,614320000.0,1.76,37.20,29.70,13280000.0,0.04,1220000000.0,0.89,9.52,16550000000.0,0.33,1.66,86.80,9490000.0,1.60,2.80,10300000.0,underperform
8672,2011-08-07 16:30:14,1312749014.0,swn,39.87,-23.38,1200.069946,16.18,-39.56,36.80,21.42,4.95,4.19,21.99,37.29,10.56,20.57,8.06,14290000000.0,14290000000.0,15.84,1.39,5.12,8.47,5.12,2000000000.0,8.47,614320000.0,1.76,37.20,29.70,13280000.0,0.04,1220000000.0,0.89,9.52,14290000000.0,0.35,1.66,86.80,12530000.0,3.20,3.70,13050000.0,underperform
8673,2011-06-05 23:53:17,1307332397.0,swn,42.22,-35.53,1312.939941,-2.65,-32.88,39.03,26.83,5.60,4.75,21.72,36.88,10.52,20.17,7.57,16360000000.0,16360000000.0,18.69,1.90,6.25,10.34,6.25,2000000000.0,10.34,568930000.0,1.63,20.50,1.20,17390000.0,0.05,1200000000.0,0.80,8.89,16360000000.0,0.32,1.66,86.80,14320000.0,2.90,4.20,10770000.0,underperform
8674,2008-01-15 22:48:37,1200455317.0,swn,28.34,-2.33,1380.949951,-38.98,36.65,0.454,53.28,9.59,6.34,17.19,29.10,7.09,12.27,6.312,9660000000.0,10960000000.0,N/A,1.99,10.28,19.364,10.28,488780000.0,19.364,183300000.0,1.064,52.20,76.70,0.004,0.004,731500000.0,0.724,9.463,533820000.00000006,2.1,1.99,91.10,6350000.0,3.8,3.80,5680000.0,outperform
8675,2008-03-02 01:43:14,1204440194.0,swn,33.83,-20.04,1367.680054,-48.76,28.72,0.454,61.31,10.81,7.15,17.19,29.10,7.09,12.27,6.312,11120000000.0,11850000000.0,N/A,1.87,11.11,20.932,11.11,488780000.0,20.932,183300000.0,1.06,52.20,76.70,0.004,0.004,731500000.0,0.724,9.463,533820000.00000006,1.84,2.00,90.80,7400000.0,3.1,4.40,6380000.0,outperform
8676,2012-04-29 09:31:43,1335706303.0,swn,29.99,23.27,1399.97998,13.83,9.44,33.85,16.77,3.53,2.63,21.60,36.40,9.65,18.40,8.51,11940000000.0,11940000000.0,18.96,2.91,4.05,6.70,4.05,2240000000.0,6.70,637770000.0,1.82,6.00,11.00,15630000.0,0.05,1340000000.0,1.11,11.41,1740000000.0,1.17,1.44,0.40,16980000.0,3.10,5.00,16750000.0,outperform
8677,2006-09-06 15:14:33,1157570073.0,swn,18.06,10.52,1300.26001,13.71,-3.1900000000000013,0.106,33.51,7.99,4.69,24.06,36.75,10.70,20.54,4.713,6210000000.0,6070000000.0,N/A,1.32,7.94,15.168,7.94,468910000.0,15.168,183720000.0,1.10,38.00,16.30,175990000.0,1.047,138400000.0,1.569,7.739,369140000.0,1.4,2.26,81.40,8620000.0,2.9,5.30,6330000.0,underperform
8678,2012-06-29 08:24:20,1340972660.0,swn,31.93,15.78,1362.160034,17.7,-1.92,40.24,17.69,3.65,2.58,20.76,35.05,8.63,16.83,8.44,12180000000.0,12180000000.0,20.94,3.11,4.15,6.90,4.15,2240000000.0,6.90,608860000.0,1.74,21.20,2.90,206170000.0,0.59,1670000000.0,1.28,11.93,1790000000.0,0.97,1.74,0.60,20330000.0,3.60,5.90,22610000.0,underperform
8679,2005-08-30 11:27:52,1125415672.0,swn,14.02,23.04,1208.410034,8.02,15.02,0.672,33.31,6.96,7.91,21.24,36.82,11.37,27.13,7.698,3860000000.0,4190000000.0000005,N/A,1.68,7.55,14.305,7.55,309870000.0,14.305,117750000.0,1.58,29.00,37.40,0.01,0.01,328100000.0,0.669,6.64,281820000.0,N/A,6.14,84.40,4310000.0,2.9,6.00,3540000.0,outperform
8680,2011-04-05 17:34:07,1302039247.0,swn,42.39,-29.49,1332.630005,4.98,-34.47,36.97,24.62,5.68,4.98,23.14,39.12,11.83,22.76,7.55,15900000000.0,15900000000.0,19.10,1.39,6.09,9.86,6.09,2000000000.0,9.86,604120000.0,1.73,5.30,6.60,16059999.999999998,0.05,1100000000.0,0.84,8.55,15900000000.0,0.39,1.66,86.80,12990000.0,2.30,4.30,12380000.0,underperform
8681,2012-06-10 08:23:40,1339331020.0,swn,27.22,40.93,1314.98999,24.93,16.0,40.24,15.57,3.23,2.28,20.76,35.05,8.63,16.83,8.44,10900000000.0,10900000000.0,18.43,2.74,3.72,6.17,3.72,2240000000.0,6.17,608860000.0,1.74,21.20,2.90,206170000.0,0.59,1670000000.0,1.28,11.93,1790000000.0,0.97,1.74,0.60,22360000.0,3.10,6.50,20050000.0,outperform
8682,2005-04-05 07:59:20,1112702360.0,swn,7.36,122.96,1181.390015,11.02,111.94,0.726,21.11,4.55,4.84,22.19,38.20,10.61,27.05,12.909,2170000000.0,2500000000.0,17.15,0.95,5.23,9.76,5.23,198010000.0,9.76,104300000.0,2.82,241.70,25.20,1240000.0,0.03,325000000.0,0.98,12.297,237900000.0,0.17,1.80,82.18,1670000.0,2.576,4.67,1490000.0,outperform
8683,2005-03-06 01:24:53,1110090293.0,swn,7.49,117.49,1210.469971,5.6,111.89,0.726,21.76,4.57,4.87,22.04,38.20,9.90,25.37,12.909,2230000000.0,2550000000.0,17.54,1.25,5.35,9.97,5.35,198010000.0,9.97,103580000.0,2.81,241.70,25.20,N/A,325000000.0,325000000.0,0.98,12.297,197570000.0,0.12,2.76,80.45,1490000.0,2.929,4.20,1010000.0,outperform
8684,2011-12-29 23:17:11,1325218631.0,swn,32.14,1.99,1263.02002,11.04,-9.049999999999999,35.26,17.86,3.88,3.09,21.84,37.08,10.10,19.38,8.30,12420000000.0,12420000000.0,15.53,1.25,4.32,7.14,4.32,2000000000.0,7.14,628750000.0,1.80,9.00,12.50,13290000.0,0.04,1270000000.0,1.09,10.39,1730000000.0,0.91,1.66,86.80,7580000.0,2.00,2.20,8900000.0,underperform
8685,2005-01-19 17:19:18,1106173158.0,l,22.13,42.43,1184.630005,8.48,33.95,0.403,N/A,3.83,1.27,10.24,7.43,1.45,2.96,2.629,29400000000.0,36390000000.0,70.00,N/A,4.79,176.66,4.79,1470000000.0,176.66,797000000.0,0.27,N/A,93.30,1880000000.0,0.67,9210000000.0,1.623,8.172,52000000.0,1.779,4.93,71.07,14750000.0,1.956,0.55,12100000.0,outperform
8686,2013-04-23 14:41:26,1366742486.0,l,43.21,1.0,1578.780029,18.79,-17.79,37.36,30.12,1.16,0.87,3.92,16.88,1.97,4.64,36.64,19270000000.0,19270000000.0,10.79,1.80,1.33,5.76,1.33,8660000000.0,5.76,568000000.0,1.43,N/A,4.30,6870000000.0,17.54,9220000000.0,0.57,49.67,2850000000.0,1.07,22.50,16.40,2049999.9999999998,2.00,0.70,2540000.0,underperform
8687,2008-10-16 20:13:54,1224202434.0,l,31.23,11.21,946.429993,14.92,-3.709999999999999,0.441,2.76,0.71,0.79,35.71,26.99,4.10,14.26,35.71,14180000000.0,9460000000.0,N/A,N/A,0.51,1.712,0.51,15060000000.0,1.712,1930000000.0,11.80,658.90,11.60,11150000000.0,25.555,7400000000.0,0.712,38.465,6190000000.0,1.13,31.98,63.70,1750000.0,0.5,0.50,5000000.0,underperform
8688,2003-10-26 15:42:55,1067200975.0,l,13.26,35.52,1033.77002,5.9,29.620000000000005,0.265,N/A,12.80,0.99,50.77,13.80,2.57,4.07,0.782,26400000000.0,28930000000.0,N/A,N/A,14.00,292.21,14.00,1010000000.0,292.21,1000000000.0,0.382,N/A,1.20,4580000000.0,1.71,7110000000.0,2.634,N/A,N/A,1.816,11.18,71.40,18650000.0,1.515,0.78,11810000.0,outperform
8689,2005-02-07 03:21:05,1107764465.0,l,22.09,35.9,1201.719971,4.42,31.479999999999997,0.403,N/A,3.83,1.27,10.24,7.43,1.45,2.96,2.629,29340000000.0,36670000000.0,74.86,N/A,4.83,178.02,4.83,1470000000.0,178.02,797000000.0,0.27,N/A,93.30,1880000000.0,0.67,9210000000.0,1.623,8.172,52000000.0,1.779,4.93,70.34,11100000.0,1.585,0.42,14750000.0,outperform
8690,2013-04-25 07:56:03,1366890963.0,l,44.57,-1.39,1585.160034,17.55,-18.94,37.36,31.13,1.20,0.90,3.92,16.88,1.97,4.64,36.64,19790000000.0,19790000000.0,11.16,1.80,1.37,5.91,1.37,8660000000.0,5.91,568000000.0,1.43,N/A,4.30,6870000000.0,17.54,9220000000.0,0.57,49.67,2850000000.0,1.07,22.50,16.40,2049999.9999999998,2.00,0.70,2540000.0,underperform
8691,2005-05-27 12:43:28,1117212208.0,l,23.41,38.96,1198.780029,4.99,33.97,0.349,89.49,3.70,1.23,4.52,7.61,0.74,1.41,2.785,29330000000.0,34970000000.0,80.54,5.37,4.41,26.12,4.41,2350000000.0,26.12,334000000.0,0.12,N/A,90.70,2660000000.0,0.95,8300000000.000001,1.532,8.502,84000000.0,1.769,4.89,72.69,11140000.0,1.295,0.42,9990000.0,outperform
8692,2011-08-16 23:55:30,1313553330.0,l,36.07,10.51,1192.76001,17.84,-7.33,39.28,13.51,1.02,0.79,7.77,20.89,2.53,7.86,35.37,17420000000.0,17420000000.0,11.92,N/A,1.19,4.48,1.19,9630000000.0,4.48,1160000000.0,2.73,31.10,1.60,6790000000.0,16.80,9220000000.0,0.58,46.81,17420000000.0,1.23,22.10,59.80,1720000.0,1.20,0.60,2120000.0,underperform
8693,2009-01-03 19:08:32,1231027712.0,l,27.14,29.81,903.25,23.45,6.359999999999999,0.488,2.64,0.68,0.78,33.04,23.97,3.57,11.90,36.259,12980000000.0,10600000000.0,N/A,N/A,0.58,2.142,0.58,15060000000.0,2.142,1630000000.0,11.276,N/A,16.20,10060000000.0,23.064,7670000000.0,0.691,36.096001,2670000000.0,1.19,31.99,57.80,2570000.0,0.70,0.70,2430000.0,outperform
8694,2004-10-10 12:34:26,1097426066.0,l,18.31,53.85,1130.650024,5.01,48.84,0.386,N/A,3.66,1.04,16.70,8.57,2.08,4.06,2.331,24490000000.0,31490000000.0,79.55,N/A,4.72,251.9,4.72,1470000000.0,251.9,1130000000.0,0.387,N/A,93.30,2450000000.0,0.88,9450000000.0,1.629,8.391,390000000.0,1.846,4.94,68.36,13150000.0,2.499,0.49,18170000.0,outperform
8695,2004-05-16 19:15:07,1084749307.0,l,18.23,25.01,1096.439941,6.32,18.69,0.461,N/A,5.29,1.06,24.14,15.08,2.76,4.92,2.104,31270000000.0,41030000000.0,89.25,N/A,6.96,N/A,6.96,1470000000.0,N/A,1360000000.0,0.482,N/A,93.30,3730000000.0,1.28,13490000000.0,1.6,10.058,12000000.0,1.817,4.90,68.13,14160000.0,1.404,0.51,17380000.0,outperform
8696,2005-03-15 12:14:03,1110906843.0,schl,33.15,-17.07,1197.75,8.79,-25.86,0.631,39.27,0.71,1.65,1.88,3.91,2.07,4.64,51.822,1480000000.0,2009999999.9999998,15.49,1.64,0.97,15.01,0.97,1150000000.0,15.01,38900000.0,0.94,0.30,14.10,27100000.0,0.68,562700000.0,2.333,22.292,170300000.0,0.616,15.30,76.75,2530000.0,13.326,7.47,2350000.0,underperform
8697,2013-04-22 04:35:41,1366619741.0,schl,25.67,,1562.5,20.29,,25.11,12.68,0.42,0.98,3.38,6.59,4.92,8.61,62.06,844670000.0,844670000.0,11.81,2.82,0.43,4.83,0.43,1160000000.0,4.83,69900000.0,2.05,N/A,18.50,196700000.0,6.17,212400000.0,1.86,26.52,234600000.0,0.68,12.87,86.60,2910000.0,11.10,15.50,2770000.0,underperform
8698,2013-05-12 16:39:44,1368391184.0,schl,28.25,16.14,1626.670044,16.6,-0.46000000000000085,25.11,14.47,0.47,1.09,3.38,6.59,4.92,8.61,62.06,961090000.0,961090000.0,13.47,3.16,0.49,5.50,0.49,1160000000.0,5.50,69900000.0,2.05,N/A,18.50,196700000.0,6.17,212400000.0,1.86,26.52,234600000.0,0.69,12.87,86.60,2530000.0,13.30,13.40,2850000.0,underperform
8699,2004-11-03 19:28:09,1099528089.0,schl,28.18,9.33,1143.199951,6.71,2.62,0.767,38.60,0.59,1.52,1.58,3.54,1.74,4.06,52.347,1240000000.0,1830000000.0,15.97,1.37,0.88,14.33,0.88,1150000000.0,14.33,32900000.0,0.807,0.30,14.10,13300000.0,0.34,618900000.0,2.214,20.337999,213300000.0,0.579,16.07,77.56,2620000.0,14.609,7.85,2550000.0,outperform
8700,2004-12-05 08:11:26,1102252286.0,schl,29.57,1.96,1190.329956,6.03,-4.07,0.767,40.98,0.62,1.61,1.58,3.54,1.74,4.06,52.347,1310000000.0,1920000000.0,17.59,1.49,0.92,15.02,0.92,1150000000.0,15.02,32900000.0,0.807,0.30,14.10,13300000.0,0.34,618900000.0,2.214,20.337999,213300000.0,0.632,16.07,78.17,2610000.0,17.413,7.84,2620000.0,underperform
8701,2012-12-05 09:14:20,1354716860.0,schl,27.61,2.32,1409.280029,26.66,-24.34,26.18,9.28,0.42,1.11,4.59,9.03,7.31,13.39,67.82,911960000.0,911960000.0,11.87,2.03,0.43,3.90,0.43,1160000000.0,3.90,101300000.0,3.04,N/A,7.70,193100000.0,6.10,210900000.0,1.67,25.45,343700000.0,0.69,13.32,89.50,3090000.0,28.80,16.40,3060000.0,underperform
8702,2012-11-06 16:53:23,1352238803.0,schl,32.48,-13.67,1428.390015,23.95,-37.62,26.18,11.04,0.50,1.31,4.59,9.03,7.31,13.39,67.82,1080000000.0,1080000000.0,11.95,1.66,0.51,4.61,0.51,1160000000.0,4.61,101300000.0,3.04,N/A,7.70,193100000.0,6.10,210900000.0,1.67,25.45,343700000.0,0.65,13.32,89.50,3010000.0,15.40,16.00,3160000.0,underperform
8703,2008-12-12 01:04:54,1229061894.0,col,31.7,60.5,879.7299800000001,24.58,35.92,0.366,8.34,1.16,3.93,14.22,19.92,15.04,45.49,29.658,5510000000.0,5880000000.0,N/A,0.58,1.23,5.449,1.23,1320000000.0,5.449,678000000.0,4.16,16.70,4.20,175000000.0,1.103,515000000.0,1.344,8.878,620000000.0,1.47,4.04,69.30,2100000.0,1.6,1.30,2140000.0,outperform
8704,2012-05-19 04:43:20,1337417000.0,col,48.85,31.77,1324.800049,24.58,7.190000000000001,65.29,12.23,1.54,5.52,13.16,18.52,10.73,41.64,31.48,7880000000.0,7880000000.0,10.09,1.23,1.66,7.71,1.66,1380000000.0,7.71,606000000.0,4.10,7.30,4.50,297000000.0,2.05,871000000.0,1.90,9.13,575000000.0,0.96,0.27,77.70,7320000.0,5.30,5.00,7340000.0,outperform
8705,2004-10-18 20:24:22,1098145462.0,col,30.87,33.33,1114.02002,5.76,27.57,0.209,22.64,2.27,6.84,10.16,14.50,10.72,30.74,15.738,6410000000.0,6560000000.0,19.05,1.59,2.32,12.52,2.32,676000000.0,12.52,288000000.0,1.599,9.30,2.00,57000000.0,0.32,196000000.0,1.655,5.305,348000000.0,0.959,0.87,58.07,2590000.0,5.321,1.47,2610000.0,outperform
8706,2005-01-19 21:00:15,1106186415.0,col,35.09,11.66,1184.630005,8.48,3.1799999999999997,0.177,24.71,2.46,6.38,10.27,14.68,10.92,31.82,16.289,7300000000.0,7210000000.0,18.54,1.65,2.46,13.19,2.46,786000000.0,13.19,301000000.0,1.673,16.70,15.30,196000000.0,1.11,201000000.0,1.725,6.401,401000000.0,0.955,2.00,58.66,2980000.0,5.903,1.72,3480000.0,outperform
8707,2007-05-28 00:29:12,1180326552.0,col,,,1515.72998,-8.6,,0.165,21.89,2.80,8.41,13.22,18.46,14.66,43.60,24.195,11570000000.0,11630000000.0,N/A,1.47,2.84,12.954,2.84,1110000000.0,12.954,542000000.0,3.16,22.80,13.20,167000000.0,0.998,226000000.0,1.592,8.156,641000000.0,0.64,6.42,69.80,1810000.0,2.8,1.10,1700000.0,underperform
8708,2005-03-08 17:55:25,1110322525.0,col,41.0,10.29,1219.430054,4.84,5.449999999999999,0.162,26.77,2.79,6.90,10.54,15.07,11.47,31.46,17.018,8560000000.000001,8550000000.000001,20.33,1.83,2.79,14.8,2.79,786000000.0,14.8,323000000.0,1.79,16.70,15.30,192000000.0,1.08,201000000.0,1.926,6.946,491000000.0,0.934,2.01,58.85,4170000.0,4.28,2.39,3300000.0,outperform
8709,2009-12-25 23:04:08,1261800248.0,col,,,1118.02002,12.6,,N/A,14.96,1.95,6.76,13.29,19.33,12.29,44.00,28.327,9060000000.0,9060000000.0,N/A,1.15,2.03,8.988,2.03,1320000000.0,8.988,594000000.0,3.73,26.40,6.80,235000000.0,1.495,532000000.0,1.738,8.224,633000000.0,1.35,0.19,70.40,3360000.0,3.3,2.10,4270000.0,underperform
8710,2006-06-03 17:07:36,1149368856.0,col,47.44,30.8,1270.089966,20.51,10.29,0.175,22.67,2.55,8.52,11.62,16.58,12.31,35.44,21.17,9360000000.0,9410000000.0,N/A,1.38,2.55,12.974,2.55,943000000.0,12.974,429000000.0,2.41,20.00,15.40,152000000.0,0.888,196000000.0,1.71,6.468,508000000.0,1.09,0.29,68.00,2800000.0,1.60,1.60,2160000.0,outperform
8711,2004-08-21 11:56:46,1093103806.0,col,28.82,47.22,1095.170044,11.31,35.91,0.209,21.24,2.11,6.38,10.16,14.50,10.72,30.74,15.738,6010000000.0,6130000000.0,18.56,1.64,2.16,11.7,2.16,676000000.0,11.7,288000000.0,1.599,9.30,2.00,57000000.0,0.32,196000000.0,1.655,5.305,348000000.0,0.952,0.87,57.70,1660000.0,3.27,0.95,1560000.0,outperform
8712,2007-03-26 16:04:26,1174939466.0,col,59.73,-14.8,1437.5,-5.88,-8.920000000000002,0.181,22.72,2.91,8.86,12.98,17.94,14.24,44.46,23.293,11390000000.0,11580000000.0,N/A,1.51,2.91,13.607,2.91,1110000000.0,13.607,516000000.0,2.98,37.50,12.70,207000000.0,1.23,236000000.0,1.585,7.753,619000000.0,0.83,6.38,68.50,1230000.0,1.2,0.70,2280000.0,underperform
8713,2013-05-15 17:53:23,1368654803.0,col,65.18,18.03,1658.780029,12.78,5.250000000000002,102.93,15.48,1.91,7.98,13.10,19.32,10.67,49.70,33.24,9690000000.0,9690000000.0,13.57,1.55,2.08,9.17,2.08,1400000000.0,9.17,611000000.0,4.31,N/A,2.60,340000000.0,2.51,1160000000.0,1.47,8.24,668000000.0,0.86,0.33,0.40,6190000.0,7.10,5.00,7320000.0,outperform
8714,2011-12-28 18:24:32,1325114672.0,col,52.13,8.29,1249.640015,13.48,-5.190000000000001,34.56,13.57,1.75,5.60,13.19,18.17,10.44,40.81,31.17,8420000000.0,8420000000.0,10.96,1.00,1.75,8.30,1.75,1380000000.0,8.30,615000000.0,4.06,16.70,2.00,530000000.0,3.50,528000000.0,1.93,9.94,657000000.0,1.04,0.23,69.30,7460000.0,6.50,4.80,7250000.0,underperform
8715,2009-02-13 06:28:00,1234524480.0,col,33.59,45.37,826.840027,29.18,16.189999999999998,N/A,8.70,1.23,3.91,14.32,19.92,14.60,45.14,29.543,5750000000.0,6230000000.0,N/A,0.80,1.32,5.827,1.32,1440000000.0,5.827,675000000.0,4.18,1.90,4.90,200000000.0,1.265,676000000.0,1.344,9.405,609000000.0,1.43,0.23,70.00,2380000.0,1.9,1.50,2940000.0,outperform
8716,2005-05-25 22:58:40,1117076320.0,col,41.91,11.29,1190.01001,6.96,4.329999999999999,0.153,25.35,2.76,6.74,10.93,15.53,11.99,31.34,17.607,8680000000.0,8690000000.0,20.14,1.86,2.74,14.29,2.74,786000000.0,14.29,347000000.0,1.92,16.70,15.30,256000000.0,1.44,199000000.0,1.836,7.286,491000000.0,0.936,2.00,61.93,5450000.0,6.219,3.12,4340000.0,outperform
8717,2012-11-04 05:54:08,1352026448.0,col,52.4,32.56,1427.589966,23.84,8.720000000000002,61.63,12.97,1.65,6.17,12.89,19.93,11.00,43.63,32.19,8180000000.0,8180000000.0,10.82,1.34,1.73,7.33,1.73,1380000000.0,7.33,609000000.0,4.15,13.10,2.30,335000000.0,2.33,779000000.0,1.94,8.79,534000000.0,0.95,0.29,2.30,7670000.0,7.70,5.20,7470000.0,outperform
8718,2004-01-25 23:57:21,1075093041.0,col,27.28,29.77,1143.939941,1.73,28.04,0.05,22.34,2.25,6.89,10.15,14.48,10.15,26.31,14.114,5670000000.0,5650000000.0,18.66,1.74,2.22,11.86,2.22,676000000.0,11.86,258000000.0,1.434,9.30,2.00,66000000.0,0.37,42000000.0,1.584,4.68,N/A,0.959,1.02,55.90,2230000.0,5.455,1.27,2350000.0,outperform
8719,2011-09-07 02:52:05,1315378325.0,nsc,61.87,10.49,1198.619995,19.48,-8.99,66.99,13.73,2.19,2.13,16.73,27.80,6.40,16.17,28.84,N/A,N/A,11.00,0.87,N/A,N/A,N/A,6200000000.0,N/A,1720000000.0,4.74,42.10,17.90,906000000.0,2.61,7120000000.0,1.32,30.56,N/A,1.11,0.34,67.10,4440000.0,1.30,1.20,3930000.0,underperform
8720,2008-01-22 19:50:58,1201049458.0,nsc,37.89,-19.85,1310.5,-35.88,16.03,0.622,12.32,1.84,1.73,15.60,27.10,6.06,14.90,23.641,17220000000.0,22830000000.0,N/A,0.87,2.46,6.925,2.46,6320000000.0,6.925,1440000000.0,3.61,7.20,1.70,418000000.0,1.079,6150000000.0,0.915,25.511,2300000000.0,1.76,0.38,67.20,5980000.0,2.2,1.60,4220000.0,outperform
8721,2013-04-26 21:17:23,1367025443.0,nsc,72.83,29.0,1582.23999,18.53,10.469999999999999,83.93,13.62,2.17,2.36,16.28,27.85,6.38,17.96,34.62,31690000000.0,31690000000.0,11.81,1.31,2.88,7.96,2.88,7000000000.0,7.96,1780000000.0,5.55,9.80,1.80,687000000.0,2.18,8480000000.0,1.22,32.09,2750000000.0,1.14,0.34,65.90,4640000.0,2.10,1.40,4000000.0,outperform
8722,2005-03-27 21:38:43,1111977523.0,nsc,30.64,43.11,1171.420044,11.11,32.0,0.952,16.49,2.10,1.92,12.62,23.28,4.15,12.43,18.3,15220000000.0,22150000000.0,13.29,1.02,3.03,9.63,3.03,2520000000.0,9.63,923000000.0,2.31,72.50,13.00,669000000.0,1.67,7600000000.0,0.894,19.952999,1660000000.0,0.533,8.19,69.01,3200000.0,1.759,0.87,3450000.0,outperform
8723,2003-10-02 19:41:01,1065138061.0,nsc,14.87,63.08,1020.23999,10.91,52.17,1.107,15.43,1.15,1.08,7.48,17.70,2.38,7.29,16.319,7360000000.0,14780000000.0,12.31,1.43,2.32,8.99,2.32,2040000000.0,8.99,477000000.0,N/A,22.70,1.60,110000000.0,0.28,7540000000.0,0.631,17.45,N/A,0.455,13.66,68.26,2840000.0,1.861,0.84,3260000.0,outperform
8724,2008-02-17 03:36:15,1203237375.0,nsc,45.95,,1348.859985,-38.7,,0.655,14.66,2.19,2.12,15.52,27.41,6.19,15.14,24.209,20460000000.0,26620000000.0,N/A,0.91,2.82,7.897,2.82,6320000000.0,7.897,1460000000.0,3.68,3.60,5.80,206000000.0,0.543,6370000000.0,0.86,25.643999,2330000000.0,1.2,0.38,65.90,7630000.0,2.4,2.00,5980000.0,underperform
8725,2011-07-08 15:08:39,1310152119.0,nsc,69.62,,1343.800049,-38.47,,63.67,17.82,2.75,2.57,15.80,27.59,6.16,14.78,27.27,33460000000.0,33460000000.0,13.31,1.15,3.38,9.39,3.38,6200000000.0,9.39,1560000000.0,4.23,26.50,17.10,488000000.0,1.38,6750000000.0,1.17,30.01,33460000000.0,1.08,0.34,67.10,3350000.0,1.60,0.90,3010000.0,underperform
8726,2006-07-18 12:33:43,1153240423.0,nsc,41.31,17.16,1236.859985,25.01,-7.850000000000001,0.71,14.75,2.31,2.11,15.70,25.54,5.30,15.50,21.799,20510000000.0,25860000000.0,N/A,0.95,2.92,8.711,2.92,5640000000.0,8.711,1390000000.0,3.35,57.20,17.40,1540000000.0,3.718,6900000000.0,1.501,23.413,2210000000.0,1.58,0.66,68.60,3600000.0,1.4,0.90,2820000.0,underperform
8727,2006-07-08 12:18:29,1152375509.0,nsc,44.0,1.2,1270.910034,20.02,-18.82,0.71,15.38,2.44,2.23,15.70,25.54,5.30,15.50,21.799,21380000000.0,27650000000.0,N/A,1.01,3.12,9.311,3.12,5640000000.0,9.311,1390000000.0,3.35,57.20,17.40,1540000000.0,3.718,6900000000.0,1.501,23.413,2210000000.0,1.58,0.66,68.60,3600000.0,1.4,0.90,2820000.0,underperform
8728,2011-12-24 03:12:29,1324714349.0,nsc,66.63,-9.56,1243.719971,16.08,-25.64,67.97,14.21,2.26,2.37,17.07,28.47,6.80,17.47,30.55,30870000000.0,30870000000.0,12.17,0.91,2.87,7.88,2.87,6200000000.0,7.88,1830000000.0,5.12,24.50,17.60,394000000.0,1.17,6970000000.0,0.94,30.51,3350000000.0,1.29,0.34,67.10,5460000.0,2.00,1.50,4640000.0,underperform
8729,2004-06-28 09:38:36,1088429916.0,nsc,20.68,22.24,1133.349976,6.02,16.22,0.979,20.95,1.54,1.43,7.33,17.86,2.36,7.01,16.839,10140000000.0,17000000000.0,13.12,1.39,2.58,10.03,2.58,3630000000.0,10.03,484000000.0,1.234,16.30,3.20,107000000.0,0.27,6970000000.0,0.784,18.165001,1180000000.0,0.479,13.69,67.35,3290000.0,1.93,0.97,2890000.0,outperform
8730,2012-03-01 08:57:42,1330610262.0,nsc,64.62,10.01,1374.089966,10.49,-0.4800000000000004,77.42,12.65,2.04,2.30,17.15,28.68,7.06,18.62,32.34,30120000000.0,30120000000.0,10.39,0.71,2.70,7.40,2.70,7050000000.0,7.40,1910000000.0,5.45,19.40,16.90,301000000.0,0.91,7670000000.0,1.03,30.00,3230000000.0,1.19,0.28,67.80,5570000.0,1.50,1.50,5720000.0,underperform
8731,2007-04-12 05:02:58,1176368578.0,nsc,45.06,3.15,1447.800049,-7.94,11.09,0.686,14.52,2.23,2.18,15.74,27.30,6.39,15.68,23.17,20590000000.0,26620000000.0,N/A,0.91,2.83,7.82,2.83,6320000000.0,7.82,1480000000.0,3.57,6.40,2.70,918000000.0,2.312,6600000000.0,1.147,24.194,2210000000.0,1.86,0.21,66.20,9180000.0,2.4,2.30,9640000.0,outperform
8732,2006-07-08 22:51:04,1152413464.0,nsc,44.0,1.2,1270.910034,20.02,-18.82,0.71,15.38,2.44,2.23,15.70,25.54,5.30,15.50,21.799,21380000000.0,27650000000.0,N/A,1.01,3.12,9.311,3.12,5640000000.0,9.311,1390000000.0,3.35,57.20,17.40,1540000000.0,3.718,6900000000.0,1.501,23.413,2210000000.0,1.58,0.66,68.60,3600000.0,1.4,0.90,2820000.0,underperform
8733,2005-08-29 04:38:45,1125304725.0,nsc,29.38,18.41,1212.280029,7.59,10.82,0.811,12.68,1.88,1.73,14.77,24.32,5.26,14.65,19.825,14760000000.0,21130000000.0,N/A,0.86,2.67,7.936,2.67,2520000000.0,7.936,1170000000.0,2.88,99.10,18.80,615000000.0,1.52,6990000000.0,1.216,21.311001,1900000000.0,N/A,0.51,67.80,2690000.0,0.9,0.70,3290000.0,outperform
8734,2005-02-25 08:01:53,1109336513.0,nsc,29.46,40.84,1211.369995,6.71,34.13,0.952,15.64,1.91,1.76,12.62,23.28,4.15,12.43,18.3,14280000000.0,21210000000.0,12.74,0.91,2.90,9.22,2.90,3630000000.0,9.22,923000000.0,2.31,N/A,N/A,669000000.0,1.69,7600000000.0,0.894,20.039,N/A,0.564,15.10,60.77,3450000.0,1.675,1.02,3020000.0,outperform
8735,2004-11-29 12:47:42,1101750462.0,nsc,27.44,31.34,1178.569946,6.7,24.64,0.991,19.18,1.93,1.77,10.10,20.80,3.32,9.86,17.811,13600000000.0,20690000000.0,14.25,1.08,2.94,10.33,2.94,3630000000.0,10.33,711000000.0,1.791,16.30,3.20,530000000.0,1.34,7620000000.0,0.851,19.414,1460000000.0,0.554,13.71,68.56,3480000.0,1.854,1.02,3470000.0,outperform
8736,2011-05-08 21:19:56,1304903996.0,nsc,66.43,2.17,1335.099976,2.58,-0.41000000000000014,63.67,17.25,2.58,2.41,15.80,27.59,6.16,14.78,27.27,32030000000.0,32030000000.0,13.05,1.09,3.24,8.99,3.24,6200000000.0,8.99,1560000000.0,4.23,26.50,17.10,488000000.0,1.38,6750000000.0,1.17,30.01,32030000000.0,1.09,0.34,67.10,2860000.0,1.30,0.80,3710000.0,underperform
8737,2013-08-15 04:10:17,1376554217.0,nsc,71.87,45.39,1661.319946,17.68,27.71,84.51,13.64,2.12,2.27,15.85,27.13,6.19,17.33,34.63,31100000000.0,31100000000.0,11.82,1.13,2.85,8.01,2.85,7000000000.0,8.01,1720000000.0,5.41,11.30,2.50,587000000.0,1.88,8610000000.0,1.15,32.66,2910000000.0,1.21,0.32,66.60,6320000.0,3.20,1.90,6460000.0,outperform
8738,2013-04-23 10:21:35,1366726895.0,nsc,73.1,28.52,1578.780029,18.79,9.73,90.32,13.99,2.14,2.42,15.84,28.21,6.61,17.78,34.41,31660000000.0,31660000000.0,11.78,1.30,2.87,7.84,2.87,7000000000.0,7.84,1740000000.0,5.37,14.00,4.00,668000000.0,2.12,8820000000.0,1.08,31.08,3060000000.0,1.14,0.34,65.90,4000000.0,2.00,1.20,4940000.0,outperform
8739,2005-04-06 03:04:41,1112771081.0,nsc,29.44,56.28,1184.069946,10.55,45.730000000000004,0.952,15.92,2.03,1.86,12.62,23.28,4.15,12.43,18.3,14690000000.0,21800000000.0,12.83,0.99,2.98,9.48,2.98,2520000000.0,9.48,923000000.0,2.31,72.50,13.00,669000000.0,1.67,7600000000.0,0.894,19.952999,1660000000.0,0.548,8.19,68.96,3200000.0,1.759,0.87,3450000.0,outperform
8740,2009-02-06 00:29:21,1233898161.0,nsc,35.72,21.11,868.599976,26.33,-5.219999999999999,0.695,8.75,1.33,1.47,16.10,28.93,7.35,17.76,28.636,14470000000.0,20200000000.0,N/A,0.97,1.89,5.18,1.89,6710000000.0,5.18,1720000000.0,4.52,13.30,2.00,618000000.0,1.687,6670000000.0,0.95,26.205,2720000000.0,28.18,0.07,70.40,6700000.0,1.80,1.80,6340000.0,underperform
8741,2011-05-23 09:17:49,1306156669.0,aes,12.14,-0.74,1317.369995,-0.06,-0.6799999999999999,178.11,203.44,0.60,1.50,0.27,21.26,5.48,9.53,21.45,26230000000.0,26230000000.0,10.17,1.04,1.54,5.52,1.54,3960000000.0,5.52,20000000.0,0.06,19.80,8.80,3720000000.0,4.76,19770000000.0,1.16,8.66,26230000000.0,1.43,16.08,73.20,6620000.0,1.20,N/A,7160000.0,underperform
8742,2007-04-11 05:09:29,1176282569.0,aes,21.56,-23.24,1438.869995,-5.44,-17.799999999999997,6.513,41.99,1.21,5.53,2.93,28.82,7.34,20.69,18.546,14890000000.0,29650000000.0,N/A,1.13,2.43,6.486,2.43,3180000000.0,6.486,422000000.0,0.53,N/A,14.20,2560000000.0,3.851,17410000000.0,1.155,4.029,2520000000.0,0.65,4.48,80.70,6850000.0,1.8,1.10,7890000.0,underperform
8743,2003-12-15 21:31:38,1071541898.0,aes,8.14,47.67,1068.040039,12.67,35.0,29.748,14.59,0.60,7.44,5.20,7.16,1.35,317.65,14.717,5220000000.0,23870000000.0,13.46,1.82,2.80,8.75,2.80,1920000000.0,8.75,324000000.0,0.575,1385.30,7.50,1680000000.0,2.7,20440000000.0,0.651,1.1,N/A,1.901,13.65,70.47,9020000.0,4.562,1.68,9450000.0,outperform
8744,2011-07-24 02:55:42,1311490542.0,aes,12.4,-2.58,1343.800049,0.5,-3.08,178.11,198.12,0.59,1.48,0.27,21.26,5.48,9.53,21.45,25970000000.0,25970000000.0,9.83,1.00,1.53,5.47,1.53,3960000000.0,5.47,20000000.0,0.06,19.80,8.80,3720000000.0,4.76,19770000000.0,1.16,8.66,25970000000.0,1.49,16.08,73.20,5690000.0,1.00,N/A,5490000.0,underperform
8745,2008-04-23 21:50:03,1209001803.0,aes,17.1,-62.05,1379.930054,-38.26,-23.79,5.687,N/A,0.87,3.74,0.70,22.30,5.76,16.12,20.341,11830000000.0,26460000000.0,N/A,1.11,1.95,6.663,1.95,3410000000.0,6.663,495000000.0,0.14,N/A,N/A,3360000000.0,5.011,17990000000.0,1.521,4.72,2360000000.0,0.9,0.10,85.30,7430000.0,1.1,1.10,8170000.0,underperform
8746,2004-12-05 09:19:07,1102256347.0,aes,11.85,28.86,1190.329956,6.03,22.83,12.944,28.75,0.86,5.54,5.15,7.81,1.59,27.73,14.499,8060000000.000001,24850000000.0,15.92,1.15,2.69,9.42,2.69,2430000000.0,9.42,278000000.0,0.432,N/A,2.50,1720000000.0,2.65,18510000000.0,0.898,2.207,1520000000.0,2.117,13.70,72.94,7730000.0,3.591,1.38,6100000.0,outperform
8747,2004-08-04 00:04:30,1091592270.0,aes,9.19,70.08,1098.630005,12.49,57.589999999999996,15.619,29.54,0.68,5.28,4.30,6.51,1.27,27.32,14.282,6160000000.0,23090000000.0,12.88,0.85,2.56,9.67,2.56,2430000000.0,9.67,207000000.0,0.327,N/A,2.50,1400000000.0,2.19,18340000000.0,0.853,1.826,1620000000.0,2.008,13.68,71.14,5260000.0,2.292,0.96,5890000.0,outperform
8748,2005-02-18 08:12:43,1108732363.0,aes,16.09,3.17,1201.589966,6.53,-3.3600000000000003,10.698,28.36,1.10,6.04,6.63,9.33,2.12,31.21,14.678,10690000000.0,27730000000.0,16.82,1.34,2.93,7.64,2.93,2430000000.0,7.64,376000000.0,0.58,N/A,2.50,1550000000.0,2.39,18580000000.0,1.042,2.656,1670000000.0,2.117,5.27,71.85,10230000.0,5.607,1.67,8870000.0,underperform
8749,2004-10-26 04:29:14,1098779354.0,aes,10.96,38.05,1111.089966,7.23,30.819999999999997,15.619,33.79,0.79,6.07,4.30,6.51,1.27,27.32,14.35,7140000000.0,24080000000.0,14.73,0.90,2.67,9.52,2.67,2430000000.0,9.52,207000000.0,0.327,N/A,2.50,1400000000.0,2.16,18340000000.0,0.856,1.82,1520000000.0,2.02,13.69,72.27,6720000.0,3.838,1.20,5640000.0,outperform
8750,2013-05-23 20:50:51,1369356651.0,aes,12.64,6.96,1650.51001,15.15,-8.190000000000001,279.88,N/A,0.54,2.07,6.57,18.05,4.56,7.11,23.77,28430000000.0,28430000000.0,9.49,1.63,1.60,6.21,1.60,3710000000.0,6.21,1150000000.0,1.57,76.00,7.00,3150000000.0,4.22,21880000000.0,1.00,6.21,3010000000.0,1.30,17.10,76.60,5450000.0,0.90,0.90,3540000.0,underperform
8751,2008-01-23 21:05:49,1201140349.0,aes,17.58,-55.01,1338.599976,-38.18,-16.83,5.378,N/A,0.92,3.70,0.76,23.27,5.74,15.94,19.3,11970000000.0,26380000000.0,N/A,1.27,2.05,6.626,2.05,3400000000.0,6.626,468000000.0,0.15,N/A,17.80,2660000000.0,3.974,17200000000.0,1.366,4.783,2330000000.0,0.65,0.02,80.70,10100000.0,2.7,1.50,10120000.0,underperform
8752,2003-10-03 17:23:47,1065216227.0,aes,7.7,23.64,1029.849976,8.25,15.39,101.18,N/A,0.54,22.80,28.57,29.05,7.01,223.47,15.559,4930000000.0,23670000000.0,12.02,1.38,2.73,N/A,2.73,1920000000.0,N/A,2520000000.0,N/A,1385.30,7.50,1870000000.0,3.02,20840000000.0,0.514,0.33,N/A,1.943,13.64,69.94,8570000.0,4.499,1.60,9610000.0,outperform
8753,2007-02-19 02:26:15,1171869975.0,aes,,,1455.540039,-7.33,,6.513,41.76,1.21,5.52,2.93,28.82,7.34,20.69,18.546,14810000000.0,29660000000.0,N/A,1.30,2.43,6.489,2.43,3180000000.0,6.489,422000000.0,0.53,N/A,14.20,2560000000.0,3.851,17410000000.0,1.155,4.029,2520000000.0,0.77,4.48,80.40,7840000.0,1.20,1.20,9060000.0,underperform
8754,2007-02-20 14:21:36,1171999296.0,expe,26.72,14.33,1459.680054,-6.83,21.16,0.085,31.41,3.23,1.23,10.95,17.80,3.81,4.21,6.619,7240000000.0,6880000000.0,N/A,1.42,3.08,10.626,3.08,1650000000.0,10.626,244930000.0,0.70,166.10,7.40,853270000.0,2.574,500000000.0,0.845,17.811001,617440000.0,5.96,0.04,71.10,13550000.0,5.2,4.20,12870000.0,outperform
8755,2012-02-14 19:14:56,1329264896.0,expe,32.93,94.87,1350.5,12.58,82.29,54.20,9.98,1.33,2.09,13.69,14.51,4.75,12.95,25.38,4510000000.0,4510000000.0,10.77,1.27,1.31,7.74,1.31,2660000000.0,7.74,324030000.0,3.41,N/A,N/A,1340000000.0,10.01,1250000000.0,0.89,16.47,956230000.0,1.81,22.14,82.50,14460000.0,3.70,17.20,13720000.0,outperform
8756,2011-10-01 08:47:58,1317473278.0,expe,35.77,59.16,1151.060059,25.72,33.44,54.59,16.56,2.04,2.58,12.09,21.14,6.56,15.59,13.19,6420000000.0,6420000000.0,11.60,1.15,1.76,7.40,1.76,2660000000.0,7.40,440270000.0,1.56,22.90,22.70,2290000000.0,8.35,1650000000.0,0.99,10.51,6420000000.0,1.91,19.85,73.90,21340000.0,4.10,12.70,20930000.0,outperform
8757,2007-01-06 02:43:50,1168069430.0,expe,25.31,45.2,1416.599976,2.16,43.040000000000006,0.086,37.43,3.20,1.21,9.22,17.47,3.61,3.52,6.465,7040000000.0,6600000000.0,N/A,1.72,3.00,8.934,3.00,1650000000.0,8.934,203030000.0,0.57,28.10,5.00,945690000.0,2.856,500260000.0,0.796,17.511999,653080000.0,5.98,32.53,74.30,12870000.0,4.9,4.00,12750000.0,outperform
8758,2006-12-16 05:14:44,1166264084.0,expe,24.76,63.33,1413.209961,5.32,58.01,0.086,36.36,3.10,1.18,9.22,17.47,3.61,3.52,6.465,6840000000.0,6370000000.0,N/A,1.56,2.90,8.629,2.90,1650000000.0,8.629,203030000.0,0.57,28.10,5.00,945690000.0,2.856,500260000.0,0.796,17.511999,653080000.0,5.86,32.53,74.40,12750000.0,7.9,3.90,13680000.0,outperform
8759,2013-05-18 20:38:45,1368923925.0,expe,59.64,16.05,1658.780029,12.78,3.2700000000000014,47.59,45.32,1.85,3.63,4.24,12.33,4.27,7.28,31.35,7120000000.0,7120000000.0,14.67,1.78,1.68,11.10,1.68,3130000000.0,11.10,177880000.0,1.28,N/A,24.00,2089999999.9999998,15.46,1250000000.0,0.75,15.95,1270000000.0,0.73,22.12,92.80,9180000.0,3.40,8.60,9890000.0,outperform
8760,2008-11-02 05:52:45,1225623165.0,expe,12.21,127.19,954.090027,9.31,117.88,0.224,9.13,1.00,0.58,10.27,19.66,4.22,6.18,10.49,2730000000.0,3130000000.0,N/A,0.69,1.05,4.291,1.05,2100000000.0,4.291,307580000.0,1.04,4.80,9.70,739670000.0,2.578,1140000000.0,0.627,17.487,514240000.0,2.34,24.02,87.90,8600000.0,1.8,3.10,7820000.0,outperform
8761,2006-12-25 17:32:32,1167085952.0,expe,25.23,9.95,1410.76001,-26.08,36.03,0.086,36.94,3.16,1.20,9.22,17.47,3.61,3.52,6.465,6950000000.0,6500000000.0,N/A,1.60,2.95,8.804,2.95,1650000000.0,8.804,203030000.0,0.57,28.10,5.00,945690000.0,2.856,500260000.0,0.796,17.511999,653080000.0,5.86,32.53,74.40,12750000.0,7.9,3.90,13680000.0,outperform
8762,2006-07-20 00:11:50,1153368710.0,expe,16.33,116.41,1249.130005,22.81,93.6,0.548,23.83,2.21,0.80,9.59,16.77,3.14,2.90,6.271,4780000000.0,4170000000.0,N/A,1.14,1.96,5.619,1.96,1650000000.0,5.619,204040000.0,0.57,51.40,1.80,509030000.0,1.456,0.548,0.548,16.740999,805760000.0,N/A,30.80,77.90,18430000.0,3.8,5.40,18040000.0,outperform
8763,2006-12-11 03:42:26,1165826546.0,expe,24.66,63.71,1413.040039,4.57,59.14,0.086,36.02,2.80,1.06,9.22,17.47,3.61,3.52,6.465,6770000000.0,6330000000.0,N/A,1.56,2.88,8.571,2.88,1650000000.0,8.571,203030000.0,0.57,28.10,5.00,945690000.0,2.856,500260000.0,0.796,17.511999,653080000.0,5.86,32.53,74.40,12750000.0,7.9,3.90,13680000.0,outperform
8764,2006-09-01 12:36:15,1157128575.0,expe,20.25,72.84,1311.01001,11.65,61.190000000000005,0.562,26.03,2.48,0.95,10.41,18.27,3.16,3.20,6.35,5390000000.0,4750000000.0,N/A,1.55,2.19,6.386,2.19,1650000000.0,6.386,226090000.0,0.63,30.00,7.80,643340000.0,1.948,0.562,0.562,17.155001,789050000.0,6.35,32.62,77.20,15880000.0,7.7,4.90,16270000.0,outperform
8765,2007-01-20 12:21:38,1169313698.0,expe,25.44,8.65,1430.619995,-6.81,15.46,0.086,37.01,3.11,1.18,9.22,17.47,3.61,3.52,6.465,6960000000.0,6510000000.0,N/A,1.67,2.96,8.822,2.96,1650000000.0,8.822,203030000.0,0.57,28.10,5.00,945690000.0,2.856,500260000.0,0.796,17.511999,653080000.0,5.98,32.53,74.30,12870000.0,4.9,4.00,12750000.0,outperform
8766,2007-01-10 15:08:09,1168459689.0,expe,25.83,27.8,1414.849976,0.39,27.41,0.086,37.76,3.22,1.22,9.22,17.47,3.61,3.52,6.465,7100000000.0,6650000000.0,N/A,1.73,3.02,9.002,3.02,1650000000.0,9.002,203030000.0,0.57,28.10,5.00,945690000.0,2.856,500260000.0,0.796,17.511999,653080000.0,5.98,32.53,74.30,12870000.0,4.9,4.00,12750000.0,outperform
8767,2007-04-08 10:13:15,1176041595.0,expe,28.88,3.6,1443.76001,-4.93,8.53,0.085,34.56,3.15,1.31,10.95,17.80,3.73,4.21,6.619,7260000000.0,6910000000.0,N/A,1.68,3.09,10.823,3.09,1730000000.0,10.823,244930000.0,0.70,166.10,7.40,853270000.0,2.823,500000000.0,0.845,17.811001,617440000.0,5.15,0.04,88.10,13830000.0,7.1,4.70,12190000.0,outperform
8768,2007-01-15 12:19:06,1168881546.0,expe,,,1430.72998,-3.48,,0.086,37.69,3.21,1.22,9.22,17.47,3.61,3.52,6.465,7090000000.0,6640000000.0,N/A,1.73,3.02,8.997,3.02,1650000000.0,8.997,203030000.0,0.57,28.10,5.00,945690000.0,2.856,500260000.0,0.796,17.511999,653080000.0,5.98,32.53,74.30,12870000.0,4.9,4.00,12750000.0,underperform
8769,2013-02-06 13:07:55,1360174075.0,expe,64.39,0.14,1512.119995,17.28,-17.14,50.53,27.25,2.37,3.86,8.95,13.72,4.34,12.93,28.71,8000000000.0,8000000000.0,18.39,1.45,2.08,11.33,2.08,2690000000.0,11.33,355480000.0,2.48,18.20,17.50,2360000000.0,17.48,1250000000.0,0.94,17.47,1270000000.0,0.81,22.13,95.30,9740000.0,5.30,11.10,9920000.0,underperform
8770,2007-01-14 09:43:17,1168785797.0,expe,25.66,25.92,1423.819946,-0.53,26.450000000000003,0.086,37.69,3.21,1.22,9.22,17.47,3.61,3.52,6.465,7090000000.0,6640000000.0,N/A,1.73,3.02,8.997,3.02,1650000000.0,8.997,203030000.0,0.57,28.10,5.00,945690000.0,2.856,500260000.0,0.796,17.511999,653080000.0,5.98,32.53,74.30,12870000.0,4.9,4.00,12750000.0,outperform
8771,2009-03-20 21:27:58,1237598878.0,expe,9.46,192.81,768.539978,51.74,141.07,N/A,N/A,0.75,0.94,85.73,19.31,5.00,70.46,10.263,2980000000.0,2980000000.0,N/A,0.64,1.02,4.479,1.02,2300000000.0,4.479,2520000000.0,8.80,N/A,6.70,758170000.0,2.639,1540000000.0,0.765,8.114,520690000.00000006,1.78,20.41,79.80,17120000.0,3.6,6.20,14980000.0,outperform
8772,2006-09-01 17:50:27,1157147427.0,expe,20.25,72.84,1311.01001,11.65,61.190000000000005,0.562,26.86,2.48,0.95,10.41,18.27,3.16,3.20,6.35,5560000000.0,4750000000.0,N/A,1.55,2.19,6.386,2.19,1650000000.0,6.386,226090000.0,0.63,30.00,7.80,643340000.0,1.948,0.562,0.562,17.155001,789050000.0,6.35,32.62,77.20,15880000.0,7.7,4.90,16270000.0,outperform
8773,2007-01-25 21:04:33,1169777073.0,expe,24.83,12.85,1423.900024,-6.55,19.4,0.086,36.34,3.16,1.20,9.22,17.47,3.61,3.52,6.465,6830000000.0,6520000000.0,N/A,1.69,2.96,8.827,2.96,1650000000.0,8.827,203030000.0,0.568,28.10,5.00,945690000.0,2.856,500260000.0,0.796,17.511999,653080000.0,5.98,32.53,74.30,12870000.0,4.9,4.00,12750000.0,outperform
8774,2011-11-19 18:16:49,1321744609.0,expe,35.07,56.17,1236.910034,9.41,46.760000000000005,54.16,16.30,1.90,2.51,12.47,20.76,6.65,16.35,13.85,6970000000.0,6970000000.0,12.60,1.20,1.84,7.78,1.84,2660000000.0,7.78,473260000.0,1.69,18.70,15.50,2009999999.9999998,7.51,1650000000.0,0.99,10.77,6970000000.0,1.63,19.85,73.90,18020000.0,3.50,10.70,16320000.0,outperform
8775,2007-06-26 08:44:32,1182861872.0,expe,35.16,-31.66,1492.890015,-11.45,-20.21,0.094,38.96,3.86,1.67,11.18,19.15,3.92,4.60,6.983,8860000000.0,8720000000.0,N/A,1.89,3.80,13.124,3.80,1730000000.0,13.124,256380000.0,0.75,49.00,11.50,637720000.0,2.104,500000000.0,0.578,17.49,703570000.0,4.04,0.04,83.20,14970000.0,6.7,5.00,14830000.0,underperform
8776,2007-05-28 11:36:58,1180366618.0,expe,,,1515.72998,-8.6,,0.094,32.60,3.26,1.41,11.18,19.15,3.92,4.60,6.983,7410000000.0,7270000000.0,N/A,1.65,3.17,10.948,3.17,1730000000.0,10.948,256380000.0,0.75,49.00,11.50,637720000.0,2.104,500000000.0,0.578,17.49,703570000.0,4.31,0.04,86.00,14830000.0,7.8,5.00,13830000.0,underperform
8777,2013-05-23 18:32:20,1369348340.0,mjn,81.96,3.95,1650.51001,15.15,-11.2,283.83,28.26,4.40,232.16,15.50,23.20,18.66,240.40,19.44,16920000000.000002,16920000000.000002,22.97,2.23,4.28,17.36,4.28,2420000000.0,17.36,611400000.0,3.00,5.10,5.20,1020000000.0,5.02,1640000000.0,1.56,0.37,881200000.0,0.69,0.19,92.90,3490000.0,2.20,1.90,2920000.0,underperform
8778,2011-11-16 23:08:32,1321502912.0,mjn,67.33,-4.69,1236.910034,9.41,-14.100000000000001,N/A,27.95,4.11,N/A,14.64,22.66,21.08,N/A,17.44,15460000000.0,15460000000.0,22.12,2.28,4.33,17.50,4.33,1990000000.0,17.50,521100000.0,2.54,36.40,15.30,761300000.0,3.74,1530000000.0,1.65,0.75,15460000000.0,0.59,0.09,90.90,3180000.0,2.30,1.60,3400000.0,underperform
8779,2013-04-22 02:22:26,1366611746.0,mjn,79.38,6.06,1562.5,20.29,-14.23,618.99,27.50,4.19,876.74,15.50,23.32,18.88,N/A,19.16,17100000000.000002,17100000000.000002,21.81,2.23,4.38,17.69,4.38,2420000000.0,17.69,603100000.0,2.95,56.80,7.70,1040000000.0,5.15,1710000000.0,1.47,0.09,692700000.0,0.69,0.19,92.90,2710000.0,1.50,1.50,2730000.0,underperform
8780,2010-08-18 18:19:29,1282169969.0,mjn,50.13,31.9,1094.160034,4.25,27.65,N/A,27.25,3.74,N/A,13.89,24.87,23.10,N/A,14.39,12100000000.0,12100000000.0,19.99,2.14,4.11,15.24,4.11,1850000000.0,15.24,407000000.0,1.99,9.70,6.20,428200000.0,2.09,1530000000.0,1.42,2.56,12100000000.0,N/A,0.05,91.70,2610000.0,1.60,1.30,3090000.0,outperform
8781,2011-12-31 20:16:14,1325380574.0,mjn,64.7,-2.01,1249.640015,13.48,-15.49,N/A,27.06,3.91,N/A,14.64,22.66,21.08,N/A,17.44,14760000000.0,14760000000.0,21.48,2.08,4.14,16.71,4.14,1990000000.0,16.71,521100000.0,2.54,36.40,15.30,761300000.0,3.74,1530000000.0,1.65,0.75,625200000.0,0.58,0.09,90.90,3190000.0,2.90,1.60,3240000.0,underperform
8782,2011-05-23 04:11:10,1306138270.0,mjn,62.41,25.7,1317.369995,-0.06,25.759999999999998,N/A,29.26,4.23,N/A,14.44,22.93,21.06,N/A,16.01,14570000000.0,14570000000.0,21.78,2.68,4.45,17.81,4.45,1990000000.0,17.81,471700000.0,2.30,16.30,17.90,708600000.0,3.47,1530000000.0,1.56,1.29,14570000000.0,0.68,0.09,90.90,1620000.0,1.10,0.80,1560000.0,outperform
8783,2004-09-16 18:35:08,1095374108.0,hum,18.71,151.26,1123.5,10.18,141.07999999999998,0.416,11.50,0.24,1.63,2.13,3.37,5.45,15.18,79.531,3110000000.0,1400000000.0,10.49,0.91,0.11,2.57,0.11,2350000000.0,2.57,277010000.0,1.697,60.40,8.60,2530000000.0,15.85,795740000.0,1.523,11.979,384730000.0,0.359,6.20,77.16,3740000.0,2.164,2.50,1560000.0,outperform
8784,2012-01-04 01:00:29,1325656829.0,hum,86.85,-25.32,1277.300049,14.25,-39.57,25.09,11.24,0.39,1.82,3.66,6.07,7.60,17.94,218.39,4410000000.0,4410000000.0,11.07,1.25,0.12,1.77,0.12,6780000000.0,1.77,1330000000.0,7.86,13.10,11.40,11880000000.0,72.68,1970000000.0,1.60,48.06,3830000000.0,0.92,0.70,91.00,2170000.0,1.60,1.30,2660000.0,underperform
8785,2005-11-28 21:06:32,1133229992.0,hum,43.41,15.6,1257.459961,10.28,5.32,0.312,25.66,0.54,3.21,2.08,3.08,4.40,13.26,86.731,7400000000.0,5120000000.0,N/A,1.47,0.37,9.161,0.37,2430000000.0,9.161,291000000.0,1.77,40.80,20.30,3210000000.0,19.703,737130000.0,1.21,14.536,891610000.0,N/A,0.93,80.00,3820000.0,2.3,2.50,2800000.0,outperform
8786,2013-05-07 11:17:21,1367939841.0,hum,75.56,56.58,1625.959961,15.51,41.07,31.62,8.45,0.30,1.30,3.67,6.00,7.09,16.63,245.77,5000000000.0,5000000000.0,8.89,0.92,0.13,1.84,0.13,8140000000.000001,1.84,1450000000.0,8.93,90.70,2.60,9540000000.0,60.56,2900000000.0,1.83,58.18,11000000.0,0.66,0.32,93.50,3910000.0,1.20,2.50,5500000.0,outperform
8787,2008-05-02 18:25:54,1209767154.0,hum,45.71,-39.64,1413.900024,-38.21,-1.4299999999999997,0.486,9.78,0.32,2.03,3.30,5.37,7.39,23.54,151.554,8170000000.0,4470000000.0,N/A,0.74,0.18,2.899,0.18,25290000000.0,2.899,833680000.0,4.91,56.90,12.10,5680000000.0,33.353,1960000000.0,1.508,23.697001,1220000000.0,0.17,0.71,86.20,3240000.0,1.1,1.90,3890000.0,underperform
8788,2011-12-29 06:58:17,1325159897.0,hum,85.23,-22.46,1263.02002,11.04,-33.5,25.09,11.15,0.40,1.86,3.66,6.07,7.60,17.94,218.39,4780000000.0,4780000000.0,10.98,1.27,0.13,1.91,0.13,6780000000.0,1.91,1330000000.0,7.86,13.10,11.40,11880000000.0,72.68,1970000000.0,1.60,48.06,3830000000.0,0.92,0.70,91.00,2660000.0,1.50,1.60,2750000.0,underperform
8789,2004-11-24 22:46:25,1101354385.0,hum,22.92,,1181.76001,6.18,,0.369,13.02,0.29,1.87,2.29,3.63,5.68,15.85,80.116,3820000000.0,1820000000.0,12.47,1.10,0.14,3.1,0.14,2350000000.0,3.1,299200000.0,1.839,60.40,8.60,2710000000.0,16.99,747020000.0,1.555,12.687,618540000.0,0.324,6.15,78.61,2980000.0,1.858,1.99,2230000.0,underperform
8790,2007-01-28 06:44:14,1169984654.0,hum,51.19,49.62,1423.900024,-4.91,54.53,0.433,22.03,0.46,3.07,2.09,3.56,5.17,15.44,118.874,8890000000.0,5710000000.0,N/A,1.25,0.29,6.827,0.29,2770000000.0,6.827,405930000.0,2.43,240.10,47.80,4420000000.0,26.614,1250000000.0,1.316,17.400999,916570000.0,0.28,0.95,89.30,2000000.0,1.1,1.20,2049999.9999999998,outperform
8791,2011-08-14 05:55:55,1313315755.0,hum,71.12,-8.53,1172.640015,19.74,-28.269999999999996,25.27,9.87,0.35,1.63,3.61,6.01,7.99,18.14,211.58,5120000000.0,5120000000.0,9.55,1.19,0.14,2.12,0.14,6780000000.0,2.12,1280000000.0,7.52,35.30,8.10,9180000000.0,55.01,1920000000.0,1.81,45.48,5120000000.0,1.10,0.70,91.00,2750000.0,1.80,1.60,3100000.0,underperform
8792,2007-04-10 15:13:04,1176232384.0,hum,60.43,-32.29,1448.390015,-6.48,-25.81,0.512,21.79,0.49,3.44,2.28,3.85,6.31,17.64,130.48,10540000000.0,N/A,N/A,0.92,N/A,N/A,N/A,2770000000.0,N/A,487420000.0,2.90,139.90,54.40,4930000000.0,29.601,1560000000.0,1.412,18.327,1690000000.0,0.28,0.95,89.30,2000000.0,1.1,1.20,2049999.9999999998,underperform
8793,2013-04-25 00:18:59,1366863539.0,hum,71.79,51.14,1585.160034,17.55,33.59,33.17,9.65,0.29,1.30,3.12,5.15,6.69,14.45,242.29,5080000000.0,5080000000.0,8.49,0.94,0.13,2.16,0.13,8140000000.000001,2.16,1220000000.0,7.47,3.50,5.50,9310000000.0,58.77,2940000000.0,1.84,55.88,1920000000.0,0.65,0.32,93.50,5500000.0,2.30,3.50,4570000.0,outperform
8794,2009-08-12 17:49:15,1250113755.0,hum,32.34,45.92,1005.8099980000001,7.74,38.18,N/A,6.78,0.19,1.14,2.79,4.55,6.47,18.24,181.198,1460000000.0,1460000000.0,N/A,0.50,0.05,0.905,0.05,5240000000.0,0.905,844590000.0,5.01,34.20,7.50,6170000000.0,36.359,1840000000.0,1.605,29.815001,1080000000.0,1.35,8.06,79.20,5900000.0,3.50,3.50,5920000.0,outperform
8795,2007-02-20 06:13:13,1171969993.0,hst,22.3,-36.77,1459.680054,-6.83,-29.940000000000005,1.114,20.47,3.23,2.83,13.67,14.55,4.12,5.77,10.325,14390000000.0,20100000000.0,N/A,1.19,4.46,18.375,4.46,945000000.0,18.375,194000000.0,1.35,N/A,39.60,223000000.0,0.428,5840000000.0,0.488,9.879,807000000.0,1.05,1.00,86.80,22230000.0,9.8,4.50,23660000.0,underperform
8796,2013-05-23 19:18:01,1369351081.0,hst,17.0,24.41,1650.51001,15.15,9.26,75.96,114.20,2.43,1.92,2.13,9.21,2.39,1.43,7.73,18530000000.0,18530000000.0,12.28,1.03,3.32,15.02,3.32,3310000000.0,15.02,98000000.0,0.16,N/A,31.90,1080000000.0,1.44,5530000000.0,7.31,9.52,886000000.0,1.72,2.42,106.20,33820000.0,5.80,5.40,32950000.000000004,outperform
8797,2008-09-29 23:49:54,1222746594.0,hst,10.96,-3.83,1106.420044,-4.14,0.3099999999999996,1.064,10.54,1.32,1.33,11.68,16.37,4.72,11.06,10.532,6440000000.0,12750000000.0,N/A,0.95,2.32,8.861,2.32,3170000000.0,8.861,594000000.0,1.18,27.50,2.40,505000000.0,0.972,5910000000.0,8.333,10.524,1120000000.0,1.57,3.44,108.00,61360000.0,7.5,12.30,58880000.0,outperform
8798,2006-08-29 00:09:16,1156824556.0,hst,17.57,2.5,1304.280029,12.23,-9.73,1.1,16.17,2.70,2.22,13.63,14.35,3.78,4.74,10.611,11470000000.0,16590000000.0,N/A,2.27,3.96,16.577,3.96,945000000.0,16.577,150000000.0,1.36,262.60,25.50,524000000.0,1.007,5720000000.0,0.828,9.802,626000000.0,0.8,4.04,97.10,23120000.0,8.4,4.60,21680000.0,underperform
8799,2008-05-05 06:13:42,1209982422.0,hst,15.33,-49.25,1407.48999,-35.79,-13.46,1.038,16.37,1.71,1.75,11.00,16.58,4.68,10.61,10.46,9420000000.0,14820000000.0,N/A,1.13,2.71,10.356,2.71,3170000000.0,10.356,560000000.0,1.10,67.40,2.60,317000000.0,0.607,5620000000.0,2.112,10.213,1110000000.0,1.27,3.42,102.50,45120000.0,6.5,9.00,41120000.0,underperform
8800,2011-11-15 05:13:48,1321352028.0,hst,13.1,0.08,1257.810059,7.77,-7.6899999999999995,79.32,N/A,2.06,1.46,0.79,6.36,1.55,0.49,7.08,15020000000.0,15020000000.0,12.79,0.61,3.10,16.50,3.10,2730000000.0,16.50,32000000.0,0.05,N/A,13.50,524000000.0,0.74,5490000000.0,2.03,9.63,15020000000.0,2.85,3.24,101.70,39420000.0,3.50,N/A,35910000.0,underperform
8801,2007-04-12 11:57:44,1176393464.0,hst,21.48,-31.7,1447.800049,-7.94,-23.759999999999998,1.126,17.82,2.84,2.69,15.12,15.67,4.97,8.09,10.133,13850000000.0,19470000000.0,N/A,0.97,3.99,15.485,3.99,1680000000.0,15.485,289000000.0,1.48,164.90,40.30,364000000.0,0.695,5880000000.0,0.912,9.835,881000000.0,1.15,0.96,92.00,21820000.0,5.9,4.30,26020000.0,underperform
8802,2007-07-06 21:18:49,1183771129.0,hst,20.74,-45.61,1530.439941,-17.57,-28.04,1.218,17.76,2.67,2.60,14.78,15.51,4.92,8.30,9.842,13140000000.0,18970000000.0,N/A,2.61,3.72,14.471,3.72,1680000000.0,14.471,324000000.0,1.417,8.70,25.80,1170000000.0,2.243,6470000000.0,6.613,9.985,902000000.0,0.93,1.00,99.40,27850000.0,6.2,5.60,28790000.0,underperform
8803,2007-01-24 15:51:14,1169671874.0,lsi,10.4,-53.75,1440.130005,-6.11,-47.64,0.345,27.70,2.04,2.22,7.55,7.66,4.13,8.76,4.958,4110000000.0000005,N/A,N/A,1.02,N/A,N/A,N/A,832440000.0,N/A,148410000.0,0.37,N/A,2.30,1270000000.0,3.165,622040000.0,2.474,4.51,247780000.0,4.2,14.46,64.50,50380000.0,4.3,12.90,29070000.0,underperform
8804,2012-03-20 11:47:16,1332258436.0,lsi,8.71,-22.04,1405.52002,10.9,-32.94,N/A,15.82,2.42,4.63,16.22,4.98,2.73,7.58,3.49,4010000000.0,4010000000.0,10.78,0.77,1.96,13.82,1.96,962460000.0,13.82,90010000.0,0.55,N/A,11.20,935460000.0,1.65,0.00,3.09,1.89,246770000.0,1.72,0.31,78.60,8220000.000000001,0.70,1.60,10440000.0,underperform
8805,2013-05-21 08:39:05,1369139945.0,lsi,7.16,,1669.160034,13.11,,N/A,30.21,1.62,3.47,5.69,7.64,5.08,11.90,4.42,3310000000.0,3310000000.0,10.03,0.90,1.35,9.05,1.35,1230000000.0,9.05,139460000.0,0.24,75.50,8.60,658530000.0,1.20,0.00,2.57,2.08,386760000.0,1.51,0.33,78.30,9510000.0,1.50,1.70,10770000.0,underperform
8806,2008-12-20 22:17:00,1229829420.0,lsi,3.74,45.19,904.419983,21.19,23.999999999999996,0.304,N/A,0.79,0.94,71.73,2.39,0.78,57.60,4.252,2500000000.0,2040000000.0,N/A,0.52,0.73,5.543,0.73,903860000.0,5.543,2009999999.9999998,3.05,N/A,1.80,1170000000.0,1.82,715590000.0,3.094,3.655,290190000.0,1.85,0.19,88.00,40220000.0,4.3,6.20,34490000.0,outperform
8807,2009-10-08 09:57:50,1255010270.0,lsi,5.4,-16.3,1065.47998,9.35,-25.65,N/A,N/A,1.56,2.74,32.66,5.08,2.11,41.78,3.596,3110000000.0,3110000000.0,N/A,37.03,1.34,20.24,1.34,1070000000.0000001,20.24,760010000.0,1.17,N/A,24.80,873630000.0,1.34,350000000.0,1.77,2.038,213660000.0,1.67,0.11,82.10,35670000.0,5.2,5.50,34760000.0,underperform
8808,2009-11-16 17:52:27,1258411947.0,lsi,5.75,-6.43,1109.300049,6.22,-12.649999999999999,N/A,N/A,1.66,2.60,32.81,7.19,2.79,38.28,3.375,3090000000.0,3090000000.0,N/A,6.09,1.41,30.916,1.41,1070000000.0000001,30.916,718890000.0,1.107,361.60,19.00,907100000.0,1.392,350000000.0,1.809,2.148,225910000.0,1.62,0.11,78.70,33620000.0,3.2,5.20,34350000.0,underperform
8809,2004-10-24 13:44:52,1098639892.0,lsi,4.69,85.07,1106.48999,8.4,76.66999999999999,0.416,N/A,1.00,0.88,0.42,1.07,0.21,0.38,4.697,1820000000.0,1830000000.0,118.00,5.25,1.01,19.45,1.01,677200000.0,19.45,7710000.0,0.022,N/A,6.80,847410000.0,2.2,858580000.0,3.732,5.368,177980000.0,2.508,3.30,59.80,9620000.0,3.388,2.59,10080000.0,outperform
8810,2007-10-13 04:37:39,1192264659.0,lsi,7.53,-43.56,1562.469971,-41.76,-1.8000000000000043,0.147,N/A,2.48,1.11,11.40,0.66,0.18,7.40,4.399,5350000000.0,4900000000.0,N/A,1.86,2.28,29.12,2.28,855250000.0,29.12,245400000.0,0.50,N/A,36.80,1160000000.0,1.618,719490000.0,3.031,6.711,184010000.0,2.05,0.15,85.60,26160000.0,3.70,3.70,22750000.0,underperform
8811,2011-12-28 07:24:54,1325075094.0,lsi,5.79,18.48,1249.640015,13.48,5.0,N/A,11.18,1.24,2.61,11.88,5.71,4.05,6.69,4.49,2450000000.0,2450000000.0,11.78,0.87,0.91,6.72,0.91,1110000000.0,6.72,88730000.0,0.53,25.30,20.80,878870000.0,1.56,0.00,3.08,2.26,303000000.0,1.43,0.23,79.70,14330000.0,1.40,2.70,9300000.0,outperform
8812,2005-02-07 15:53:58,1107809638.0,lsi,6.03,45.27,1201.719971,4.42,40.85,0.483,N/A,1.33,1.30,27.26,25.67,14.13,24.22,4.389,2360000000.0,2290000000.0,19.74,1.83,1.35,N/A,1.35,677210000.0,N/A,463530000.0,1.20,N/A,6.80,814600000.0,2.12,782000000.0,3.445,4.634,115900000.0,2.582,2.50,51.42,10810000.0,2.371,2.88,11090000.0,outperform
8813,2004-08-03 20:45:31,1091580331.0,lsi,4.92,95.53,1099.689941,13.22,82.31,0.416,N/A,1.06,0.93,0.42,1.07,0.21,0.38,4.697,1900000000.0,1930000000.0,14.17,1.29,1.06,20.1,1.06,677200000.0,20.1,7710000.0,0.022,N/A,6.80,847400000.0,2.22,858600000.0,3.732,5.386,177980000.0,2.421,3.27,61.41,10320000.0,3.487,2.79,9720000.0,outperform
8814,2006-07-22 01:57:11,1153547831.0,lsi,8.2,-3.17,1259.810059,23.28,-26.450000000000003,0.375,104.29,1.66,1.94,0.14,7.18,3.42,0.17,4.963,3070000000.0,2870000000.0,N/A,1.02,1.48,10.026,1.48,832440000.0,10.026,2830000.0,0.007,179.00,5.80,1030000000.0,2.6,623220000.0,2.27,4.194,288930000.0,3.51,2.14,70.50,7230000.0,1.9,1.90,8850000.0,underperform
8815,2013-06-05 05:12:09,1370423529.0,aet,57.16,37.61,1608.900024,20.61,17.0,63.37,12.26,0.52,1.82,4.40,8.31,4.72,15.57,111.29,21220000000.0,21220000000.0,9.47,0.98,0.57,6.00,0.57,10860000000.0,6.00,1640000000.0,4.84,4.10,7.00,5250000000.0,16.12,6800000000.0,0.99,32.77,1350000000.0,1.09,0.37,97.40,4800000.0,1.50,1.60,20310000.0,outperform
8816,2005-09-23 17:26:49,1127510809.0,aet,38.23,-4.03,1215.290039,9.04,-13.07,0.17,10.43,1.11,2.48,11.48,11.13,3.51,16.18,71.572,23980000000.0,8720000000.0,N/A,1.18,0.41,3.445,0.41,87800000.0,3.445,1440000000.0,7.93,43.10,12.80,16360000000.0,56.408,1610000000.0,2.568,32.574001,1900000000.0,N/A,0.34,90.60,4640000.0,2.5,1.60,4840000.0,underperform
8817,2005-02-04 06:20:07,1107516007.0,aet,30.7,49.35,1203.030029,6.6,42.75,0.178,17.92,1.00,2.12,6.03,9.33,2.83,14.13,121.122,19320000000.0,19540000000.0,15.38,1.24,1.01,N/A,1.01,7840000000.0,N/A,1160000000.0,7.30,N/A,9.60,1370000000.0,9.26,1610000000.0,N/A,61.527,1340000000.0,0.261,2.00,87.14,3610000.0,2.579,2.49,4440000.0,outperform
8818,2005-04-08 02:12:37,1112940757.0,aet,35.31,31.52,1181.199951,11.04,20.48,0.177,19.84,1.11,2.42,6.11,9.54,2.94,14.27,62.988,22470000000.0,22310000000.0,14.65,1.11,1.12,N/A,1.12,87800000.0,N/A,1220000000.0,3.85,140.40,99.50,1400000000.0,4.74,1610000000.0,N/A,30.993999,1340000000.0,0.284,1.65,90.15,6990000.0,2.169,2.41,5180000.0,outperform
8819,2004-11-30 04:45:36,1101807936.0,aet,27.89,56.11,1173.819946,6.45,49.66,0.178,16.19,0.89,1.89,6.03,9.33,2.83,14.13,121.122,17450000000.0,17400000000.0,14.01,1.08,0.90,N/A,0.90,7840000000.0,N/A,1160000000.0,7.301,N/A,9.60,1370000000.0,9.26,1610000000.0,N/A,61.527,1340000000.0,0.171,32.00,88.32,4280000.0,1.219,4.26,3950000.0,outperform
8820,2007-04-06 18:34:03,1175898843.0,aet,42.25,-3.93,1437.77002,-4.89,0.9599999999999995,0.272,15.05,0.92,2.52,6.77,10.91,3.83,17.44,46.038,23240000000.0,11200000000.0,N/A,0.91,0.45,3.627,0.45,9840000000.0,3.627,1690000000.0,2.99,N/A,N/A,14530000000.0,28.132,2490000000.0,2.577,17.723,1690000000.0,0.95,0.07,86.20,3530000.0,0.70,0.70,3260000.0,outperform
8821,2012-12-19 21:05:07,1355969107.0,aet,44.8,46.94,1435.810059,26.03,20.909999999999997,43.00,8.80,0.44,1.43,5.22,8.93,5.01,17.18,101.78,17059999999.999998,17059999999.999998,8.32,0.86,0.48,4.73,0.48,10250000000.0,4.73,1840000000.0,5.23,1.80,5.20,3180000000.0,9.51,4690000000.0,0.75,32.58,1770000000.0,1.05,0.30,90.80,16780000.0,3.80,5.20,17000000.0,outperform
8822,2009-10-02 08:48:44,1254487724.0,aet,25.25,16.79,1025.209961,11.66,5.129999999999999,N/A,10.21,0.37,1.36,3.85,6.81,3.69,13.52,71.698,12570000000.0,12570000000.0,N/A,0.79,0.39,4.797,0.39,8230000000.0,4.797,1260000000.0,2.70,27.90,10.80,3310000000.0,7.573,3830000000.0,0.859,20.337,2049999999.9999998,1.27,0.14,90.30,5750000.0,1.30,1.30,6050000.0,outperform
8823,2004-02-15 08:22:54,1076851374.0,aet,17.6,81.48,1152.109985,4.69,76.79,0.211,13.14,0.63,1.48,5.20,6.70,2.31,12.56,113.195,11820000000.0,11670000000.0,0.00,0.81,0.65,N/A,0.65,5180000000.0,N/A,933800000.0,5.898,N/A,21.10,1780000000.0,11.67,1630000000.0,N/A,50.42,555100000.0,0.153,32.03,85.90,2310000.0,2.906,2.23,2590000.0,outperform
8824,2009-10-15 09:39:45,1255613985.0,aet,24.3,23.54,1096.560059,7.26,16.28,N/A,9.64,0.35,1.28,3.85,6.81,3.69,13.52,71.698,11890000000.0,11890000000.0,N/A,0.70,0.36,4.539,0.36,8230000000.0,4.539,1260000000.0,2.70,27.90,10.80,3310000000.0,7.573,3830000000.0,0.859,20.337,2049999999.9999998,1.27,0.14,90.30,7540000.0,1.1,1.70,5750000.0,outperform
8825,2008-02-22 22:13:00,1203736380.0,aet,47.28,-40.0,1353.109985,-41.73,1.7299999999999969,0.31,14.43,0.91,2.64,6.63,10.79,N/A,19.53,54.202,24880000000.0,13950000000.0,N/A,N/A,0.51,4.245,0.51,9840000000.0,4.245,1830000000.0,3.47,3.30,12.30,14220000000.0,28.658,2980000000.0,N/A,19.198,N/A,0.98,0.12,87.60,5220000.0,1.00,1.00,4490000.0,outperform
8826,2008-01-23 22:12:23,1201144343.0,aet,51.03,-46.19,1338.599976,-38.18,-8.009999999999998,0.31,15.89,1.00,2.78,6.78,10.71,3.70,18.87,52.143,27080000000.0,15490000000.0,N/A,1.02,0.58,4.876,0.58,9840000000.0,4.876,1820000000.0,3.41,4.30,10.50,14220000000.0,28.423,2980000000.0,2.32,19.198,1900000000.0,0.81,0.12,88.40,4490000.0,1.8,0.90,5390000.0,underperform
8827,2007-01-25 23:46:33,1169786793.0,aet,38.73,28.09,1423.900024,-6.55,34.64,0.253,13.76,0.88,2.26,7.08,11.42,3.87,18.23,44.123,21450000000.0,N/A,N/A,0.95,N/A,N/A,N/A,7020000000.0,N/A,1730000000.0,2.99,27.80,10.50,14710000000.0,28.183,2440000000.0,2.529,18.487,1980000000.0,0.96,0.32,88.40,6470000.0,2.2,1.20,5280000.0,outperform
8828,2006-01-11 03:31:09,1136968269.0,aet,42.62,-6.41,1294.180054,10.02,-16.43,0.172,18.56,1.22,2.86,6.94,11.36,3.65,16.43,74.671,26500000000.0,12570000000.0,N/A,1.32,0.58,4.718,0.58,87800000.0,4.718,1510000000.0,4.99,70.80,13.10,15700000000.0,54.88,1610000000.0,2.424,32.587002,1730000000.0,N/A,0.34,90.60,4179999.9999999995,2.8,1.50,4460000.0,underperform
8829,2004-08-03 20:44:23,1091580263.0,aet,20.38,77.58,1099.689941,13.22,64.36,0.193,12.87,0.71,1.59,5.75,8.88,2.63,13.54,117.016,13300000000.0,13690000000.0,10.85,0.83,0.73,N/A,0.73,5180000000.0,N/A,1080000000.0,6.728,N/A,21.10,1150000000.0,7.49,1610000000.0,N/A,54.102001,468700000.0,0.172,32.02,87.25,2720000.0,2.54,2.61,2400000.0,outperform
8830,2008-11-01 10:58:06,1225551486.0,aet,24.1,4.48,930.090027,14.62,-10.139999999999999,0.389,7.60,0.41,1.26,5.40,8.99,N/A,N/A,62.455,11730000000.0,14240000000.0,N/A,0.45,0.47,4.579,0.47,10300000000.0,4.579,1640000000.0,3.27,44.20,9.50,1270000000.0,2.683,3770000000.0,N/A,20.580999,N/A,1.43,0.14,93.50,4010000.0,0.9,0.90,3510000.0,underperform
8831,2007-02-20 08:05:18,1171976718.0,aet,43.65,12.62,1459.680054,-6.83,19.45,0.253,15.25,0.92,2.44,6.77,10.74,N/A,15.90,46.038,23530000000.0,11270000000.0,N/A,0.93,0.45,3.801,0.45,7020000000.0,3.801,1570000000.0,2.99,2.60,8.40,14710000000.0,28.511,2440000000.0,N/A,18.487,N/A,0.93,0.26,320.70,5480000.0,2.1,1.10,6470000.0,outperform
8832,2012-03-06 05:59:24,1331031564.0,pcln,629.74,14.16,1343.359985,14.75,-0.5899999999999999,21.29,31.15,7.38,12.49,24.25,32.12,25.43,46.45,87.72,30080000000.0,30080000000.0,16.69,0.85,6.91,20.71,6.91,3080000000.0,20.71,1060000000.0,20.63,66.30,35.50,2660000000.0,53.37,575000000.0,2.77,51.69,1340000000.0,1.66,0.74,100.60,3130000.0,3.90,6.40,3060000.0,underperform
8833,2011-11-17 10:05:25,1321542325.0,pcln,513.4,19.75,1216.130005,11.82,7.93,23.31,28.51,6.54,11.21,23.59,31.39,24.49,46.69,82.77,24970000000.0,24970000000.0,17.98,0.85,6.10,18.63,6.10,1910000000.0,18.63,966380000.0,18.88,110.60,45.00,2400000000.0,48.30,575000000.0,2.44,48.01,24970000000.0,0.87,0.92,96.50,3700000.0,2.70,7.50,3960000.0,outperform
8834,2012-06-16 03:08:22,1339830502.0,pcln,646.5,26.04,1314.880005,24.45,1.5899999999999999,51.95,29.82,6.96,12.30,24.73,32.49,22.82,49.90,92.07,29710000000.0,29710000000.0,16.70,0.89,6.48,19.21,6.48,3080000000.0,19.21,1130000000.0,22.11,73.70,28.20,3620000000.0,72.68,1440000000.0,3.26,52.05,1250000000.0,1.96,0.72,101.00,3890000.0,2.90,7.90,2880000.0,outperform
8835,2011-09-02 15:10:47,1314990647.0,pcln,528.19,14.2,1173.969971,20.15,-5.949999999999999,27.95,37.15,7.23,13.25,19.75,27.60,21.66,41.41,74.11,25000000000.0,25000000000.0,17.83,0.96,6.86,23.55,6.86,1910000000.0,23.55,719870000.0,14.10,123.00,43.70,1950000000.0,39.17,575000000.0,2.11,39.98,25000000000.0,1.16,0.92,96.50,3170000.0,2.30,N/A,3130000.0,underperform
8836,2007-05-28 11:37:55,1180366675.0,pcln,,,1515.72998,-8.6,,1.582,44.51,1.91,6.29,5.06,7.30,6.29,16.06,31.037,2290000000.0,2400000000.0,N/A,0.98,2.03,18.094,2.03,401100000.0,18.094,57230000.0,1.36,N/A,24.60,454990000.0,12.008,568980000.0,0.759,9.495,110490000.0,0.81,22.47,127.50,7770000.0,12.4,22.10,7790000.0,underperform
8837,2012-01-01 23:13:40,1325477620.0,pcln,476.0,30.33,1263.02002,12.92,17.409999999999997,23.31,24.77,5.79,9.91,23.59,31.39,24.49,46.69,82.77,21450000000.0,21450000000.0,15.58,0.74,5.24,16.01,5.24,1910000000.0,16.01,966380000.0,18.88,110.60,45.00,2400000000.0,48.30,575000000.0,2.44,48.01,1240000000.0,1.14,0.92,96.50,3870000.0,3.70,7.90,3840000.0,outperform
8838,2007-06-30 20:49:35,1183250975.0,pcln,64.86,95.81,1506.339966,-14.82,110.63,1.582,50.69,2.06,6.77,5.06,7.30,6.29,16.06,31.037,2600000000.0,2720000000.0,N/A,1.33,2.30,20.486,2.30,401100000.0,20.486,57230000.0,1.36,N/A,24.60,454990000.0,12.008,568980000.0,0.759,9.495,110490000.0,0.9,22.47,130.30,5950000.0,6.1,16.90,7120000.0,outperform
8839,2007-10-12 04:31:16,1192177876.0,pcln,93.38,-31.99,1561.800049,-36.94,4.949999999999999,1.405,49.84,2.88,8.87,6.56,9.23,7.22,19.80,33.19,3470000000.0,3720000000.0,N/A,1.39,2.98,24.664,2.98,401100000.0,24.664,79290000.0,1.83,176.20,16.40,448930000.0,11.811,569160000.0,0.802,10.665,94280000.0,0.63,22.46,127.50,7100000.0,6.9,20.10,9050000.0,outperform
8840,2007-06-04 17:06:03,1180991163.0,pcln,62.23,113.35,1539.180054,-10.49,123.83999999999999,1.582,45.71,1.97,6.48,5.06,7.30,6.29,16.06,31.037,2350000000.0,2450000000.0,N/A,0.99,2.07,18.439,2.07,401100000.0,18.439,57230000.0,1.36,N/A,24.60,454990000.0,12.008,568980000.0,0.759,9.495,110490000.0,0.9,22.47,130.30,7120000.0,20.30,20.30,7770000.0,outperform
8841,2007-01-15 03:52:57,1168851177.0,pcln,,,1430.72998,-3.48,,1.585,31.08,1.52,5.12,6.09,5.21,4.14,17.99,27.013,1620000000.0,1800000000.0,N/A,1.33,1.69,19.155,1.69,267860000.0,19.155,63100000.0,1.43,71.50,21.10,341360000.0,9.378,523720000.0,4.194,8.722,93820000.0,1.35,24.67,107.80,6920000.0,5.6,20.40,5150000.0,underperform
8842,2013-05-12 10:28:05,1368368885.0,pcln,737.5,57.74,1626.670044,16.6,41.14,34.97,26.50,6.99,9.44,26.82,34.71,20.07,42.74,110.81,34600000000.0,34600000000.0,16.69,0.98,6.26,17.42,6.26,4080000000.0,17.42,1480000000.0,28.88,34.20,25.50,5180000000.0,103.51,1460000000.0,3.76,78.14,1790000000.0,1.63,0.53,97.30,2720000.0,4.70,5.50,2760000.0,outperform
8843,2004-12-09 08:17:11,1102598231.0,pcln,23.96,-0.04,1189.23999,5.9,-5.94,1.144,35.04,1.04,5.09,3.19,3.03,6.89,16.67,22.599,929200000.0,934050000.0,20.11,1.40,1.04,24.77,1.04,145940000.0,24.77,27220000.0,0.683,N/A,13.90,221660000.0,5.71,224570000.0,3.22,4.71,37240000.0,3.868,42.57,67.28,9730000.0,10.305,43.62,9700000.0,underperform
8844,2011-11-02 11:49:26,1320248966.0,pcln,493.64,18.73,1237.900024,15.32,3.41,27.95,34.67,6.68,12.23,19.75,27.60,21.66,41.41,74.11,22960000000.0,22960000000.0,16.76,0.79,6.30,21.64,6.30,1910000000.0,21.64,719870000.0,14.10,123.00,43.70,1950000000.0,39.17,575000000.0,2.11,39.98,22960000000.0,0.87,0.92,96.50,3960000.0,2.60,N/A,3800000.0,outperform
8845,2012-08-27 02:46:58,1346050018.0,pcln,588.4,59.01,1410.439941,15.6,43.41,47.62,24.75,6.15,10.10,25.58,33.76,23.08,48.41,96.53,27060000000.0,27060000000.0,16.36,0.90,5.63,16.09,5.63,3080000000.0,16.09,1230000000.0,23.97,37.40,20.30,3940000000.0,79.12,1450000000.0,3.35,58.76,1460000000.0,1.95,0.72,101.00,2450000.0,1.70,4.90,2550000.0,outperform
8846,2004-02-15 12:28:17,1076866097.0,pcln,23.5,-8.98,1152.109985,4.69,-13.670000000000002,0.766,95.16,1.02,5.93,1.38,0.93,4.42,7.31,22.049,901820000.0,780870000.0,0.00,3.07,0.90,39.94,0.90,158370000.0,39.94,10420000.0,0.252,N/A,14.40,245470000.0,6.53,124520000.0,5.714,3.96,17900000.0,3.973,39.90,41.72,5440000.0,7.27,24.09,4240000.0,underperform
8847,2007-05-29 16:50:19,1180471819.0,pcln,60.94,120.1,1518.109985,-8.38,128.48,1.571,35.84,1.93,6.36,6.63,5.53,4.94,20.00,29.058,2280000000.0,2490000000.0,N/A,1.09,2.22,22.951,2.22,401100000.0,22.951,72540000.0,1.68,249.10,27.50,431560000.0,11.482,568860000.0,4.997,9.495,112080000.0,0.81,22.47,121.50,7770000.0,12.4,22.20,7790000.0,outperform
8848,2007-04-29 10:38:46,1177857526.0,pcln,57.1,115.29,1494.25,-6.55,121.84,1.571,33.89,1.91,6.00,6.63,5.53,4.94,20.00,29.058,2140000000.0000002,2280000000.0,N/A,1.00,2.03,21.03,2.03,401100000.0,21.03,72540000.0,1.68,249.10,27.50,431560000.0,11.482,568860000.0,4.997,9.52,112080000.0,1.03,22.47,120.20,7790000.0,22.20,22.20,7470000.0,outperform
8849,2012-11-11 15:27:27,1352665647.0,pcln,627.87,74.64,1377.51001,28.63,46.010000000000005,39.12,23.66,6.19,8.75,26.81,35.08,22.12,44.04,101.59,27990000000.0,27990000000.0,16.77,1.00,5.53,15.24,5.53,3080000000.0,15.24,1360000000.0,26.45,27.10,17.40,4670000000.0,93.61,1450000000.0,3.64,71.75,1570000000.0,1.91,10.76,89.40,2790000.0,2.90,5.60,2520000.0,outperform
8850,2008-12-21 20:17:24,1229908644.0,pcln,70.1,212.74,885.2800289999999,25.84,186.9,0.642,17.78,1.57,3.88,10.65,15.69,12.59,30.57,46.863,2810000000.0,2830000000.0,N/A,0.53,1.56,8.613,1.56,639410000.0,8.613,193080000.0,3.90,15.70,34.50,452240000.0,11.142,467520000.0,0.974,18.063999,301880000.0,0.97,11.67,120.80,7640000.0,4.8,20.10,8050000.000000001,outperform
8851,2007-02-21 22:34:57,1172115297.0,pcln,54.16,128.42,1457.630005,-7.9,136.32,N/A,33.39,1.74,N/A,6.63,5.53,4.94,20.00,29.058,1980000000.0,1960000000.0,N/A,0.93,1.74,18.112,1.74,267860000.0,18.112,72540000.0,1.62,N/A,N/A,N/A,N/A,N/A,4.997,N/A,N/A,1.3,23.46,86.60,8199999.999999999,24.20,24.20,6920000.0,outperform
8852,2004-09-25 21:52:39,1096163559.0,pcln,21.22,-10.56,1113.560059,9.08,-19.64,1.21,31.42,0.89,4.72,3.14,2.83,8.01,17.05,22.856,813000000.0,673680000.0,17.91,2.40,0.74,19.07,0.74,145940000.0,19.07,26500000.0,0.667,N/A,13.90,362670000.0,9.35,223350000.0,4.953,4.415,32900000.0,3.716,40.19,65.42,7080000.0,5.986,30.50,6730000.0,underperform
8853,2013-03-15 00:48:31,1363322911.0,pcln,713.5,86.77,1560.699951,19.7,67.07,35.91,25.78,6.78,9.16,26.98,34.90,21.77,42.14,105.56,32229999999.999996,32229999999.999996,15.53,0.96,6.13,16.95,6.13,4080000000.0,16.95,1420000000.0,27.66,27.90,20.20,5180000000.0,103.93,1460000000.0,3.89,78.14,1790000000.0,1.67,0.53,97.30,2260000.0,3.80,4.60,2700000.0,outperform
8854,2008-12-02 14:46:15,1228247175.0,pcln,61.99,251.72,848.8099980000001,30.68,221.04,0.642,15.99,1.39,3.47,10.65,15.69,12.59,30.57,46.863,2510000000.0,2540000000.0,N/A,0.47,1.40,7.756,1.40,639410000.0,7.756,193080000.0,3.90,15.70,34.50,452240000.0,11.215,467520000.0,0.974,18.063999,301880000.0,0.97,11.67,120.60,8050000.000000001,4.2,21.10,8720000.0,outperform
8855,2009-02-22 08:10:31,1235308231.0,pcln,80.16,185.77,778.9400019999999,42.25,143.52,N/A,21.07,1.74,4.50,10.27,15.36,13.43,29.55,47.961,3430000000.0,3360000000.0,N/A,0.73,1.78,10.109,1.78,639410000.0,10.109,193470000.0,3.98,1.20,21.30,463440000.0,11.309,392980000.0,1.141,17.823,315550000.0,1.09,6.10,127.50,9250000.0,6.1,24.30,8870000.0,outperform
8856,2012-03-31 04:41:01,1333183261.0,pcln,718.2,-4.18,1405.540039,11.64,-15.82,21.29,34.78,8.23,13.93,24.25,32.12,25.43,46.45,87.72,33770000000.000004,33770000000.000004,18.69,1.00,7.75,23.25,7.75,3080000000.0,23.25,1060000000.0,20.63,66.30,35.50,2660000000.0,53.37,575000000.0,2.77,51.69,1340000000.0,1.66,0.74,100.60,3450000.0,3.40,7.00,3150000.0,underperform
8857,2007-04-05 23:15:05,1175829305.0,pcln,54.54,130.12,1443.76001,-5.08,135.20000000000002,1.571,32.43,1.82,5.72,6.63,5.53,4.94,20.00,29.058,2049999999.9999998,2180000000.0,N/A,0.96,1.94,20.132,1.94,401100000.0,20.132,72540000.0,1.68,249.10,27.50,431560000.0,11.482,568860000.0,4.997,9.52,112080000.0,1.03,22.47,120.70,7790000.0,22.20,22.20,7470000.0,outperform
8858,2011-02-26 03:54:18,1298710458.0,fosl,74.71,58.99,1307.400024,4.29,54.7,0.79,20.66,2.40,4.66,12.57,18.54,N/A,25.02,30.45,4500000000.0,4500000000.0,15.30,1.05,2.22,10.81,2.22,844850000.0,10.81,255210000.0,3.77,38.10,32.80,371550000.0,5.71,8440000.0,N/A,16.06,4500000000.0,1.57,20.96,79.00,1320000.0,1.90,2.90,1400000.0,outperform
8859,2003-10-26 18:54:55,1067212495.0,fosl,16.93,66.33,1033.77002,5.9,60.43,0.007,20.13,1.68,3.26,8.48,13.59,12.99,18.11,14.588,1160000000.0,1030000000.0,15.58,1.04,1.46,9.25,1.46,334080000.0,9.25,59890000.0,1.237,34.90,21.60,132460000.00000001,2.84,2540000.0,3.832,7.78,N/A,1.143,46.99,53.17,N/A,2.815,3.20,1220000.0,outperform
8860,2011-08-15 01:21:29,1313385689.0,fosl,94.52,-10.54,1204.48999,16.56,-27.099999999999998,0.94,22.72,2.61,5.57,12.65,19.55,19.67,28.07,32.96,5560000000.0,5560000000.0,16.64,0.92,2.56,11.92,2.56,1160000000.0,11.92,275120000.0,4.11,55.50,36.60,355250000.0,5.62,9690000.0,3.55,16.11,5560000000.0,1.49,17.68,73.70,1210000.0,1.50,2.60,1170000.0,underperform
8861,2013-04-26 13:17:02,1366996622.0,fosl,95.49,13.39,1582.23999,18.53,-5.140000000000001,6.28,16.97,1.97,4.59,12.02,17.45,17.89,30.06,46.88,5500000000.0,5500000000.0,13.69,0.94,1.92,9.74,1.92,1610000000.0,9.74,343400000.0,5.59,28.20,14.10,177360000.0,2.99,77930000.0,2.81,20.69,451600000.0,1.89,16.63,88.80,2900000.0,4.00,7.40,2820000.0,underperform
8862,2004-09-30 15:30:08,1096572608.0,fosl,30.94,-41.21,1114.579956,10.25,-51.46,0.009,28.97,2.52,4.73,9.09,14.55,13.71,18.88,11.601,2160000000.0,2020000000.0,20.39,1.19,2.36,13.79,2.36,401380000.0,13.79,77930000.0,1.056,16.00,17.80,142030000.0,2.01,4280000.0,3.318,6.441,85050000.0,0.987,46.87,67.60,1830000.0,5.202,4.87,1460000.0,underperform
8863,2007-02-21 09:55:19,1172069719.0,fosl,28.39,22.05,1457.630005,-7.9,29.950000000000003,0.098,29.67,1.68,3.47,5.92,9.21,8.35,12.17,16.056,1860000000.0,1830000000.0,N/A,1.49,1.66,13.869,1.66,533710000.00000006,13.869,65470000.0,0.93,16.40,14.60,78330000.0,1.161,52130000.0,2.419,7.936,48080000.0,0.94,32.60,72.00,4780000.0,18.4,10.70,4380000.0,outperform
8864,2012-02-18 04:01:15,1329555675.0,fosl,117.16,-10.89,1343.22998,13.26,-24.15,1.39,28.03,3.04,7.06,11.22,18.64,19.12,26.59,38.10,7190000000.0,7190000000.0,17.96,1.07,2.95,14.31,2.95,1160000000.0,14.31,273450000.0,4.22,2.10,22.70,239570000.0,3.83,14870000.0,3.18,16.78,249380000.0,1.28,16.15,83.90,5350000.0,4.20,11.50,5560000.0,underperform
8865,2006-10-31 19:52:58,1162342378.0,fosl,21.84,71.98,1377.939941,12.44,59.540000000000006,0.098,23.34,1.34,2.77,5.92,9.21,8.35,12.17,16.056,1460000000.0,1450000000.0,N/A,1.33,1.32,11.006,1.32,533710000.00000006,11.006,65470000.0,0.93,16.40,14.60,78330000.0,1.161,52130000.0,2.419,7.936,48080000.0,0.91,33.85,75.40,4400000.0,10.4,9.90,4940000.0,outperform
8866,2005-02-04 07:04:03,1107518643.0,fosl,27.79,-15.15,1203.030029,6.6,-21.75,0.009,24.03,2.18,4.04,9.38,15.04,13.88,19.31,12.142,1950000000.0,1870000000.0,18.28,1.10,2.07,11.84,2.07,401380000.0,11.84,84500000.0,1.14,16.00,17.80,103640000.0,1.46,4240000.0,2.934,6.855,69580000.0,0.948,42.35,63.73,1320000.0,1.984,3.23,N/A,underperform
8867,2004-10-23 06:00:16,1098525616.0,fosl,28.1,-42.42,1103.660034,6.72,-49.14,0.009,26.57,2.34,4.41,9.09,14.55,13.71,18.88,11.601,1990000000.0,1870000000.0,18.71,1.14,2.18,12.78,2.18,401380000.0,12.78,77930000.0,1.056,16.00,17.80,142030000.0,2.01,4280000.0,3.318,6.441,85050000.0,0.966,46.87,67.06,1830000.0,5.202,4.87,1460000.0,underperform
8868,2010-12-24 17:32:54,1293229974.0,fosl,,,1254.599976,-0.87,,0.79,21.56,2.52,4.48,12.30,18.37,16.27,23.46,27.69,4350000000.0,4350000000.0,17.23,1.25,2.34,11.38,2.34,844850000.0,11.38,228520000.0,3.36,93.20,37.40,371550000.0,5.71,8440000.0,3.79,16.06,4350000000.0,1.68,20.96,79.00,2049999.9999999998,2.10,4.50,2220000.0,underperform
8869,2013-02-06 17:04:58,1360188298.0,fosl,104.63,10.02,1512.119995,17.28,-7.260000000000002,15.89,20.88,2.26,5.43,11.32,16.84,17.03,29.07,44.46,6250000000.0,6250000000.0,17.02,1.07,2.28,11.95,2.28,1440000000.0,11.95,310180000.0,5.00,10.30,6.40,143020000.0,2.38,184850000.0,3.05,19.02,337040000.0,1.89,16.40,89.60,2350000.0,3.50,6.00,2530000.0,underperform
8870,2006-10-23 12:40:28,1161621628.0,cci,32.39,20.81,1377.02002,10.35,10.459999999999999,2.46,N/A,9.18,7.64,9.47,9.59,0.90,4.31,3.397,6680000000.0,9170000000.0,N/A,N/A,12.61,26.578,12.61,424770000.0,26.578,106060000.0,0.51,N/A,15.20,522590000.00000006,2.592,2980000000.0,3.946,4.339,274090000.0,1.33,1.67,100.50,11600000.0,16.3,5.80,10970000.0,outperform
8871,2004-08-27 19:01:07,1093647667.0,cci,14.0,68.0,1107.77002,9.19,58.81,1.311,N/A,3.96,1.62,48.55,0.49,5.81,21.24,3.575,3190000000.0,6040000000.0,N/A,N/A,7.71,20.86,7.71,512570000.00000006,20.86,422600000.0,1.934,N/A,3.20,232500000.0,1.03,3170000000.0,1.301,8.491,251230000.0,2.626,4.25,95.00,1830000.0,0.196,0.85,9350000.0,outperform
8872,2007-04-06 11:42:12,1175874132.0,cci,31.7,12.08,1437.77002,-4.89,16.97,3.287,N/A,11.59,8.63,5.32,15.92,1.81,3.72,3.803,9120000000.0,12040000000.0,N/A,N/A,15.28,28.827,15.28,515260000.0,28.827,68360000.0,0.30,N/A,18.00,592720000.0,2.096,3510000000.0,3.984,3.742,281420000.0,1.07,0.86,68.80,9440000.0,3.40,3.40,9080000.0,outperform
8873,2013-05-17 14:24:10,1368815050.0,cci,75.97,-0.29,1667.469971,13.26,-13.549999999999999,365.51,149.58,8.64,7.67,5.88,34.41,4.10,5.87,9.01,33590000000.000004,33590000000.000004,64.28,3.79,12.82,21.37,12.82,1700000000.0,21.37,154010000.0,0.52,69.10,34.10,160870000.0,0.55,10840000000.0,1.36,10.14,896970000.0,0.38,0.64,96.00,3100000.0,1.70,1.20,2850000.0,underperform
8874,2009-01-06 18:19:17,1231283957.0,cci,19.21,100.21,934.7000119999999,21.66,78.55,1.755,N/A,3.75,1.79,4.32,19.51,1.76,1.81,5.372,5710000000.0,11670000000.0,N/A,N/A,7.73,14.19,7.73,876400000.0,14.19,86010000.0,0.31,N/A,9.30,73100000.0,0.253,6090000000.0,1.126,10.932,475700000.0,1.93,12.24,85.30,18760000.0,4.1,6.60,14520000.0,outperform
8875,2005-02-15 11:03:11,1108483391.0,cci,15.77,83.2,1210.119995,5.77,77.43,0.72,N/A,5.22,1.71,48.06,6.18,5.41,18.98,3.158,3620000000.0,4610000000.0,N/A,N/A,6.62,14.93,6.62,512570000.00000006,14.93,379380000.0,1.73,N/A,3.20,908500000.0,4.06,1900000000.0,5.724,9.516,2220000000.0,2.576,1.65,93.58,5000000.0,3.797,2.27,7600000.0,outperform
8876,2012-11-06 05:20:37,1352197237.0,cci,65.59,13.49,1428.390015,23.95,-10.459999999999999,284.87,76.92,8.64,6.70,11.28,36.59,4.49,9.33,7.94,27950000000.0,27950000000.0,78.64,4.12,12.27,19.69,12.27,1440000000.0,19.69,249380000.0,0.87,18.00,20.90,118900000.0,0.41,8380000000.000001,1.46,10.11,712640000.0,0.56,0.68,96.60,4280000.0,2.30,1.70,5170000.0,underperform
8877,2007-11-04 02:52:28,1194162748.0,cci,38.98,-45.48,1508.439941,-35.94,-9.54,1.568,N/A,10.62,3.24,9.11,13.56,1.20,3.87,4.472,11540000000.0,17450000000.0,N/A,N/A,16.30,31.102,16.30,515260000.0,31.102,118270000.0,0.49,N/A,76.90,92430000.0,0.325,6000000000.0,1.57,12.34,276130000.0,1.26,0.88,91.70,9040000.0,5.9,3.20,8820000.0,underperform
8878,2010-03-04 07:37:11,1267706231.0,cci,37.97,5.16,1122.969971,17.65,-12.489999999999998,N/A,N/A,6.66,3.82,6.78,26.89,2.66,3.64,5.88,17410000000.0,17410000000.0,N/A,N/A,10.33,17.709,10.33,1140000000.0,17.709,135140000.0,0.47,N/A,13.10,766710000.0,2.618,6880000000.0,1.586,10.031,571260000.0,1.68,4.61,91.90,7000000.0,3.4,3.40,6440000.0,underperform
8879,2012-01-28 06:10:18,1327749018.0,p,12.82,-13.57,1326.060059,12.73,-26.3,N/A,N/A,8.68,19.40,3.89,1.69,2.00,12.55,3.52,2000000000.0,2000000000.0,N/A,16.18,8.30,3.89,8.30,N/A,3.89,15600000.0,0.22,38.90,99.00,90800000.0,0.56,0.00,2.57,0.67,4480000.0,N/A,1.63,35.30,N/A,N/A,N/A,N/A,underperform
8880,2012-07-25 23:36:59,1343273819.0,p,9.44,100.64,1337.890015,26.34,74.3,N/A,N/A,5.26,17.37,9.73,8.56,11.89,57.60,2.12,1520000000.0,1520000000.0,188.80,2.27,4.99,73.04,4.99,251580000.0,73.04,30950000.0,0.22,N/A,58.30,80590000.0,0.48,0.00,2.01,0.55,7480000.0,N/A,19.00,60.30,22030000.0,6.10,37.30,21650000.0,outperform
8881,2011-12-29 11:54:18,1325177658.0,p,10.0,-9.9,1263.02002,11.04,-20.939999999999998,N/A,N/A,6.71,15.01,3.89,1.69,2.00,12.55,3.52,1520000000.0,1520000000.0,N/A,12.51,6.34,3.89,6.34,N/A,3.89,15600000.0,0.22,38.90,99.00,90800000.0,0.56,0.00,2.57,0.67,4480000.0,N/A,N/A,N/A,N/A,N/A,N/A,N/A,underperform
8882,2011-08-21 07:31:21,1313926281.0,p,12.91,-27.65,1140.650024,24.33,-51.98,68.42,N/A,12.33,18.11,3.30,1.57,N/A,N/A,13.34,2040000000.0,2040000000.0,N/A,N/A,12.22,3.30,12.22,N/A,3.30,15220000.0,1.21,N/A,136.30,43720000.0,0.27,7430000.0,1.08,0.71,2040000000.0,N/A,N/A,N/A,N/A,N/A,N/A,N/A,underperform
8883,2011-10-22 05:36:55,1319276215.0,p,14.79,-36.65,1209.880005,20.45,-57.099999999999994,N/A,N/A,11.94,23.23,4.41,1.80,N/A,N/A,6.63,2330000000.0,2330000000.0,N/A,6.27,11.47,4.41,11.47,N/A,4.41,18010000.0,0.59,N/A,117.20,95310000.0,0.59,0.00,2.58,0.65,2330000000.0,N/A,N/A,N/A,N/A,N/A,N/A,N/A,underperform
8884,2011-12-22 00:31:56,1324531916.0,p,9.83,-8.75,1254.0,14.05,-22.8,N/A,N/A,6.80,15.20,3.89,1.69,2.00,12.55,3.52,1550000000.0,1550000000.0,N/A,12.68,6.42,3.89,6.42,N/A,3.89,15600000.0,0.22,38.90,99.00,90800000.0,0.56,0.00,2.57,0.67,4480000.0,N/A,N/A,N/A,N/A,N/A,N/A,N/A,underperform
8885,2011-06-21 06:53:57,1308653637.0,p,13.5,-12.67,1295.52002,4.64,-17.31,18.34,N/A,1.22,N/A,3.30,1.57,N/A,N/A,13.34,167750000.0,167750000.0,N/A,N/A,1.00,304.45,1.00,N/A,304.45,15220000.0,1.21,N/A,136.30,43720000.0,2.87,7430000.0,1.70,5.96,167750000.0,N/A,N/A,N/A,N/A,N/A,N/A,N/A,underperform
8886,2012-01-01 06:25:29,1325417129.0,p,10.0,-8.2,1263.02002,12.92,-21.119999999999997,N/A,N/A,6.71,14.99,3.89,1.69,2.00,12.55,3.52,1520000000.0,1520000000.0,N/A,12.50,6.34,3.89,6.34,N/A,3.89,15600000.0,0.22,38.90,99.00,90800000.0,0.56,0.00,2.57,0.67,4480000.0,N/A,N/A,N/A,N/A,N/A,N/A,N/A,underperform
8887,2013-05-15 12:09:53,1368634193.0,p,16.57,42.61,1658.780029,12.78,29.83,N/A,N/A,6.78,29.18,8.93,8.83,11.88,37.49,2.54,2600000000.0,2600000000.0,88.16,31.91,6.10,84.65,6.10,136380000.0,84.65,38150000.0,0.23,N/A,53.80,88970000.0,0.52,0.00,1.71,0.57,6330000.0,0.90,11.38,94.50,35650000.0,9.20,33.40,35290000.0,outperform
8888,2012-03-22 21:15:42,1332465342.0,p,10.63,25.59,1392.780029,11.78,13.81,N/A,N/A,6.34,16.65,5.87,4.01,4.96,21.59,2.59,1650000000.0,1650000000.0,265.75,1.76,6.01,252.34,6.01,N/A,252.34,19860000.0,0.19,N/A,70.70,90580000.0,0.56,0.00,2.26,0.64,5880000.0,N/A,1.63,35.30,N/A,N/A,N/A,N/A,outperform
8889,2012-01-28 15:18:49,1327781929.0,p,12.82,-13.57,1326.060059,12.73,-26.3,N/A,N/A,8.68,19.40,3.89,1.69,2.00,12.55,3.52,2150000000.0,2150000000.0,N/A,16.18,8.95,3.89,8.95,N/A,3.89,15600000.0,0.22,38.90,99.00,90800000.0,0.56,0.00,2.57,0.67,4480000.0,N/A,1.63,35.30,N/A,N/A,N/A,N/A,underperform
8890,2005-09-05 18:49:31,1125960571.0,aiv,,,1218.02002,7.82,,2.265,21.54,2.44,2.06,16.87,27.25,2.06,1.62,16.814,3820000000.0,11180000000.0,N/A,3.04,7.11,14.921,7.11,779110000.0,14.921,45400000.0,1.86,97.10,9.90,148780000.0,1.558,6500000000.0,1.753,19.490999,380560000.0,N/A,3.00,85.50,2800000.0,5.9,3.10,2900000.0,underperform
8891,2013-05-14 20:29:12,1368577752.0,aiv,31.15,-1.44,1650.339966,14.43,-15.87,397.17,47.09,4.67,5.73,13.56,22.95,2.19,0.71,7.15,10050000000.0,10050000000.0,14.88,1.51,9.99,17.56,9.99,618960000.0,17.56,81360000.0,0.70,202.30,3.70,49560000.0,0.34,4720000000.0,2.35,5.62,317250000.0,0.95,0.97,102.70,5550000.0,5.40,5.10,5420000.0,underperform
8892,2007-01-17 16:51:48,1169070708.0,aiv,30.98,-38.28,1430.619995,-6.81,-31.470000000000002,2.86,249.21,N/A,N/A,6.19,20.62,2.23,2.03,18.523,N/A,12400000000.0,N/A,3.58,7.02,14.729,7.02,798120000.0,14.729,139190000.0,0.24,N/A,18.10,182280000.0,1.889,6790000000.0,1.62,N/A,469650000.0,1.19,2.81,93.70,3200000.0,4.5,3.40,2960000.0,underperform
8893,2004-05-22 07:48:23,1085226503.0,aiv,12.51,45.4,1088.680054,9.41,35.989999999999995,2.092,N/A,1.75,1.38,3.79,28.30,0.56,1.80,16.412,2670000000.0,9910000000.0,9.59,2.17,6.49,12.83,6.49,823010000.0,12.83,36860000.0,0.396,6.00,0.70,88460000.0,0.94,6260000000.0,N/A,20.652,355190000.0,0.194,11.61,85.09,2150000.0,2.952,2.58,1900000.0,outperform
8894,2004-01-18 06:24:52,1074425092.0,aiv,14.66,,1132.050049,4.63,,2.14,N/A,2.10,1.57,4.90,8.71,0.73,1.60,16.53,3200000000.0,10150000000.0,10.35,2.08,6.62,12.13,6.62,862530000.0,12.13,34620000.0,0.373,57.50,2.90,126680000.0,1.34,6220000000.0,N/A,21.8,N/A,0.174,11.58,85.80,1800000.0,3.236,2.16,1580000.0,underperform
8895,2005-01-09 17:04:30,1105308270.0,aiv,16.57,20.34,1187.890015,8.61,11.73,2.024,N/A,2.34,1.73,2.20,24.41,0.31,2.43,15.679,3410000000.0,10270000000.0,12.40,1.86,7.04,14.42,7.04,823010000.0,14.42,47310000.0,0.51,6.00,0.70,122570000.0,1.29,5990000000.0,N/A,20.757999,351760000.0,0.19,12.53,91.51,3960000.0,7.041,4.77,4179999.9999999995,outperform
8896,2008-01-08 07:10:49,1199794249.0,aiv,17.66,-42.53,1390.189941,-34.78,-7.75,3.619,54.90,1.71,2.36,6.88,20.90,2.28,1.63,18.933,3110000000.0,10860000000.0,N/A,1.70,6.00,12.305,6.00,918430000.0,12.305,104070000.0,0.59,N/A,6.90,337490000.0,3.531,7370000000.0,1.955,13.741,473000000.0,1.81,2.96,100.50,9960000.0,6.5,10.80,9440000.0,underperform
8897,2008-01-23 19:31:02,1201134662.0,aiv,22.42,-64.5,1338.599976,-38.18,-26.32,3.619,64.19,1.84,2.54,6.88,20.90,2.28,1.63,18.933,3630000000.0,11090000000.0,N/A,1.82,6.12,12.558,6.12,918430000.0,12.558,104070000.0,0.592,N/A,6.90,337490000.0,3.531,7370000000.0,1.955,13.741,473000000.0,1.81,2.96,100.20,13400000.0,14.60,14.60,9960000.0,underperform
8898,2013-04-22 08:22:07,1366633327.0,aiv,29.5,1.22,1562.5,20.29,-19.07,380.30,50.93,4.55,5.35,13.29,21.47,2.02,1.21,7.41,9880000000.0,9880000000.0,14.08,1.48,9.91,17.59,9.91,618960000.0,17.59,128120000.0,0.61,N/A,12.20,84410000.0,0.58,4700000000.0,0.61,5.82,316830000.0,0.97,0.97,102.70,5880000.0,5.30,5.40,6070000.0,underperform
8899,2005-02-16 03:30:49,1108542649.0,aiv,17.69,20.07,1210.339966,6.53,13.54,1.986,N/A,2.41,1.78,2.85,22.15,0.41,1.71,15.747,3610000000.0,10400000000.0,12.20,2.15,7.08,14.99,7.08,823010000.0,14.99,33110000.0,0.36,6.00,0.70,105340000.0,1.11,5970000000.0,N/A,21.068001,351760000.0,0.187,12.53,91.66,3350000.0,5.042,4.04,3960000.0,outperform
8900,2003-10-26 17:46:24,1067208384.0,aiv,17.14,-6.24,1033.77002,5.9,-12.14,2.028,257.28,2.48,1.82,7.81,11.18,1.20,0.66,16.703,3820000000.0,10670000000.0,10.45,1.38,6.90,12.54,6.90,862530000.0,12.54,14680000.0,0.158,57.50,2.90,105920000.0,1.13,6070000000.0,N/A,22.41,N/A,0.139,11.57,83.63,2270000.0,7.817,2.72,1800000.0,underperform
8901,2005-03-08 22:29:05,1110338945.0,aiv,18.24,18.86,1219.430054,4.84,14.02,1.986,N/A,2.53,1.86,2.85,22.15,0.41,1.71,15.747,3690000000.0,10580000000.0,12.48,2.66,7.20,15.24,7.20,823010000.0,15.24,33110000.0,0.36,6.00,0.70,105340000.0,1.11,5970000000.0,N/A,21.068001,351760000.0,0.193,12.53,91.82,2720000.0,4.237,3.28,3350000.0,outperform
8902,2007-02-20 06:12:22,1171969942.0,aiv,31.9,-34.76,1459.680054,-6.83,-27.93,2.934,60.04,3.40,3.84,10.42,21.51,2.28,1.58,17.975,5940000000.0,13410000000.0,N/A,3.38,7.79,15.948,7.79,798120000.0,15.948,121190000.0,1.03,466.30,16.30,229820000.0,2.382,6870000000.0,1.858,15.838,508970000.0,1.24,2.52,81.60,3370000.0,5.9,3.60,3200000.0,underperform
8903,2004-11-30 01:33:49,1101796429.0,aiv,16.76,13.37,1173.819946,6.45,6.919999999999999,2.024,N/A,2.40,1.78,2.20,24.41,0.31,2.43,15.679,3450000000.0,10350000000.0,12.54,2.22,7.10,14.55,7.10,823010000.0,14.55,47310000.0,0.51,6.00,0.70,122570000.0,1.29,5990000000.0,N/A,20.757999,351760000.0,0.206,12.53,91.80,4179999.9999999995,7.357,5.04,4040000.0,outperform
8904,2005-04-11 18:19:40,1113257980.0,aiv,17.31,25.36,1181.209961,8.92,16.439999999999998,1.986,N/A,2.38,1.78,2.85,22.15,0.41,1.71,15.747,3480000000.0,10410000000.0,11.82,2.72,7.09,N/A,7.09,779110000.0,694180000.0,33110000.0,0.36,65.90,3.10,105340000.0,1.11,5970000000.0,N/A,20.733999,365520000.0,0.188,3.56,90.14,3250000.0,4.741,3.55,2720000.0,outperform
8905,2008-04-25 10:05:55,1209132355.0,schw,20.03,-19.52,1397.839966,-39.65,20.13,0.241,10.70,4.79,6.79,47.38,41.57,N/A,N/A,4.385,24670000000.0,1800000000.0,N/A,1.06,0.35,N/A,0.35,5290000000.0,N/A,1190000000.0,2.04,11.70,13.40,23770000000.0,21.041,899000000.0,N/A,3.215,N/A,1.82,19.94,65.90,26220000.0,1.5,2.80,30490000.0,outperform
8906,2008-12-05 18:47:32,1228520852.0,schw,16.91,0.65,876.070007,26.62,-25.970000000000002,0.217,16.31,3.64,4.66,23.26,43.14,2.67,32.91,4.539,19700000000.0,13720000000.0,N/A,0.91,2.63,N/A,2.63,5290000000.0,N/A,1230000000.0,1.05,80.20,3.10,33310000000.000004,28.844,881000000.0,1.954,3.519,134000000.0,1.28,18.33,67.50,31210000.0,2.9,3.30,26680000.0,underperform
8907,2007-04-06 11:37:24,1175873844.0,schw,16.38,10.62,1437.77002,-4.89,15.509999999999998,0.077,20.05,5.61,4.82,28.48,37.57,1.85,18.84,3.393,24260000000.0,2800000000.0,N/A,1.44,0.65,N/A,0.65,4700000000.0,N/A,891000000.0,0.95,149.70,35.50,21760000000.0,17.157,388000000.0,2.029,3.958,1760000000.0,2.11,38.31,60.10,16180000.0,2.2,1.60,14530000.0,outperform
8908,2013-04-25 05:55:45,1366883745.0,schw,16.49,62.1,1585.160034,17.55,44.55,16.33,24.19,4.48,2.23,19.23,28.00,0.77,10.35,3.82,3670000000.0,3670000000.0,19.35,1.06,0.75,N/A,0.75,4880000000.0,N/A,886000000.0,0.69,5.60,8.50,26900000000.0,20.38,1600000000.0,0.42,7.42,N/A,1.69,14.29,77.60,41570000.0,4.50,3.80,42600000.0,outperform
8909,2010-01-23 00:17:38,1264223858.0,schw,17.76,-2.31,1138.040039,12.5,-14.81,N/A,23.44,4.99,4.54,20.87,40.65,1.54,20.77,3.865,2450000000.0,2450000000.0,N/A,1.61,0.55,N/A,0.55,5060000000.0,N/A,931000000.0,0.80,34.20,19.20,26220000000.0,22.562,1520000000.0,0.677,4.219,1410000000.0,1.22,18.02,67.70,46880000.0,5.2,5.00,46540000.0,underperform
8910,2011-04-29 03:44:55,1304063095.0,schw,17.41,-21.71,1363.609985,1.99,-23.7,30.77,32.35,5.05,3.48,15.43,37.79,0.80,11.36,3.74,1510000000.0,1510000000.0,16.15,1.46,0.34,N/A,0.34,4250000000.0,N/A,691000000.0,0.57,950.00,23.40,23100000000.0,19.01,2000000000.0,0.52,5.35,1510000000.0,1.23,17.21,72.00,36600000.0,3.50,3.60,29170000.0,underperform
8911,2009-10-19 09:59:07,1255960747.0,schw,17.25,-19.01,1097.910034,6.19,-25.200000000000003,N/A,20.37,4.49,4.58,22.00,42.49,1.87,24.34,4.086,2570000000.0,2570000000.0,N/A,1.61,0.55,N/A,0.55,5060000000.0,N/A,1030000000.0,0.89,30.50,17.00,25270000000.0,21.766,1560000000.0,0.716,3.976,1330000000.0,1.22,18.04,68.70,37810000.0,2.6,4.00,33380000.000000004,underperform
8912,2012-04-12 02:20:18,1334211618.0,schw,13.78,23.44,1387.569946,14.51,8.930000000000001,25.94,19.83,3.73,2.27,18.42,35.56,0.86,12.40,3.82,15820000000.0,15820000000.0,15.95,1.52,3.37,N/A,3.37,4690000000.0,N/A,864000000.0,0.70,37.00,1.20,35310000000.0,27.77,2000000000.0,0.62,6.07,2460000000.0,1.56,15.49,72.40,41320000.0,3.10,4.10,33520000.000000004,outperform
8913,2007-05-28 11:38:47,1180366727.0,schw,,,1515.72998,-8.6,,0.078,21.45,5.97,5.34,28.52,37.66,1.92,19.09,3.491,26350000000.0,6120000000.0,N/A,1.43,1.39,N/A,1.39,4700000000.0,N/A,913000000.0,0.98,12.30,9.40,20610000000.0,16.5,387000000.0,2.072,3.94,853000000.0,1.86,38.90,59.90,18200000.0,1.80,1.80,16180000.0,underperform
8914,2011-11-04 15:39:57,1320435597.0,schw,12.14,9.23,1253.22998,12.68,-3.4499999999999993,29.76,18.63,3.32,2.32,17.43,37.53,N/A,N/A,3.92,13110000000.0,13110000000.0,16.29,1.25,2.79,N/A,2.79,4250000000.0,N/A,820000000.0,0.67,77.40,11.10,30720000000.0,25.40,2000000000.0,N/A,5.57,13110000000.0,1.38,17.21,72.00,27940000.0,1.90,N/A,26790000.0,underperform
8915,2007-02-22 21:08:29,1172196509.0,schw,17.0,7.65,1456.380005,-7.09,14.74,0.233,20.69,5.80,5.36,28.64,37.21,N/A,19.62,3.387,24930000000.0,1800000000.0,N/A,1.42,0.42,N/A,0.42,4900000000.0,N/A,891000000.0,0.95,149.70,7.10,24150000000.0,19.124,1080000000.0,N/A,3.673,N/A,2.17,38.47,58.40,15500000.0,2.8,1.50,16960000.0,outperform
8916,2006-06-16 09:32:26,1150464746.0,schw,13.27,40.32,1251.540039,21.1,19.22,0.285,24.85,4.33,4.38,17.57,32.64,1.75,18.43,3.637,20290000000.0,3040000000.0,N/A,1.21,0.65,N/A,0.65,4900000000.0,N/A,821000000.0,0.63,67.60,20.80,24650000000.0,19.112,1320000000.0,1.639,3.593,1250000000.0,1.93,19.04,59.40,15710000.0,2.5,1.50,17200000.0,outperform
8917,2008-01-25 16:46:45,1201297605.0,schw,19.31,-30.66,1330.609985,-36.85,6.190000000000001,0.184,10.54,5.36,7.58,54.08,39.24,2.40,25.88,3.843,24660000000.0,3780000000.0,N/A,1.12,0.80,N/A,0.80,4700000000.0,N/A,1040000000.0,2.05,34.00,196.30,22260000000.0,19.515,625000000.0,1.637,2.938,1580000000.0,1.46,19.77,63.10,24740000.0,3.2,2.60,28680000.0,outperform
8918,2007-01-26 11:26:44,1169828804.0,schw,16.13,27.15,1422.180054,-5.88,33.03,0.233,19.23,5.41,5.00,28.64,37.21,N/A,19.62,3.387,23170000000.0,103080000.0,N/A,1.30,0.02,N/A,0.02,4900000000.0,N/A,891000000.0,0.95,149.70,7.10,24150000000.0,19.124,1080000000.0,N/A,3.673,N/A,2.22,19.45,61.10,16960000.0,2.5,1.70,15770000.0,outperform
8919,2012-03-03 23:00:08,1330833608.0,schw,13.43,19.06,1365.680054,10.91,8.149999999999999,25.94,19.74,3.77,2.29,18.42,35.56,0.86,12.40,3.82,15740000000.0,15740000000.0,16.85,1.55,3.35,N/A,3.35,4690000000.0,N/A,864000000.0,0.70,37.00,1.20,35310000000.0,27.77,2000000000.0,0.62,6.07,2460000000.0,1.65,15.49,72.40,25130000.0,1.50,2.50,28390000.0,outperform
8920,2008-10-16 20:03:37,1224201817.0,schw,19.14,-11.44,946.429993,14.92,-26.36,0.227,9.87,4.37,5.90,46.51,42.74,2.56,27.80,4.535,23740000000.0,4030000000.0000005,N/A,1.03,0.77,N/A,0.77,5290000000.0,N/A,1250000000.0,2.09,1.00,8.50,27870000000.0,24.201,882000000.0,1.954,3.379,881000000.0,0.97,18.38,66.30,25840000.0,1.4,2.80,27890000.0,underperform
8921,2010-04-14 04:18:12,1271233092.0,schw,18.13,-4.47,1210.650024,8.58,-13.05,N/A,28.92,5.60,4.48,18.91,36.69,1.24,17.23,3.6,2710000000.0,2710000000.0,N/A,3.05,0.65,N/A,0.65,4190000000.0000005,N/A,787000000.0,0.68,46.80,23.20,27530000000.0,23.091,1510000000.0,0.652,4.365,1440000000.0,1.19,17.40,68.30,49780000.0,4.6,N/A,50530000.0,underperform
8922,2012-03-06 19:19:08,1331079548.0,schw,13.13,30.08,1343.359985,14.75,15.329999999999998,25.94,19.46,3.75,2.28,18.42,35.56,0.86,12.40,3.82,15720000000.0,15720000000.0,16.41,1.55,3.35,N/A,3.35,4690000000.0,N/A,864000000.0,0.70,37.00,1.20,35310000000.0,27.77,2000000000.0,0.62,6.07,2460000000.0,1.65,15.49,72.40,25130000.0,1.50,2.50,28390000.0,outperform
8923,2012-07-01 20:48:59,1341190139.0,stz,21.76,144.26,1329.040039,21.51,122.74999999999999,148.75,12.38,1.52,1.76,16.67,20.53,4.83,17.65,13.40,8380000000.000001,8380000000.000001,11.87,1.51,3.16,12.87,3.16,1060000000.0,12.87,442500000.0,2.19,3.40,0.10,69100000.0,0.37,3420000000.0,3.35,12.38,639200000.0,1.21,106.82,90.80,3290000.0,1.70,3.10,3340000.0,outperform
8924,2006-06-24 16:31:35,1151181095.0,stz,25.79,-6.86,1252.199951,21.56,-28.419999999999998,0.944,19.03,1.26,1.95,7.07,15.85,6.00,11.30,20.848,5800000000.0,8600000000.0,N/A,1.03,1.87,10.014,1.87,1320000000.0,10.014,315460000.0,1.36,22.20,1.00,10880000.0,0.049,2810000000.0,2.081,13.34,435970000.0,0.03,10.96,70.00,4890000.0,4.7,2.50,5340000.0,underperform
8925,2005-01-27 16:27:36,1106861256.0,stz,25.09,4.5,1174.550049,9.29,-4.789999999999999,0.76,19.85,1.35,1.99,7.42,14.74,5.12,11.80,33.993,5410000000.0,7330000000.0,15.86,1.30,1.86,10.81,1.86,975790000.0,10.81,281850000.0,2.518,8.40,30.00,12750000.0,0.12,2029999999.9999998,1.919,24.652,242210000.0,0.301,13.99,69.58,2260000.0,4.039,2.42,2510000.0,underperform
8926,2013-05-14 14:09:19,1368554959.0,stz,50.13,59.31,1650.339966,14.43,44.88,116.64,23.55,3.28,3.19,13.87,20.30,4.81,14.01,15.13,12160000000.0,12160000000.0,14.17,1.75,4.35,17.81,4.35,1110000000.0,17.81,387800000.0,2.10,20.70,10.80,334800000.0,1.80,3340000000.0,3.65,15.48,556300000.0,1.20,107.64,87.50,4740000.0,1.70,4.40,7080000.0,outperform
8927,2011-05-01 20:44:10,1304297050.0,stz,22.43,-3.7,1360.47998,2.75,-6.45,126.82,8.56,1.40,1.83,16.79,16.02,4.37,21.82,15.80,7880000000.0,7880000000.0,10.41,1.14,2.37,11.81,2.37,1140000000.0,11.81,559500000.0,2.62,N/A,0.90,9200000.0,0.04,3240000000.0,3.14,12.27,7880000000.0,0.97,92.16,87.00,2410000.0,1.00,2.00,2300000.0,underperform
8928,2009-04-15 20:43:39,1239842619.0,stz,11.39,51.71,852.0599980000001,42.2,9.509999999999998,N/A,N/A,0.59,1.14,8.25,16.36,4.13,12.90,18.847,6590000000.0,6590000000.0,N/A,0.82,1.80,8.73,1.80,1280000000.0,8.73,271230000.0,1.399,N/A,16.90,13100000.0,0.067,4430000000.0,1.911,9.803,506900000.0,1.16,93.11,81.20,N/A,N/A,N/A,7870000.0,outperform
8929,2008-03-12 17:54:49,1205358889.0,stz,18.69,-29.86,1308.77002,-42.64,12.780000000000001,1.339,14.70,1.03,1.18,7.24,14.39,3.62,8.53,20.177,4090000000.0,8830000000.0,N/A,1.40,2.19,12.031,2.19,1520000000.0,12.031,263360000.0,1.29,10.90,27.10,24900000.0,0.115,4700000000.0,1.974,16.292999,452300000.0,1.13,120.89,87.80,10410000.0,6.6,5.50,9620000.0,outperform
8930,2011-08-17 07:29:15,1313580555.0,stz,19.17,66.56,1193.890015,18.56,48.0,110.55,7.03,1.30,1.53,18.39,17.27,4.58,23.34,15.18,7120000000.0,7120000000.0,8.99,1.26,2.24,10.68,2.24,1190000000.0,10.68,584900000.0,2.75,51.70,19.30,13400000.0,0.06,3000000000.0,2.50,12.67,7120000000.0,0.98,92.16,87.00,3260000.0,1.60,2.40,3360000.0,outperform
8931,2007-03-14 19:12:01,1173913921.0,stz,19.3,-5.7,1387.170044,-5.17,-0.5300000000000002,1.3,14.40,0.87,1.34,6.25,15.83,5.90,10.26,22.687,4510000000.0,8770000000.0,N/A,1.12,1.71,9.113,1.71,1320000000.0,9.113,312560000.0,1.335,1.10,18.40,34700000.0,0.148,4330000000.0,1.973,14.242,271770000.0,0.34,94.46,86.40,5760000.0,3.6,2.80,7060000.0,underperform
8932,2005-12-04 08:59:50,1133704790.0,stz,23.28,21.22,1264.670044,11.42,9.799999999999999,1.055,19.15,1.17,1.81,6.86,14.94,6.29,11.61,20.203,5410000000.0,8380000000.000001,N/A,1.08,1.90,10.96,1.90,1140000000.0,10.96,292840000.0,1.28,2.20,14.90,18670000.0,0.084,2990000000.0,2.092,12.827,440670000.0,N/A,N/A,N/A,4510000.0,3.1,2.30,4280000.0,outperform
8933,2011-08-16 04:07:50,1313482070.0,stz,19.33,63.74,1192.76001,17.84,45.900000000000006,110.55,7.00,1.27,1.49,18.39,17.27,4.58,23.34,15.18,7030000000.0,7030000000.0,8.95,1.21,2.21,10.56,2.21,1190000000.0,10.56,584900000.0,2.75,51.70,19.30,13400000.0,0.06,3000000000.0,2.50,12.67,7030000000.0,0.98,92.16,87.00,3260000.0,1.60,2.40,3360000.0,outperform
8934,2005-04-26 21:12:53,1114564373.0,stz,27.27,-10.74,1151.829956,13.33,-24.07,1.183,22.98,1.50,2.22,6.76,13.89,4.51,10.65,35.079,5910000000.0,9410000000.0,14.82,1.20,2.30,14.01,2.30,975790000.0,14.01,266660000.00000003,2.37,8.40,30.00,17640000.0,0.16,3290000000.0,2.402,25.549999,242210000.0,0.29,13.99,69.53,2500000.0,3.595,2.68,2770000.0,underperform
8935,2013-04-25 00:13:01,1366863181.0,stz,48.47,63.07,1585.160034,17.55,45.519999999999996,115.56,22.75,3.21,3.14,13.87,19.91,4.72,14.01,15.23,11880000000.0,11880000000.0,13.88,1.66,4.25,17.68,4.25,1060000000.0,17.68,387800000.0,2.11,20.70,10.80,331500000.0,1.81,3310000000.0,3.65,15.58,556300000.0,1.21,107.64,87.50,6390000.0,2.70,6.00,5680000.0,outperform
8936,2012-09-04 02:20:45,1346739645.0,glw,11.33,22.59,1404.939941,17.66,4.93,15.22,8.37,2.22,0.81,28.58,20.32,3.50,10.42,5.08,14770000000.0,14770000000.0,8.44,3.82,1.90,5.78,1.90,3570000000.0,5.78,2230000000.0,1.43,38.80,4.80,6340000000.0,4.26,3260000000.0,4.96,14.33,3400000000.0,1.69,0.35,74.70,24450000.0,1.80,1.60,25870000.0,outperform
8937,2011-12-08 16:23:45,1323379425.0,glw,12.64,-4.83,1234.349976,14.88,-19.71,10.65,6.45,2.83,1.02,43.23,23.19,4.26,16.72,4.96,17890000000.0,17890000000.0,7.95,0.71,2.30,6.54,2.30,3050000000.0,6.54,3360000000.0,2.12,3.30,29.50,6420000000.0,4.09,2310000000.0,4.61,13.79,17890000000.0,1.23,0.35,80.50,29140000.0,1.30,1.90,26050000.0,underperform
8938,2011-09-25 16:16:26,1316981786.0,glw,11.29,11.69,1129.560059,28.98,-17.29,10.67,5.86,2.61,0.89,45.68,21.01,3.81,17.38,4.67,15320000000.0,15320000000.0,6.11,0.56,2.10,6.29,2.10,3050000000.0,6.29,3330000000.0,2.11,17.30,17.10,6360000000.0,4.05,2270000000.0,4.48,13.56,15320000000.0,1.42,0.35,80.50,28090000.0,1.20,1.80,22540000.0,underperform
8939,2005-01-31 03:33:55,1107160435.0,glw,9.68,122.62,1181.27002,8.36,114.26,0.705,N/A,4.14,4.30,67.75,37.70,25.27,45.03,2.652,15060000000.0,16000000000.0,14.51,1.23,4.15,N/A,4.15,849000000.0,N/A,2180000000.0,1.575,N/A,2.30,1880000000.0,1.34,2690000000.0,1.405,2.501,710000000.0,3.093,7.18,66.75,28960000.0,3.858,2.22,29580000.0,outperform
8940,2008-12-04 06:07:36,1228388856.0,glw,7.5,122.93,845.2199710000001,30.85,92.08000000000001,0.115,2.42,2.06,0.99,88.82,24.57,5.95,51.52,4.12,13410000000.0,11790000000.0,N/A,0.41,1.83,5.29,1.83,2750000000.0,5.29,5730000000.0,3.59,24.50,0.10,3170000000.0,2.05,1550000000.0,2.537,8.68,2480000000.0,1.81,0.36,76.90,14030000.0,0.7,0.90,12030000.0,outperform
8941,2008-10-27 12:58:42,1225126722.0,glw,9.08,51.21,848.919983,25.27,25.94,0.113,3.06,2.61,1.22,86.50,25.05,6.17,51.03,4.111,16800000000.0,14850000000.0,N/A,0.48,2.30,6.626,2.30,2750000000.0,6.626,5570000000.0,3.48,556.60,19.30,3510000000.0,2.223,1550000000.0,2.885,8.708,2390000000.0,1.65,0.32,78.10,17990000.0,0.9,1.10,21950000.0,outperform
8942,2012-07-01 14:47:35,1341168455.0,glw,11.91,18.05,1329.040039,21.51,-3.460000000000001,14.80,8.07,2.42,0.89,31.94,21.53,3.85,12.08,5.09,15950000000.0,15950000000.0,8.51,3.88,2.02,5.98,2.02,3570000000.0,5.98,2520000000.0,1.60,38.20,0.20,6840000000.0,4.51,3160000000.0,5.50,14.07,3380000000.0,1.60,0.35,74.70,25120000.0,1.60,1.70,27890000.0,underperform
8943,2009-01-31 06:35:18,1233401718.0,glw,9.77,73.8,874.090027,24.08,49.72,0.119,3.05,2.73,1.21,88.38,20.16,4.35,45.84,3.813,15650000000.0,14440000000.0,N/A,1.12,2.43,7.624,2.43,2750000000.0,7.624,5260000000.0,3.32,65.30,31.50,2820000000.0,1.819,1610000000.0,2.251,8.684,2130000000.0,1.82,10.39,69.30,19450000.0,1.3,1.30,13430000.0,outperform
8944,2003-12-14 15:46:48,1071434808.0,glw,9.29,5.71,1071.209961,11.9,-6.19,0.543,N/A,4.64,2.70,56.52,73.69,15.10,27.79,2.394,14330000000.0,15890000000.0,45.65,7.00,5.29,N/A,5.29,602000000.0,N/A,1330000000.0,1.124,N/A,49.60,1420000000.0,1.07,2870000000.0,2.05,3.89,N/A,3.151,0.97,60.98,45200000.0,3.762,3.43,64170000.0,underperform
8945,2006-05-23 07:02:11,1148382131.0,glw,20.3,7.24,1256.579956,21.14,-13.9,0.3,61.45,7.96,6.28,12.36,17.80,8.73,11.71,3.201,36280000000.0,35610000000.0,N/A,1.14,7.43,17.576,7.43,1980000000.0,17.576,592000000.0,0.379,2.80,20.20,2480000000.0,1.591,1810000000.0,1.697,3.904,1980000000.0,1.78,0.63,72.90,10900000.0,1.1,0.70,12380000.0,underperform
8946,2012-03-28 21:41:16,1332985276.0,glw,13.18,-2.28,1405.540039,11.64,-13.92,11.32,7.92,2.73,1.02,35.55,23.07,4.24,13.83,5.05,18140000000.0,18140000000.0,9.41,23.93,2.30,6.53,2.30,3570000000.0,6.53,2800000000.0,1.77,53.00,6.90,5820000000.0,3.84,2390000000.0,4.14,13.91,3190000000.0,1.69,0.35,79.60,22240000.0,1.20,1.50,15940000.0,underperform
8947,2005-05-27 22:14:52,1117246492.0,glw,13.72,50.0,1198.780029,4.99,45.01,0.576,N/A,5.35,5.26,48.55,11.45,2.81,39.99,2.902,22060000000.0,22640000000.0,18.24,1.04,5.58,23.035,5.58,1420000000.0,23.035,1990000000.0,1.394,352.70,24.40,1550000000.0,1.087,2410000000.0,1.548,2.901,1110000000.0,3.504,0.64,65.60,30040000.0,2.1,2.10,28510000.0,outperform
8948,2007-06-03 03:04:15,1180854255.0,glw,22.13,8.36,1530.619995,-9.47,17.83,0.194,21.27,7.53,5.13,36.88,17.61,10.16,28.14,3.355,40340000000.0,38940000000.0,N/A,1.02,7.46,14.829,7.46,2280000000.0,14.829,1930000000.0,1.21,27.20,3.60,2890000000.0,1.836,1490000000.0,2.075,4.875,1820000000.0,1.38,0.34,73.00,22860000.0,1.7,1.50,24160000.0,outperform
8949,2004-08-03 20:45:07,1091580307.0,glw,10.71,66.01,1099.689941,13.22,52.790000000000006,0.46,108.04,5.06,2.91,3.79,1.09,1.18,3.11,2.409,16860000000.0,18510000000.0,21.23,2.01,5.43,N/A,5.43,849000000.0,1000000.0,167000000.0,0.112,N/A,2.30,1590000000.0,1.14,2760000000.0,1.747,4.26,155000000.0,3.195,1.01,61.58,22560000.0,2.53,1.64,21800000.0,outperform
8950,2008-12-19 01:39:11,1229668751.0,glw,7.9,116.33,887.8800050000001,24.92,91.41,0.115,2.47,2.22,1.06,88.82,24.57,5.95,51.52,4.12,13790000000.0,12660000000.0,N/A,0.44,1.96,5.681,1.96,2750000000.0,5.681,5730000000.0,3.59,24.50,0.10,3170000000.0,2.041,1550000000.0,2.537,8.68,2480000000.0,1.81,0.36,76.80,20650000.0,0.7,1.30,14030000.0,outperform
8951,2013-05-11 17:28:31,1368307711.0,glw,14.38,43.39,1632.689941,14.88,28.509999999999998,13.71,12.92,2.81,1.04,22.11,18.39,3.18,8.18,5.33,19090000000.0,19090000000.0,10.86,0.98,2.42,7.74,2.42,3400000000.0,7.74,1750000000.0,1.17,4.20,5.50,5780000000.0,3.92,2930000000.0,5.16,14.49,3070000000.0,1.60,0.37,74.30,32530000.0,2.30,2.20,27050000.0,outperform
8952,2013-04-22 02:42:13,1366612933.0,glw,12.39,69.73,1562.5,20.29,49.440000000000005,16.25,11.17,2.40,0.89,21.57,18.60,3.26,8.10,5.36,16260000000.000002,16260000000.000002,10.19,0.93,2.03,6.54,2.03,3400000000.0,6.54,1730000000.0,1.15,42.40,13.70,6140000000.0,4.17,3500000000.0,4.96,14.62,3210000000.0,1.58,0.37,74.30,27050000.0,2.20,1.80,22210000.0,outperform
8953,2012-02-11 21:03:51,1329012231.0,glw,12.86,-8.09,1349.959961,11.81,-19.9,11.32,7.68,2.65,0.99,35.55,23.41,4.30,13.83,5.05,17170000000.000002,17170000000.000002,9.07,2.09,2.18,6.12,2.18,3050000000.0,6.12,2800000000.0,1.77,53.00,6.90,5820000000.0,3.85,2390000000.0,4.14,13.91,3190000000.0,1.38,0.35,79.60,13740000.0,0.70,0.90,21750000.0,underperform
8954,2007-02-19 02:26:35,1171869995.0,glw,,,1455.540039,-7.33,,0.237,18.66,6.54,4.67,35.85,17.36,9.57,29.14,3.338,33320000000.0,31870000000.0,N/A,0.95,6.16,13.012,6.16,1980000000.0,13.012,1860000000.0,1.16,N/A,14.10,3170000000.0,2.065,1720000000.0,2.069,4.724,1800000000.0,1.65,0.34,73.90,15560000.0,0.9,1.00,16760000.000000002,underperform
8955,2007-06-29 17:32:24,1183152744.0,glw,22.61,-0.4,1503.349976,-12.07,11.67,0.194,21.30,7.74,5.27,36.88,17.61,10.16,28.14,3.355,40400000000.0,39020000000.0,N/A,1.12,7.48,14.859,7.48,2280000000.0,14.859,1930000000.0,1.21,27.20,3.60,2890000000.0,1.836,1490000000.0,2.075,4.875,1820000000.0,1.38,0.34,73.70,20700000.0,1.5,1.30,22860000.0,outperform
8956,2007-01-12 09:22:24,1168611744.0,glw,17.73,12.46,1430.72998,-1.51,13.97,0.241,26.28,6.07,4.20,23.50,17.12,9.48,19.13,3.246,30380000000.0,29300000000.0,N/A,0.87,5.85,12.377,5.85,1980000000.0,12.377,1180000000.0,0.74,115.80,7.90,2810000000.0,1.798,1730000000.0,1.934,4.62,1830000000.0,1.75,0.62,73.50,16760000.000000002,0.9,1.10,12580000.0,outperform
8957,2012-04-27 12:10:36,1335543036.0,glw,13.59,-1.47,1403.359985,12.5,-13.97,11.32,8.08,2.75,1.03,35.55,23.07,4.24,13.83,5.05,18280000000.0,18280000000.0,9.47,9.13,2.32,6.58,2.32,3570000000.0,6.58,2800000000.0,1.77,53.00,6.90,5820000000.0,3.84,2390000000.0,4.14,13.91,3190000000.0,1.58,0.35,79.60,28750000.0,1.70,1.90,25260000.0,underperform
8958,2008-01-02 02:52:05,1199260325.0,glw,20.77,,1447.160034,-39.92,,0.168,18.47,8.33,7.00,36.82,20.51,5.34,26.01,3.612,36560000000.0,35960000000.0,N/A,1.01,6.37,20.383,6.37,2280000000.0,20.383,2080000000.0,1.30,40.90,21.10,3330000000.0,2.113,1480000000.0,2.273,3.443,1970000000.0,1.05,0.43,74.80,14330000.0,1.4,0.90,14070000.0,underperform
8959,2008-12-07 11:29:36,1228667376.0,glw,7.5,123.73,845.2199710000001,30.53,93.2,0.115,2.38,2.00,0.96,88.82,24.57,5.95,51.52,4.12,13210000000.0,11580000000.0,N/A,0.41,1.80,5.199,1.80,2750000000.0,5.199,5730000000.0,3.59,24.50,0.10,3170000000.0,2.05,1550000000.0,2.537,8.68,2480000000.0,1.81,0.36,76.90,14030000.0,0.7,0.90,12030000.0,outperform
8960,2012-01-28 15:18:06,1327781886.0,dlph,25.03,50.9,1326.060059,12.73,38.17,103.58,0.01,0.00,0.01,5.89,9.28,9.04,24.84,592.27,797070000.0,797070000.0,6.61,0.19,0.05,0.41,0.05,N/A,0.41,930000000.0,508.13,109.40,18.80,1390000000.0,737.91,2170000000.0,1.50,412.14,1200000000.0,N/A,N/A,N/A,1.20,1.20,0.20,N/A,outperform
8961,2012-01-28 06:09:47,1327748987.0,dlph,25.03,50.9,1326.060059,12.73,38.17,103.58,0.01,0.00,0.01,5.89,9.28,9.04,24.84,592.27,796620000.0,796620000.0,7.85,0.23,0.05,0.41,0.05,N/A,0.41,930000000.0,508.13,109.40,18.80,1390000000.0,737.91,2170000000.0,1.50,412.14,1200000000.0,N/A,N/A,N/A,1.20,1.20,0.20,N/A,outperform
8962,2011-12-28 23:03:53,1325131433.0,dlph,20.59,79.99,1249.640015,13.48,66.50999999999999,103.58,0.01,0.00,0.00,5.89,9.28,9.04,24.84,592.27,795030000.0,795030000.0,N/A,N/A,0.05,0.41,0.05,N/A,0.41,930000000.0,508.13,109.40,18.80,1390000000.0,737.91,2170000000.0,1.50,412.14,1200000000.0,N/A,N/A,N/A,0.10,0.10,0.10,N/A,outperform
8963,2013-07-02 10:50:50,1372776650.0,dlph,50.85,36.4,1614.079956,22.34,14.059999999999999,85.54,16.42,1.05,6.77,6.54,10.49,10.15,39.52,48.35,17500000000.0,17500000000.0,10.45,0.73,1.13,8.24,1.13,2660000000.0,8.24,1010000000.0,3.16,19.30,1.70,830000000.0,2.66,2480000000.0,1.47,7.67,1330000000.0,1.03,0.88,99.30,6230000.0,2.80,2.00,5980000.0,outperform
8964,2012-03-27 00:41:27,1332823287.0,pki,27.24,20.37,1412.52002,10.64,9.73,51.29,415.52,1.61,1.68,0.40,6.39,2.18,0.06,17.01,3900000000.0,3900000000.0,12.16,1.17,2.03,16.71,2.03,850580000.0,16.71,1170000.0,0.07,N/A,14.90,142340000.0,1.25,944910000.0,1.44,16.28,224870000.0,1.03,0.99,88.60,2630000.0,2.00,2.30,2400000.0,outperform
8965,2013-05-09 17:44:04,1368135844.0,pki,31.94,36.13,1626.670044,15.48,20.650000000000002,55.97,46.47,1.75,2.01,3.77,9.23,3.17,4.23,18.53,4450000000.0,4450000000.0,13.57,1.38,2.11,13.90,2.11,963210000.0,13.90,78650000.0,0.70,42.70,1.10,125870000.0,1.10,1030000000.0,1.56,15.99,147560000.0,1.05,3.98,96.80,1330000.0,1.50,1.20,1270000.0,outperform
8966,2012-03-26 08:00:07,1332763207.0,pki,27.23,21.89,1416.51001,10.4,11.49,51.29,407.91,1.61,1.68,0.40,6.39,2.18,0.06,17.01,3900000000.0,3900000000.0,11.93,1.17,2.03,16.71,2.03,850580000.0,16.71,1170000.0,0.07,N/A,14.90,142340000.0,1.25,944910000.0,1.44,16.28,224870000.0,1.03,0.99,88.60,2630000.0,2.00,2.30,2400000.0,outperform
8967,2004-09-16 22:06:42,1095386802.0,pki,16.07,13.19,1123.5,10.18,3.01,0.358,30.89,1.45,1.70,4.71,9.58,2.89,5.68,12.475,2320000000.0,2680000000.0,16.63,1.07,1.67,14.75,1.67,628950000.0,14.75,75630000.0,0.587,N/A,2.00,196730000.0,1.54,489380000.0,1.72,10.695,189760000.0,1.943,4.00,74.44,1290000.0,1.642,1.05,1100000.0,outperform
8968,2004-07-08 23:21:05,1089343265.0,pki,15.74,13.98,1109.109985,9.26,4.720000000000001,0.372,35.54,1.51,1.75,4.11,9.13,2.43,4.92,12.264,2280000000.0,2710000000.0,16.37,1.09,1.72,15.76,1.72,628950000.0,15.76,64470000.0,0.502,N/A,2.00,165470000.0,1.3,504350000.0,1.671,10.61,169960000.0,1.932,8.31,76.02,2009999.9999999998,3.399,1.72,1830000.0,outperform
8969,2011-04-01 02:50:51,1301640651.0,pki,25.49,5.81,1332.410034,5.49,0.3199999999999994,22.13,8.08,1.76,1.59,22.53,10.13,3.44,7.65,14.55,2930000000.0,2930000000.0,14.20,1.73,1.72,11.21,1.72,758630000.0,11.21,135920000.0,3.25,622.20,9.70,420090000.0,3.71,426260000.0,2.11,16.64,2930000000.0,0.89,1.33,86.20,1620000.0,1.00,N/A,1370000.0,outperform
8970,2008-05-03 21:49:12,1209865752.0,pki,24.67,-44.26,1385.589966,-37.01,-7.25,0.35,23.34,1.72,1.98,7.35,9.56,4.00,9.02,15.858,3170000000.0,3550000000.0,N/A,1.25,1.90,13.704,1.90,724740000.0,13.704,142440000.0,1.15,37.10,19.70,185260000.0,1.564,566620000.0,1.565,13.658,203480000.0,0.79,1.39,85.30,2500000.0,2.8,2.10,2630000.0,underperform
8971,2004-10-26 09:10:41,1098796241.0,pki,15.91,27.03,1111.089966,7.23,19.8,0.358,29.85,1.41,1.65,4.71,9.58,2.89,5.68,12.475,2240000000.0,2540000000.0,16.07,1.03,1.58,13.94,1.58,628950000.0,13.94,75630000.0,0.587,N/A,2.00,196730000.0,1.54,489380000.0,1.72,10.695,189760000.0,1.996,4.00,74.56,1570000.0,3.101,1.27,1290000.0,outperform
8972,2013-04-22 01:24:25,1366608265.0,pki,32.91,34.31,1562.5,20.29,14.020000000000003,48.49,53.98,1.80,1.99,3.31,9.57,3.26,3.62,18.60,4530000000.0,4530000000.0,12.73,1.30,2.14,13.76,2.14,963210000.0,13.76,68440000.0,0.61,N/A,6.20,171440000.0,1.51,940600000.0,1.67,16.86,152170000.0,1.07,3.98,96.80,1270000.0,1.40,1.10,1390000.0,outperform
8973,2005-03-20 07:37:26,1111322246.0,pki,19.02,10.62,1190.209961,9.65,0.9699999999999989,0.257,28.37,1.64,1.88,5.82,10.25,3.83,7.05,13.029,2790000000.0,2970000000.0,16.56,1.11,1.76,14.73,1.76,680550000.0,14.73,98250000.0,0.76,N/A,2.00,197510000.0,1.52,374590000.0,1.676,11.313,207650000.0,2.24,4.51,77.00,N/A,0.972,0.69,N/A,outperform
8974,2012-03-25 15:24:06,1332703446.0,pki,26.45,24.57,1392.780029,11.41,13.16,51.29,407.91,1.60,1.66,0.40,6.39,2.18,0.06,17.01,3900000000.0,3900000000.0,11.93,1.17,2.03,16.71,2.03,850580000.0,16.71,1170000.0,0.07,N/A,14.90,142340000.0,1.25,944910000.0,1.44,16.28,224870000.0,1.03,0.99,88.60,2630000.0,2.00,2.30,2400000.0,outperform
8975,2008-12-17 17:00:04,1229551204.0,xl,3.09,431.72,904.419983,21.19,410.53000000000003,0.368,N/A,0.15,0.14,29.54,10.41,0.93,23.36,39.593,1160000000.0,2840000000.0,N/A,0.09,0.36,3.42,0.36,9140000000.0,3.42,2420000000.0,12.04,N/A,19.00,7240000000.0,21.898,3190000000.0,2.904,26.181,422300000.0,2.77,0.33,104.70,N/A,N/A,N/A,29430000.0,outperform
8976,2004-09-27 13:44:57,1096307097.0,xl,54.6,-4.45,1103.52002,10.16,-14.61,0.388,17.23,1.06,1.45,6.41,7.20,1.48,8.25,69.877,10240000000.0,10240000000.0,7.08,0.69,1.06,N/A,1.06,8020000000.0,N/A,599920000.0,4.295,1.60,21.90,2740000000.0,19.84,2740000000.0,N/A,51.137001,3860000000.0,0.589,30.99,93.88,2120000.0,2.272,2.22,2060000.0,underperform
8977,2005-01-25 01:23:46,1106634226.0,xl,56.59,-5.44,1168.410034,8.24,-13.68,0.37,20.12,1.04,1.41,4.80,5.52,1.12,7.24,72.704,10440000000.0,10890000000.0,7.43,1.08,1.08,N/A,1.08,8020000000.0,N/A,523419999.99999994,3.742,1.60,21.90,2270000000.0,16.35,2730000000.0,N/A,53.176998,4280000000.0000005,0.521,1.99,94.60,3860000.0,7.18,2.84,3140000.0,underperform
8978,2011-08-08 15:24:47,1312831487.0,xl,17.25,18.78,1119.459961,25.18,-6.399999999999999,23.01,23.62,0.92,0.63,4.68,7.89,0.70,3.19,20.25,2610000000.0,2610000000.0,8.64,1.65,0.40,4.68,0.40,1880000000.0,4.68,264040000.00000003,0.82,16.30,7.50,5800000000.0,19.46,2460000000.0,2.78,31.54,2610000000.0,2.53,0.20,100.30,14390000.0,3.70,4.70,14240000.0,underperform
8979,2013-05-13 18:46:02,1368485162.0,xl,31.17,3.5,1633.77002,16.14,-12.64,14.13,11.88,1.26,0.89,11.24,13.99,1.42,7.90,24.29,8189999999.999999,8189999999.999999,10.71,1.09,1.12,7.55,1.12,2069999999.9999998,7.55,825300000.0,2.70,98.60,6.30,2730000000.0,9.44,1670000000.0,2.08,35.94,1050000000.0,1.18,0.22,92.60,4580000.0,2.40,1.60,4880000.0,underperform
8980,2005-02-28 05:13:20,1109585600.0,xl,56.65,-7.34,1203.599976,6.4,-13.74,0.352,9.21,1.04,1.34,10.16,11.09,2.16,15.23,72.365,10400000000.0,10820000000.0,7.29,0.67,1.08,N/A,1.08,8020000000.0,N/A,1130000000.0,8.15,1.60,21.90,2300000000.0,16.62,2720000000.0,N/A,55.998001,4280000000.0000005,0.486,1.99,92.16,3880000.0,4.94,2.86,3620000.0,underperform
8981,2008-01-23 17:51:53,1201128713.0,xl,37.61,-93.06,1338.599976,-38.18,-54.88,0.251,3.89,0.75,0.64,20.25,27.49,2.77,18.80,54.369,7280000000.0,4970000000.0,N/A,0.28,0.51,1.858,0.51,9830000000.0,1.858,1890000000.0,10.51,12.70,8.90,5190000000.0,29.074,2870000000.0,2.625,63.616001,2930000000.0,1.59,0.81,96.70,8630000.0,3.1,4.90,7660000.0,underperform
8982,2007-02-22 06:45:43,1172144743.0,xl,58.68,-48.98,1456.380005,-7.09,-41.89,0.332,7.71,1.36,1.32,17.93,25.80,2.81,18.95,54.998,13360000000.0,14480000000.0,N/A,0.78,1.47,5.461,1.47,11290000000.0,5.461,1720000000.0,9.60,N/A,0.70,2220000000.0,12.315,3370000000.0,1.283,56.125999,N/A,1.06,1.32,157.50,5000000.0,6.3,2.80,5070000.0,underperform
8983,2008-12-18 04:25:56,1229592356.0,xl,3.41,385.63,885.2800289999999,24.53,361.1,0.368,N/A,0.15,0.14,29.54,10.41,0.93,23.36,39.593,1180000000.0,2840000000.0,N/A,0.09,0.36,3.42,0.36,9140000000.0,3.42,2420000000.0,12.04,N/A,19.00,7240000000.0,21.898,3190000000.0,2.904,26.181,422300000.0,2.77,0.33,104.70,N/A,N/A,N/A,29430000.0,outperform
8984,2004-02-15 07:25:51,1076847951.0,xl,57.83,-1.05,1152.109985,4.69,-5.74,0.275,28.92,1.35,1.56,5.21,5.70,1.08,5.27,58.098,10610000000.0,10110000000.0,0.00,0.65,1.26,N/A,1.26,6580000000.0,N/A,371660000.0,2.673,N/A,62.20,2400000000.0,17.51,1910000000.0,N/A,50.53,3140000000.0,0.542,31.01,92.50,2230000.0,3.192,2.36,1840000.0,underperform
8985,2008-12-13 23:28:42,1229228922.0,xl,3.38,384.91,899.23999,22.59,362.32000000000005,0.368,N/A,0.14,0.13,29.54,10.41,0.93,23.36,39.593,886510000.0,3170000000.0,N/A,0.07,0.40,3.819,0.40,9140000000.0,3.819,2420000000.0,12.04,N/A,19.00,7240000000.0,21.898,3190000000.0,2.904,26.181,422300000.0,2.77,0.33,104.70,N/A,N/A,N/A,29430000.0,outperform
8986,2006-09-04 16:26:10,1157401570.0,vno,,,1311.01001,13.61,,1.348,37.49,N/A,N/A,16.88,30.68,3.97,9.13,19.97,N/A,22550000000.0,N/A,2.29,8.08,18.223,8.08,1240000000.0,18.223,385220000.0,2.84,9.90,2.70,494390000.0,3.488,7150000000.0,3.81,N/A,801470000.0,1.1,11.33,N/A,3770000.0,5.1,2.90,3760000.0,underperform
8987,2005-03-27 06:19:43,1111922383.0,vno,47.44,42.16,1171.420044,11.11,31.049999999999997,1.23,18.52,5.17,2.33,30.13,37.36,4.82,14.02,12.824,8900000000.0,13810000000.0,13.06,1.74,8.09,15.68,8.09,1030000000.0,15.68,492400000.0,3.76,28.70,13.60,599280000.0,4.69,4940000000.0,N/A,29.599001,664690000.0,0.232,47.04,70.30,2820000.0,6.146,4.16,2850000.0,outperform
8988,2007-06-08 15:38:43,1181331523.0,vno,86.86,-14.94,1507.670044,-8.65,-6.289999999999999,1.873,33.66,5.56,3.22,18.50,34.36,3.90,9.74,21.579,17460000000.0,26930000000.0,N/A,2.37,8.63,17.832,8.63,1350000000.0,17.832,503820000.0,3.42,11.90,20.70,2880000000.0,18.995,11630000000.0,8.147,35.467999,715460000.0,0.96,9.26,84.40,6060000.0,6.9,4.30,5880000.0,underperform
8989,2013-04-22 01:17:35,1366607855.0,vno,82.63,20.83,1562.5,20.29,0.5399999999999991,131.57,29.22,4.98,2.83,19.37,38.33,3.60,4.67,17.15,16260000000.000002,16260000000.000002,16.38,2.64,5.10,9.56,5.10,1740000000.0,9.56,263130000.0,2.94,1.30,49.10,960320000.0,5.14,11640000000.0,2.99,30.05,825050000.0,1.07,9.74,92.20,3460000.0,2.70,2.00,4070000.0000000005,outperform
8990,2004-10-14 22:02:32,1097805752.0,vno,43.68,28.55,1103.290039,7.55,21.0,1.225,29.93,5.23,2.56,18.88,39.14,3.16,9.61,12.578,8250000000.0,12170000000.0,13.34,2.37,7.83,14.61,7.83,919400000.0,14.61,271920000.0,2.188,97.80,4.70,225440000.0,1.79,4099999999.9999995,N/A,25.211,551360000.0,0.179,47.04,68.95,2330000.0,6.805,3.50,2240000.0,outperform
8991,2008-05-12 23:47:41,1210650461.0,vno,73.7,-46.7,1403.579956,-35.28,-11.420000000000002,2.128,29.59,4.26,2.67,17.07,28.21,2.91,8.32,21.932,14650000000.0,26880000000.0,N/A,2.36,8.07,19.16,8.07,1640000000.0,19.16,453010000.0,3.23,12.20,23.50,1150000000.0,7.528,13020000000.0,2.88,34.578999,697330000.0,1.36,9.38,86.70,7060000.0,4.5,4.90,6730000.0,underperform
8992,2009-01-12 23:29:46,1231820986.0,vno,41.04,41.57,870.26001,30.56,11.010000000000002,1.94,12.77,2.41,1.56,19.93,26.85,2.71,8.24,22.991,8020000000.0,19990000000.0,N/A,1.29,5.67,13.885,5.67,1640000000.0,13.885,457670000.0,4.07,65.10,2.60,1530000000.0,9.906,12190000000.0,3.181,35.365002,857840000.0,1.42,10.69,90.50,11070000.0,7.70,7.70,N/A,outperform
8993,2009-09-18 09:58:35,1253282315.0,vno,57.01,32.01,1068.300049,5.31,26.7,N/A,N/A,4.64,2.06,1.43,28.41,2.14,0.33,16.526,23280000000.0,23280000000.0,N/A,2.67,8.91,20.441,8.91,1630000000.0,20.441,78500000.0,0.68,N/A,0.30,2069999999.9999998,11.584,12390000000.0,5.19,33.004002,743730000.0,1.8,9.83,93.70,13540000.0,4.9,8.10,14740000.0,outperform
8994,2012-11-05 07:13:59,1352117639.0,vno,73.95,18.84,1417.26001,24.39,-5.550000000000001,121.30,26.99,4.91,2.58,20.19,29.09,N/A,N/A,16.53,5550000000.0,5550000000.0,16.16,36.11,1.81,3.96,1.81,1820000000.0,3.96,335070000.0,3.00,348.80,2.80,N/A,N/A,N/A,N/A,31.37,N/A,1.18,19.87,81.30,3010000.0,2.90,1.80,3150000.0,underperform
8995,2013-04-29 14:38:02,1367260682.0,vno,82.97,21.25,1593.609985,17.87,3.379999999999999,131.57,29.35,5.03,2.86,19.37,38.33,3.60,4.67,17.15,16309999999.999998,16309999999.999998,16.46,2.71,5.12,9.59,5.12,1740000000.0,9.59,263130000.0,2.94,1.30,49.10,960320000.0,5.14,11640000000.0,2.99,30.05,825050000.0,1.07,9.74,92.20,3280000.0,3.30,2.20,3460000.0,outperform
8996,2011-10-30 16:59:21,1320008361.0,vno,74.01,,1284.589966,9.91,,120.55,18.56,5.11,2.65,29.58,34.71,3.20,10.15,16.26,26160000000.0,26160000000.0,14.84,5.98,8.77,17.45,8.77,1680000000.0,17.45,701840000.0,4.48,50.60,9.90,591520000.0,3.21,10600000000.0,0.60,31.25,26160000000.0,1.83,9.82,87.10,6540000.0,3.10,N/A,7350000.0,underperform
